target_id	length	eff_length	est_counts	tpm
NC_004830.2	10140	9903.15	0	0
DWV-C	10149	9912.15	0	0
NC_009025.1	9499	9262.15	0	0
NC_004807.1	9524	9287.15	0	0
NC_010711.1	3674	3437.15	0	0
NC_002548.1	9491	9254.15	0	0
NC_014137.1	9505	9268.15	0	0
NC_032433.1	5991	5754.15	0	0
NC_003784.1	8550	8313.15	0	0
NC_002066.1	8832	8595.15	2	0.0424936
NC_006494.1	10112	9875.15	0	0
NC_040601.1	9552	9315.15	0	0
KX578272.1	4146	3909.15	0	0
NC_027631.1	6258	6021.15	0	0
NC_035071.1	20414	20177.1	0	0
KY354240.1	10091	9854.15	0	0
KY354234.1	14001	13764.1	0	0
KR819915.1	496396	496159	0	0
MG571088.1	1811	1574.15	0	0
MG571087.1	2194	1957.15	0	0
NC_027619.1	6169	5932.15	0	0
MK032464.1	8332	8095.15	0	0
MK032465.1	2198	1961.15	0	0
MK032466.1	1899	1662.15	0	0
MK032467.1	1983	1746.15	0	0
MK032468.1	1708	1471.15	0	0
MK032469.1	1442	1205.15	0	0
MK032470.1	951	714.441	0	0
gene-BBC0122_RS00005	822	586.162	2	0.623102
gene-BBC0122_RS00010	597	365.527	1	0.499605
gene-BBC0122_RS00015	858	622.04	2	0.587162
gene-BBC0122_RS00020	588	357.074	0	0
gene-BBC0122_RS00025	702	467.519	1	0.390613
gene-BBC0122_RS00030	2949	2712.15	3	0.202001
gene-BBC0122_RS00035	579	348.788	0	0
gene-BBC0122_RS00040	198	58.6161	8	24.9241
gene-BBC0122_RS00045	1221	984.148	8	1.48449
gene-BBC0122_RS00050	642	409.052	0	0
gene-BBC0122_RS00055	687	452.796	1	0.403315
gene-BBC0122_RS00060	540	312.253	0	0
gene-BBC0122_RS00065	1008	771.148	1	0.236815
gene-BBC0122_RS00070	873	636.915	0	0
gene-BBC0122_RS00075	561	331.688	1	0.550575
gene-BBC0122_RS00080	948	711.441	0	0
gene-BBC0122_RS00085	498	275.081	0	0
gene-BBC0122_RS00090	705	470.425	3	1.1646
gene-BBC0122_RS00095	1401	1164.15	0	0
gene-BBC0122_RS00100	189	53.2657	1	3.42846
gene-BBC0122_RS00105	1275	1038.15	0	0
gene-BBC0122_RS00110	2439	2202.15	3	0.248783
gene-BBC0122_RS00115	384	182.393	4	4.00497
gene-BBC0122_RS00120	243	86.2978	0	0
gene-BBC0122_RS00125	972	735.297	0	0
gene-BBC0122_RS00130	300	120.861	0	0
gene-BBC0122_RS00135	288	114.117	0	0
gene-BBC0122_RS00140	1458	1221.15	0	0
gene-BBC0122_RS00145	1161	924.148	0	0
gene-BBC0122_RS00150	558	328.755	0	0
gene-BBC0122_RS00155	957	720.37	3	0.760523
gene-BBC0122_RS00160	261	97.1757	1	1.87927
gene-BBC0122_RS00165	768	532.607	0	0
gene-BBC0122_RS00170	456	239.474	0	0
gene-BBC0122_RS00175	684	449.977	6	2.43505
gene-BBC0122_RS00180	645	411.887	0	0
gene-BBC0122_RS00185	957	720.37	0	0
gene-BBC0122_RS00190	939	702.582	0	0
gene-BBC0122_RS00195	393	189.447	0	0
gene-BBC0122_RS00200	603	371.341	0	0
gene-BBC0122_RS00205	1116	879.148	0	0
gene-BBC0122_RS00210	1368	1131.15	0	0
gene-BBC0122_RS00215	696	461.658	0	0
gene-BBC0122_RS00220	954	717.37	19	4.83679
gene-BBC0122_RS00225	768	532.607	0	0
gene-BBC0122_RS00230	786	550.388	2	0.663601
gene-BBC0122_RS00235	1071	834.148	4	0.875716
gene-BBC0122_RS00240	1071	834.148	10	2.18929
gene-BBC0122_RS00245	720	485.425	3	1.12861
gene-BBC0122_RS00250	645	411.887	3	1.33012
gene-BBC0122_RS00255	1161	924.148	0	0
gene-BBC0122_RS00260	987	750.224	0	0
gene-BBC0122_RS00265	1254	1017.15	0	0
gene-BBC0122_RS00270	996	759.148	0	0
gene-BBC0122_RS00275	768	532.607	0	0
gene-BBC0122_RS00280	408	201.092	0	0
gene-BBC0122_RS00290	1419	1182.15	0	0
gene-BBC0122_RS00300	990	753.224	0	0
gene-BBC0122_RS00305	891	654.786	0	0
gene-BBC0122_RS00310	906	669.72	4	1.09072
gene-BBC0122_RS00315	687	452.796	0	0
gene-BBC0122_RS00320	912	675.72	0	0
gene-BBC0122_RS00325	1806	1569.15	1	0.116381
gene-BBC0122_RS00335	849	613.102	0	0
gene-BBC0122_RS00340	843	607.102	0	0
gene-BBC0122_RS00350	306	124.664	1	1.46489
gene-BBC0122_RS00355	1923	1686.15	205	22.2026
gene-BBC0122_RS00360	1164	927.148	4	0.787875
gene-BBC0122_RS00365	1188	951.148	2	0.383998
gene-BBC0122_RS00370	1305	1068.15	0	0
gene-BBC0122_RS00375	1185	948.148	0	0
gene-BBC0122_RS00380	1164	927.148	2	0.393938
gene-BBC0122_RS00390	1170	933.148	0	0
gene-BBC0122_RS00395	711	476.425	0	0
gene-BBC0122_RS00400	363	166.29	0	0
gene-BBC0122_RS00405	678	444.021	0	0
gene-BBC0122_RS00410	765	529.66	0	0
gene-BBC0122_RS00415	774	538.607	0	0
gene-BBC0122_RS00420	537	309.666	3	1.76919
gene-BBC0122_RS00425	1452	1215.15	1	0.150286
gene-BBC0122_RS00430	912	675.72	0	0
gene-BBC0122_RS00435	1824	1587.15	0	0
gene-BBC0122_RS00440	1014	777.148	1	0.234986
gene-BBC0122_RS00445	963	726.297	0	0
gene-BBC0122_RS00450	1323	1086.15	0	0
gene-BBC0122_RS00455	351	157.502	0	0
gene-BBC0122_RS00460	855	619.102	1	0.294974
gene-BBC0122_RS00465	1392	1155.15	3	0.474275
gene-BBC0122_RS00470	996	759.148	2	0.481116
gene-BBC0122_RS00475	324	137.442	0	0
gene-BBC0122_RS00480	795	559.277	1	0.326527
gene-BBC0122_RS00485	759	523.871	0	0
gene-BBC0122_RS00490	651	417.762	2	0.874274
gene-BBC0122_RS00495	597	365.527	6	2.99763
gene-BBC0122_RS00500	1008	771.148	0	0
gene-BBC0122_RS00505	558	328.755	11	6.11035
gene-BBC0122_RS00510	1311	1074.15	9	1.53012
gene-BBC0122_RS00515	1017	780.148	5	1.17041
gene-BBC0122_RS00520	882	645.786	0	0
gene-BBC0122_RS00525	825	589.162	0	0
gene-BBC0122_RS00530	744	509.025	0	0
gene-BBC0122_RS00540	489	267.38	0	0
gene-BBC0122_RS00545	852	616.102	0	0
gene-BBC0122_RS00550	1122	885.148	0	0
gene-BBC0122_RS00555	336	146.093	0	0
gene-BBC0122_RS00560	282	110.248	3	4.96933
gene-BBC0122_RS00565	648	414.804	10	4.40254
gene-BBC0122_RS00570	594	362.675	2	1.00707
gene-BBC0122_RS00575	783	547.388	0	0
gene-BBC0122_RS00585	1548	1311.15	0	0
gene-BBC0122_RS00590	585	354.218	0	0
gene-BBC0122_RS00595	468	249.142	0	0
gene-BBC0122_RS00600	429	217.564	0	0
gene-BBC0122_RS00605	432	220.183	0	0
gene-BBC0122_RS00610	1230	993.148	3	0.551638
gene-BBC0122_RS00615	498	275.081	10	6.63873
gene-BBC0122_RS00620	390	187.171	7	6.82975
gene-BBC0122_RS00625	822	586.162	1	0.311551
gene-BBC0122_RS00630	1599	1362.15	2	0.268134
gene-BBC0122_RS00635	3201	2964.15	0	0
gene-BBC0122_RS00640	1533	1296.15	0	0
gene-BBC0122_RS00645	1944	1707.15	1	0.106973
gene-BBC0122_RS00650	4695	4458.15	6	0.245778
gene-BBC0122_RS00655	555	325.955	2	1.12052
gene-BBC0122_RS12735	69	32.5591	0	0
gene-BBC0122_RS00660	972	735.297	0	0
gene-BBC0122_RS00665	924	687.652	0	0
gene-BBC0122_RS00670	942	705.582	0	0
gene-BBC0122_RS00680	1020	783.148	0	0
gene-BBC0122_RS00685	1401	1164.15	17	2.66678
gene-BBC0122_RS00690	2484	2247.15	8	0.650137
gene-BBC0122_RS00695	1488	1251.15	2	0.291923
gene-BBC0122_RS00700	720	485.425	1	0.376205
gene-BBC0122_RS00705	3087	2850.15	3	0.192221
gene-BBC0122_RS00710	3483	3246.15	5	0.281286
gene-BBC0122_RS00715	324	137.442	4	5.31481
gene-BBC0122_RS00720	339	148.373	4	4.92325
gene-BBC0122_RS00725	1584	1347.15	1	0.13556
gene-BBC0122_RS00730	1665	1428.15	0	0
gene-BBC0122_RS00735	492	269.905	0	0
gene-BBC0122_RS00740	588	357.074	1	0.511433
gene-BBC0122_RS00745	237	82.3177	1	2.21847
gene-BBC0122_RS00750	366	168.799	0	0
gene-BBC0122_RS00755	540	312.253	0	0
gene-BBC0122_RS00760	612	379.885	3	1.44217
gene-BBC0122_RS00770	537	309.666	0	0
gene-BBC0122_RS00775	438	224.858	1	0.812155
gene-BBC0122_RS00780	1596	1359.15	7	0.940541
gene-BBC0122_RS00785	723	488.376	9	3.36538
gene-BBC0122_RS00790	1788	1551.15	0	0
gene-BBC0122_RS00795	468	249.142	0	0
gene-BBC0122_RS00800	408	201.092	0	0
gene-BBC0122_RS00805	279	108.464	0	0
gene-BBC0122_RS00815	624	391.496	0	0
gene-BBC0122_RS00820	1020	783.148	4	0.932745
gene-BBC0122_RS00825	870	633.915	0	0
gene-BBC0122_RS00830	933	696.652	2	0.524277
gene-BBC0122_RS00845	744	509.025	0	0
gene-BBC0122_RS00850	930	693.652	6	1.57963
gene-BBC0122_RS00855	531	304.451	16	9.5973
gene-BBC0122_RS00860	1191	954.148	1	0.191395
gene-BBC0122_RS00865	1467	1230.15	0	0
gene-BBC0122_RS00870	987	750.224	1	0.24342
gene-BBC0122_RS00875	588	357.074	1	0.511433
gene-BBC0122_RS00880	618	385.73	0	0
gene-BBC0122_RS00885	921	684.652	0	0
gene-BBC0122_RS00890	585	354.218	0	0
gene-BBC0122_RS00895	591	359.748	0	0
gene-BBC0122_RS00900	369	170.944	0	0
gene-BBC0122_RS00905	1371	1134.15	0	0
gene-BBC0122_RS00910	1359	1122.15	0	0
gene-BBC0122_RS00915	486	264.853	1	0.689513
gene-BBC0122_RS00920	462	244.394	0	0
gene-BBC0122_RS00925	249	89.949	0	0
gene-BBC0122_RS00930	429	217.564	43	36.0935
gene-BBC0122_RS00935	741	506.126	1	0.360817
gene-BBC0122_RS00940	1053	816.148	2	0.447515
gene-BBC0122_RS00945	204	62.0897	7	20.5885
gene-BBC0122_RS00950	402	196.065	0	0
gene-BBC0122_RS00955	822	586.162	2	0.623102
gene-BBC0122_RS00960	1086	849.148	1	0.215062
gene-BBC0122_RS00965	2415	2178.15	6	0.503049
gene-BBC0122_RS00970	1503	1266.15	6	0.865393
gene-BBC0122_RS00975	762	526.713	3	1.04014
gene-BBC0122_RS00980	1509	1272.15	1	0.143552
gene-BBC0122_RS00985	282	110.248	0	0
gene-BBC0122_RS00990	1020	783.148	2	0.466372
gene-BBC0122_RS00995	1320	1083.15	2	0.337201
gene-BBC0122_RS01000	897	660.786	5	1.38183
gene-BBC0122_RS01005	831	595.102	2	0.61374
gene-BBC0122_RS01010	1167	930.148	5	0.981668
gene-BBC0122_RS01015	651	417.762	1	0.437137
gene-BBC0122_RS01020	714	479.425	0	0
gene-BBC0122_RS01025	1005	768.148	0	0
gene-BBC0122_RS01035	1299	1062.15	2	0.343868
gene-BBC0122_RS01040	1380	1143.15	4	0.639005
gene-BBC0122_RS01045	1254	1017.15	0	0
gene-BBC0122_RS01050	1581	1344.15	1	0.135862
gene-BBC0122_RS01055	783	547.388	1	0.333619
gene-BBC0122_RS01060	627	394.456	2	0.925929
gene-BBC0122_RS01065	273	105.037	0	0
gene-BBC0122_RS01070	519	293.616	0	0
gene-BBC0122_RS01075	921	684.652	1	0.266733
gene-BBC0122_RS01080	822	586.162	0	0
gene-BBC0122_RS01085	852	616.102	0	0
gene-BBC0122_RS01090	909	672.72	0	0
gene-BBC0122_RS01095	777	541.553	0	0
gene-BBC0122_RS01100	312	129.046	6	8.49091
gene-BBC0122_RS01105	621	388.575	6	2.81983
gene-BBC0122_RS01110	384	182.393	0	0
gene-BBC0122_RS01115	393	189.447	0	0
gene-BBC0122_RS01120	573	343.139	0	0
gene-BBC0122_RS01125	1461	1224.15	0	0
gene-BBC0122_RS01130	888	651.786	0	0
gene-BBC0122_RS01135	360	164.089	0	0
gene-BBC0122_RS01140	771	535.607	0	0
gene-BBC0122_RS01145	2550	2313.15	0	0
gene-BBC0122_RS01150	690	455.704	0	0
gene-BBC0122_RS01155	720	485.425	0	0
gene-BBC0122_RS01160	504	280.361	0	0
gene-BBC0122_RS01165	561	331.688	0	0
gene-BBC0122_RS01170	1302	1065.15	0	0
gene-BBC0122_RS01175	2484	2247.15	0	0
gene-BBC0122_RS01180	345	153.15	0	0
gene-BBC0122_RS01190	2430	2193.15	3	0.249804
gene-BBC0122_RS01200	1305	1068.15	8	1.36774
gene-BBC0122_RS01205	8595	8358.15	9	0.196643
gene-BBC0122_RS01210	2295	2058.15	0	0
gene-BBC0122_RS01215	2712	2475.15	1	0.0737811
gene-BBC0122_RS01220	1173	936.148	0	0
gene-BBC0122_RS01225	1596	1359.15	1	0.134363
gene-BBC0122_RS01230	1839	1602.15	12	1.36781
gene-BBC0122_RS01235	636	403.175	0	0
gene-BBC0122_RS01240	966	729.297	0	0
gene-BBC0122_RS01245	1449	1212.15	0	0
gene-BBC0122_RS01255	402	196.065	6	5.58854
gene-BBC0122_RS01260	1329	1092.15	1	0.167211
gene-BBC0122_RS01265	648	414.804	2	0.880509
gene-BBC0122_RS01270	1701	1464.15	8	0.997818
gene-BBC0122_RS01275	480	259.538	5	3.51816
gene-BBC0122_RS01280	522	296.313	0	0
gene-BBC0122_RS01285	690	455.704	3	1.20222
gene-BBC0122_RS01290	558	328.755	0	0
gene-BBC0122_RS01295	966	729.297	1	0.250404
gene-BBC0122_RS01300	2073	1836.15	4	0.397831
gene-BBC0122_RS01310	1026	789.148	5	1.15707
gene-BBC0122_RS01315	924	687.652	2	0.531138
gene-BBC0122_RS01320	1200	963.148	4	0.758426
gene-BBC0122_RS01330	564	334.587	1	0.545805
gene-BBC0122_RS01335	1215	978.148	0	0
gene-BBC0122_RS01340	612	379.885	0	0
gene-BBC0122_RS01345	1101	864.148	9	1.90196
gene-BBC0122_RS01350	1476	1239.15	8	1.179
gene-BBC0122_RS01360	606	374.341	2	0.975684
gene-BBC0122_RS01365	216	69.8915	0	0
gene-BBC0122_RS01370	771	535.607	1	0.340958
gene-BBC0122_RS01375	666	432.418	0	0
gene-BBC0122_RS01380	624	391.496	0	0
gene-BBC0122_RS01385	2694	2457.15	70	5.20251
gene-BBC0122_RS01390	267	101.144	3	5.41659
gene-BBC0122_RS01400	1500	1263.15	0	0
gene-BBC0122_RS01405	1119	882.148	1	0.207017
gene-BBC0122_RS01410	1308	1071.15	0	0
gene-BBC0122_RS01415	438	224.858	0	0
gene-BBC0122_RS01425	981	744.224	22	5.39841
gene-BBC0122_RS01430	2019	1782.15	55	5.63593
gene-BBC0122_RS01435	690	455.704	4	1.60296
gene-BBC0122_RS01440	435	222.584	9	7.38407
gene-BBC0122_RS01450	489	267.38	0	0
gene-BBC0122_RS01455	669	435.331	0	0
gene-BBC0122_RS01460	495	272.68	0	0
gene-BBC0122_RS01465	1365	1128.15	1	0.161875
gene-BBC0122_RS01470	1080	843.148	0	0
gene-BBC0122_RS01475	474	254.347	0	0
gene-BBC0122_RS01480	1007	770.148	0	0
gene-BBC0122_RS01485	1611	1374.15	0	0
gene-BBC0122_RS01490	414	205.808	0	0
gene-BBC0122_RS01495	1266	1029.15	0	0
gene-BBC0122_RS01500	717	482.425	0	0
gene-BBC0122_RS01505	699	464.566	2	0.786193
gene-BBC0122_RS01510	1632	1395.15	1	0.130896
gene-BBC0122_RS01515	634	401.216	2	0.910329
gene-BBC0122_RS01520	2649	2412.15	7	0.529957
gene-BBC0122_RS01525	399	193.785	0	0
gene-BBC0122_RS01530	963	726.297	0	0
gene-BBC0122_RS01535	1632	1395.15	1	0.130896
gene-BBC0122_RS01540	270	103.079	4	7.08654
gene-BBC0122_RS01545	2295	2058.15	5	0.443649
gene-BBC0122_RS01555	1002	765.148	1	0.238672
gene-BBC0122_RS01560	819	583.162	1	0.313154
gene-BBC0122_RS01565	1221	984.148	5	0.927804
gene-BBC0122_RS01570	510	285.63	2	1.27871
gene-BBC0122_RS01575	429	217.564	0	0
gene-BBC0122_RS01580	978	741.224	1	0.246375
gene-BBC0122_RS01585	1245	1008.15	5	0.905716
gene-BBC0122_RS01590	606	374.341	1	0.487842
gene-BBC0122_RS01595	324	137.442	5	6.64351
gene-BBC0122_RS01600	2001	1764.15	11	1.13869
gene-BBC0122_RS01610	411	203.419	3	2.69325
gene-BBC0122_RS01615	915	678.72	2	0.538128
gene-BBC0122_RS01620	861	624.978	1	0.292201
gene-BBC0122_RS01625	741	506.126	3	1.08245
gene-BBC0122_RS01630	546	317.643	1	0.57492
gene-BBC0122_RS01635	1824	1587.15	3	0.345184
gene-BBC0122_RS01640	1107	870.148	5	1.04936
gene-BBC0122_RS01645	1161	924.148	0	0
gene-BBC0122_RS01650	1626	1389.15	0	0
gene-BBC0122_RS01655	234	80.3412	2	4.54609
gene-BBC0122_RS01660	768	532.607	1	0.342878
gene-BBC0122_RS01665	939	702.582	2	0.519851
gene-BBC0122_RS01670	1050	813.148	4	0.898332
gene-BBC0122_RS01675	1485	1248.15	2	0.292624
gene-BBC0122_RS01680	1293	1056.15	0	0
gene-BBC0122_RS01685	759	523.871	5	1.74298
gene-BBC0122_RS01690	723	488.376	0	0
gene-BBC0122_RS01700	1032	795.148	24	5.51201
gene-BBC0122_RS01705	2370	2133.15	5	0.428051
gene-BBC0122_RS01715	1095	858.148	0	0
gene-BBC0122_RS01720	1194	957.148	8	1.52636
gene-BBC0122_RS01725	1866	1629.15	2	0.22419
gene-BBC0122_RS01730	240	84.4063	0	0
gene-BBC0122_RS01735	1023	786.148	0	0
gene-BBC0122_RS01740	1323	1086.15	0	0
gene-BBC0122_RS01745	756	520.871	0	0
gene-BBC0122_RS01750	246	88.3653	0	0
gene-BBC0122_RS01755	801	565.277	1	0.323061
gene-BBC0122_RS01760	1332	1095.15	7	1.16727
gene-BBC0122_RS01765	1341	1104.15	0	0
gene-BBC0122_RS01770	1473	1236.15	5	0.738662
gene-BBC0122_RS01775	570	340.278	0	0
gene-BBC0122_RS01780	1929	1692.15	0	0
gene-BBC0122_RS01785	450	234.736	0	0
gene-BBC0122_RS01790	834	598.102	0	0
gene-BBC0122_RS01795	630	397.376	0	0
gene-BBC0122_RS01800	2916	2679.15	1	0.0681632
gene-BBC0122_RS01805	741	506.126	138	49.7928
gene-BBC0122_RS01810	738	503.227	33	11.9756
gene-BBC0122_RS01815	621	388.575	4	1.87989
gene-BBC0122_RS01820	1383	1146.15	6	0.955998
gene-BBC0122_RS01825	876	639.915	1	0.28538
gene-BBC0122_RS01835	1245	1008.15	21	3.80401
gene-BBC0122_RS01840	945	708.441	1	0.257776
gene-BBC0122_RS01845	1008	771.148	6	1.42089
gene-BBC0122_RS01850	855	619.102	2	0.589948
gene-BBC0122_RS01855	723	488.376	2	0.747863
gene-BBC0122_RS01860	699	464.566	1	0.393097
gene-BBC0122_RS01865	1539	1302.15	3	0.420734
gene-BBC0122_RS01870	3747	3510.15	6	0.312156
gene-BBC0122_RS01875	2714	2477.15	2	0.147443
gene-BBC0122_RS01880	702	467.519	0	0
gene-BBC0122_RS01885	225	75.4231	0	0
gene-BBC0122_RS01890	648	414.804	0	0
gene-BBC0122_RS01895	207	64.019	2	5.70516
gene-BBC0122_RS01900	423	212.807	0	0
gene-BBC0122_RS01905	960	723.297	0	0
gene-BBC0122_RS01915	1212	975.148	0	0
gene-BBC0122_RS01920	732	497.278	0	0
gene-BBC0122_RS01925	816	580.22	0	0
gene-BBC0122_RS01930	987	750.224	0	0
gene-BBC0122_RS01935	423	212.807	0	0
gene-BBC0122_RS01940	351	157.502	0	0
gene-BBC0122_RS01945	909	672.72	0	0
gene-BBC0122_RS01950	1200	963.148	0	0
gene-BBC0122_RS01955	789	553.388	0	0
gene-BBC0122_RS01960	759	523.871	0	0
gene-BBC0122_RS01965	1848	1611.15	0	0
gene-BBC0122_RS01970	777	541.553	0	0
gene-BBC0122_RS01975	831	595.102	0	0
gene-BBC0122_RS01980	681	446.977	0	0
gene-BBC0122_RS01985	885	648.786	0	0
gene-BBC0122_RS01990	897	660.786	0	0
gene-BBC0122_RS01995	738	503.227	0	0
gene-BBC0122_RS02000	1776	1539.15	0	0
gene-BBC0122_RS02005	1311	1074.15	0	0
gene-BBC0122_RS02010	1497	1260.15	0	0
gene-BBC0122_RS02015	882	645.786	0	0
gene-BBC0122_RS02020	3459	3222.15	0	0
gene-BBC0122_RS02030	1446	1209.15	0	0
gene-BBC0122_RS02035	1281	1044.15	0	0
gene-BBC0122_RS02040	1302	1065.15	0	0
gene-BBC0122_RS02045	1293	1056.15	0	0
gene-BBC0122_RS02050	1038	801.148	0	0
gene-BBC0122_RS02055	1302	1065.15	0	0
gene-BBC0122_RS02060	1481	1244.15	0	0
gene-BBC0122_RS02065	180	48.1736	0	0
gene-BBC0122_RS02070	270	103.079	0	0
gene-BBC0122_RS02080	1458	1221.15	3	0.448642
gene-BBC0122_RS02085	1131	894.148	0	0
gene-BBC0122_RS02090	987	750.224	0	0
gene-BBC0122_RS02095	603	371.341	14	6.88496
gene-BBC0122_RS02105	1401	1164.15	0	0
gene-BBC0122_RS02110	897	660.786	0	0
gene-BBC0122_RS02115	1245	1008.15	0	0
gene-BBC0122_RS02120	354	159.705	0	0
gene-BBC0122_RS02125	1239	1002.15	7	1.27559
gene-BBC0122_RS02130	948	711.441	5	1.28345
gene-BBC0122_RS02135	282	110.248	0	0
gene-BBC0122_RS02140	771	535.607	0	0
gene-BBC0122_RS02145	705	470.425	0	0
gene-BBC0122_RS02150	1188	951.148	0	0
gene-BBC0122_RS02155	1206	969.148	9	1.69589
gene-BBC0122_RS02160	702	467.519	3	1.17184
gene-BBC0122_RS02165	708	473.425	0	0
gene-BBC0122_RS02170	771	535.607	1	0.340958
gene-BBC0122_RS02180	687	452.796	0	0
gene-BBC0122_RS02185	1296	1059.15	2	0.344842
gene-BBC0122_RS02190	630	397.376	0	0
gene-BBC0122_RS02195	774	538.607	1	0.339058
gene-BBC0122_RS02200	1008	771.148	2	0.47363
gene-BBC0122_RS02205	777	541.553	1	0.337214
gene-BBC0122_RS02210	735	500.227	0	0
gene-BBC0122_RS02215	900	663.72	1	0.275145
gene-BBC0122_RS02220	186	51.5528	0	0
gene-BBC0122_RS02225	738	503.227	0	0
gene-BBC0122_RS02230	375	175.674	6	6.23721
gene-BBC0122_RS02235	783	547.388	1	0.333619
gene-BBC0122_RS02240	978	741.224	0	0
gene-BBC0122_RS02245	1197	960.148	2	0.380398
gene-BBC0122_RS02250	396	191.63	0	0
gene-BBC0122_RS02255	369	170.944	2	2.13659
gene-BBC0122_RS02260	867	630.915	1	0.289451
gene-BBC0122_RS02265	729	494.327	1	0.36943
gene-BBC0122_RS02270	729	494.327	4	1.47772
gene-BBC0122_RS02275	1350	1113.15	0	0
gene-BBC0122_RS02280	876	639.915	3	0.856141
gene-BBC0122_RS02285	1098	861.148	1	0.212065
gene-BBC0122_RS02290	1413	1176.15	10	1.55269
gene-BBC0122_RS02295	1299	1062.15	2	0.343868
gene-BBC0122_RS02300	702	467.519	3	1.17184
gene-BBC0122_RS02305	1656	1419.15	16	2.05892
gene-BBC0122_RS02310	930	693.652	5	1.31636
gene-BBC0122_RS02315	750	514.922	21	7.44773
gene-BBC0122_RS02320	1149	912.148	16	3.20333
gene-BBC0122_RS02325	1182	945.148	27	5.21688
gene-BBC0122_RS02330	1179	942.148	8	1.55066
gene-BBC0122_RS02335	2058	1821.15	8	0.802216
gene-BBC0122_RS02340	1170	933.148	8	1.56562
gene-BBC0122_RS02345	876	639.915	3	0.856141
gene-BBC0122_RS02350	963	726.297	4	1.00575
gene-BBC0122_RS02355	720	485.425	0	0
gene-BBC0122_RS02360	702	467.519	1	0.390613
gene-BBC0122_RS02365	966	729.297	3	0.751213
gene-BBC0122_RS02370	753	517.871	0	0
gene-BBC0122_RS02375	864	627.915	4	1.16334
gene-BBC0122_RS02380	1272	1035.15	4	0.705674
gene-BBC0122_RS02385	981	744.224	0	0
gene-BBC0122_RS02395	858	622.04	2	0.587162
gene-BBC0122_RS02400	1089	852.148	3	0.642914
gene-BBC0122_RS02405	921	684.652	1	0.266733
gene-BBC0122_RS02410	774	538.607	0	0
gene-BBC0122_RS02415	693	458.704	0	0
gene-BBC0122_RS02420	2517	2280.15	14	1.12127
gene-BBC0122_RS02425	786	550.388	1	0.331801
gene-BBC0122_RS02430	456	239.474	0	0
gene-BBC0122_RS02435	267	101.144	0	0
gene-BBC0122_RS02440	1572	1335.15	2	0.273557
gene-BBC0122_RS02445	573	343.139	0	0
gene-BBC0122_RS02450	792	556.333	0	0
gene-BBC0122_RS02455	1491	1254.15	0	0
gene-BBC0122_RS02460	1143	906.148	0	0
gene-BBC0122_RS02465	702	467.519	0	0
gene-BBC0122_RS02470	198	58.6161	0	0
gene-BBC0122_RS02475	531	304.451	14	8.39764
gene-BBC0122_RS02480	1632	1395.15	2	0.261792
gene-BBC0122_RS02490	1389	1152.15	4	0.634013
gene-BBC0122_RS02495	1635	1398.15	141	18.4167
gene-BBC0122_RS02500	297	119.014	83	127.358
gene-BBC0122_RS02505	576	345.999	0	0
gene-BBC0122_RS02510	492	269.905	0	0
gene-BBC0122_RS02515	876	639.915	0	0
gene-BBC0122_RS02520	1068	831.148	0	0
gene-BBC0122_RS02525	1563	1326.15	0	0
gene-BBC0122_RS02530	2784	2547.15	2	0.143391
gene-BBC0122_RS02535	846	610.102	1	0.299325
gene-BBC0122_RS02540	993	756.224	0	0
gene-BBC0122_RS02545	861	624.978	0	0
gene-BBC0122_RS02550	252	91.7168	0	0
gene-BBC0122_RS02555	561	331.688	6	3.30345
gene-BBC0122_RS02560	339	148.373	0	0
gene-BBC0122_RS02565	330	141.889	0	0
gene-BBC0122_RS02570	852	616.102	0	0
gene-BBC0122_RS02580	2094	1857.15	0	0
gene-BBC0122_RS02585	768	532.607	0	0
gene-BBC0122_RS02590	396	191.63	0	0
gene-BBC0122_RS02595	603	371.341	0	0
gene-BBC0122_RS02600	453	236.93	0	0
gene-BBC0122_RS02605	465	246.848	0	0
gene-BBC0122_RS02610	426	215.129	0	0
gene-BBC0122_RS02615	1071	834.148	0	0
gene-BBC0122_RS02620	1158	921.148	3	0.594755
gene-BBC0122_RS02625	225	75.4231	0	0
gene-BBC0122_RS02630	468	249.142	0	0
gene-BBC0122_RS02635	1023	786.148	3	0.696889
gene-BBC0122_RS02640	876	639.915	7	1.99766
gene-BBC0122_RS02645	801	565.277	0	0
gene-BBC0122_RS02650	738	503.227	1	0.362896
gene-BBC0122_RS02655	1380	1143.15	1	0.159751
gene-BBC0122_RS02660	915	678.72	0	0
gene-BBC0122_RS02665	387	184.806	7	6.91716
gene-BBC0122_RS02670	417	208.169	1	0.877263
gene-BBC0122_RS02675	189	53.2657	0	0
gene-BBC0122_RS02680	351	157.502	2	2.31895
gene-BBC0122_RS02685	804	568.277	6	1.92813
gene-BBC0122_RS02690	462	244.394	2	1.49446
gene-BBC0122_RS02695	1188	951.148	4	0.767995
gene-BBC0122_RS02700	600	368.453	0	0
gene-BBC0122_RS02705	723	488.376	0	0
gene-BBC0122_RS02710	495	272.68	0	0
gene-BBC0122_RS02715	771	535.607	1	0.340958
gene-BBC0122_RS02720	1068	831.148	365.402	80.2859
gene-BBC0122_RS02725	1041	804.148	22.6714	5.1486
gene-BBC0122_RS02730	1032	795.148	1.02443	0.235278
gene-BBC0122_RS02735	1077	840.148	7.22259	1.56994
gene-BBC0122_RS02740	1032	795.148	0	0
gene-BBC0122_RS02745	1089	852.148	96.6796	20.7189
gene-BBC0122_RS02750	366	168.799	0	0
gene-BBC0122_RS02755	1677	1440.15	1	0.126806
gene-BBC0122_RS02760	759	523.871	0	0
gene-BBC0122_RS02765	1431	1194.15	0	0
gene-BBC0122_RS02770	1296	1059.15	0	0
gene-BBC0122_RS02775	1827	1590.15	2	0.229688
gene-BBC0122_RS02780	636	403.175	1	0.452953
gene-BBC0122_RS02785	684	449.977	23	9.33435
gene-BBC0122_RS02790	1308	1071.15	29	4.94419
gene-BBC0122_RS02795	1356	1119.15	27	4.40578
gene-BBC0122_RS02800	1092	855.148	18	3.84395
gene-BBC0122_RS02805	375	175.674	46	47.8186
gene-BBC0122_RS02810	414	205.808	5	4.43663
gene-BBC0122_RS02815	618	385.73	0	0
gene-BBC0122_RS02820	267	101.144	0	0
gene-BBC0122_RS02830	624	391.496	0	0
gene-BBC0122_RS02835	885	648.786	0	0
gene-BBC0122_RS02840	702	467.519	0	0
gene-BBC0122_RS02845	252	91.7168	0	0
gene-BBC0122_RS02860	1446	1209.15	0	0
gene-BBC0122_RS02865	723	488.376	0	0
gene-BBC0122_RS12740	291	115.736	0	0
gene-BBC0122_RS02870	1023	786.148	0	0
gene-BBC0122_RS02875	1125	888.148	0	0
gene-BBC0122_RS02880	1260	1023.15	0	0
gene-BBC0122_RS02885	594	362.675	1	0.503535
gene-BBC0122_RS02890	459	242.039	0	0
gene-BBC0122_RS02895	483	262.155	0	0
gene-BBC0122_RS02900	1206	969.148	9	1.69589
gene-BBC0122_RS02905	1311	1074.15	5	0.850066
gene-BBC0122_RS02910	531	304.451	0	0
gene-BBC0122_RS02915	555	325.955	0	0
gene-BBC0122_RS02920	2445	2208.15	1	0.0827024
gene-BBC0122_RS02925	420	210.479	0	0
gene-BBC0122_RS02930	213	67.9168	3	8.0666
gene-BBC0122_RS02935	1338	1101.15	0	0
gene-BBC0122_RS02940	294	117.242	0	0
gene-BBC0122_RS02945	1284	1047.15	0	0
gene-BBC0122_RS02950	528	301.637	9	5.44884
gene-BBC0122_RS02955	1830	1593.15	3	0.343884
gene-BBC0122_RS02960	1380	1143.15	0	0
gene-BBC0122_RS02965	1452	1215.15	0	0
gene-BBC0122_RS02970	2025	1788.15	2	0.204255
gene-BBC0122_RS02975	606	374.341	0	0
gene-BBC0122_RS02980	422	212.039	0	0
gene-BBC0122_RS02985	1065	828.148	0	0
gene-BBC0122_RS02990	1251	1014.15	1	0.180072
gene-BBC0122_RS02995	882	645.786	6	1.69671
gene-BBC0122_RS03000	993	756.224	0	0
gene-BBC0122_RS03005	1434	1197.15	5	0.762726
gene-BBC0122_RS03010	1080	843.148	28	6.06458
gene-BBC0122_RS03015	1458	1221.15	55	8.22509
gene-BBC0122_RS03020	882	645.786	0	0
gene-BBC0122_RS03025	915	678.72	0	0
gene-BBC0122_RS03030	1497	1260.15	8	1.15935
gene-BBC0122_RS03040	1572	1335.15	1	0.136778
gene-BBC0122_RS03045	1218	981.148	0	0
gene-BBC0122_RS03050	1737	1500.15	0	0
gene-BBC0122_RS03055	309	127.008	0	0
gene-BBC0122_RS03060	363	166.29	0	0
gene-BBC0122_RS03065	1395	1158.15	11	1.7345
gene-BBC0122_RS03070	1398	1161.15	0	0
gene-BBC0122_RS03075	2487	2250.15	7	0.568111
gene-BBC0122_RS03080	1557	1320.15	21	2.90498
gene-BBC0122_RS12745	183	49.9191	0	0
gene-BBC0122_RS03090	1404	1167.15	0	0
gene-BBC0122_RS03095	375	175.674	0	0
gene-BBC0122_RS03100	996	759.148	0	0
gene-BBC0122_RS03105	930	693.652	0	0
gene-BBC0122_RS03110	456	239.474	0	0
gene-BBC0122_RS03115	1290	1053.15	2	0.346806
gene-BBC0122_RS03120	615	382.808	0	0
gene-BBC0122_RS03125	1560	1323.15	0	0
gene-BBC0122_RS03130	1338	1101.15	4	0.663378
gene-BBC0122_RS03135	471	251.746	1	0.72541
gene-BBC0122_RS03140	5835	5598.15	8	0.260971
gene-BBC0122_RS03150	1332	1095.15	0	0
gene-BBC0122_RS03155	654	420.762	0	0
gene-BBC0122_RS03160	1647	1410.15	0	0
gene-BBC0122_RS03165	807	571.277	0	0
gene-BBC0122_RS03170	1377	1140.15	0	0
gene-BBC0122_RS03175	1137	900.148	0	0
gene-BBC0122_RS03180	2268	2031.15	3	0.269728
gene-BBC0122_RS03185	1254	1017.15	2	0.359081
gene-BBC0122_RS03190	747	511.974	0	0
gene-BBC0122_RS03195	426	215.129	0	0
gene-BBC0122_RS03200	258	95.3596	0	0
gene-BBC0122_RS03205	825	589.162	0	0
gene-BBC0122_RS03210	882	645.786	0	0
gene-BBC0122_RS03215	1392	1155.15	0	0
gene-BBC0122_RS03220	258	95.3596	0	0
gene-BBC0122_RS03225	480	259.538	0	0
gene-BBC0122_RS03230	804	568.277	0	0
gene-BBC0122_RS03235	1239	1002.15	4	0.728911
gene-BBC0122_RS03240	993	756.224	1	0.241488
gene-BBC0122_RS03245	2715	2478.15	17	1.25276
gene-BBC0122_RS03250	417	208.169	0	0
gene-BBC0122_RS03255	1080	843.148	0	0
gene-BBC0122_RS03260	819	583.162	0	0
gene-BBC0122_RS03265	1215	978.148	0	0
gene-BBC0122_RS03270	222	73.7674	0	0
gene-BBC0122_RS03275	417	208.169	0	0
gene-BBC0122_RS03280	2196	1959.15	1	0.0932136
gene-BBC0122_RS03285	969	732.297	0	0
gene-BBC0122_RS03290	909	672.72	0	0
gene-BBC0122_RS03295	306	124.664	44	64.4552
gene-BBC0122_RS03300	1512	1275.15	0	0
gene-BBC0122_RS03305	1236	999.148	0	0
gene-BBC0122_RS03310	1359	1122.15	0	0
gene-BBC0122_RS03315	1698	1461.15	2	0.249967
gene-BBC0122_RS03320	2049	1812.15	7	0.705425
gene-BBC0122_RS03330	1716	1479.15	2	0.246925
gene-BBC0122_RS03335	1437	1200.15	0	0
gene-BBC0122_RS03340	1773	1536.15	0	0
gene-BBC0122_RS03345	1155	918.148	0	0
gene-BBC0122_RS03350	672	438.199	0	0
gene-BBC0122_RS03355	1428	1191.15	0	0
gene-BBC0122_RS03360	1218	981.148	0	0
gene-BBC0122_RS03365	420	210.479	3	2.60291
gene-BBC0122_RS03370	759	523.871	8	2.78877
gene-BBC0122_RS03375	231	78.702	1	2.32039
gene-BBC0122_RS03380	573	343.139	0	0
gene-BBC0122_RS03385	480	259.538	0	0
gene-BBC0122_RS03390	267	101.144	0	0
gene-BBC0122_RS03395	267	101.144	20	36.1106
gene-BBC0122_RS03400	912	675.72	0	0
gene-BBC0122_RS03405	2295	2058.15	0	0
gene-BBC0122_RS03410	945	708.441	0	0
gene-BBC0122_RS03415	1749	1512.15	3	0.362304
gene-BBC0122_RS03420	936	699.582	8	2.08832
gene-BBC0122_RS03425	225	75.4231	0	0
gene-BBC0122_RS03430	783	547.388	0	0
gene-BBC0122_RS03435	768	532.607	0	0
gene-BBC0122_RS03440	186	51.5528	11	38.9661
gene-BBC0122_RS03445	912	675.72	3	0.810776
gene-BBC0122_RS03450	531	304.451	8	4.79865
gene-BBC0122_RS03455	2082	1845.15	0	0
gene-BBC0122_RS03465	822	586.162	0	0
gene-BBC0122_RS03470	885	648.786	0	0
gene-BBC0122_RS03475	1467	1230.15	0	0
gene-BBC0122_RS03480	411	203.419	0	0
gene-BBC0122_RS03485	738	503.227	0	0
gene-BBC0122_RS03490	504	280.361	0	0
gene-BBC0122_RS03495	1203	966.148	3	0.567054
gene-BBC0122_RS03500	654	420.762	0	0
gene-BBC0122_RS03505	960	723.297	2	0.504963
gene-BBC0122_RS03510	1410	1173.15	0	0
gene-BBC0122_RS03515	537	309.666	1	0.58973
gene-BBC0122_RS03520	543	314.965	0	0
gene-BBC0122_RS03525	1299	1062.15	1	0.171934
gene-BBC0122_RS03530	993	756.224	0	0
gene-BBC0122_RS03535	624	391.496	0	0
gene-BBC0122_RS03540	471	251.746	0	0
gene-BBC0122_RS03545	951	714.441	32	8.17956
gene-BBC0122_RS03550	528	301.637	0	0
gene-BBC0122_RS03555	819	583.162	4	1.25261
gene-BBC0122_RS03560	594	362.675	0	0
gene-BBC0122_RS03565	255	93.4477	0	0
gene-BBC0122_RS03570	1095	858.148	0	0
gene-BBC0122_RS03575	1113	876.148	0	0
gene-BBC0122_RS03580	258	95.3596	0	0
gene-BBC0122_RS03585	492	269.905	0	0
gene-BBC0122_RS03590	1923	1686.15	19	2.05781
gene-BBC0122_RS03595	750	514.922	0	0
gene-BBC0122_RS03600	1254	1017.15	0	0
gene-BBC0122_RS03605	1224	987.148	2	0.369994
gene-BBC0122_RS12750	195	56.8308	0	0
gene-BBC0122_RS03610	1413	1176.15	4	0.621076
gene-BBC0122_RS03615	543	314.965	0	0
gene-BBC0122_RS03620	1479	1242.15	3	0.441057
gene-BBC0122_RS03630	944	707.441	0	0
gene-BBC0122_RS03635	1020	783.148	0	0
gene-BBC0122_RS03640	960	723.297	0	0
gene-BBC0122_RS03645	459	242.039	0	0
gene-BBC0122_RS03650	885	648.786	0	0
gene-BBC0122_RS03655	585	354.218	0	0
gene-BBC0122_RS03660	2880	2643.15	0	0
gene-BBC0122_RS03665	606	374.341	2	0.975684
gene-BBC0122_RS03670	1287	1050.15	0	0
gene-BBC0122_RS03675	1398	1161.15	0	0
gene-BBC0122_RS03680	546	317.643	4	2.29968
gene-BBC0122_RS03685	693	458.704	2	0.796239
gene-BBC0122_RS03690	1134	897.148	3	0.610666
gene-BBC0122_RS03695	1092	855.148	0	0
gene-BBC0122_RS03700	1320	1083.15	0	0
gene-BBC0122_RS03715	975	738.297	0	0
gene-BBC0122_RS03720	522	296.313	0	0
gene-BBC0122_RS03725	735	500.227	4	1.46029
gene-BBC0122_RS03730	3459	3222.15	0	0
gene-BBC0122_RS03735	2667	2430.15	47	3.53193
gene-BBC0122_RS03740	870	633.915	0	0
gene-BBC0122_RS03745	786	550.388	0	0
gene-BBC0122_RS12755	198	58.6161	0	0
gene-BBC0122_RS12760	123	22.1462	0	0
gene-BBC0122_RS03750	906	669.72	0	0
gene-BBC0122_RS03755	507	283.041	0	0
gene-BBC0122_RS03765	234	80.3412	0	0
gene-BBC0122_RS03770	1029	792.148	0	0
gene-BBC0122_RS03775	1314	1077.15	1	0.16954
gene-BBC0122_RS03780	1521	1284.15	0	0
gene-BBC0122_RS03785	711	476.425	0	0
gene-BBC0122_RS03790	597	365.527	48	23.981
gene-BBC0122_RS03795	273	105.037	0	0
gene-BBC0122_RS03800	315	131.376	0	0
gene-BBC0122_RS03805	2088	1851.15	0	0
gene-BBC0122_RS03810	420	210.479	0	0
gene-BBC0122_RS03815	438	224.858	5	4.06077
gene-BBC0122_RS03820	426	215.129	0	0
gene-BBC0122_RS03825	303	122.716	0	0
gene-BBC0122_RS03830	1152	915.148	0	0
gene-BBC0122_RS03835	993	756.224	0	0
gene-BBC0122_RS03840	348	155.386	0	0
gene-BBC0122_RS03845	534	307.013	0	0
gene-BBC0122_RS03850	597	365.527	0	0
gene-BBC0122_RS03855	2166	1929.15	0	0
gene-BBC0122_RS03865	231	78.702	2	4.64078
gene-BBC0122_RS03870	666	432.418	0	0
gene-BBC0122_RS03875	1455	1218.15	0	0
gene-BBC0122_RS03880	1368	1131.15	0	0
gene-BBC0122_RS03885	408	201.092	0	0
gene-BBC0122_RS03890	1173	936.148	0	0
gene-BBC0122_RS03895	495	272.68	3	2.00916
gene-BBC0122_RS03900	1983	1746.15	3	0.313752
gene-BBC0122_RS03905	471	251.746	0	0
gene-BBC0122_RS03910	1506	1269.15	0	0
gene-BBC0122_RS03915	687	452.796	0	0
gene-BBC0122_RS03920	1425	1188.15	0	0
gene-BBC0122_RS03925	2922	2685.15	0	0
gene-BBC0122_RS03930	2325	2088.15	2	0.17491
gene-BBC0122_RS03935	2628	2391.15	17	1.29834
gene-BBC0122_RS03940	915	678.72	0	0
gene-BBC0122_RS03945	834	598.102	0	0
gene-BBC0122_RS03955	1110	873.148	0	0
gene-BBC0122_RS03960	1017	780.148	0	0
gene-BBC0122_RS03965	522	296.313	0	0
gene-BBC0122_RS03970	756	520.871	0	0
gene-BBC0122_RS03975	606	374.341	0	0
gene-BBC0122_RS03980	771	535.607	0	0
gene-BBC0122_RS03985	198	58.6161	0	0
gene-BBC0122_RS03990	963	726.297	0	0
gene-BBC0122_RS03995	363	166.29	0	0
gene-BBC0122_RS04000	1122	885.148	0	0
gene-BBC0122_RS04005	1272	1035.15	116	20.4645
gene-BBC0122_RS04015	1359	1122.15	0	0
gene-BBC0122_RS04020	957	720.37	0	0
gene-BBC0122_RS04025	789	553.388	0	0
gene-BBC0122_RS04030	897	660.786	0	0
gene-BBC0122_RS04035	921	684.652	2	0.533466
gene-BBC0122_RS04040	774	538.607	0	0
gene-BBC0122_RS04045	597	365.527	0	0
gene-BBC0122_RS04050	2181	1944.15	0	0
gene-BBC0122_RS04055	2661	2424.15	1	0.0753334
gene-BBC0122_RS04060	1164	927.148	1	0.196969
gene-BBC0122_RS04065	1011	774.148	0	0
gene-BBC0122_RS04070	585	354.218	0	0
gene-BBC0122_RS04075	609	377.075	1	0.484304
gene-BBC0122_RS04080	786	550.388	0	0
gene-BBC0122_RS04085	1080	843.148	0	0
gene-BBC0122_RS04090	933	696.652	0	0
gene-BBC0122_RS04095	1044	807.148	0	0
gene-BBC0122_RS04100	168	42.0811	0	0
gene-BBC0122_RS04110	2202	1965.15	0	0
gene-BBC0122_RS04115	675	441.199	0	0
gene-BBC0122_RS04120	4197	3960.15	0	0
gene-BBC0122_RS04125	192	55.1582	0	0
gene-BBC0122_RS12765	102	19.1939	0	0
gene-BBC0122_RS04130	168	42.0811	0	0
gene-BBC0122_RS04135	7395	7158.15	0	0
gene-BBC0122_RS04140	222	73.7674	0	0
gene-BBC0122_RS04145	273	105.037	0	0
gene-BBC0122_RS04150	6063	5826.15	0	0
gene-BBC0122_RS04160	564	334.587	0	0
gene-BBC0122_RS12770	11406	11169.1	0	0
gene-BBC0122_RS04230	2103	1866.15	4	0.391436
gene-BBC0122_RS04235	885	648.786	10	2.81478
gene-BBC0122_RS04240	477	256.972	0	0
gene-BBC0122_RS04245	681	446.977	0	0
gene-BBC0122_RS04250	594	362.675	2	1.00707
gene-BBC0122_RS04255	405	198.514	4	3.67973
gene-BBC0122_RS04260	2229	1992.15	1	0.0916695
gene-BBC0122_RS04265	579	348.788	0	0
gene-BBC0122_RS04270	753	517.871	0	0
gene-BBC0122_RS04275	1335	1098.15	4	0.66519
gene-BBC0122_RS04280	1197	960.148	0	0
gene-BBC0122_RS04285	606	374.341	0	0
gene-BBC0122_RS04290	411	203.419	0	0
gene-BBC0122_RS04295	792	556.333	1	0.328255
gene-BBC0122_RS04300	708	473.425	0	0
gene-BBC0122_RS04305	906	669.72	0	0
gene-BBC0122_RS04310	735	500.227	0	0
gene-BBC0122_RS04320	489	267.38	0	0
gene-BBC0122_RS04325	861	624.978	0	0
gene-BBC0122_RS04330	822	586.162	0	0
gene-BBC0122_RS04335	525	298.977	0	0
gene-BBC0122_RS04340	621	388.575	1	0.469972
gene-BBC0122_RS04345	876	639.915	0	0
gene-BBC0122_RS04350	1338	1101.15	1	0.165844
gene-BBC0122_RS04355	717	482.425	0	0
gene-BBC0122_RS04360	633	400.256	0	0
gene-BBC0122_RS04365	258	95.3596	0	0
gene-BBC0122_RS04370	372	173.403	0	0
gene-BBC0122_RS04380	822	586.162	0	0
gene-BBC0122_RS04385	1506	1269.15	0	0
gene-BBC0122_RS04390	669	435.331	0	0
gene-BBC0122_RS04395	945	708.441	0	0
gene-BBC0122_RS04400	576	345.999	1	0.527802
gene-BBC0122_RS04405	1008	771.148	0	0
gene-BBC0122_RS04410	1881	1644.15	1	0.111072
gene-BBC0122_RS04415	699	464.566	1	0.393097
gene-BBC0122_RS04420	861	624.978	0	0
gene-BBC0122_RS04425	753	517.871	0	0
gene-BBC0122_RS04430	1497	1260.15	0	0
gene-BBC0122_RS04435	579	348.788	0	0
gene-BBC0122_RS04440	1401	1164.15	0	0
gene-BBC0122_RS04445	1503	1266.15	0	0
gene-BBC0122_RS04450	1266	1029.15	1	0.177447
gene-BBC0122_RS04455	609	377.075	0	0
gene-BBC0122_RS04460	981	744.224	1	0.245382
gene-BBC0122_RS04465	249	89.949	1	2.03025
gene-BBC0122_RS04470	411	203.419	2	1.7955
gene-BBC0122_RS04475	585	354.218	0	0
gene-BBC0122_RS04480	945	708.441	0	0
gene-BBC0122_RS04485	738	503.227	0	0
gene-BBC0122_RS04490	237	82.3177	8	17.7478
gene-BBC0122_RS04495	1263	1026.15	6	1.06779
gene-BBC0122_RS04500	957	720.37	0	0
gene-BBC0122_RS04505	222	73.7674	0	0
gene-BBC0122_RS04510	888	651.786	0	0
gene-BBC0122_RS04515	669	435.331	0	0
gene-BBC0122_RS04520	837	601.102	0	0
gene-BBC0122_RS04525	1008	771.148	0	0
gene-BBC0122_RS04530	972	735.297	1	0.248361
gene-BBC0122_RS04535	2343	2106.15	0	0
gene-BBC0122_RS04540	1092	855.148	5	1.06776
gene-BBC0122_RS04545	1191	954.148	0	0
gene-BBC0122_RS04550	1488	1251.15	0	0
gene-BBC0122_RS04555	450	234.736	0	0
gene-BBC0122_RS04560	261	97.1757	0	0
gene-BBC0122_RS04565	1290	1053.15	1	0.173403
gene-BBC0122_RS04570	1887	1650.15	0	0
gene-BBC0122_RS04575	423	212.807	3	2.57444
gene-BBC0122_RS04580	855	619.102	0	0
gene-BBC0122_RS04585	480	259.538	0	0
gene-BBC0122_RS04590	252	91.7168	0	0
gene-BBC0122_RS04595	582	351.575	1	0.519432
gene-BBC0122_RS04600	2013	1776.15	8	0.822541
gene-BBC0122_RS04605	762	526.713	3	1.04014
gene-BBC0122_RS04610	528	301.637	0	0
gene-BBC0122_RS04615	858	622.04	0	0
gene-BBC0122_RS04620	552	323.12	0	0
gene-BBC0122_RS04625	852	616.102	0	0
gene-BBC0122_RS04630	2121	1884.15	2	0.193848
gene-BBC0122_RS04635	1017	780.148	1	0.234083
gene-BBC0122_RS04640	825	589.162	1	0.309965
gene-BBC0122_RS04645	705	470.425	1	0.3882
gene-BBC0122_RS04650	330	141.889	26	33.4635
gene-BBC0122_RS12775	291	115.736	1	1.5779
gene-BBC0122_RS04660	798	562.277	0	0
gene-BBC0122_RS04665	1278	1041.15	8	1.40321
gene-BBC0122_RS04670	765	529.66	0	0
gene-BBC0122_RS04675	660	426.634	0	0
gene-BBC0122_RS04680	1176	939.148	10	1.94452
gene-BBC0122_RS04685	864	627.915	0	0
gene-BBC0122_RS04690	528	301.637	4	2.4217
gene-BBC0122_RS04695	2241	2004.15	0	0
gene-BBC0122_RS04700	387	184.806	0	0
gene-BBC0122_RS04705	852	616.102	1	0.29641
gene-BBC0122_RS04710	1227	990.148	1	0.184436
gene-BBC0122_RS04715	504	280.361	4	2.60549
gene-BBC0122_RS04720	792	556.333	0	0
gene-BBC0122_RS04725	1017	780.148	0	0
gene-BBC0122_RS04730	1890	1653.15	1	0.110468
gene-BBC0122_RS04735	765	529.66	2	0.689572
gene-BBC0122_RS04740	468	249.142	1	0.732993
gene-BBC0122_RS04745	633	400.256	0	0
gene-BBC0122_RS04750	1629	1392.15	1	0.131178
gene-BBC0122_RS04755	834	598.102	4	1.22132
gene-BBC0122_RS04760	1275	1038.15	1	0.175909
gene-BBC0122_RS04765	411	203.419	0	0
gene-BBC0122_RS04770	330	141.889	0	0
gene-BBC0122_RS04775	1041	804.148	19	4.31483
gene-BBC0122_RS04780	1398	1161.15	9	1.41547
gene-BBC0122_RS04785	1395	1158.15	0	0
gene-BBC0122_RS04790	684	449.977	1	0.405841
gene-BBC0122_RS04795	1461	1224.15	3	0.447542
gene-BBC0122_RS04800	969	732.297	3	0.748135
gene-BBC0122_RS04805	462	244.394	0	0
gene-BBC0122_RS04810	1350	1113.15	0	0
gene-BBC0122_RS04815	495	272.68	0	0
gene-BBC0122_RS04820	1239	1002.15	0	0
gene-BBC0122_RS04825	459	242.039	1	0.754503
gene-BBC0122_RS04830	2268	2031.15	0	0
gene-BBC0122_RS04835	1365	1128.15	4	0.647501
gene-BBC0122_RS04840	1377	1140.15	1	0.160172
gene-BBC0122_RS04845	822	586.162	1	0.311551
gene-BBC0122_RS04850	639	406.134	7	3.14757
gene-BBC0122_RS04855	1275	1038.15	15	2.63863
gene-BBC0122_RS04860	2427	2190.15	44	3.66881
gene-BBC0122_RS04865	279	108.464	39	65.6638
gene-BBC0122_RS04870	630	397.376	0	0
gene-BBC0122_RS04875	675	441.199	0	0
gene-BBC0122_RS04880	1404	1167.15	0	0
gene-BBC0122_RS04890	1497	1260.15	4	0.579675
gene-BBC0122_RS04895	1500	1263.15	2	0.289149
gene-BBC0122_RS04900	488	266.52	0	0
gene-BBC0122_RS04905	399	193.785	0	0
gene-BBC0122_RS04910	428	216.776	0	0
gene-BBC0122_RS04915	504	280.361	0	0
gene-BBC0122_RS04920	426	215.129	0	0
gene-BBC0122_RS04925	1071	834.148	0	0
gene-BBC0122_RS04930	726	491.327	0	0
gene-BBC0122_RS04935	834	598.102	0	0
gene-BBC0122_RS04950	1176	939.148	15.2	2.95567
gene-BBC0122_RS04965	213	67.9168	2	5.37774
gene-BBC0122_RS04970	531	304.451	0	0
gene-BBC0122_RS04975	429	217.564	7	5.87568
gene-BBC0122_RS04980	702	467.519	0	0
gene-BBC0122_RS04985	519	293.616	4	2.48786
gene-BBC0122_RS04990	372	173.403	2	2.1063
gene-BBC0122_RS04995	4140	3903.15	21	0.982541
gene-BBC0122_RS05000	4209	3972.15	25	1.14937
gene-BBC0122_RS05005	384	182.393	0	0
gene-BBC0122_RS05010	225	75.4231	0	0
gene-BBC0122_RS05015	384	182.393	0	0
gene-BBC0122_RS05020	387	184.806	0	0
gene-BBC0122_RS05025	969	732.297	0	0
gene-BBC0122_RS05030	678	444.021	0	0
gene-BBC0122_RS05035	1398	1161.15	0	0
gene-BBC0122_RS05040	432	220.183	0	0
gene-BBC0122_RS05045	258	95.3596	0	0
gene-BBC0122_RS05050	1455	1218.15	0	0
gene-BBC0122_RS05055	360	164.089	0	0
gene-BBC0122_RS05060	2346	2109.15	2	0.173169
gene-BBC0122_RS05065	423	212.807	0	0
gene-BBC0122_RS05070	720	485.425	0	0
gene-BBC0122_RS05075	462	244.394	0	0
gene-BBC0122_RS05080	825	589.162	0	0
gene-BBC0122_RS05085	777	541.553	0	0
gene-BBC0122_RS05090	924	687.652	1	0.265569
gene-BBC0122_RS05095	720	485.425	0	0
gene-BBC0122_RS05100	561	331.688	0	0
gene-BBC0122_RS05105	731	496.278	0	0
gene-BBC0122_RS05110	816	580.22	0	0
gene-BBC0122_RS05115	1149	912.148	0	0
gene-BBC0122_RS05120	2415	2178.15	18	1.50915
gene-BBC0122_RS05125	1044	807.148	0	0
gene-BBC0122_RS05130	480	259.538	2	1.40727
gene-BBC0122_RS05135	828	592.102	0	0
gene-BBC0122_RS05140	873	636.915	0	0
gene-BBC0122_RS05145	1167	930.148	0	0
gene-BBC0122_RS05150	777	541.553	0	0
gene-BBC0122_RS05155	1254	1017.15	0	0
gene-BBC0122_RS05160	708	473.425	0	0
gene-BBC0122_RS05165	720	485.425	0	0
gene-BBC0122_RS05170	753	517.871	0	0
gene-BBC0122_RS05175	186	51.5528	0	0
gene-BBC0122_RS05180	930	693.652	0	0
gene-BBC0122_RS05185	1305	1068.15	0	0
gene-BBC0122_RS05190	1113	876.148	0	0
gene-BBC0122_RS05195	795	559.277	0	0
gene-BBC0122_RS05200	507	283.041	0	0
gene-BBC0122_RS05205	1188	951.148	10	1.91999
gene-BBC0122_RS05210	897	660.786	0	0
gene-BBC0122_RS05215	186	51.5528	0	0
gene-BBC0122_RS05220	1497	1260.15	0	0
gene-BBC0122_RS05225	900	663.72	0	0
gene-BBC0122_RS05230	870	633.915	0	0
gene-BBC0122_RS05235	3756	3519.15	3	0.155679
gene-BBC0122_RS05240	477	256.972	0	0
gene-BBC0122_RS05245	1218	981.148	0	0
gene-BBC0122_RS05250	768	532.607	0	0
gene-BBC0122_RS05255	1050	813.148	0	0
gene-BBC0122_RS05260	420	210.479	0	0
gene-BBC0122_RS05265	1290	1053.15	5	0.867016
gene-BBC0122_RS05270	1770	1533.15	0	0
gene-BBC0122_RS05275	1107	870.148	2	0.419743
gene-BBC0122_RS05280	936	699.582	0	0
gene-BBC0122_RS05285	1308	1071.15	7	1.19342
gene-BBC0122_RS05290	486	264.853	1	0.689513
gene-BBC0122_RS05295	1113	876.148	0	0
gene-BBC0122_RS05300	609	377.075	0	0
gene-BBC0122_RS05305	456	239.474	0	0
gene-BBC0122_RS05310	480	259.538	0	0
gene-BBC0122_RS05315	507	283.041	0	0
gene-BBC0122_RS05320	537	309.666	0	0
gene-BBC0122_RS05325	1059	822.148	1	0.222125
gene-BBC0122_RS05330	975	738.297	0	0
gene-BBC0122_RS05335	312	129.046	8	11.3212
gene-BBC0122_RS05340	507	283.041	0	0
gene-BBC0122_RS05350	363	166.29	2	2.19639
gene-BBC0122_RS05355	879	642.851	0	0
gene-BBC0122_RS05360	786	550.388	0	0
gene-BBC0122_RS05365	897	660.786	0	0
gene-BBC0122_RS05370	489	267.38	149	101.766
gene-BBC0122_RS05375	4728	4491.15	6	0.243972
gene-BBC0122_RS05380	1455	1218.15	0	0
gene-BBC0122_RS05390	186	51.5528	0	0
gene-BBC0122_RS05395	424	213.527	0	0
gene-BBC0122_RS05400	372	173.403	0	0
gene-BBC0122_RS05405	825	589.162	0	0
gene-BBC0122_RS05410	1008	771.148	0	0
gene-BBC0122_RS05415	210	66.0331	0	0
gene-BBC0122_RS05420	933	696.652	0	0
gene-BBC0122_RS05425	1029	792.148	8	1.84429
gene-BBC0122_RS05430	1278	1041.15	3	0.526205
gene-BBC0122_RS05435	1194	957.148	1	0.190795
gene-BBC0122_RS05440	288	114.117	0	0
gene-BBC0122_RS05445	2316	2079.15	0	0
gene-BBC0122_RS05450	780	544.553	0	0
gene-BBC0122_RS05455	1170	933.148	0	0
gene-BBC0122_RS05460	840	604.102	4	1.20919
gene-BBC0122_RS05465	966	729.297	0	0
gene-BBC0122_RS05470	558	328.755	0	0
gene-BBC0122_RS05475	5028	4791.15	0	0
gene-BBC0122_RS05480	333	144.04	0	0
gene-BBC0122_RS05485	627	394.456	0	0
gene-BBC0122_RS05490	840	604.102	0	0
gene-BBC0122_RS05495	537	309.666	0	0
gene-BBC0122_RS05500	417	208.169	0	0
gene-BBC0122_RS05505	1368	1131.15	0	0
gene-BBC0122_RS05510	741	506.126	0	0
gene-BBC0122_RS05515	627	394.456	0	0
gene-BBC0122_RS05520	1395	1158.15	0	0
gene-BBC0122_RS05525	1215	978.148	0	0
gene-BBC0122_RS05530	243	86.2978	0	0
gene-BBC0122_RS05535	1347	1110.15	0	0
gene-BBC0122_RS05540	546	317.643	0	0
gene-BBC0122_RS05545	984	747.224	0	0
gene-BBC0122_RS05550	816	580.22	0	0
gene-BBC0122_RS05555	1800	1563.15	1	0.116828
gene-BBC0122_RS05560	573	343.139	0	0
gene-BBC0122_RS05565	1077	840.148	0	0
gene-BBC0122_RS05570	1122	885.148	0	0
gene-BBC0122_RS05575	771	535.607	1	0.340958
gene-BBC0122_RS05580	1293	1056.15	13	2.24784
gene-BBC0122_RS05585	1422	1185.15	0	0
gene-BBC0122_RS05590	2241	2004.15	0	0
gene-BBC0122_RS05595	495	272.68	1	0.669721
gene-BBC0122_RS05600	315	131.376	15	20.8507
gene-BBC0122_RS05605	705	470.425	0	0
gene-BBC0122_RS05610	582	351.575	0	0
gene-BBC0122_RS05615	1389	1152.15	0	0
gene-BBC0122_RS05620	1377	1140.15	5	0.800858
gene-BBC0122_RS05625	354	159.705	0	0
gene-BBC0122_RS05630	1677	1440.15	0	0
gene-BBC0122_RS05635	1371	1134.15	0	0
gene-BBC0122_RS05640	1473	1236.15	1	0.147732
gene-BBC0122_RS05645	774	538.607	0	0
gene-BBC0122_RS05650	384	182.393	0	0
gene-BBC0122_RS05665	2766	2529.15	2	0.144412
gene-BBC0122_RS05670	1155	918.148	0	0
gene-BBC0122_RS05675	2472	2235.15	0	0
gene-BBC0122_RS05685	1128	891.148	0	0
gene-BBC0122_RS05690	222	73.7674	0	0
gene-BBC0122_RS05695	471	251.746	0	0
gene-BBC0122_RS05700	3426	3189.15	0	0
gene-BBC0122_RS05705	1254	1017.15	1	0.17954
gene-BBC0122_RS05710	1128	891.148	0	0
gene-BBC0122_RS05715	675	441.199	0	0
gene-BBC0122_RS05720	1146	909.148	0	0
gene-BBC0122_RS05725	1512	1275.15	27	3.86678
gene-BBC0122_RS05730	774	538.607	1	0.339058
gene-BBC0122_RS05735	1281	1044.15	3	0.524694
gene-BBC0122_RS05740	1242	1005.15	2	0.363368
gene-BBC0122_RS05745	405	198.514	0	0
gene-BBC0122_RS05750	1320	1083.15	0	0
gene-BBC0122_RS05755	294	117.242	0	0
gene-BBC0122_RS05760	366	168.799	0	0
gene-BBC0122_RS05765	489	267.38	0	0
gene-BBC0122_RS05770	465	246.848	3	2.21941
gene-BBC0122_RS05780	1284	1047.15	0	0
gene-BBC0122_RS05785	1782	1545.15	0	0
gene-BBC0122_RS05790	2079	1842.15	3	0.297402
gene-BBC0122_RS05795	960	723.297	0	0
gene-BBC0122_RS05800	891	654.786	0	0
gene-BBC0122_RS05805	441	227.347	0	0
gene-BBC0122_RS05810	1551	1314.15	0	0
gene-BBC0122_RS05815	729	494.327	0	0
gene-BBC0122_RS05820	654	420.762	0	0
gene-BBC0122_RS05825	861	624.978	0	0
gene-BBC0122_RS05830	630	397.376	0	0
gene-BBC0122_RS05845	366	168.799	0	0
gene-BBC0122_RS05850	582	351.575	0	0
gene-BBC0122_RS05855	612	379.885	0	0
gene-BBC0122_RS05860	1191	954.148	1	0.191395
gene-BBC0122_RS05865	660	426.634	0	0
gene-BBC0122_RS05870	1308	1071.15	3	0.511468
gene-BBC0122_RS05875	2070	1833.15	17	1.69355
gene-BBC0122_RS05880	1047	810.148	16	3.60663
gene-BBC0122_RS05885	492	269.905	9	6.08945
gene-BBC0122_RS05890	621	388.575	7	3.2898
gene-BBC0122_RS05895	309	127.008	3	4.31358
gene-BBC0122_RS05900	1965	1728.15	2	0.211347
gene-BBC0122_RS05905	1470	1233.15	3	0.444276
gene-BBC0122_RS05910	1461	1224.15	5	0.745903
gene-BBC0122_RS05915	798	562.277	0	0
gene-BBC0122_RS05920	1677	1440.15	0	0
gene-BBC0122_RS05925	1326	1089.15	0	0
gene-BBC0122_RS05930	1227	990.148	0	0
gene-BBC0122_RS05935	681	446.977	0	0
gene-BBC0122_RS05940	315	131.376	0	0
gene-BBC0122_RS05945	723	488.376	0	0
gene-BBC0122_RS05950	294	117.242	0	0
gene-BBC0122_RS05955	3504	3267.15	0	0
gene-BBC0122_RS05960	675	441.199	0	0
gene-BBC0122_RS05965	1728	1491.15	0	0
gene-BBC0122_RS05970	615	382.808	10	4.77052
gene-BBC0122_RS05975	498	275.081	0	0
gene-BBC0122_RS05985	1077	840.148	0	0
gene-BBC0122_RS05990	1164	927.148	0	0
gene-BBC0122_RS05995	654	420.762	0	0
gene-BBC0122_RS06000	1044	807.148	0	0
gene-BBC0122_RS06005	1548	1311.15	0	0
gene-BBC0122_RS06010	774	538.607	4	1.35623
gene-BBC0122_RS06015	813	577.22	1	0.316377
gene-BBC0122_RS06020	801	565.277	0	0
gene-BBC0122_RS06025	1011	774.148	0	0
gene-BBC0122_RS06030	1056	819.148	0	0
gene-BBC0122_RS06035	963	726.297	0	0
gene-BBC0122_RS06040	2118	1881.15	0	0
gene-BBC0122_RS06045	633	400.256	0	0
gene-BBC0122_RS06050	720	485.425	0	0
gene-BBC0122_RS06055	1314	1077.15	0	0
gene-BBC0122_RS06060	747	511.974	0	0
gene-BBC0122_RS06065	609	377.075	0	0
gene-BBC0122_RS06070	708	473.425	0	0
gene-BBC0122_RS06075	471	251.746	0	0
gene-BBC0122_RS06080	2250	2013.15	0	0
gene-BBC0122_RS06085	1278	1041.15	1	0.175402
gene-BBC0122_RS06090	1791	1554.15	6	0.705026
gene-BBC0122_RS06095	1152	915.148	2	0.399103
gene-BBC0122_RS06100	966	729.297	0	0
gene-BBC0122_RS06105	1515	1278.15	0	0
gene-BBC0122_RS06110	2220	1983.15	0	0
gene-BBC0122_RS06115	270	103.079	0	0
gene-BBC0122_RS06120	1239	1002.15	0	0
gene-BBC0122_RS06125	795	559.277	0	0
gene-BBC0122_RS06130	1161	924.148	0	0
gene-BBC0122_RS06135	1179	942.148	0	0
gene-BBC0122_RS06140	1032	795.148	0	0
gene-BBC0122_RS06145	1170	933.148	0	0
gene-BBC0122_RS06150	3489	3252.15	0	0
gene-BBC0122_RS06160	2109	1872.15	0	0
gene-BBC0122_RS06165	915	678.72	0	0
gene-BBC0122_RS06170	1824	1587.15	0	0
gene-BBC0122_RS06175	1353	1116.15	0	0
gene-BBC0122_RS06180	789	553.388	0	0
gene-BBC0122_RS06185	2625	2388.15	0	0
gene-BBC0122_RS06190	1410	1173.15	0	0
gene-BBC0122_RS06195	198	58.6161	0	0
gene-BBC0122_RS06200	2046	1809.15	0	0
gene-BBC0122_RS06210	1035	798.148	0	0
gene-BBC0122_RS06215	1623	1386.15	0	0
gene-BBC0122_RS06220	666	432.418	0	0
gene-BBC0122_RS06225	2505	2268.15	0	0
gene-BBC0122_RS06235	1149	912.148	0	0
gene-BBC0122_RS06240	1185	948.148	0	0
gene-BBC0122_RS06245	3963	3726.15	0	0
gene-BBC0122_RS06250	1074	837.148	0	0
gene-BBC0122_RS06260	453	236.93	0	0
gene-BBC0122_RS06265	621	388.575	0	0
gene-BBC0122_RS06270	438	224.858	0	0
gene-BBC0122_RS06275	387	184.806	0	0
gene-BBC0122_RS06280	1980	1743.15	0	0
gene-BBC0122_RS06285	786	550.388	0	0
gene-BBC0122_RS06290	327	139.697	0	0
gene-BBC0122_RS06295	1203	966.148	0	0
gene-BBC0122_RS06300	1758	1521.15	0	0
gene-BBC0122_RS06305	3078	2841.15	0	0
gene-BBC0122_RS06310	1110	873.148	2	0.418301
gene-BBC0122_RS06315	990	753.224	0	0
gene-BBC0122_RS06320	1317	1080.15	0	0
gene-BBC0122_RS06325	1194	957.148	1	0.190795
gene-BBC0122_RS06330	348	155.386	0	0
gene-BBC0122_RS06335	993	756.224	0	0
gene-BBC0122_RS06355	306	124.664	0	0
gene-BBC0122_RS06365	636	403.175	0	0
gene-BBC0122_RS06370	696	461.658	0	0
gene-BBC0122_RS06375	1227	990.148	0	0
gene-BBC0122_RS06380	1074	837.148	0	0
gene-BBC0122_RS06385	723	488.376	0	0
gene-BBC0122_RS06390	1209	972.148	0	0
gene-BBC0122_RS06395	1113	876.148	0	0
gene-BBC0122_RS06400	2565	2328.15	0	0
gene-BBC0122_RS12780	282	110.248	2	3.31288
gene-BBC0122_RS06415	417	208.169	10	8.77263
gene-BBC0122_RS06420	504	280.361	0	0
gene-BBC0122_RS06425	1437	1200.15	0	0
gene-BBC0122_RS06430	1035	798.148	0	0
gene-BBC0122_RS06435	534	307.013	0	0
gene-BBC0122_RS06440	537	309.666	0	0
gene-BBC0122_RS06445	669	435.331	0	0
gene-BBC0122_RS06450	1302	1065.15	0	0
gene-BBC0122_RS06455	549	320.48	0	0
gene-BBC0122_RS06460	321	135.439	0	0
gene-BBC0122_RS06465	765	529.66	1	0.344786
gene-BBC0122_RS06470	240	84.4063	0	0
gene-BBC0122_RS06475	669	435.331	0	0
gene-BBC0122_RS06480	402	196.065	0	0
gene-BBC0122_RS06485	2208	1971.15	0	0
gene-BBC0122_RS06490	246	88.3653	1	2.06664
gene-BBC0122_RS06495	333	144.04	0	0
gene-BBC0122_RS06500	1281	1044.15	0	0
gene-BBC0122_RS06505	834	598.102	0	0
gene-BBC0122_RS06510	618	385.73	5	2.36719
gene-BBC0122_RS06515	804	568.277	0	0
gene-BBC0122_RS06520	831	595.102	0	0
gene-BBC0122_RS06525	831	595.102	0	0
gene-BBC0122_RS06530	774	538.607	0	0
gene-BBC0122_RS06535	213	67.9168	1	2.68887
gene-BBC0122_RS06540	810	574.277	0	0
gene-BBC0122_RS06545	774	538.607	1	0.339058
gene-BBC0122_RS06550	480	259.538	0	0
gene-BBC0122_RS06555	579	348.788	2	1.04716
gene-BBC0122_RS06560	441	227.347	0	0
gene-BBC0122_RS06565	1134	897.148	0	0
gene-BBC0122_RS06570	1077	840.148	0	0
gene-BBC0122_RS06575	1059	822.148	0	0
gene-BBC0122_RS06580	783	547.388	0	0
gene-BBC0122_RS06585	711	476.425	0	0
gene-BBC0122_RS06590	1482	1245.15	2	0.293329
gene-BBC0122_RS06595	288	114.117	1	1.60028
gene-BBC0122_RS06600	705	470.425	0	0
gene-BBC0122_RS06605	480	259.538	0	0
gene-BBC0122_RS06610	1629	1392.15	0	0
gene-BBC0122_RS06615	963	726.297	0	0
gene-BBC0122_RS06620	1296	1059.15	1	0.172421
gene-BBC0122_RS06625	639	406.134	0	0
gene-BBC0122_RS06630	1176	939.148	0	0
gene-BBC0122_RS06635	2646	2409.15	0	0
gene-BBC0122_RS06640	2265	2028.15	0	0
gene-BBC0122_RS06645	1173	936.148	0	0
gene-BBC0122_RS06650	168	42.0811	3	13.0191
gene-BBC0122_RS06655	2010	1773.15	0	0
gene-BBC0122_RS06660	615	382.808	0	0
gene-BBC0122_RS06665	528	301.637	5	3.02713
gene-BBC0122_RS06670	624	391.496	0	0
gene-BBC0122_RS06675	537	309.666	0	0
gene-BBC0122_RS06685	204	62.0897	0	0
gene-BBC0122_RS06690	651	417.762	0	0
gene-BBC0122_RS06695	486	264.853	4	2.75805
gene-BBC0122_RS06700	822	586.162	0	0
gene-BBC0122_RS06705	1011	774.148	0	0
gene-BBC0122_RS06710	750	514.922	0	0
gene-BBC0122_RS06715	693	458.704	0	0
gene-BBC0122_RS06720	984	747.224	0	0
gene-BBC0122_RS06725	1146	909.148	0	0
gene-BBC0122_RS06730	1416	1179.15	0	0
gene-BBC0122_RS06735	855	619.102	0	0
gene-BBC0122_RS06740	477	256.972	1	0.710659
gene-BBC0122_RS06745	1356	1119.15	2	0.326354
gene-BBC0122_RS06750	606	374.341	2	0.975684
gene-BBC0122_RS06760	1005	768.148	0	0
gene-BBC0122_RS06765	618	385.73	0	0
gene-BBC0122_RS06770	1329	1092.15	0	0
gene-BBC0122_RS06775	552	323.12	0	0
gene-BBC0122_RS06780	1404	1167.15	0	0
gene-BBC0122_RS06785	1434	1197.15	0	0
gene-BBC0122_RS06790	960	723.297	0	0
gene-BBC0122_RS06795	1218	981.148	0	0
gene-BBC0122_RS06800	342	150.555	0	0
gene-BBC0122_RS06805	780	544.553	0	0
gene-BBC0122_RS06810	825	589.162	0	0
gene-BBC0122_RS06815	1278	1041.15	0	0
gene-BBC0122_RS06820	1311	1074.15	0	0
gene-BBC0122_RS06825	843	607.102	0	0
gene-BBC0122_RS06830	753	517.871	0	0
gene-BBC0122_RS06835	717	482.425	0	0
gene-BBC0122_RS06840	480	259.538	2	1.40727
gene-BBC0122_RS06845	645	411.887	0	0
gene-BBC0122_RS06850	651	417.762	0	0
gene-BBC0122_RS06855	351	157.502	0	0
gene-BBC0122_RS06860	1212	975.148	15	2.8091
gene-BBC0122_RS06865	1458	1221.15	0	0
gene-BBC0122_RS06870	978	741.224	0	0
gene-BBC0122_RS06875	1224	987.148	0	0
gene-BBC0122_RS06880	1299	1062.15	0	0
gene-BBC0122_RS06885	822	586.162	2	0.623102
gene-BBC0122_RS06890	1104	867.148	7	1.47418
gene-BBC0122_RS06895	786	550.388	0	0
gene-BBC0122_RS06900	768	532.607	0	0
gene-BBC0122_RS06905	387	184.806	1	0.988166
gene-BBC0122_RS06910	438	224.858	1	0.812155
gene-BBC0122_RS06915	789	553.388	1	0.330002
gene-BBC0122_RS06920	429	217.564	0	0
gene-BBC0122_RS06925	627	394.456	4	1.85186
gene-BBC0122_RS06930	3750	3513.15	3	0.155945
gene-BBC0122_RS06935	1068	831.148	4	0.878877
gene-BBC0122_RS06940	513	288.215	1	0.63362
gene-BBC0122_RS06945	1440	1203.15	3	0.455354
gene-BBC0122_RS06955	987	750.224	29	7.05917
gene-BBC0122_RS06960	1128	891.148	1	0.204926
gene-BBC0122_RS06965	1077	840.148	0	0
gene-BBC0122_RS06975	513	288.215	6	3.80172
gene-BBC0122_RS06980	558	328.755	0	0
gene-BBC0122_RS06985	495	272.68	0	0
gene-BBC0122_RS06990	2876	2639.15	5	0.345981
gene-BBC0122_RS06995	633	400.256	0	0
gene-BBC0122_RS07000	498	275.081	3	1.99162
gene-BBC0122_RS07005	2919	2682.15	10	0.680869
gene-BBC0122_RS07010	1242	1005.15	4	0.726736
gene-BBC0122_RS07015	1545	1308.15	0	0
gene-BBC0122_RS07020	330	141.889	0	0
gene-BBC0122_RS07025	1410	1173.15	0	0
gene-BBC0122_RS07030	546	317.643	0	0
gene-BBC0122_RS07040	429	217.564	0	0
gene-BBC0122_RS07045	789	553.388	0	0
gene-BBC0122_RS07050	678	444.021	0	0
gene-BBC0122_RS07055	984	747.224	0	0
gene-BBC0122_RS07060	1818	1581.15	1	0.115498
gene-BBC0122_RS07065	2667	2430.15	1	0.0751474
gene-BBC0122_RS07070	180	48.1736	0	0
gene-BBC0122_RS07075	1083	846.148	9	1.94242
gene-BBC0122_RS07080	672	438.199	3	1.25025
gene-BBC0122_RS07085	1281	1044.15	0	0
gene-BBC0122_RS07090	1395	1158.15	0	0
gene-BBC0122_RS07095	426	215.129	0	0
gene-BBC0122_RS07100	1014	777.148	4	0.939946
gene-BBC0122_RS07105	390	187.171	5	4.87839
gene-BBC0122_RS07110	369	170.944	7	7.47807
gene-BBC0122_RS07115	579	348.788	0	0
gene-BBC0122_RS07120	1347	1110.15	2	0.329
gene-BBC0122_RS07125	468	249.142	2	1.46599
gene-BBC0122_RS07130	207	64.019	0	0
gene-BBC0122_RS07135	561	331.688	0	0
gene-BBC0122_RS07140	363	166.29	0	0
gene-BBC0122_RS07145	534	307.013	3	1.78448
gene-BBC0122_RS07150	399	193.785	3	2.82714
gene-BBC0122_RS07155	306	124.664	0	0
gene-BBC0122_RS07160	558	328.755	4	2.22195
gene-BBC0122_RS07165	315	131.376	2	2.78009
gene-BBC0122_RS07170	369	170.944	18	19.2293
gene-BBC0122_RS07175	240	84.4063	2	4.32715
gene-BBC0122_RS07180	201	60.3796	20	60.4903
gene-BBC0122_RS07185	414	205.808	6	5.32396
gene-BBC0122_RS07190	711	476.425	4	1.53325
gene-BBC0122_RS07195	390	187.171	3	2.92704
gene-BBC0122_RS07200	279	108.464	16	26.939
gene-BBC0122_RS07205	834	598.102	6	1.83199
gene-BBC0122_RS07210	294	117.242	5	7.78816
gene-BBC0122_RS07215	621	388.575	0	0
gene-BBC0122_RS07220	738	503.227	2	0.725792
gene-BBC0122_RS07225	309	127.008	7	10.065
gene-BBC0122_RS07230	1176	939.148	22.8	4.43351
gene-BBC0122_RS07235	2085	1848.15	4	0.395248
gene-BBC0122_RS07240	471	251.746	2	1.45082
gene-BBC0122_RS07245	372	173.403	12	12.6378
gene-BBC0122_RS07250	777	541.553	0	0
gene-BBC0122_RS07255	906	669.72	9	2.45412
gene-BBC0122_RS07260	753	517.871	0	0
gene-BBC0122_RS07265	714	479.425	1	0.380913
gene-BBC0122_RS07270	735	500.227	1	0.365072
gene-BBC0122_RS07275	795	559.277	11	3.5918
gene-BBC0122_RS07280	249	89.949	0	0
gene-BBC0122_RS07285	2724	2487.15	4	0.293701
gene-BBC0122_RS07295	771	535.607	0	0
gene-BBC0122_RS07300	774	538.607	0	0
gene-BBC0122_RS07305	1356	1119.15	0	0
gene-BBC0122_RS07310	675	441.199	0	0
gene-BBC0122_RS07325	693	458.704	0	0
gene-BBC0122_RS07330	2475	2238.15	68	5.54838
gene-BBC0122_RS07335	1104	867.148	12	2.52717
gene-BBC0122_RS07340	1038	801.148	0	0
gene-BBC0122_RS07345	2448	2211.15	35	2.89066
gene-BBC0122_RS12785	96	19.7281	0	0
gene-BBC0122_RS07350	936	699.582	4	1.04416
gene-BBC0122_RS07355	759	523.871	8	2.78877
gene-BBC0122_RS07360	303	122.716	0	0
gene-BBC0122_RS07365	1095	858.148	0	0
gene-BBC0122_RS07370	921	684.652	1	0.266733
gene-BBC0122_RS07375	798	562.277	1	0.324785
gene-BBC0122_RS07380	396	191.63	3	2.85894
gene-BBC0122_RS07385	720	485.425	4	1.50482
gene-BBC0122_RS07390	627	394.456	6	2.77779
gene-BBC0122_RS07395	798	562.277	0	0
gene-BBC0122_RS07400	834	598.102	0	0
gene-BBC0122_RS07405	1038	801.148	0	0
gene-BBC0122_RS07410	1758	1521.15	0	0
gene-BBC0122_RS07415	1734	1497.15	0	0
gene-BBC0122_RS07420	693	458.704	0	0
gene-BBC0122_RS07425	1404	1167.15	0	0
gene-BBC0122_RS07430	1083	846.148	1	0.215824
gene-BBC0122_RS07435	1173	936.148	4	0.780301
gene-BBC0122_RS07440	1176	939.148	3	0.583356
gene-BBC0122_RS07445	864	627.915	1	0.290834
gene-BBC0122_RS07450	990	753.224	2	0.4849
gene-BBC0122_RS07455	750	514.922	1	0.354654
gene-BBC0122_RS07460	717	482.425	0	0
gene-BBC0122_RS07465	522	296.313	2	1.23261
gene-BBC0122_RS07470	861	624.978	0	0
gene-BBC0122_RS07475	1473	1236.15	0	0
gene-BBC0122_RS07485	531	304.451	0	0
gene-BBC0122_RS07490	1269	1032.15	6	1.06159
gene-BBC0122_RS07500	267	101.144	0	0
gene-BBC0122_RS07505	2382	2145.15	0	0
gene-BBC0122_RS07515	2550	2313.15	2	0.157897
gene-BBC0122_RS07520	1773	1536.15	1	0.118881
gene-BBC0122_RS07525	966	729.297	0	0
gene-BBC0122_RS07530	816	580.22	0	0
gene-BBC0122_RS12790	261	97.1757	0	0
gene-BBC0122_RS07535	573	343.139	0	0
gene-BBC0122_RS07540	1563	1326.15	1	0.137707
gene-BBC0122_RS07550	201	60.3796	0	0
gene-BBC0122_RS07560	1278	1041.15	0	0
gene-BBC0122_RS12795	747	511.974	0	0
gene-BBC0122_RS07565	1758	1521.15	0	0
gene-BBC0122_RS07570	621	388.575	0	0
gene-BBC0122_RS07575	186	51.5528	0	0
gene-BBC0122_RS07580	642	409.052	9	4.018
gene-BBC0122_RS07585	351	157.502	0	0
gene-BBC0122_RS07590	1311	1074.15	0	0
gene-BBC0122_RS07595	441	227.347	0	0
gene-BBC0122_RS07600	795	559.277	0	0
gene-BBC0122_RS07605	2025	1788.15	0	0
gene-BBC0122_RS07610	849	613.102	0	0
gene-BBC0122_RS07615	1005	768.148	0	0
gene-BBC0122_RS07620	285	112.337	0	0
gene-BBC0122_RS07625	771	535.607	0	0
gene-BBC0122_RS07630	522	296.313	0	0
gene-BBC0122_RS07635	1080	843.148	0	0
gene-BBC0122_RS07640	765	529.66	0	0
gene-BBC0122_RS07645	609	377.075	0	0
gene-BBC0122_RS07650	1347	1110.15	0	0
gene-BBC0122_RS07655	1452	1215.15	3	0.450857
gene-BBC0122_RS07660	1698	1461.15	0	0
gene-BBC0122_RS07665	1725	1488.15	4	0.490863
gene-BBC0122_RS07670	2136	1899.15	1	0.0961585
gene-BBC0122_RS07675	813	577.22	8	2.53102
gene-BBC0122_RS07680	444	229.732	0	0
gene-BBC0122_RS07690	2340	2103.15	0	0
gene-BBC0122_RS07700	915	678.72	0	0
gene-BBC0122_RS07705	495	272.68	0	0
gene-BBC0122_RS07710	354	159.705	0	0
gene-BBC0122_RS07715	1020	783.148	0	0
gene-BBC0122_RS07720	672	438.199	0	0
gene-BBC0122_RS07725	1926	1689.15	0	0
gene-BBC0122_RS07730	738	503.227	0	0
gene-BBC0122_RS07735	399	193.785	0	0
gene-BBC0122_RS07740	1344	1107.15	0	0
gene-BBC0122_RS07750	306	124.664	0	0
gene-BBC0122_RS07760	582	351.575	0	0
gene-BBC0122_RS07765	192	55.1582	0	0
gene-BBC0122_RS07770	267	101.144	0	0
gene-BBC0122_RS07775	1107	870.148	0	0
gene-BBC0122_RS07780	2469	2232.15	0	0
gene-BBC0122_RS07785	1716	1479.15	9	1.11116
gene-BBC0122_RS07790	564	334.587	0	0
gene-BBC0122_RS07800	642	409.052	2	0.892889
gene-BBC0122_RS07805	606	374.341	3	1.46353
gene-BBC0122_RS07810	870	633.915	5	1.44041
gene-BBC0122_RS07815	1827	1590.15	4	0.459377
gene-BBC0122_RS07820	930	693.652	0	0
gene-BBC0122_RS07825	2160	1923.15	1	0.0949585
gene-BBC0122_RS07830	1668	1431.15	0	0
gene-BBC0122_RS07835	894	657.786	5	1.38813
gene-BBC0122_RS07840	915	678.72	0	0
gene-BBC0122_RS07850	1779	1542.15	1	0.118419
gene-BBC0122_RS07855	1299	1062.15	10	1.71934
gene-BBC0122_RS07860	861	624.978	1	0.292201
gene-BBC0122_RS07865	921	684.652	1	0.266733
gene-BBC0122_RS07875	963	726.297	1	0.251439
gene-BBC0122_RS07880	1410	1173.15	4	0.622664
gene-BBC0122_RS07885	1125	888.148	1	0.205618
gene-BBC0122_RS07890	1146	909.148	1	0.200869
gene-BBC0122_RS07895	1392	1155.15	1	0.158092
gene-BBC0122_RS07900	1071	834.148	2	0.437858
gene-BBC0122_RS07905	1419	1182.15	0	0
gene-BBC0122_RS07910	1452	1215.15	1	0.150286
gene-BBC0122_RS07915	1752	1515.15	0	0
gene-BBC0122_RS07920	408	201.092	0	0
gene-BBC0122_RS07925	1002	765.148	0	0
gene-BBC0122_RS07930	1314	1077.15	3	0.508619
gene-BBC0122_RS07945	768	532.607	0	0
gene-BBC0122_RS07950	714	479.425	1	0.380913
gene-BBC0122_RS07955	351	157.502	0	0
gene-BBC0122_RS07960	792	556.333	0	0
gene-BBC0122_RS07965	1281	1044.15	1	0.174898
gene-BBC0122_RS07985	912	675.72	0	0
gene-BBC0122_RS07990	981	744.224	0	0
gene-BBC0122_RS08000	306	124.664	0	0
gene-BBC0122_RS08010	705	470.425	0	0
gene-BBC0122_RS08015	765	529.66	0	0
gene-BBC0122_RS08020	1650	1413.15	2	0.258457
gene-BBC0122_RS08025	588	357.074	0	0
gene-BBC0122_RS08030	342	150.555	0	0
gene-BBC0122_RS08035	612	379.885	0	0
gene-BBC0122_RS08040	1299	1062.15	0	0
gene-BBC0122_RS08045	1518	1281.15	0	0
gene-BBC0122_RS08050	330	141.889	2	2.57412
gene-BBC0122_RS08055	732	497.278	4	1.46895
gene-BBC0122_RS08065	621	388.575	0	0
gene-BBC0122_RS08070	1452	1215.15	0	0
gene-BBC0122_RS08075	717	482.425	0	0
gene-BBC0122_RS08080	1059	822.148	2	0.444249
gene-BBC0122_RS08090	624	391.496	1	0.466465
gene-BBC0122_RS08095	7671	7434.15	0	0
gene-BBC0122_RS08100	1596	1359.15	0	0
gene-BBC0122_RS08105	9981	9744.15	0	0
gene-BBC0122_RS08110	303	122.716	0	0
gene-BBC0122_RS08115	963	726.297	0	0
gene-BBC0122_RS08120	297	119.014	28	42.9643
gene-BBC0122_RS08125	552	323.12	0	0
gene-BBC0122_RS08130	681	446.977	0	0
gene-BBC0122_RS08135	576	345.999	0	0
gene-BBC0122_RS08145	1623	1386.15	1	0.131746
gene-BBC0122_RS08150	858	622.04	0	0
gene-BBC0122_RS08155	942	705.582	0	0
gene-BBC0122_RS08160	1629	1392.15	1	0.131178
gene-BBC0122_RS08170	1020	783.148	0	0
gene-BBC0122_RS08180	774	538.607	0	0
gene-BBC0122_RS08195	1323	1086.15	1	0.168135
gene-BBC0122_RS08205	1155	918.148	3	0.596699
gene-BBC0122_RS08210	1443	1206.15	0	0
gene-BBC0122_RS08215	198	58.6161	0	0
gene-BBC0122_RS08225	735	500.227	9	3.28565
gene-BBC0122_RS08230	453	236.93	0	0
gene-BBC0122_RS08235	291	115.736	2	3.15579
gene-BBC0122_RS08240	2025	1788.15	9	0.919148
gene-BBC0122_RS08245	1929	1692.15	1	0.107922
gene-BBC0122_RS08250	252	91.7168	0	0
gene-BBC0122_RS08255	453	236.93	1	0.770772
gene-BBC0122_RS08265	1197	960.148	14	2.66279
gene-BBC0122_RS08275	1272	1035.15	0	0
gene-BBC0122_RS08285	897	660.786	0	0
gene-BBC0122_RS08290	3486	3249.15	5	0.281026
gene-BBC0122_RS08300	534	307.013	0	0
gene-BBC0122_RS08305	324	137.442	1	1.3287
gene-BBC0122_RS08310	852	616.102	1	0.29641
gene-BBC0122_RS08315	1377	1140.15	0	0
gene-BBC0122_RS08320	1953	1716.15	0	0
gene-BBC0122_RS08325	210	66.0331	0	0
gene-BBC0122_RS08335	1038	801.148	0	0
gene-BBC0122_RS08340	996	759.148	0	0
gene-BBC0122_RS08345	774	538.607	0	0
gene-BBC0122_RS08350	438	224.858	0	0
gene-BBC0122_RS08355	1203	966.148	14	2.64625
gene-BBC0122_RS08375	906	669.72	2	0.54536
gene-BBC0122_RS08380	975	738.297	9	2.22617
gene-BBC0122_RS08385	1389	1152.15	0	0
gene-BBC0122_RS08390	471	251.746	0	0
gene-BBC0122_RS12800	414	205.808	0	0
gene-BBC0122_RS08400	795	559.277	0	0
gene-BBC0122_RS12805	312	129.046	0	0
gene-BBC0122_RS08410	1053	816.148	4	0.89503
gene-BBC0122_RS08415	474	254.347	15	10.7699
gene-BBC0122_RS08420	273	105.037	4	6.95449
gene-BBC0122_RS12810	189	53.2657	0	0
gene-BBC0122_RS08435	2748	2511.15	28	2.03626
gene-BBC0122_RS08440	216	69.8915	0	0
gene-BBC0122_RS08445	474	254.347	9	6.46192
gene-BBC0122_RS12815	210	66.0331	0	0
gene-BBC0122_RS12820	210	66.0331	0	0
gene-BBC0122_RS12825	210	66.0331	0	0
gene-BBC0122_RS08460	645	411.887	0	0
gene-BBC0122_RS08470	705	470.425	0	0
gene-BBC0122_RS08475	1341	1104.15	0	0
gene-BBC0122_RS08480	198	58.6161	0	0
gene-BBC0122_RS08485	339	148.373	0	0
gene-BBC0122_RS08490	501	277.795	2	1.31478
gene-BBC0122_RS08495	300	120.861	1	1.51099
gene-BBC0122_RS08500	891	654.786	0	0
gene-BBC0122_RS08505	1104	867.148	0	0
gene-BBC0122_RS08510	786	550.388	0	0
gene-BBC0122_RS12830	216	69.8915	0	0
gene-BBC0122_RS08515	933	696.652	0	0
gene-BBC0122_RS08520	1530	1293.15	1	0.141221
gene-BBC0122_RS08525	660	426.634	7	2.99632
gene-BBC0122_RS08530	711	476.425	1	0.383312
gene-BBC0122_RS08535	669	435.331	2	0.83899
gene-BBC0122_RS08540	1104	867.148	1	0.210598
gene-BBC0122_RS08545	441	227.347	1	0.803264
gene-BBC0122_RS08550	549	320.48	1	0.56983
gene-BBC0122_RS08555	819	583.162	2	0.626307
gene-BBC0122_RS08560	1275	1038.15	0	0
gene-BBC0122_RS08565	552	323.12	0	0
gene-BBC0122_RS08570	1839	1602.15	4	0.455936
gene-BBC0122_RS08575	456	239.474	0	0
gene-BBC0122_RS08580	915	678.72	1	0.269064
gene-BBC0122_RS08585	1305	1068.15	5	0.85484
gene-BBC0122_RS08590	654	420.762	0	0
gene-BBC0122_RS08595	990	753.224	3	0.727351
gene-BBC0122_RS08600	906	669.72	0	0
gene-BBC0122_RS08605	2835	2598.15	0	0
gene-BBC0122_RS08610	2127	1890.15	2	0.193233
gene-BBC0122_RS08615	468	249.142	0	0
gene-BBC0122_RS08620	720	485.425	15	5.64307
gene-BBC0122_RS08625	906	669.72	0	0
gene-BBC0122_RS12835	339	148.373	0	0
gene-BBC0122_RS08635	1698	1461.15	1	0.124983
gene-BBC0122_RS08640	576	345.999	0	0
gene-BBC0122_RS08645	912	675.72	0	0
gene-BBC0122_RS08650	2181	1944.15	0	0
gene-BBC0122_RS08655	1074	837.148	0	0
gene-BBC0122_RS08660	1818	1581.15	0	0
gene-BBC0122_RS08665	1041	804.148	0	0
gene-BBC0122_RS08670	816	580.22	0	0
gene-BBC0122_RS12840	216	69.8915	0	0
gene-BBC0122_RS08675	1197	960.148	0	0
gene-BBC0122_RS08680	276	106.499	1	1.71475
gene-BBC0122_RS08690	387	184.806	0	0
gene-BBC0122_RS08695	702	467.519	8	3.12491
gene-BBC0122_RS08700	645	411.887	0	0
gene-BBC0122_RS08710	594	362.675	1	0.503535
gene-BBC0122_RS08715	729	494.327	0	0
gene-BBC0122_RS08720	591	359.748	0	0
gene-BBC0122_RS08725	1323	1086.15	0	0
gene-BBC0122_RS08730	1119	882.148	9	1.86315
gene-BBC0122_RS08735	1008	771.148	2	0.47363
gene-BBC0122_RS08745	642	409.052	0	0
gene-BBC0122_RS08750	1674	1437.15	2	0.254141
gene-BBC0122_RS08755	3186	2949.15	8	0.495382
gene-BBC0122_RS08760	1365	1128.15	6	0.971251
gene-BBC0122_RS08765	633	400.256	2	0.912512
gene-BBC0122_RS08770	1650	1413.15	21	2.7138
gene-BBC0122_RS08775	675	441.199	0	0
gene-BBC0122_RS08780	3261	3024.15	3	0.181161
gene-BBC0122_RS08785	1305	1068.15	1	0.170968
gene-BBC0122_RS08790	1524	1287.15	0	0
gene-BBC0122_RS08805	432	220.183	3	2.48819
gene-BBC0122_RS08810	444	229.732	0	0
gene-BBC0122_RS08815	1494	1257.15	1	0.145265
gene-BBC0122_RS08820	864	627.915	1	0.290834
gene-BBC0122_RS08825	810	574.277	1	0.317998
gene-BBC0122_RS08830	1293	1056.15	0	0
gene-BBC0122_RS08835	447	232.186	0	0
gene-BBC0122_RS08840	528	301.637	1	0.605426
gene-BBC0122_RS08845	603	371.341	0	0
gene-BBC0122_RS08850	921	684.652	0	0
gene-BBC0122_RS08855	270	103.079	0	0
gene-BBC0122_RS08860	1443	1206.15	5	0.757035
gene-BBC0122_RS08865	1308	1071.15	1	0.170489
gene-BBC0122_RS08870	774	538.607	3	1.01718
gene-BBC0122_RS08875	837	601.102	0	0
gene-BBC0122_RS08880	948	711.441	0	0
gene-BBC0122_RS08885	822	586.162	1	0.311551
gene-BBC0122_RS08890	261	97.1757	0	0
gene-BBC0122_RS08895	261	97.1757	0	0
gene-BBC0122_RS08900	312	129.046	0	0
gene-BBC0122_RS08905	1035	798.148	4	0.915215
gene-BBC0122_RS08910	573	343.139	0	0
gene-BBC0122_RS08915	237	82.3177	0	0
gene-BBC0122_RS08920	1212	975.148	0	0
gene-BBC0122_RS08925	1377	1140.15	4	0.640686
gene-BBC0122_RS08930	1392	1155.15	0	0
gene-BBC0122_RS08935	453	236.93	0	0
gene-BBC0122_RS08940	195	56.8308	0	0
gene-BBC0122_RS08945	645	411.887	6	2.66023
gene-BBC0122_RS08950	270	103.079	18	31.8894
gene-BBC0122_RS08955	486	264.853	21	14.4798
gene-BBC0122_RS08970	399	193.785	0	0
gene-BBC0122_RS12845	321	135.439	0	0
gene-BBC0122_RS08980	225	75.4231	1	2.42126
gene-BBC0122_RS08985	306	124.664	0	0
gene-BBC0122_RS08990	720	485.425	0	0
gene-BBC0122_RS08995	3279	3042.15	16	0.960475
gene-BBC0122_RS09000	1470	1233.15	3	0.444276
gene-BBC0122_RS09005	1239	1002.15	0	0
gene-BBC0122_RS09010	777	541.553	0	0
gene-BBC0122_RS09015	957	720.37	0	0
gene-BBC0122_RS09020	1089	852.148	0	0
gene-BBC0122_RS09025	2277	2040.15	0	0
gene-BBC0122_RS09030	954	717.37	0	0
gene-BBC0122_RS09035	1761	1524.15	1	0.119817
gene-BBC0122_RS09040	933	696.652	0	0
gene-BBC0122_RS09045	2502	2265.15	4	0.322485
gene-BBC0122_RS09050	1017	780.148	0	0
gene-BBC0122_RS09055	867	630.915	16	4.63122
gene-BBC0122_RS09060	1050	813.148	1	0.224583
gene-BBC0122_RS09065	399	193.785	2	1.88476
gene-BBC0122_RS09070	2013	1776.15	0	0
gene-BBC0122_RS09075	1776	1539.15	6	0.711897
gene-BBC0122_RS09080	930	693.652	18	4.7389
gene-BBC0122_RS09085	957	720.37	0	0
gene-BBC0122_RS12850	864	627.915	0	0
gene-BBC0122_RS09095	759	523.871	0	0
gene-BBC0122_RS09100	1365	1128.15	0	0
gene-BBC0122_RS09105	1641	1404.15	3	0.390171
gene-BBC0122_RS09110	720	485.425	8	3.00964
gene-BBC0122_RS09115	342	150.555	0	0
gene-BBC0122_RS09120	249	89.949	0	0
gene-BBC0122_RS09125	609	377.075	0	0
gene-BBC0122_RS09130	507	283.041	0	0
gene-BBC0122_RS09135	561	331.688	0	0
gene-BBC0122_RS09140	780	544.553	3	1.00607
gene-BBC0122_RS09145	486	264.853	0	0
gene-BBC0122_RS09150	294	117.242	0	0
gene-BBC0122_RS09160	1008	771.148	0	0
gene-BBC0122_RS12855	615	382.808	0	0
gene-BBC0122_RS09175	582	351.575	0	0
gene-BBC0122_RS09180	1611	1374.15	0	0
gene-BBC0122_RS09185	858	622.04	0	0
gene-BBC0122_RS09190	753	517.871	0	0
gene-BBC0122_RS09195	831	595.102	1	0.30687
gene-BBC0122_RS09200	474	254.347	0	0
gene-BBC0122_RS09205	396	191.63	0	0
gene-BBC0122_RS09210	1326	1089.15	3	0.503015
gene-BBC0122_RS12860	297	119.014	0	0
gene-BBC0122_RS09220	2097	1860.15	1	0.0981746
gene-BBC0122_RS09225	999	762.148	3	0.718834
gene-BBC0122_RS09230	1119	882.148	2	0.414033
gene-BBC0122_RS09235	378	177.878	1	1.02665
gene-BBC0122_RS09240	612	379.885	1	0.480723
gene-BBC0122_RS09245	1467	1230.15	2	0.296906
gene-BBC0122_RS09250	444	229.732	2	1.58985
gene-BBC0122_RS09255	1050	813.148	3	0.673749
gene-BBC0122_RS09260	357	161.939	0	0
gene-BBC0122_RS09265	555	325.955	0	0
gene-BBC0122_RS09270	396	191.63	0	0
gene-BBC0122_RS09275	942	705.582	1	0.258821
gene-BBC0122_RS09280	1053	816.148	0	0
gene-BBC0122_RS09285	618	385.73	0	0
gene-BBC0122_RS09290	294	117.242	0	0
gene-BBC0122_RS09295	1041	804.148	0	0
gene-BBC0122_RS09300	1509	1272.15	0	0
gene-BBC0122_RS09305	915	678.72	0	0
gene-BBC0122_RS09310	666	432.418	0	0
gene-BBC0122_RS09315	267	101.144	0	0
gene-BBC0122_RS09320	345	153.15	0	0
gene-BBC0122_RS09330	198	58.6161	0	0
gene-BBC0122_RS09335	210	66.0331	0	0
gene-BBC0122_RS09345	2262	2025.15	0	0
gene-BBC0122_RS09350	285	112.337	0	0
gene-BBC0122_RS09360	336	146.093	0	0
gene-BBC0122_RS09365	765	529.66	5	1.72393
gene-BBC0122_RS09370	765	529.66	2	0.689572
gene-BBC0122_RS09375	3804	3567.15	6	0.307168
gene-BBC0122_RS09380	246	88.3653	1	2.06664
gene-BBC0122_RS09385	378	177.878	0	0
gene-BBC0122_RS09390	888	651.786	2	0.560365
gene-BBC0122_RS09395	1491	1254.15	0	0
gene-BBC0122_RS09400	696	461.658	1	0.395572
gene-BBC0122_RS09405	783	547.388	0	0
gene-BBC0122_RS09410	1131	894.148	1	0.204238
gene-BBC0122_RS09415	696	461.658	2	0.791144
gene-BBC0122_RS09420	237	82.3177	0	0
gene-BBC0122_RS09425	1050	813.148	0	0
gene-BBC0122_RS09430	135	26.4765	2	13.7948
gene-BBC0122_RS12865	246	88.3653	0	0
gene-BBC0122_RS09440	1848	1611.15	12	1.36017
gene-BBC0122_RS09445	657	423.677	0	0
gene-BBC0122_RS09455	693	458.704	1	0.398119
gene-BBC0122_RS09460	1131	894.148	0	0
gene-BBC0122_RS09465	963	726.297	0	0
gene-BBC0122_RS09470	933	696.652	1	0.262138
gene-BBC0122_RS09475	1065	828.148	0	0
gene-BBC0122_RS09480	3048	2811.15	10	0.649625
gene-BBC0122_RS09490	207	64.019	0	0
gene-BBC0122_RS12870	387	184.806	13	12.8462
gene-BBC0122_RS09500	420	210.479	0	0
gene-BBC0122_RS09505	633	400.256	11	5.01882
gene-BBC0122_RS09510	807	571.277	1	0.319668
gene-BBC0122_RS09515	618	385.73	4	1.89375
gene-BBC0122_RS12875	189	53.2657	0	0
gene-BBC0122_RS09520	339	148.373	0	0
gene-BBC0122_RS09530	1389	1152.15	0	0
gene-BBC0122_RS09535	243	86.2978	0	0
gene-BBC0122_RS09545	258	95.3596	0	0
gene-BBC0122_RS09550	411	203.419	0	0
gene-BBC0122_RS09555	804	568.277	0	0
gene-BBC0122_RS09560	384	182.393	0	0
gene-BBC0122_RS09565	906	669.72	0	0
gene-BBC0122_RS09570	2127	1890.15	0	0
gene-BBC0122_RS09575	381	179.973	0	0
gene-BBC0122_RS09580	513	288.215	0	0
gene-BBC0122_RS09585	8256	8019.15	0	0
gene-BBC0122_RS09590	600	368.453	0	0
gene-BBC0122_RS09595	1737	1500.15	0	0
gene-BBC0122_RS09600	600	368.453	0	0
gene-BBC0122_RS09605	438	224.858	0	0
gene-BBC0122_RS09610	570	340.278	0	0
gene-BBC0122_RS09615	618	385.73	0	0
gene-BBC0122_RS12880	432	220.183	0	0
gene-BBC0122_RS09625	1314	1077.15	0	0
gene-BBC0122_RS09630	1551	1314.15	0	0
gene-BBC0122_RS09635	1194	957.148	0	0
gene-BBC0122_RS09640	672	438.199	0	0
gene-BBC0122_RS09645	480	259.538	0	0
gene-BBC0122_RS09650	447	232.186	0	0
gene-BBC0122_RS09655	666	432.418	0	0
gene-BBC0122_RS09660	738	503.227	0	0
gene-BBC0122_RS09665	1323	1086.15	0	0
gene-BBC0122_RS09670	594	362.675	0	0
gene-BBC0122_RS09675	330	141.889	0	0
gene-BBC0122_RS09680	348	155.386	0	0
gene-BBC0122_RS09685	8136	7899.15	0	0
gene-BBC0122_RS09690	1701	1464.15	0	0
gene-BBC0122_RS12885	183	49.9191	0	0
gene-BBC0122_RS09700	690	455.704	0	0
gene-BBC0122_RS09705	273	105.037	0	0
gene-BBC0122_RS09710	567	337.416	0	0
gene-BBC0122_RS09715	234	80.3412	0	0
gene-BBC0122_RS09720	297	119.014	0	0
gene-BBC0122_RS09725	261	97.1757	0	0
gene-BBC0122_RS09730	459	242.039	0	0
gene-BBC0122_RS09735	1149	912.148	0	0
gene-BBC0122_RS09740	303	122.716	0	0
gene-BBC0122_RS09745	1152	915.148	0	0
gene-BBC0122_RS09750	381	179.973	0	0
gene-BBC0122_RS09755	276	106.499	0	0
gene-BBC0122_RS09760	906	669.72	0	0
gene-BBC0122_RS09770	1194	957.148	0	0
gene-BBC0122_RS09775	480	259.538	0	0
gene-BBC0122_RS09780	1056	819.148	0	0
gene-BBC0122_RS09785	4290	4053.15	0	0
gene-BBC0122_RS09790	396	191.63	0	0
gene-BBC0122_RS09795	603	371.341	0	0
gene-BBC0122_RS09805	294	117.242	0	0
gene-BBC0122_RS09810	216	69.8915	0	0
gene-BBC0122_RS09815	279	108.464	0	0
gene-BBC0122_RS09820	867	630.915	0	0
gene-BBC0122_RS09825	447	232.186	0	0
gene-BBC0122_RS09830	1233	996.148	0	0
gene-BBC0122_RS09835	225	75.4231	0	0
gene-BBC0122_RS09840	372	173.403	0	0
gene-BBC0122_RS09845	648	414.804	0	0
gene-BBC0122_RS09850	795	559.277	0	0
gene-BBC0122_RS09860	732	497.278	0	0
gene-BBC0122_RS09865	726	491.327	0	0
gene-BBC0122_RS09870	237	82.3177	0	0
gene-BBC0122_RS09875	1197	960.148	0	0
gene-BBC0122_RS09880	1020	783.148	0	0
gene-BBC0122_RS09885	408	201.092	0	0
gene-BBC0122_RS09890	909	672.72	0	0
gene-BBC0122_RS09895	2058	1821.15	0	0
gene-BBC0122_RS09900	255	93.4477	0	0
gene-BBC0122_RS09905	1272	1035.15	0	0
gene-BBC0122_RS12890	357	161.939	0	0
gene-BBC0122_RS09910	1791	1554.15	0	0
gene-BBC0122_RS09920	192	55.1582	0	0
gene-BBC0122_RS09930	279	108.464	0	0
gene-BBC0122_RS09935	486	264.853	0	0
gene-BBC0122_RS09940	699	464.566	0	0
gene-BBC0122_RS09945	609	377.075	0	0
gene-BBC0122_RS09950	345	153.15	0	0
gene-BBC0122_RS09955	393	189.447	0	0
gene-BBC0122_RS09960	2424	2187.15	0	0
gene-BBC0122_RS09965	1134	897.148	0	0
gene-BBC0122_RS09970	720	485.425	0	0
gene-BBC0122_RS09975	228	77.1541	0	0
gene-BBC0122_RS09980	993	756.224	0	0
gene-BBC0122_RS09985	765	529.66	0	0
gene-BBC0122_RS09990	813	577.22	0	0
gene-BBC0122_RS09995	1236	999.148	0	0
gene-BBC0122_RS10000	1044	807.148	0	0
gene-BBC0122_RS10005	1926	1689.15	0	0
gene-BBC0122_RS10010	225	75.4231	0	0
gene-BBC0122_RS10015	189	53.2657	0	0
gene-BBC0122_RS10020	1353	1116.15	0	0
gene-BBC0122_RS10025	1398	1161.15	0	0
gene-BBC0122_RS10030	675	441.199	0	0
gene-BBC0122_RS10035	477	256.972	0	0
gene-BBC0122_RS10040	3246	3009.15	0	0
gene-BBC0122_RS10045	1170	933.148	0	0
gene-BBC0122_RS10050	1218	981.148	0	0
gene-BBC0122_RS10055	1980	1743.15	0	0
gene-BBC0122_RS10060	1002	765.148	0	0
gene-BBC0122_RS10065	1037	800.148	0	0
gene-BBC0122_RS10070	1476	1239.15	0	0
gene-BBC0122_RS10075	711	476.425	0	0
gene-BBC0122_RS10080	1254	1017.15	0	0
gene-BBC0122_RS10085	876	639.915	0	0
gene-BBC0122_RS10090	702	467.519	0	0
gene-BBC0122_RS10095	669	435.331	0	0
gene-BBC0122_RS10100	777	541.553	0	0
gene-BBC0122_RS10105	813	577.22	0	0
gene-BBC0122_RS10110	699	464.566	0	0
gene-BBC0122_RS10115	402	196.065	1	0.931423
gene-BBC0122_RS10120	1764	1527.15	4	0.478327
gene-BBC0122_RS10125	2784	2547.15	0	0
gene-BBC0122_RS10130	1707	1470.15	0	0
gene-BBC0122_RS10135	2130	1893.15	0	0
gene-BBC0122_RS10140	891	654.786	0	0
gene-BBC0122_RS10145	672	438.199	0	0
gene-BBC0122_RS10155	2271	2034.15	0	0
gene-BBC0122_RS10160	7098	6861.15	58	1.54375
gene-BBC0122_RS10165	1296	1059.15	1	0.172421
gene-BBC0122_RS10170	669	435.331	0	0
gene-BBC0122_RS10175	1470	1233.15	0	0
gene-BBC0122_RS10180	1368	1131.15	0	0
gene-BBC0122_RS10185	3567	3330.15	0	0
gene-BBC0122_RS10190	1170	933.148	1	0.195702
gene-BBC0122_RS10195	2157	1920.15	6	0.570641
gene-BBC0122_RS10200	1386	1149.15	1	0.158917
gene-BBC0122_RS10205	1752	1515.15	0	0
gene-BBC0122_RS10210	18195	17958.1	264	2.68466
gene-BBC0122_RS10215	1302	1065.15	0	0
gene-BBC0122_RS10220	636	403.175	0	0
gene-BBC0122_RS10225	963	726.297	0	0
gene-BBC0122_RS10230	798	562.277	0	0
gene-BBC0122_RS10235	780	544.553	0	0
gene-BBC0122_RS10240	1269	1032.15	0	0
gene-BBC0122_RS10245	900	663.72	0	0
gene-BBC0122_RS10250	774	538.607	77	26.1075
gene-BBC0122_RS10260	345	153.15	0	0
gene-BBC0122_RS10265	1005	768.148	0	0
gene-BBC0122_RS10270	1332	1095.15	0	0
gene-BBC0122_RS10275	615	382.808	0	0
gene-BBC0122_RS10280	641	408.052	0	0
gene-BBC0122_RS10285	1860	1623.15	0	0
gene-BBC0122_RS10290	951	714.441	0	0
gene-BBC0122_RS10295	951	714.441	0	0
gene-BBC0122_RS10300	951	714.441	1	0.255611
gene-BBC0122_RS10305	375	175.674	0	0
gene-BBC0122_RS10310	3822	3585.15	2	0.101875
gene-BBC0122_RS10315	555	325.955	0	0
gene-BBC0122_RS10320	1011	774.148	0	0
gene-BBC0122_RS10325	1014	777.148	0	0
gene-BBC0122_RS10330	519	293.616	0	0
gene-BBC0122_RS10335	579	348.788	2	1.04716
gene-BBC0122_RS10340	222	73.7674	2	4.95122
gene-BBC0122_RS10345	729	494.327	0	0
gene-BBC0122_RS10350	822	586.162	0	0
gene-BBC0122_RS10355	930	693.652	1	0.263272
gene-BBC0122_RS10360	888	651.786	2	0.560365
gene-BBC0122_RS10365	921	684.652	1	0.266733
gene-BBC0122_RS10370	1530	1293.15	2	0.282441
gene-BBC0122_RS10375	1533	1296.15	2	0.281788
gene-BBC0122_RS10380	1902	1665.15	3	0.329014
gene-BBC0122_RS10385	1077	840.148	0	0
gene-BBC0122_RS10390	402	196.065	0	0
gene-BBC0122_RS10395	1749	1512.15	1	0.120768
gene-BBC0122_RS10400	1905	1668.15	6	0.656845
gene-BBC0122_RS10405	762	526.713	0	0
gene-BBC0122_RS10410	765	529.66	2	0.689572
gene-BBC0122_RS10415	897	660.786	1	0.276366
gene-BBC0122_RS10420	831	595.102	0	0
gene-BBC0122_RS10425	759	523.871	0	0
gene-BBC0122_RS10430	447	232.186	0	0
gene-BBC0122_RS10435	279	108.464	0	0
gene-BBC0122_RS10440	2349	2112.15	0	0
gene-BBC0122_RS10450	1956	1719.15	0	0
gene-BBC0122_RS10455	1800	1563.15	2	0.233656
gene-BBC0122_RS10460	855	619.102	2	0.589948
gene-BBC0122_RS10465	1644	1407.15	9	1.16802
gene-BBC0122_RS10470	1137	900.148	2	0.405754
gene-BBC0122_RS10475	210	66.0331	0	0
gene-BBC0122_RS10480	1032	795.148	2	0.459334
gene-BBC0122_RS10485	792	556.333	1	0.328255
gene-BBC0122_RS10490	1188	951.148	0	0
gene-BBC0122_RS10495	747	511.974	0	0
gene-BBC0122_RS10500	390	187.171	1	0.975679
gene-BBC0122_RS10505	1194	957.148	5	0.953976
gene-BBC0122_RS10510	870	633.915	1	0.288081
gene-BBC0122_RS10515	1716	1479.15	3	0.370387
gene-BBC0122_RS10520	1710	1473.15	8	0.991722
gene-BBC0122_RS10525	1575	1338.15	5	0.682358
gene-BBC0122_RS10530	1152	915.148	3	0.598655
gene-BBC0122_RS10535	126	22.9065	0	0
gene-BBC0122_RS10540	513	288.215	3	1.90086
gene-BBC0122_RS10545	678	444.021	0	0
gene-BBC0122_RS10550	651	417.762	0	0
gene-BBC0122_RS10555	498	275.081	0	0
gene-BBC0122_RS10560	1524	1287.15	0	0
gene-BBC0122_RS10565	1395	1158.15	0	0
gene-BBC0122_RS10570	957	720.37	0	0
gene-BBC0122_RS10575	792	556.333	0	0
gene-BBC0122_RS10580	792	556.333	0	0
gene-BBC0122_RS10585	1383	1146.15	0	0
gene-BBC0122_RS10595	69	32.5591	0	0
gene-BBC0122_RS10600	387	184.806	0	0
gene-BBC0122_RS10605	261	97.1757	0	0
gene-BBC0122_RS10615	2898	2661.15	0	0
gene-BBC0122_RS10620	273	105.037	0	0
gene-BBC0122_RS10625	2901	2664.15	0	0
gene-BBC0122_RS10630	1170	933.148	0	0
gene-BBC0122_RS10635	1845	1608.15	0	0
gene-BBC0122_RS10645	3099	2862.15	0	0
gene-BBC0122_RS10650	9528	9291.15	0	0
gene-BBC0122_RS10655	291	115.736	0	0
gene-BBC0122_RS12895	192	55.1582	0	0
gene-BBC0122_RS12900	111	19.2054	0	0
gene-BBC0122_RS10665	267	101.144	0	0
gene-BBC0122_RS10670	306	124.664	0	0
gene-BBC0122_RS10705	216	69.8915	108	282.193
gene-BBC0122_RS10710	936	699.582	0	0
gene-BBC0122_RS10715	789	553.388	0	0
gene-BBC0122_RS10720	810	574.277	0	0
gene-BBC0122_RS10725	399	193.785	0	0
gene-BBC0122_RS10730	1107	870.148	0	0
gene-BBC0122_RS10735	1566	1329.15	0	0
gene-BBC0122_RS10740	1164	927.148	0	0
gene-BBC0122_RS10750	1134	897.148	14	2.84977
gene-BBC0122_RS10755	288	114.117	29	46.4082
gene-BBC0122_RS10760	903	666.72	0	0
gene-BBC0122_RS10765	693	458.704	0	0
gene-BBC0122_RS10770	639	406.134	3	1.34896
gene-BBC0122_RS10780	831	595.102	3	0.920611
gene-BBC0122_RS10785	1467	1230.15	6	0.890718
gene-BBC0122_RS10790	288	114.117	0	0
gene-BBC0122_RS10795	1377	1140.15	0	0
gene-BBC0122_RS10800	402	196.065	4	3.72569
gene-BBC0122_RS10805	1161	924.148	2	0.395216
gene-BBC0122_RS10810	450	234.736	0	0
gene-BBC0122_RS10815	1146	909.148	1	0.200869
gene-BBC0122_RS10820	1257	1020.15	1	0.179012
gene-BBC0122_RS10830	2796	2559.15	12	0.856313
gene-BBC0122_RS10835	369	170.944	4	4.27318
gene-BBC0122_RS10840	1107	870.148	6	1.25923
gene-BBC0122_RS10845	384	182.393	1	1.00124
gene-BBC0122_RS10850	507	283.041	2	1.29041
gene-BBC0122_RS10855	951	714.441	38	9.71323
gene-BBC0122_RS10860	666	432.418	7	2.95625
gene-BBC0122_RS10865	192	55.1582	0	0
gene-BBC0122_RS10870	1113	876.148	5	1.04217
gene-BBC0122_RS10875	1035	798.148	1	0.228804
gene-BBC0122_RS10885	186	51.5528	1	3.54237
gene-BBC0122_RS10890	831	595.102	0	0
gene-BBC0122_RS10895	1032	795.148	1	0.229667
gene-BBC0122_RS10900	660	426.634	5	2.14023
gene-BBC0122_RS10905	453	236.93	0	0
gene-BBC0122_RS10910	2310	2073.15	1	0.0880879
gene-BBC0122_RS10915	1116	879.148	38	7.89347
gene-BBC0122_RS10920	972	735.297	5	1.2418
gene-BBC0122_RS10925	1092	855.148	23	4.91171
gene-BBC0122_RS10930	744	509.025	0	0
gene-BBC0122_RS10935	480	259.538	0	0
gene-BBC0122_RS10940	1026	789.148	0	0
gene-BBC0122_RS10945	768	532.607	0	0
gene-BBC0122_RS10950	1293	1056.15	1	0.172911
gene-BBC0122_RS10955	411	203.419	1	0.897749
gene-BBC0122_RS10960	1401	1164.15	0	0
gene-BBC0122_RS10965	1203	966.148	2	0.378036
gene-BBC0122_RS10975	1317	1080.15	3	0.507206
gene-BBC0122_RS10980	474	254.347	1	0.717991
gene-BBC0122_RS10985	228	77.1541	2	4.73388
gene-BBC0122_RS10990	810	574.277	0	0
gene-BBC0122_RS10995	1089	852.148	86	18.4302
gene-BBC0122_RS11000	1374	1137.15	0	0
gene-BBC0122_RS11005	747	511.974	0	0
gene-BBC0122_RS11010	2091	1854.15	0	0
gene-BBC0122_RS11015	204	62.0897	0	0
gene-BBC0122_RS11020	876	639.915	0	0
gene-BBC0122_RS11025	849	613.102	3	0.893583
gene-BBC0122_RS11030	1053	816.148	0	0
gene-BBC0122_RS11035	684	449.977	0	0
gene-BBC0122_RS11040	1899	1662.15	0	0
gene-BBC0122_RS11045	699	464.566	0	0
gene-BBC0122_RS11050	741	506.126	1	0.360817
gene-BBC0122_RS11055	627	394.456	0	0
gene-BBC0122_RS11060	909	672.72	0	0
gene-BBC0122_RS11065	408	201.092	0	0
gene-BBC0122_RS11070	711	476.425	0	0
gene-BBC0122_RS11075	903	666.72	0	0
gene-BBC0122_RS11080	1836	1599.15	3	0.342593
gene-BBC0122_RS11085	768	532.607	1	0.342878
gene-BBC0122_RS11090	1479	1242.15	2	0.294038
gene-BBC0122_RS12905	258	95.3596	0	0
gene-BBC0122_RS11095	1278	1041.15	4	0.701607
gene-BBC0122_RS11100	1428	1191.15	0	0
gene-BBC0122_RS11110	495	272.68	0	0
gene-BBC0122_RS11115	1089	852.148	0	0
gene-BBC0122_RS11120	348	155.386	0	0
gene-BBC0122_RS11125	396	191.63	7	6.67086
gene-BBC0122_RS11130	414	205.808	0	0
gene-BBC0122_RS11135	2553	2316.15	5	0.39423
gene-BBC0122_RS11140	1554	1317.15	0	0
gene-BBC0122_RS11145	3669	3432.15	44	2.34117
gene-BBC0122_RS11150	474	254.347	0	0
gene-BBC0122_RS11155	1491	1254.15	4	0.582449
gene-BBC0122_RS11160	615	382.808	0	0
gene-BBC0122_RS11165	1431	1194.15	9	1.37636
gene-BBC0122_RS11170	999	762.148	0	0
gene-BBC0122_RS11175	930	693.652	0	0
gene-BBC0122_RS11180	1968	1731.15	1	0.10549
gene-BBC0122_RS11185	1293	1056.15	2	0.345821
gene-BBC0122_RS11190	1344	1107.15	3	0.494837
gene-BBC0122_RS11200	525	298.977	0	0
gene-BBC0122_RS11205	1605	1368.15	2	0.266958
gene-BBC0122_RS11210	1164	927.148	11	2.16666
gene-BBC0122_RS11215	867	630.915	0	0
gene-BBC0122_RS11220	438	224.858	2	1.62431
gene-BBC0122_RS11225	825	589.162	0	0
gene-BBC0122_RS11230	303	122.716	0	0
gene-BBC0122_RS11235	606	374.341	0	0
gene-BBC0122_RS11240	306	124.664	0	0
gene-BBC0122_RS11245	1710	1473.15	1	0.123965
gene-BBC0122_RS11250	465	246.848	0	0
gene-BBC0122_RS11255	660	426.634	0	0
gene-BBC0122_RS11260	627	394.456	0	0
gene-BBC0122_RS11275	321	135.439	0	0
gene-BBC0122_RS11280	615	382.808	0	0
gene-BBC0122_RS11285	1470	1233.15	0	0
gene-BBC0122_RS11290	960	723.297	0	0
gene-BBC0122_RS11295	2007	1770.15	0	0
gene-BBC0122_RS11330	216	69.8915	108	282.193
gene-BBC0122_RS11340	1989	1752.15	1	0.104226
gene-BBC0122_RS11345	558	328.755	2	1.11097
gene-BBC0122_RS11350	189	53.2657	1	3.42846
gene-BBC0122_RS11355	792	556.333	0	0
gene-BBC0122_RS11360	1014	777.148	0	0
gene-BBC0122_RS11365	357	161.939	0	0
gene-BBC0122_RS11370	543	314.965	1	0.579808
gene-BBC0122_RS11375	2685	2448.15	127	9.47354
gene-BBC0122_RS11380	807	571.277	0	0
gene-BBC0122_RS11385	213	67.9168	0	0
gene-BBC0122_RS11390	660	426.634	0	0
gene-BBC0122_RS11395	219	71.7234	1	2.54616
gene-BBC0122_RS11400	441	227.347	0	0
gene-BBC0122_RS11405	471	251.746	0	0
gene-BBC0122_RS11410	1293	1056.15	0	0
gene-BBC0122_RS11415	444	229.732	0	0
gene-BBC0122_RS11420	1290	1053.15	4	0.693613
gene-BBC0122_RS11430	1293	1056.15	0	0
gene-BBC0122_RS11435	2049	1812.15	1	0.100775
gene-BBC0122_RS11440	717	482.425	0	0
gene-BBC0122_RS11445	372	173.403	0	0
gene-BBC0122_RS11455	588	357.074	0	0
gene-BBC0122_RS11460	480	259.538	0	0
gene-BBC0122_RS11465	879	642.851	1	0.284077
gene-BBC0122_RS11470	492	269.905	0	0
gene-BBC0122_RS11475	987	750.224	1	0.24342
gene-BBC0122_RS11480	471	251.746	1	0.72541
gene-BBC0122_RS11490	681	446.977	3	1.2257
gene-BBC0122_RS11495	945	708.441	3	0.773328
gene-BBC0122_RS11500	3099	2862.15	40	2.5522
gene-BBC0122_RS11505	1044	807.148	5	1.13126
gene-BBC0122_RS11510	660	426.634	10	4.28046
gene-BBC0122_RS11520	1929	1692.15	3	0.323765
gene-BBC0122_RS11525	1383	1146.15	3	0.477999
gene-BBC0122_RS11530	915	678.72	3	0.807192
gene-BBC0122_RS11540	438	224.858	0	0
gene-BBC0122_RS11545	1035	798.148	0	0
gene-BBC0122_RS11550	1296	1059.15	0	0
gene-BBC0122_RS11555	312	129.046	3	4.24545
gene-BBC0122_RS11560	438	224.858	7	5.68508
gene-BBC0122_RS11565	729	494.327	1	0.36943
gene-BBC0122_RS11570	1353	1116.15	7	1.14531
gene-BBC0122_RS11575	2142	1905.15	20	1.91711
gene-BBC0122_RS11580	1338	1101.15	0	0
gene-BBC0122_RS11585	1056	819.148	10	2.22938
gene-BBC0122_RS11590	492	269.905	7	4.73624
gene-BBC0122_RS11595	1317	1080.15	2	0.338137
gene-BBC0122_RS11600	1053	816.148	1	0.223758
gene-BBC0122_RS11605	462	244.394	0	0
gene-BBC0122_RS11610	714	479.425	4	1.52365
gene-BBC0122_RS11615	690	455.704	9	3.60666
gene-BBC0122_RS11620	981	744.224	4	0.981529
gene-BBC0122_RS11630	168	42.0811	0	0
gene-BBC0122_RS11635	204	62.0897	1	2.94122
gene-BBC0122_RS11640	513	288.215	7	4.43534
gene-BBC0122_RS11645	1080	843.148	0	0
gene-BBC0122_RS11650	126	22.9065	0	0
gene-BBC0122_RS11655	699	464.566	0	0
gene-BBC0122_RS11665	195	56.8308	0	0
gene-BBC0122_RS11670	567	337.416	0	0
gene-BBC0122_RS11675	822	586.162	1	0.311551
gene-BBC0122_RS11680	750	514.922	5	1.77327
gene-BBC0122_RS11685	222	73.7674	2	4.95122
gene-BBC0122_RS11690	1794	1557.15	2	0.234556
gene-BBC0122_RS11695	1323	1086.15	1	0.168135
gene-BBC0122_RS11700	792	556.333	2	0.65651
gene-BBC0122_RS11705	564	334.587	2	1.09161
gene-BBC0122_RS11710	984	747.224	1	0.244397
gene-BBC0122_RS11715	660	426.634	2	0.856093
gene-BBC0122_RS11720	1224	987.148	1	0.184997
gene-BBC0122_RS11725	489	267.38	0	0
gene-BBC0122_RS11730	510	285.63	0	0
gene-BBC0122_RS11735	615	382.808	0	0
gene-BBC0122_RS11740	1044	807.148	1	0.226252
gene-BBC0122_RS11745	456	239.474	1	0.762586
gene-BBC0122_RS11750	741	506.126	0	0
gene-BBC0122_RS11760	1125	888.148	0	0
gene-BBC0122_RS11765	1029	792.148	10	2.30537
gene-BBC0122_RS11770	1191	954.148	3	0.574185
gene-BBC0122_RS11775	1008	771.148	8	1.89452
gene-BBC0122_RS11780	1980	1743.15	4	0.419056
gene-BBC0122_RS11785	276	106.499	4	6.859
gene-BBC0122_RS11790	363	166.29	0	0
gene-BBC0122_RS11795	1437	1200.15	4	0.608656
gene-BBC0122_RS11800	468	249.142	0	0
gene-BBC0122_RS11805	795	559.277	0	0
gene-BBC0122_RS11810	258	95.3596	1	1.91506
gene-BBC0122_RS11815	1806	1569.15	3	0.349143
gene-BBC0122_RS11820	294	117.242	14	21.8068
gene-BBC0122_RS11825	636	403.175	0	0
gene-BBC0122_RS11830	1530	1293.15	0	0
gene-BBC0122_RS11835	951	714.441	0	0
gene-BBC0122_RS11840	912	675.72	0	0
gene-BBC0122_RS11845	606	374.341	2	0.975684
gene-BBC0122_RS11850	339	148.373	11	13.5389
gene-BBC0122_RS11855	378	177.878	0	0
gene-BBC0122_RS11860	2982	2745.15	4	0.266097
gene-BBC0122_RS11865	180	48.1736	0	0
gene-BBC0122_RS11870	657	423.677	0	0
gene-BBC0122_RS11875	903	666.72	0	0
gene-BBC0122_RS11880	609	377.075	0	0
gene-BBC0122_RS11885	1236	999.148	8	1.4622
gene-BBC0122_RS11890	303	122.716	0	0
gene-BBC0122_RS11895	1119	882.148	10	2.07017
gene-BBC0122_RS11900	348	155.386	1	1.17526
gene-BBC0122_RS11905	735	500.227	0	0
gene-BBC0122_RS11910	918	681.652	2	0.535813
gene-BBC0122_RS11915	1551	1314.15	0	0
gene-BBC0122_RS11920	909	672.72	4	1.08586
gene-BBC0122_RS11925	1017	780.148	0	0
gene-BBC0122_RS11930	1650	1413.15	0	0
gene-BBC0122_RS11935	444	229.732	0	0
gene-BBC0122_RS12915	288	114.117	0	0
gene-BBC0122_RS11945	405	198.514	0	0
gene-BBC0122_RS11950	1590	1353.15	2	0.269918
gene-BBC0122_RS11955	888	651.786	4	1.12073
gene-BBC0122_RS11960	1530	1293.15	4	0.564883
gene-BBC0122_RS11965	576	345.999	3	1.58341
gene-BBC0122_RS11970	393	189.447	3	2.89188
gene-BBC0122_RS11975	639	406.134	2	0.899305
gene-BBC0122_RS11980	2193	1956.15	1	0.0933565
gene-BBC0122_RS11985	654	420.762	0	0
gene-BBC0122_RS11990	576	345.999	0	0
gene-BBC0122_RS11995	2613	2376.15	11	0.845407
gene-BBC0122_RS12000	681	446.977	1	0.408565
gene-BBC0122_RS12005	993	756.224	0	0
gene-BBC0122_RS12010	1956	1719.15	6	0.637359
gene-BBC0122_RS12020	1185	948.148	0	0
gene-BBC0122_RS12025	945	708.441	2	0.515552
gene-BBC0122_RS12030	249	89.949	0	0
gene-BBC0122_RS12035	1374	1137.15	0	0
gene-BBC0122_RS12040	537	309.666	0	0
gene-BBC0122_RS12045	660	426.634	0	0
gene-BBC0122_RS12050	975	738.297	0	0
gene-BBC0122_RS12055	672	438.199	0	0
gene-BBC0122_RS12060	474	254.347	0	0
gene-BBC0122_RS12065	1980	1743.15	1	0.104764
gene-BBC0122_RS12070	1200	963.148	1	0.189607
gene-BBC0122_RS12075	1491	1254.15	1	0.145612
gene-BBC0122_RS12080	807	571.277	0	0
gene-BBC0122_RS12085	645	411.887	0	0
gene-BBC0122_RS12090	2445	2208.15	1	0.0827024
gene-BBC0122_RS12095	1290	1053.15	0	0
gene-BBC0122_RS12100	339	148.373	0	0
gene-BBC0122_RS12110	873	636.915	4	1.1469
gene-BBC0122_RS12115	1242	1005.15	0	0
gene-BBC0122_RS12120	270	103.079	0	0
gene-BBC0122_RS12125	780	544.553	1	0.335356
gene-BBC0122_RS12130	1845	1608.15	26	2.95253
gene-BBC0122_RS12135	387	184.806	2	1.97633
gene-BBC0122_RS12140	402	196.065	7	6.51996
gene-BBC0122_RS12145	468	249.142	0	0
gene-BBC0122_RS12150	1410	1173.15	10	1.55666
gene-BBC0122_RS12155	462	244.394	3	2.2417
gene-BBC0122_RS12160	699	464.566	0	0
gene-BBC0122_RS12165	549	320.48	0	0
gene-BBC0122_RS12170	813	577.22	0	0
gene-BBC0122_RS12175	954	717.37	0	0
gene-BBC0122_RS12180	870	633.915	0	0
gene-BBC0122_RS12185	282	110.248	0	0
gene-BBC0122_RS12190	618	385.73	1	0.473437
gene-BBC0122_RS12195	987	750.224	7	1.70394
gene-BBC0122_RS12200	1869	1632.15	1	0.111889
gene-BBC0122_RS12210	651	417.762	0	0
gene-BBC0122_RS12215	294	117.242	0	0
gene-BBC0122_RS12220	774	538.607	7	2.37341
gene-BBC0122_RS12225	888	651.786	1	0.280183
gene-BBC0122_RS12230	870	633.915	0	0
gene-BBC0122_RS12235	207	64.019	0	0
gene-BBC0122_RS12240	144	30.8586	0	0
gene-BBC0122_RS12245	1617	1380.15	12	1.58782
gene-BBC0122_RS12250	1638	1401.15	9	1.17302
gene-BBC0122_RS12255	1374	1137.15	4	0.642376
gene-BBC0122_RS12260	957	720.37	13	3.2956
gene-BBC0122_RS12265	213	67.9168	0	0
gene-BBC0122_RS12920	357	161.939	0	0
gene-BBC0122_RS12275	390	187.171	2	1.95136
gene-BBC0122_RS12280	306	124.664	0	0
gene-BBC0122_RS12285	1545	1308.15	5	0.698007
gene-BBC0122_RS12290	819	583.162	1	0.313154
gene-BBC0122_RS12295	642	409.052	0	0
gene-BBC0122_RS12300	894	657.786	5	1.38813
gene-BBC0122_RS12305	1038	801.148	0	0
gene-BBC0122_RS12310	519	293.616	1	0.621965
gene-BBC0122_RS12315	747	511.974	2	0.713393
gene-BBC0122_RS12320	489	267.38	0	0
gene-BBC0122_RS12325	1566	1329.15	1	0.137396
gene-BBC0122_RS12330	1470	1233.15	0	0
gene-BBC0122_RS12335	687	452.796	0	0
gene-BBC0122_RS12340	1077	840.148	1	0.217366
gene-BBC0122_RS12345	990	753.224	0	0
gene-BBC0122_RS12350	291	115.736	0	0
gene-BBC0122_RS12355	426	215.129	0	0
gene-BBC0122_RS12360	672	438.199	0	0
gene-BBC0122_RS12925	267	101.144	0	0
gene-BBC0122_RS12370	1194	957.148	3	0.572386
gene-BBC0122_RS12375	366	168.799	0	0
gene-BBC0122_RS12380	1083	846.148	0	0
gene-BBC0122_RS12385	1086	849.148	1	0.215062
gene-BBC0122_RS12390	450	234.736	24	18.6715
gene-BBC0122_RS12395	552	323.12	0	0
gene-BBC0122_RS12400	618	385.73	1	0.473437
gene-BBC0122_RS12405	675	441.199	1	0.413915
gene-BBC0122_RS12410	807	571.277	0	0
gene-BBC0122_RS12415	1296	1059.15	23	3.96568
gene-BBC0122_RS12420	1770	1533.15	41	4.88367
gene-BBC0122_RS12425	717	482.425	20	7.57088
gene-BBC0122_RS12430	360	164.089	1	1.11293
gene-BBC0122_RS12435	846	610.102	1	0.299325
gene-BBC0122_RS12440	1056	819.148	1	0.222938
gene-BBC0122_RS12445	678	444.021	0	0
gene-BBC0122_RS12450	1503	1266.15	1	0.144232
gene-BBC0122_RS12455	3133	2896.15	17	1.07195
gene-BBC0122_RS12460	1143	906.148	1	0.201534
gene-BBC0122_RS12465	1545	1308.15	0	0
gene-BBC0122_RS12470	2088	1851.15	1	0.0986519
gene-BBC0122_RS12475	705	470.425	0	0
gene-BBC0122_RS12480	906	669.72	0	0
gene-BBC0122_RS12490	960	723.297	5	1.26241
gene-BBC0122_RS12495	897	660.786	0	0
gene-BBC0122_RS12500	795	559.277	0	0
gene-BBC0122_RS12505	1038	801.148	2	0.455894
gene-BBC0122_RS12510	849	613.102	2	0.595722
gene-BBC0122_RS12515	945	708.441	0	0
gene-BBC0122_RS12520	792	556.333	3	0.984765
gene-BBC0122_RS12525	750	514.922	7	2.48258
gene-BBC0122_RS12530	687	452.796	4	1.61326
gene-BBC0122_RS12535	1092	855.148	2	0.427106
gene-BBC0122_RS12540	996	759.148	0	0
gene-BBC0122_RS12545	633	400.256	0	0
gene-BBC0122_RS12550	1185	948.148	3	0.577819
gene-BBC0122_RS12555	1101	864.148	3	0.633986
gene-BBC0122_RS12560	945	708.441	1	0.257776
gene-BBC0122_RS12565	417	208.169	0	0
gene-BBC0122_RS12570	282	110.248	2	3.31288
gene-BBC0122_RS12575	492	269.905	3	2.02982
gene-BBC0122_RS12580	1677	1440.15	4	0.507223
gene-BBC0122_RS12585	342	150.555	0	0
gene-BBC0122_RS12590	2922	2685.15	8	0.544087
gene-BBC0122_RS12595	459	242.039	2	1.50901
gene-BBC0122_RS12600	1098	861.148	2	0.42413
gene-BBC0122_RS12605	1239	1002.15	1	0.182228
gene-BBC0122_RS12610	1125	888.148	4	0.822472
gene-BBC0122_RS12615	1407	1170.15	10	1.56065
gene-BBC0122_RS12620	639	406.134	1	0.449652
gene-BBC0122_RS12625	396	191.63	3	2.85894
gene-BBC0122_RS12630	1221	984.148	15	2.78341
gene-BBC0122_RS12635	2997	2760.15	81	5.35919
gene-BBC0122_RS12640	903	666.72	14	3.83469
gene-BBC0122_RS12645	1197	960.148	26	4.94518
gene-BBC0122_RS12650	963	726.297	30	7.54316
gene-BBC0122_RS12655	1143	906.148	0	0
gene-BBC0122_RS12660	543	314.965	9	5.21827
gene-BBC0122_RS12665	846	610.102	1	0.299325
gene-BBC0122_RS12670	1284	1047.15	3	0.52319
gene-BBC0122_RS12675	1350	1113.15	7	1.1484
gene-BBC0122_RS12680	675	441.199	2	0.827831
gene-BBC0122_RS12685	762	526.713	4	1.38686
gene-BBC0122_RS12690	486	264.853	2	1.37903
gene-BBC0122_RS12695	876	639.915	2	0.570761
gene-BBC0122_RS12700	795	559.277	3	0.979581
gene-BBC0122_RS12705	648	414.804	0	0
gene-BBC0122_RS12710	1872	1635.15	15	1.67525
gene-BBC0122_RS12715	1308	1071.15	1	0.170489
gene-BBC0122_RS12720	1266	1029.15	1	0.177447
gene-BBC0122_RS12725	546	317.643	0	0
gene-BBC0122_RS12730	1026	789.148	1	0.231413
gene-BAST_RS00005	1050	813.148	0	0
gene-BAST_RS00010	1125	888.148	1	0.205618
gene-BAST_RS00015	1263	1026.15	0	0
gene-BAST_RS00020	498	275.081	0	0
gene-BAST_RS00025	2049	1812.15	4	0.4031
gene-BAST_RS00030	2718	2481.15	2	0.147205
gene-BAST_RS08640	627	394.456	0	0
gene-BAST_RS00040	1116	879.148	3	0.623169
gene-BAST_RS00045	954	717.37	0	0
gene-BAST_RS00050	711	476.425	0	0
gene-BAST_RS00055	1368	1131.15	1	0.161446
gene-BAST_RS00060	1050	813.148	0	0
gene-BAST_RS00070	600	368.453	0	0
gene-BAST_RS00075	2430	2193.15	3	0.249804
gene-BAST_RS00080	3078	2841.15	0	0
gene-BAST_RS00085	954	717.37	1	0.254568
gene-BAST_RS09175	249	89.949	92.5	187.798
gene-BAST_RS00105	1503	1266.15	0	0
gene-BAST_RS00110	474	254.347	0	0
gene-BAST_RS00115	465	246.848	0	0
gene-BAST_RS00120	312	129.046	0	0
gene-BAST_RS00125	1119	882.148	0	0
gene-BAST_RS00130	750	514.922	0	0
gene-BAST_RS00135	261	97.1757	0	0
gene-BAST_RS00140	1614	1377.15	0	0
gene-BAST_RS00145	384	182.393	1	1.00124
gene-BAST_RS00150	843	607.102	0	0
gene-BAST_RS00155	2832	2595.15	6	0.422217
gene-BAST_RS00160	3459	3222.15	4	0.226705
gene-BAST_RS00165	702	467.519	0	0
gene-BAST_RS00170	1500	1263.15	0	0
gene-BAST_RS00175	699	464.566	0	0
gene-BAST_RS00180	609	377.075	0	0
gene-BAST_RS08645	2040	1803.15	0	0
gene-BAST_RS00185	1809	1572.15	0	0
gene-BAST_RS08650	828	592.102	0	0
gene-BAST_RS00200	1173	936.148	0	0
gene-BAST_RS00205	1482	1245.15	0	0
gene-BAST_RS00210	1848	1611.15	0	0
gene-BAST_RS00215	2598	2361.15	0	0
gene-BAST_RS00220	273	105.037	0	0
gene-BAST_RS00230	264	99.2773	0	0
gene-BAST_RS00235	825	589.162	0	0
gene-BAST_RS00250	618	385.73	0	0
gene-BAST_RS00255	768	532.607	0	0
gene-BAST_RS00260	1641	1404.15	3	0.390171
gene-BAST_RS00265	480	259.538	23	16.1836
gene-BAST_RS00270	1401	1164.15	1	0.156869
gene-BAST_RS00275	564	334.587	2	1.09161
gene-BAST_RS00280	1752	1515.15	6	0.723174
gene-BAST_RS00285	1017	780.148	0	0
gene-BAST_RS00290	1254	1017.15	0	0
gene-BAST_RS00295	885	648.786	0	0
gene-BAST_RS00300	861	624.978	0	0
gene-BAST_RS00305	2076	1839.15	0	0
gene-BAST_RS00310	1656	1419.15	2	0.257365
gene-BAST_RS08655	3483	3246.15	2	0.112514
gene-BAST_RS00320	2760	2523.15	9	0.651398
gene-BAST_RS00325	2007	1770.15	0	0
gene-BAST_RS00330	1086	849.148	3	0.645185
gene-BAST_RS00335	384	182.393	5	5.00621
gene-BAST_RS00340	420	210.479	0	0
gene-BAST_RS00345	231	78.702	134	310.932
gene-BAST_RS00350	762	526.713	0	0
gene-BAST_RS00355	441	227.347	2	1.60653
gene-BAST_RS00360	753	517.871	3	1.0579
gene-BAST_RS00365	1116	879.148	1	0.207723
gene-BAST_RS09180	198	58.6161	0	0
gene-BAST_RS00370	2023	1786.15	4	0.408968
gene-BAST_RS00375	993	756.224	3	0.724465
gene-BAST_RS00380	1464	1227.15	5	0.74408
gene-BAST_RS00385	1524	1287.15	3	0.425637
gene-BAST_RS00390	1575	1338.15	7	0.955301
gene-BAST_RS00395	516	290.887	3	1.8834
gene-BAST_RS00400	705	470.425	3	1.1646
gene-BAST_RS08970	585	354.218	20	10.3111
gene-BAST_RS00415	2385	2148.15	9	0.765112
gene-BAST_RS00420	1317	1080.15	0	0
gene-BAST_RS00425	2637	2400.15	3	0.22826
gene-BAST_RS00430	2331	2094.15	1	0.0872045
gene-BAST_RS00435	1092	855.148	1	0.213553
gene-BAST_RS00440	2817	2580.15	2	0.141557
gene-BAST_RS00445	283	110.966	0	0
gene-BAST_RS00450	1365	1128.15	0	0
gene-BAST_RS00455	1086	849.148	0	0
gene-BAST_RS00460	1023	786.148	0	0
gene-BAST_RS00465	1146	909.148	0	0
gene-BAST_RS00475	1260	1023.15	0	0
gene-BAST_RS00480	918	681.652	0	0
gene-BAST_RS00485	849	613.102	0	0
gene-BAST_RS00490	1752	1515.15	1	0.120529
gene-BAST_RS00495	837	601.102	0	0
gene-BAST_RS00500	810	574.277	1	0.317998
gene-BAST_RS00505	639	406.134	0	0
gene-BAST_RS00515	1299	1062.15	0	0
gene-BAST_RS00520	1878	1641.15	5	0.556376
gene-BAST_RS00525	1968	1731.15	2	0.21098
gene-BAST_RS00530	1467	1230.15	4	0.593812
gene-BAST_RS00535	1182	945.148	0	0
gene-BAST_RS08660	594	362.675	0	0
gene-BAST_RS00545	936	699.582	0	0
gene-BAST_RS00550	672	438.199	0	0
gene-BAST_RS00555	1176	939.148	0	0
gene-BAST_RS00560	1833	1596.15	0	0
gene-BAST_RS00565	843	607.102	0	0
gene-BAST_RS00570	1308	1071.15	0	0
gene-BAST_RS00575	789	553.388	0	0
gene-BAST_RS00580	1107	870.148	3	0.629614
gene-BAST_RS00585	1305	1068.15	1	0.170968
gene-BAST_RS00590	1197	960.148	1	0.190199
gene-BAST_RS00600	477	256.972	0	0
gene-BAST_RS00605	234	80.3412	4	9.09218
gene-BAST_RS00610	810	574.277	4	1.27199
gene-BAST_RS00615	756	520.871	0	0
gene-BAST_RS00620	2229	1992.15	6	0.550017
gene-BAST_RS00630	2736	2499.15	1	0.0730726
gene-BAST_RS00635	429	217.564	0	0
gene-BAST_RS00640	828	592.102	0	0
gene-BAST_RS00645	975	738.297	2	0.494704
gene-BAST_RS00650	1911	1674.15	0	0
gene-BAST_RS00655	2592	2355.15	1	0.0775404
gene-BAST_RS00660	1266	1029.15	3	0.532341
gene-BAST_RS00665	657	423.677	0	0
gene-BAST_RS00670	2022	1785.15	1	0.102299
gene-BAST_RS00675	357	161.939	0	0
gene-BAST_RS00680	1164	927.148	0	0
gene-BAST_RS00685	732	497.278	0	0
gene-BAST_RS00690	2037	1800.15	2	0.202894
gene-BAST_RS00695	615	382.808	0	0
gene-BAST_RS00700	1161	924.148	0	0
gene-BAST_RS00705	597	365.527	0	0
gene-BAST_RS00715	756	520.871	3	1.05181
gene-BAST_RS09185	249	89.949	92.5	187.798
gene-BAST_RS00735	666	432.418	0	0
gene-BAST_RS00740	753	517.871	1	0.352635
gene-BAST_RS00745	4575	4338.15	1	0.0420961
gene-BAST_RS00750	939	702.582	0	0
gene-BAST_RS08975	252	91.7168	0	0
gene-BAST_RS00755	846	610.102	1	0.299325
gene-BAST_RS00760	363	166.29	0	0
gene-BAST_RS00765	702	467.519	0	0
gene-BAST_RS00770	855	619.102	0	0
gene-BAST_RS00775	837	601.102	0	0
gene-BAST_RS00780	1341	1104.15	0	0
gene-BAST_RS00785	2472	2235.15	0	0
gene-BAST_RS00790	1020	783.148	0	0
gene-BAST_RS00795	603	371.341	0	0
gene-BAST_RS00800	1761	1524.15	0	0
gene-BAST_RS00805	1899	1662.15	104	11.4264
gene-BAST_RS00810	693	458.704	7	2.78684
gene-BAST_RS00815	1005	768.148	15	3.5661
gene-BAST_RS00820	531	304.451	2	1.19966
gene-BAST_RS08980	432	220.183	0	0
gene-BAST_RS00830	1347	1110.15	0	0
gene-BAST_RS00835	1347	1110.15	0	0
gene-BAST_RS00840	1251	1014.15	0	0
gene-BAST_RS00845	1083	846.148	0	0
gene-BAST_RS08985	1038	801.148	0	0
gene-BAST_RS00860	1257	1020.15	0	0
gene-BAST_RS00865	789	553.388	0	0
gene-BAST_RS08990	1257	1020.15	0	0
gene-BAST_RS08680	1470	1233.15	0	0
gene-BAST_RS00880	798	562.277	0	0
gene-BAST_RS00885	597	365.527	0	0
gene-BAST_RS00890	411	203.419	0	0
gene-BAST_RS00895	531	304.451	2	1.19966
gene-BAST_RS00900	1650	1413.15	1	0.129229
gene-BAST_RS08685	657	423.677	0	0
gene-BAST_RS00910	2124	1887.15	0	0
gene-BAST_RS00915	1413	1176.15	2	0.310538
gene-BAST_RS00920	1107	870.148	0	0
gene-BAST_RS00935	681	446.977	0	0
gene-BAST_RS00940	573	343.139	0	0
gene-BAST_RS00950	799	563.277	0	0
gene-BAST_RS00955	853	617.102	0	0
gene-BAST_RS08995	1077	840.148	3	0.652097
gene-BAST_RS00975	228	77.1541	0	0
gene-BAST_RS00980	1524	1287.15	0	0
gene-BAST_RS08690	267	101.144	0	0
gene-BAST_RS08695	309	127.008	0	0
gene-BAST_RS09190	114	19.877	0	0
gene-BAST_RS00995	1017	780.148	0	0
gene-BAST_RS01000	939	702.582	2	0.519851
gene-BAST_RS01005	714	479.425	2	0.761826
gene-BAST_RS01010	1623	1386.15	1	0.131746
gene-BAST_RS01015	186	51.5528	0	0
gene-BAST_RS01020	1662	1425.15	0	0
gene-BAST_RS01025	954	717.37	1	0.254568
gene-BAST_RS01030	276	106.499	0	0
gene-BAST_RS01035	477	256.972	0	0
gene-BAST_RS01040	1872	1635.15	4	0.446734
gene-BAST_RS01045	3021	2784.15	1	0.0655925
gene-BAST_RS01050	1839	1602.15	1	0.113984
gene-BAST_RS01055	1908	1671.15	9	0.983499
gene-BAST_RS01060	1014	777.148	0	0
gene-BAST_RS01065	1359	1122.15	0	0
gene-BAST_RS01070	1551	1314.15	0	0
gene-BAST_RS01075	2172	1935.15	0	0
gene-BAST_RS01080	1083	846.148	0	0
gene-BAST_RS08700	2865	2628.15	1	0.0694859
gene-BAST_RS01090	993	756.224	0	0
gene-BAST_RS01095	1320	1083.15	2	0.337201
gene-BAST_RS01100	951	714.441	0	0
gene-BAST_RS01105	882	645.786	1	0.282786
gene-BAST_RS01110	732	497.278	0	0
gene-BAST_RS01115	1065	828.148	0	0
gene-BAST_RS01120	957	720.37	0	0
gene-BAST_RS01125	2322	2085.15	3	0.262743
gene-BAST_RS01130	1467	1230.15	8	1.18762
gene-BAST_RS01135	1074	837.148	5	1.09072
gene-BAST_RS01140	1251	1014.15	0	0
gene-BAST_RS01145	930	693.652	1	0.263272
gene-BAST_RS01150	858	622.04	0	0
gene-BAST_RS01155	930	693.652	0	0
gene-BAST_RS01160	879	642.851	1	0.284077
gene-BAST_RS01165	678	444.021	1	0.411285
gene-BAST_RS01170	1446	1209.15	1	0.151031
gene-BAST_RS01175	717	482.425	0	0
gene-BAST_RS01180	792	556.333	0	0
gene-BAST_RS01185	1008	771.148	0	0
gene-BAST_RS01190	1593	1356.15	3	0.403981
gene-BAST_RS01195	666	432.418	2	0.844642
gene-BAST_RS01200	882	645.786	0	0
gene-BAST_RS08705	1026	789.148	1	0.231413
gene-BAST_RS01210	1236	999.148	4	0.7311
gene-BAST_RS01215	1545	1308.15	0	0
gene-BAST_RS01220	3495	3258.15	1	0.05605
gene-BAST_RS08710	1902	1665.15	0	0
gene-BAST_RS01240	843	607.102	0	0
gene-BAST_RS01245	900	663.72	0	0
gene-BAST_RS01250	690	455.704	0	0
gene-BAST_RS01255	1362	1125.15	0	0
gene-BAST_RS01260	1014	777.148	0	0
gene-BAST_RS01265	2028	1791.15	1	0.101957
gene-BAST_RS01270	1635	1398.15	0	0
gene-BAST_RS01275	771	535.607	1	0.340958
gene-BAST_RS01280	417	208.169	23	20.1771
gene-BAST_RS01285	4788	4551.15	6	0.240756
gene-BAST_RS01290	1251	1014.15	0	0
gene-BAST_RS01295	705	470.425	0	0
gene-BAST_RS01300	369	170.944	0	0
gene-BAST_RS01305	741	506.126	13	4.69063
gene-BAST_RS01310	3153	2916.15	2	0.125247
gene-BAST_RS09000	438	224.858	0	0
gene-BAST_RS01320	1323	1086.15	1	0.168135
gene-BAST_RS01325	987	750.224	0	0
gene-BAST_RS01330	2052	1815.15	0	0
gene-BAST_RS01335	948	711.441	0	0
gene-BAST_RS01340	747	511.974	0	0
gene-BAST_RS01345	621	388.575	3	1.40992
gene-BAST_RS01350	597	365.527	0	0
gene-BAST_RS01355	2274	2037.15	0	0
gene-BAST_RS01360	438	224.858	0	0
gene-BAST_RS01365	504	280.361	1	0.651372
gene-BAST_RS01370	1434	1197.15	0	0
gene-BAST_RS01380	675	441.199	0	0
gene-BAST_RS01385	1407	1170.15	0	0
gene-BAST_RS01390	1443	1206.15	8	1.21126
gene-BAST_RS01395	1443	1206.15	1	0.151407
gene-BAST_RS01400	759	523.871	0	0
gene-BAST_RS01405	1557	1320.15	0	0
gene-BAST_RS01410	945	708.441	0	0
gene-BAST_RS01415	2013	1776.15	0	0
gene-BAST_RS01420	1188	951.148	0	0
gene-BAST_RS01425	891	654.786	1	0.278899
gene-BAST_RS01430	1275	1038.15	0	0
gene-BAST_RS01435	1071	834.148	0	0
gene-BAST_RS01440	297	119.014	6	9.20663
gene-BAST_RS01445	618	385.73	3	1.42031
gene-BAST_RS01450	249	89.949	0	0
gene-BAST_RS01455	450	234.736	2	1.55595
gene-BAST_RS01460	348	155.386	1	1.17526
gene-BAST_RS01465	507	283.041	0	0
gene-BAST_RS01470	1338	1101.15	0	0
gene-BAST_RS01475	657	423.677	3	1.2931
gene-BAST_RS01480	867	630.915	0	0
gene-BAST_RS08715	1053	816.148	0	0
gene-BAST_RS01490	789	553.388	2	0.660004
gene-BAST_RS01495	1098	861.148	1	0.212065
gene-BAST_RS01500	1218	981.148	1	0.186128
gene-BAST_RS01505	2412	2175.15	30	2.51871
gene-BAST_RS01510	723	488.376	0	0
gene-BAST_RS01515	1527	1290.15	1	0.141549
gene-BAST_RS01530	1176	939.148	29	5.63911
gene-BAST_RS01535	231	78.702	2	4.64078
gene-BAST_RS01540	1053	816.148	6	1.34255
gene-BAST_RS01545	1791	1554.15	5	0.587522
gene-BAST_RS01550	1812	1575.15	3	0.347813
gene-BAST_RS01555	1494	1257.15	18	2.61476
gene-BAST_RS01560	960	723.297	1	0.252481
gene-BAST_RS09195	294	117.242	0	0
gene-BAST_RS01570	789	553.388	1	0.330002
gene-BAST_RS01575	1404	1167.15	1	0.156466
gene-BAST_RS01580	687	452.796	0	0
gene-BAST_RS08720	963	726.297	5	1.25719
gene-BAST_RS01590	2712	2475.15	2	0.147562
gene-BAST_RS08725	1119	882.148	1	0.207017
gene-BAST_RS01600	1332	1095.15	5	0.833765
gene-BAST_RS01605	894	657.786	0	0
gene-BAST_RS01610	999	762.148	3	0.718834
gene-BAST_RS01615	1149	912.148	1	0.200208
gene-BAST_RS01620	822	586.162	3	0.934653
gene-BAST_RS01625	453	236.93	0	0
gene-BAST_RS01630	597	365.527	1	0.499605
gene-BAST_RS01635	801	565.277	0	0
gene-BAST_RS01640	1029	792.148	0	0
gene-BAST_RS01645	195	56.8308	1	3.21338
gene-BAST_RS01650	2478	2241.15	1	0.0814847
gene-BAST_RS01655	618	385.73	0	0
gene-BAST_RS01660	843	607.102	0	0
gene-BAST_RS01665	981	744.224	0	0
gene-BAST_RS01670	633	400.256	0	0
gene-BAST_RS01675	1353	1116.15	0	0
gene-BAST_RS01680	663	429.548	0	0
gene-BAST_RS01685	948	711.441	1	0.256689
gene-BAST_RS01690	1404	1167.15	0	0
gene-BAST_RS01695	1017	780.148	1	0.234083
gene-BAST_RS01700	819	583.162	11	3.44469
gene-BAST_RS01705	1497	1260.15	8	1.15935
gene-BAST_RS01710	705	470.425	3	1.1646
gene-BAST_RS01715	606	374.341	0	0
gene-BAST_RS01720	234	80.3412	2	4.54609
gene-BAST_RS01725	459	242.039	7	5.28152
gene-BAST_RS01730	963	726.297	0	0
gene-BAST_RS01735	1617	1380.15	3	0.396956
gene-BAST_RS01740	1311	1074.15	0	0
gene-BAST_RS01745	936	699.582	1	0.26104
gene-BAST_RS01750	882	645.786	0	0
gene-BAST_RS01755	1131	894.148	0	0
gene-BAST_RS01760	1011	774.148	1	0.235897
gene-BAST_RS01765	1578	1341.15	4	0.544665
gene-BAST_RS01770	726	491.327	0	0
gene-BAST_RS01775	1965	1728.15	2	0.211347
gene-BAST_RS01780	660	426.634	0	0
gene-BAST_RS01785	555	325.955	1	0.560259
gene-BAST_RS01790	1941	1704.15	2	0.214323
gene-BAST_RS01795	762	526.713	0	0
gene-BAST_RS01805	195	56.8308	7	22.4937
gene-BAST_RS01810	621	388.575	1	0.469972
gene-BAST_RS01815	606	374.341	1	0.487842
gene-BAST_RS01820	510	285.63	0	0
gene-BAST_RS01825	312	129.046	0	0
gene-BAST_RS01830	1014	777.148	2	0.469973
gene-BAST_RS01835	1347	1110.15	5	0.822499
gene-BAST_RS01840	639	406.134	0	0
gene-BAST_RS01845	765	529.66	1	0.344786
gene-BAST_RS01850	687	452.796	1	0.403315
gene-BAST_RS01855	2925	2688.15	10	0.67935
gene-BAST_RS01860	2904	2667.15	4	0.273879
gene-BAST_RS01865	249	89.949	0	0
gene-BAST_RS01870	2934	2697.15	5	0.338541
gene-BAST_RS09005	2751	2514.15	6	0.43582
gene-BAST_RS01885	2940	2703.15	8	0.540464
gene-BAST_RS01900	1125	888.148	0	0
gene-BAST_RS01905	1698	1461.15	3	0.37495
gene-BAST_RS01910	372	173.403	3	3.15945
gene-BAST_RS01915	765	529.66	0	0
gene-BAST_RS01920	708	473.425	0	0
gene-BAST_RS01925	1077	840.148	0	0
gene-BAST_RS01930	1395	1158.15	2	0.315364
gene-BAST_RS01935	1515	1278.15	4	0.571512
gene-BAST_RS01940	693	458.704	1	0.398119
gene-BAST_RS01945	261	97.1757	0	0
gene-BAST_RS01950	1977	1740.15	29	3.04339
gene-BAST_RS01955	852	616.102	21	6.22462
gene-BAST_RS08730	1503	1266.15	0	0
gene-BAST_RS01965	849	613.102	0	0
gene-BAST_RS01970	798	562.277	0	0
gene-BAST_RS01975	1572	1335.15	0	0
gene-BAST_RS01980	1104	867.148	0	0
gene-BAST_RS01985	954	717.37	1	0.254568
gene-BAST_RS01990	981	744.224	0	0
gene-BAST_RS01995	780	544.553	1	0.335356
gene-BAST_RS02000	987	750.224	1	0.24342
gene-BAST_RS02005	204	62.0897	3	8.82365
gene-BAST_RS02010	1401	1164.15	1	0.156869
gene-BAST_RS09010	3888	3651.15	1	0.0500169
gene-BAST_RS02020	1008	771.148	14	3.31541
gene-BAST_RS02025	345	153.15	1	1.19242
gene-BAST_RS02030	630	397.376	2	0.919124
gene-BAST_RS02035	858	622.04	3	0.880743
gene-BAST_RS02040	1038	801.148	0	0
gene-BAST_RS02045	1599	1362.15	2	0.268134
gene-BAST_RS02050	414	205.808	0	0
gene-BAST_RS02055	1191	954.148	0	0
gene-BAST_RS02060	2424	2187.15	0	0
gene-BAST_RS02065	1044	807.148	0	0
gene-BAST_RS09200	336	146.093	1	1.25002
gene-BAST_RS02075	1248	1011.15	0	0
gene-BAST_RS02080	720	485.425	1	0.376205
gene-BAST_RS02085	2226	1989.15	4	0.367231
gene-BAST_RS02090	1290	1053.15	4	0.693613
gene-BAST_RS02095	705	470.425	0	0
gene-BAST_RS02100	909	672.72	1	0.271464
gene-BAST_RS02105	1284	1047.15	0	0
gene-BAST_RS02110	1263	1026.15	2	0.355932
gene-BAST_RS02115	273	105.037	5	8.69311
gene-BAST_RS02120	1365	1128.15	4	0.647501
gene-BAST_RS02125	654	420.762	1	0.43402
gene-BAST_RS02130	1005	768.148	0	0
gene-BAST_RS02135	663	429.548	0	0
gene-BAST_RS02140	3567	3330.15	25	1.37095
gene-BAST_RS02145	4161	3924.15	11	0.51191
gene-BAST_RS02150	2415	2178.15	1	0.0838415
gene-BAST_RS02155	1248	1011.15	0	0
gene-BAST_RS09015	1236	999.148	1	0.182775
gene-BAST_RS02165	5427	5190.15	5	0.175929
gene-BAST_RS08745	1557	1320.15	0	0
gene-BAST_RS02175	4608	4371.15	8	0.334227
gene-BAST_RS02180	4089	3852.15	4	0.189628
gene-BAST_RS02185	816	580.22	0	0
gene-BAST_RS02190	1311	1074.15	1	0.170013
gene-BAST_RS02195	738	503.227	0	0
gene-BAST_RS02200	906	669.72	1	0.27268
gene-BAST_RS02205	1854	1617.15	9	1.01634
gene-BAST_RS02210	1068	831.148	23	5.05354
gene-BAST_RS02215	759	523.871	0	0
gene-BAST_RS02220	2616	2379.15	5	0.383791
gene-BAST_RS02225	1377	1140.15	5	0.800858
gene-BAST_RS02230	654	420.762	1	0.43402
gene-BAST_RS02235	693	458.704	0	0
gene-BAST_RS02240	1119	882.148	28	5.79646
gene-BAST_RS02245	1131	894.148	1	0.204238
gene-BAST_RS02255	750	514.922	0	0
gene-BAST_RS02260	1038	801.148	1	0.227947
gene-BAST_RS02265	204	62.0897	1	2.94122
gene-BAST_RS02270	1371	1134.15	0	0
gene-BAST_RS02275	957	720.37	3	0.760523
gene-BAST_RS02280	1389	1152.15	1	0.158503
gene-BAST_RS08750	3582	3345.15	1	0.0545923
gene-BAST_RS08755	3593	3356.15	2	0.108827
gene-BAST_RS02300	3564	3327.15	0	0
gene-BAST_RS02305	3528	3291.15	0	0
gene-BAST_RS08760	3585	3348.15	0	0
gene-BAST_RS02315	1029	792.148	0	0
gene-BAST_RS02320	2424	2187.15	0	0
gene-BAST_RS08765	3522	3285.15	11	0.611483
gene-BAST_RS02330	3696	3459.15	16	0.84469
gene-BAST_RS02335	3222	2985.15	30	1.83528
gene-BAST_RS08770	1494	1257.15	1	0.145265
gene-BAST_RS02345	549	320.48	0	0
gene-BAST_RS02350	672	438.199	1	0.416749
gene-BAST_RS02355	789	553.388	0	0
gene-BAST_RS02360	1002	765.148	0	0
gene-BAST_RS08775	3933	3696.15	2	0.098816
gene-BAST_RS02370	342	150.555	0	0
gene-BAST_RS02375	630	397.376	0	0
gene-BAST_RS02380	864	627.915	0	0
gene-BAST_RS02385	942	705.582	0	0
gene-BAST_RS02390	579	348.788	0	0
gene-BAST_RS09205	249	89.949	0	0
gene-BAST_RS09020	264	99.2773	0	0
gene-BAST_RS02400	1462	1225.15	0	0
gene-BAST_RS02405	450	234.736	0	0
gene-BAST_RS02410	924	687.652	0	0
gene-BAST_RS02415	870	633.915	0	0
gene-BAST_RS02425	1026	789.148	1	0.231413
gene-BAST_RS02430	312	129.046	0	0
gene-BAST_RS02435	1299	1062.15	1	0.171934
gene-BAST_RS02440	4587	4350.15	10	0.4198
gene-BAST_RS02445	645	411.887	0	0
gene-BAST_RS02450	618	385.73	0	0
gene-BAST_RS02455	1335	1098.15	0	0
gene-BAST_RS02460	1356	1119.15	0	0
gene-BAST_RS02465	2115	1878.15	0	0
gene-BAST_RS02470	2301	2064.15	2	0.176944
gene-BAST_RS02475	1275	1038.15	1	0.175909
gene-BAST_RS02480	3345	3108.15	5	0.293775
gene-BAST_RS02485	948	711.441	14	3.59365
gene-BAST_RS02490	969	732.297	3	0.748135
gene-BAST_RS02495	852	616.102	3	0.889231
gene-BAST_RS02500	786	550.388	3	0.995402
gene-BAST_RS02505	966	729.297	0	0
gene-BAST_RS02510	633	400.256	0	0
gene-BAST_RS02515	888	651.786	1	0.280183
gene-BAST_RS02520	240	84.4063	1	2.16357
gene-BAST_RS08780	1572	1335.15	5	0.683891
gene-BAST_RS02530	1491	1254.15	0	0
gene-BAST_RS02535	1623	1386.15	3	0.395237
gene-BAST_RS02540	864	627.915	2	0.581668
gene-BAST_RS02545	417	208.169	6	5.26358
gene-BAST_RS02550	1464	1227.15	1	0.148816
gene-BAST_RS02560	1797	1560.15	7	0.819367
gene-BAST_RS02565	1257	1020.15	0	0
gene-BAST_RS02570	1221	984.148	0	0
gene-BAST_RS02575	1722	1485.15	2	0.245927
gene-BAST_RS02580	723	488.376	0	0
gene-BAST_RS02585	795	559.277	0	0
gene-BAST_RS02590	1431	1194.15	2	0.305857
gene-BAST_RS02595	1197	960.148	0	0
gene-BAST_RS02600	1524	1287.15	0	0
gene-BAST_RS02605	1293	1056.15	1	0.172911
gene-BAST_RS02610	1066	829.148	2	0.440499
gene-BAST_RS02615	336	146.093	1	1.25002
gene-BAST_RS02620	1518	1281.15	5	0.712717
gene-BAST_RS02625	1098	861.148	0	0
gene-BAST_RS02630	1179	942.148	8	1.55066
gene-BAST_RS02635	468	249.142	0	0
gene-BAST_RS02640	285	112.337	0	0
gene-BAST_RS02645	1308	1071.15	15	2.55734
gene-BAST_RS02650	531	304.451	0	0
gene-BAST_RS02655	930	693.652	0	0
gene-BAST_RS02660	3558	3321.15	6	0.329921
gene-BAST_RS02665	1398	1161.15	2	0.314549
gene-BAST_RS02670	1149	912.148	0	0
gene-BAST_RS02675	603	371.341	1	0.491783
gene-BAST_RS02680	753	517.871	1	0.352635
gene-BAST_RS02685	774	538.607	0	0
gene-BAST_RS02690	732	497.278	0	0
gene-BAST_RS02695	1338	1101.15	0	0
gene-BAST_RS02700	834	598.102	0	0
gene-BAST_RS02705	4092	3855.15	2	0.0947404
gene-BAST_RS02710	669	435.331	0	0
gene-BAST_RS02715	1524	1287.15	2	0.283758
gene-BAST_RS02720	963	726.297	1	0.251439
gene-BAST_RS02725	930	693.652	1	0.263272
gene-BAST_RS02730	651	417.762	0	0
gene-BAST_RS08785	429	217.564	0	0
gene-BAST_RS02740	483	262.155	1	0.696607
gene-BAST_RS02745	2235	1998.15	4	0.365577
gene-BAST_RS02750	483	262.155	2	1.39321
gene-BAST_RS02755	1047	810.148	3	0.676244
gene-BAST_RS02760	492	269.905	0	0
gene-BAST_RS02765	1782	1545.15	0	0
gene-BAST_RS02770	882	645.786	2	0.565571
gene-BAST_RS02775	1500	1263.15	0	0
gene-BAST_RS02780	1104	867.148	0	0
gene-BAST_RS02785	1440	1203.15	2	0.303569
gene-BAST_RS02790	1224	987.148	1	0.184997
gene-BAST_RS02795	1233	996.148	2	0.366651
gene-BAST_RS02800	1578	1341.15	0	0
gene-BAST_RS02805	894	657.786	0	0
gene-BAST_RS02810	501	277.795	0	0
gene-BAST_RS02815	519	293.616	0	0
gene-BAST_RS02820	363	166.29	0	0
gene-BAST_RS02830	1440	1203.15	0	0
gene-BAST_RS02835	279	108.464	0	0
gene-BAST_RS02840	255	93.4477	0	0
gene-BAST_RS02845	972	735.297	6	1.49017
gene-BAST_RS02850	1623	1386.15	28	3.68888
gene-BAST_RS02855	1476	1239.15	7	1.03162
gene-BAST_RS02860	900	663.72	3	0.825434
gene-BAST_RS02865	1278	1041.15	1	0.175402
gene-BAST_RS02870	1344	1107.15	6	0.989674
gene-BAST_RS02875	990	753.224	0	0
gene-BAST_RS02880	774	538.607	0	0
gene-BAST_RS02885	1362	1125.15	0	0
gene-BAST_RS02890	3141	2904.15	0	0
gene-BAST_RS02895	999	762.148	0	0
gene-BAST_RS02900	897	660.786	0	0
gene-BAST_RS02905	1365	1128.15	0	0
gene-BAST_RS02910	3150	2913.15	0	0
gene-BAST_RS02915	1302	1065.15	1	0.17145
gene-BAST_RS02920	972	735.297	0	0
gene-BAST_RS02925	840	604.102	0	0
gene-BAST_RS02930	1293	1056.15	1	0.172911
gene-BAST_RS02935	1140	903.148	1	0.202203
gene-BAST_RS02940	3258	3021.15	2	0.120894
gene-BAST_RS02945	1542	1305.15	0	0
gene-BAST_RS02950	1236	999.148	0	0
gene-BAST_RS02955	555	325.955	0	0
gene-BAST_RS02960	1710	1473.15	4	0.495861
gene-BAST_RS02965	1422	1185.15	3	0.462269
gene-BAST_RS02970	3639	3402.15	0	0
gene-BAST_RS09030	162	39.1658	0	0
gene-BAST_RS02975	1569	1332.15	3	0.411259
gene-BAST_RS02980	735	500.227	1	0.365072
gene-BAST_RS02985	732	497.278	0	0
gene-BAST_RS02990	222	73.7674	0	0
gene-BAST_RS02995	954	717.37	0	0
gene-BAST_RS03000	1047	810.148	1	0.225415
gene-BAST_RS03005	507	283.041	1	0.645204
gene-BAST_RS08790	597	365.527	1	0.499605
gene-BAST_RS03015	1056	819.148	73	16.2745
gene-BAST_RS03020	426	215.129	0	0
gene-BAST_RS03025	813	577.22	0	0
gene-BAST_RS03030	357	161.939	0	0
gene-BAST_RS03035	738	503.227	0	0
gene-BAST_RS03040	978	741.224	2	0.492751
gene-BAST_RS03045	672	438.199	2	0.833498
gene-BAST_RS03050	195	56.8308	5	16.0669
gene-BAST_RS03055	384	182.393	3	3.00373
gene-BAST_RS03060	1752	1515.15	0	0
gene-BAST_RS03065	930	693.652	0	0
gene-BAST_RS03070	840	604.102	1	0.302298
gene-BAST_RS03075	732	497.278	0	0
gene-BAST_RS03080	663	429.548	0	0
gene-BAST_RS03085	1920	1683.15	8	0.867989
gene-BAST_RS03090	474	254.347	0	0
gene-BAST_RS03095	987	750.224	1	0.24342
gene-BAST_RS03100	1038	801.148	2	0.455894
gene-BAST_RS03105	273	105.037	0	0
gene-BAST_RS03110	966	729.297	1	0.250404
gene-BAST_RS03115	1671	1434.15	1	0.127336
gene-BAST_RS03120	1662	1425.15	5	0.640703
gene-BAST_RS03125	927	690.652	3	0.793247
gene-BAST_RS03130	1005	768.148	1	0.23774
gene-BAST_RS03135	1998	1761.15	3	0.31108
gene-BAST_RS03140	858	622.04	1	0.293581
gene-BAST_RS03145	648	414.804	0	0
gene-BAST_RS03150	1287	1050.15	0	0
gene-BAST_RS03155	696	461.658	0	0
gene-BAST_RS03160	2469	2232.15	2	0.163626
gene-BAST_RS03165	2739	2502.15	1	0.072985
gene-BAST_RS03170	804	568.277	5	1.60678
gene-BAST_RS08795	3555	3318.15	1.50068	0.082592
gene-BAST_RS08800	3213	2976.15	0	0
gene-BAST_RS03190	840	604.102	0	0
gene-BAST_RS03195	750	514.922	0	0
gene-BAST_RS03200	1458	1221.15	2	0.299094
gene-BAST_RS03205	1005	768.148	0	0
gene-BAST_RS03210	522	296.313	0	0
gene-BAST_RS03215	720	485.425	0	0
gene-BAST_RS03220	2724	2487.15	2	0.14685
gene-BAST_RS03225	606	374.341	4	1.95137
gene-BAST_RS03230	570	340.278	0	0
gene-BAST_RS03235	498	275.081	14	9.29422
gene-BAST_RS03240	234	80.3412	0	0
gene-BAST_RS03245	1038	801.148	2	0.455894
gene-BAST_RS09035	1089	852.148	0	0
gene-BAST_RS03255	675	441.199	12	4.96698
gene-BAST_RS03260	2928	2691.15	13	0.88217
gene-BAST_RS03265	1101	864.148	1	0.211329
gene-BAST_RS03270	546	317.643	1	0.57492
gene-BAST_RS03275	690	455.704	1	0.40074
gene-BAST_RS03280	2244	2007.15	1	0.0909844
gene-BAST_RS03285	1236	999.148	0	0
gene-BAST_RS03290	723	488.376	0	0
gene-BAST_RS03295	1443	1206.15	13	1.96829
gene-BAST_RS03300	2349	2112.15	0	0
gene-BAST_RS03305	4947	4710.15	0	0
gene-BAST_RS03310	2637	2400.15	1	0.0760866
gene-BAST_RS03315	1224	987.148	0	0
gene-BAST_RS03320	1080	843.148	7	1.51615
gene-BAST_RS03325	294	117.242	0	0
gene-BAST_RS03330	465	246.848	0	0
gene-BAST_RS03335	2361	2124.15	7	0.60181
gene-BAST_RS03345	1542	1305.15	6	0.839533
gene-BAST_RS03350	1386	1149.15	2	0.317834
gene-BAST_RS03355	1803	1566.15	6	0.699624
gene-BAST_RS03360	834	598.102	2	0.610662
gene-BAST_RS03365	831	595.102	0	0
gene-BAST_RS03370	678	444.021	0	0
gene-BAST_RS03375	1197	960.148	0	0
gene-BAST_RS03380	717	482.425	0	0
gene-BAST_RS03385	807	571.277	0	0
gene-BAST_RS03390	249	89.949	0	0
gene-BAST_RS03395	2604	2367.15	1	0.0771474
gene-BAST_RS03400	795	559.277	1	0.326527
gene-BAST_RS03405	1512	1275.15	4	0.572857
gene-BAST_RS03410	1395	1158.15	1	0.157682
gene-BAST_RS03415	1398	1161.15	3	0.471824
gene-BAST_RS03420	441	227.347	1	0.803264
gene-BAST_RS03425	579	348.788	0	0
gene-BAST_RS03430	1047	810.148	4	0.901659
gene-BAST_RS03435	492	269.905	0	0
gene-BAST_RS03440	540	312.253	2	1.16969
gene-BAST_RS03445	372	173.403	0	0
gene-BAST_RS08805	1035	798.148	0	0
gene-BAST_RS03455	1665	1428.15	1	0.127871
gene-BAST_RS03460	1674	1437.15	0	0
gene-BAST_RS03465	237	82.3177	0	0
gene-BAST_RS03470	2376	2139.15	162	13.83
gene-BAST_RS03475	882	645.786	9	2.54507
gene-BAST_RS03480	1218	981.148	0	0
gene-BAST_RS03485	1377	1140.15	6	0.961029
gene-BAST_RS03490	588	357.074	11	5.62576
gene-BAST_RS03495	669	435.331	3	1.25849
gene-BAST_RS03500	1314	1077.15	0	0
gene-BAST_RS03505	939	702.582	3	0.779777
gene-BAST_RS03510	1770	1533.15	0	0
gene-BAST_RS03515	408	201.092	1	0.908136
gene-BAST_RS03520	957	720.37	0	0
gene-BAST_RS03525	723	488.376	0	0
gene-BAST_RS03530	1482	1245.15	0	0
gene-BAST_RS03535	1308	1071.15	2	0.340979
gene-BAST_RS03540	1305	1068.15	4	0.683872
gene-BAST_RS03545	558	328.755	1	0.555487
gene-BAST_RS03550	681	446.977	0	0
gene-BAST_RS03555	1017	780.148	1	0.234083
gene-BAST_RS03565	798	562.277	4	1.29914
gene-BAST_RS03570	1386	1149.15	0	0
gene-BAST_RS03575	477	256.972	2	1.42132
gene-BAST_RS03580	741	506.126	1	0.360817
gene-BAST_RS03585	930	693.652	1	0.263272
gene-BAST_RS03590	1086	849.148	0	0
gene-BAST_RS03595	966	729.297	0	0
gene-BAST_RS03600	1467	1230.15	0	0
gene-BAST_RS03605	996	759.148	0	0
gene-BAST_RS03610	1164	927.148	0	0
gene-BAST_RS03620	1026	789.148	6	1.38848
gene-BAST_RS09210	525	298.977	1	0.610814
gene-BAST_RS03630	951	714.441	2	0.511223
gene-BAST_RS03635	816	580.22	0	0
gene-BAST_RS03640	2895	2658.15	4	0.274807
gene-BAST_RS03645	663	429.548	0	0
gene-BAST_RS09040	2226	1989.15	0	0
gene-BAST_RS03655	978	741.224	1	0.246375
gene-BAST_RS03660	603	371.341	0	0
gene-BAST_RS03665	789	553.388	0	0
gene-BAST_RS03670	513	288.215	0	0
gene-BAST_RS03675	1044	807.148	1	0.226252
gene-BAST_RS03685	1536	1299.15	0	0
gene-BAST_RS08810	666	432.418	0	0
gene-BAST_RS03695	1827	1590.15	0	0
gene-BAST_RS03700	1542	1305.15	0	0
gene-BAST_RS03705	1236	999.148	1	0.182775
gene-BAST_RS03710	1125	888.148	0	0
gene-BAST_RS03715	555	325.955	0	0
gene-BAST_RS03720	1983	1746.15	4	0.418336
gene-BAST_RS03725	483	262.155	0	0
gene-BAST_RS03730	870	633.915	6	1.72849
gene-BAST_RS03735	852	616.102	1	0.29641
gene-BAST_RS03740	756	520.871	3	1.05181
gene-BAST_RS03745	555	325.955	6	3.36155
gene-BAST_RS03750	990	753.224	0	0
gene-BAST_RS03755	1188	951.148	1	0.191999
gene-BAST_RS03760	777	541.553	0	0
gene-BAST_RS03765	435	222.584	0	0
gene-BAST_RS03770	2106	1869.15	2	0.195404
gene-BAST_RS03775	891	654.786	0	0
gene-BAST_RS03780	912	675.72	0	0
gene-BAST_RS03785	666	432.418	2	0.844642
gene-BAST_RS03790	264	99.2773	5	9.19743
gene-BAST_RS03795	852	616.102	1	0.29641
gene-BAST_RS03800	618	385.73	1	0.473437
gene-BAST_RS03805	957	720.37	0	0
gene-BAST_RS03810	333	144.04	0	0
gene-BAST_RS03815	834	598.102	0	0
gene-BAST_RS03820	444	229.732	2	1.58985
gene-BAST_RS03825	597	365.527	0	0
gene-BAST_RS03830	732	497.278	1	0.367238
gene-BAST_RS03835	348	155.386	0	0
gene-BAST_RS03840	2565	2328.15	2	0.156879
gene-BAST_RS03845	324	137.442	0	0
gene-BAST_RS03850	1956	1719.15	8	0.849813
gene-BAST_RS03855	1431	1194.15	2	0.305857
gene-BAST_RS03865	1581	1344.15	0	0
gene-BAST_RS03870	210	66.0331	0	0
gene-BAST_RS09045	1671	1434.15	0	0
gene-BAST_RS03880	858	622.04	0	0
gene-BAST_RS09050	2248	2011.15	0	0
gene-BAST_RS03890	1125	888.148	0	0
gene-BAST_RS03895	675	441.199	0	0
gene-BAST_RS03900	1332	1095.15	0	0
gene-BAST_RS03905	747	511.974	0	0
gene-BAST_RS03910	828	592.102	0	0
gene-BAST_RS03915	1020	783.148	0	0
gene-BAST_RS03920	804	568.277	0	0
gene-BAST_RS03925	528	301.637	0	0
gene-BAST_RS03930	627	394.456	0	0
gene-BAST_RS08830	1383	1146.15	0	0
gene-BAST_RS03940	1491	1254.15	0	0
gene-BAST_RS03945	405	198.514	0	0
gene-BAST_RS03950	900	663.72	0	0
gene-BAST_RS03955	759	523.871	0	0
gene-BAST_RS03960	618	385.73	0	0
gene-BAST_RS03965	846	610.102	0	0
gene-BAST_RS03970	597	365.527	0	0
gene-BAST_RS03975	534	307.013	1	0.594826
gene-BAST_RS03980	1389	1152.15	0	0
gene-BAST_RS03985	732	497.278	0	0
gene-BAST_RS03990	1041	804.148	0	0
gene-BAST_RS03995	678	444.021	1	0.411285
gene-BAST_RS04000	660	426.634	0	0
gene-BAST_RS04005	339	148.373	2	2.46162
gene-BAST_RS04010	729	494.327	0	0
gene-BAST_RS04015	477	256.972	0	0
gene-BAST_RS04020	2109	1872.15	3	0.292636
gene-BAST_RS04025	774	538.607	3	1.01718
gene-BAST_RS08835	1212	975.148	7	1.31091
gene-BAST_RS04035	240	84.4063	0	0
gene-BAST_RS04040	1374	1137.15	50	8.0297
gene-BAST_RS04045	1602	1365.15	0	0
gene-BAST_RS04050	1377	1140.15	0	0
gene-BAST_RS04055	924	687.652	0	0
gene-BAST_RS04060	1215	978.148	0	0
gene-BAST_RS04065	585	354.218	3	1.54667
gene-BAST_RS09055	615	382.808	4	1.90821
gene-BAST_RS04075	1062	825.148	0	0
gene-BAST_RS04080	612	379.885	0	0
gene-BAST_RS04085	582	351.575	1	0.519432
gene-BAST_RS04090	756	520.871	11	3.85664
gene-BAST_RS04095	1287	1050.15	0	0
gene-BAST_RS04100	1011	774.148	0	0
gene-BAST_RS04105	675	441.199	0	0
gene-BAST_RS04110	2046	1809.15	4	0.403768
gene-BAST_RS04115	801	565.277	7	2.26143
gene-BAST_RS04140	654	420.762	2	0.868041
gene-BAST_RS08840	3474	3237.15	0	0
gene-BAST_RS04155	876	639.915	0	0
gene-BAST_RS04160	795	559.277	3	0.979581
gene-BAST_RS04165	1137	900.148	1	0.202877
gene-BAST_RS04170	1056	819.148	4	0.891752
gene-BAST_RS04175	2103	1866.15	18	1.76146
gene-BAST_RS04180	1110	873.148	8	1.6732
gene-BAST_RS04185	924	687.652	0	0
gene-BAST_RS04190	1347	1110.15	2	0.329
gene-BAST_RS04195	759	523.871	0	0
gene-BAST_RS04200	249	89.949	8	16.242
gene-BAST_RS04205	783	547.388	3	1.00086
gene-BAST_RS04210	1197	960.148	8	1.52159
gene-BAST_RS04215	960	723.297	5	1.26241
gene-BAST_RS04220	900	663.72	3	0.825434
gene-BAST_RS04225	975	738.297	1	0.247352
gene-BAST_RS04230	2301	2064.15	1	0.088472
gene-BAST_RS04235	3039	2802.15	2	0.130342
gene-BAST_RS04240	603	371.341	0	0
gene-BAST_RS04245	1176	939.148	3	0.583356
gene-BAST_RS04250	1602	1365.15	1	0.133772
gene-BAST_RS04255	675	441.199	1	0.413915
gene-BAST_RS04260	1908	1671.15	1	0.109278
gene-BAST_RS04265	783	547.388	0	0
gene-BAST_RS04270	969	732.297	0	0
gene-BAST_RS04275	1080	843.148	0	0
gene-BAST_RS04280	750	514.922	0	0
gene-BAST_RS04285	972	735.297	0	0
gene-BAST_RS04290	846	610.102	0	0
gene-BAST_RS04295	1062	825.148	0	0
gene-BAST_RS04300	1419	1182.15	0	0
gene-BAST_RS04305	414	205.808	0	0
gene-BAST_RS04310	1035	798.148	0	0
gene-BAST_RS04315	3105	2868.15	1	0.0636715
gene-BAST_RS04320	303	122.716	0	0
gene-BAST_RS04325	882	645.786	5	1.41393
gene-BAST_RS04330	2337	2100.15	2	0.173911
gene-BAST_RS04335	561	331.688	1	0.550575
gene-BAST_RS04340	1134	897.148	0	0
gene-BAST_RS04345	1947	1710.15	1	0.106786
gene-BAST_RS04350	1764	1527.15	0	0
gene-BAST_RS04355	840	604.102	0	0
gene-BAST_RS04360	453	236.93	0	0
gene-BAST_RS04365	1548	1311.15	1	0.139282
gene-BAST_RS04370	4575	4338.15	3	0.126288
gene-BAST_RS04375	1305	1068.15	2	0.341936
gene-BAST_RS04380	1878	1641.15	6	0.667652
gene-BAST_RS04385	261	97.1757	5	9.39634
gene-BAST_RS04390	783	547.388	0	0
gene-BAST_RS04395	1128	891.148	2	0.409852
gene-BAST_RS04400	624	391.496	4	1.86586
gene-BAST_RS04405	1848	1611.15	9	1.02013
gene-BAST_RS04410	954	717.37	1	0.254568
gene-BAST_RS04415	1413	1176.15	1	0.155269
gene-BAST_RS04420	555	325.955	0	0
gene-BAST_RS04425	1194	957.148	2	0.38159
gene-BAST_RS04430	348	155.386	5	5.8763
gene-BAST_RS04435	801	565.277	0	0
gene-BAST_RS04445	1163	926.148	0	0
gene-BAST_RS04450	276	106.499	0	0
gene-BAST_RS04455	1263	1026.15	0	0
gene-BAST_RS04460	588	357.074	0	0
gene-BAST_RS04465	600	368.453	0	0
gene-BAST_RS04470	252	91.7168	0	0
gene-BAST_RS09060	393	189.447	4	3.85585
gene-BAST_RS04475	855	619.102	1	0.294974
gene-BAST_RS04480	729	494.327	1	0.36943
gene-BAST_RS04485	1245	1008.15	0	0
gene-BAST_RS04490	501	277.795	0	0
gene-BAST_RS04495	4350	4113.15	0	0
gene-BAST_RS04500	1162	925.148	0	0
gene-BAST_RS04505	867	630.915	2	0.578903
gene-BAST_RS04510	1317	1080.15	1	0.169069
gene-BAST_RS09215	360	164.089	1	1.11293
gene-BAST_RS04520	588	357.074	1	0.511433
gene-BAST_RS04525	1275	1038.15	1	0.175909
gene-BAST_RS04530	780	544.553	7	2.34749
gene-BAST_RS04535	1227	990.148	2	0.368873
gene-BAST_RS04540	1455	1218.15	3	0.449746
gene-BAST_RS04545	1665	1428.15	1	0.127871
gene-BAST_RS04550	2544	2307.15	2	0.158307
gene-BAST_RS04555	471	251.746	1	0.72541
gene-BAST_RS04560	1632	1395.15	2	0.261792
gene-BAST_RS04565	1194	957.148	2	0.38159
gene-BAST_RS04570	477	256.972	0	0
gene-BAST_RS04575	1197	960.148	0	0
gene-BAST_RS04580	465	246.848	0	0
gene-BAST_RS04585	2682	2445.15	6	0.448118
gene-BAST_RS04590	240	84.4063	0	0
gene-BAST_RS04595	432	220.183	1	0.829397
gene-BAST_RS04600	669	435.331	2	0.83899
gene-BAST_RS04605	627	394.456	3	1.38889
gene-BAST_RS04610	687	452.796	0	0
gene-BAST_RS04615	1278	1041.15	0	0
gene-BAST_RS04620	573	343.139	0	0
gene-BAST_RS04625	1338	1101.15	0	0
gene-BAST_RS04630	1194	957.148	0	0
gene-BAST_RS04635	957	720.37	0	0
gene-BAST_RS04640	1263	1026.15	2	0.355932
gene-BAST_RS04645	654	420.762	0	0
gene-BAST_RS04650	2514	2277.15	4	0.320786
gene-BAST_RS04655	294	117.242	13	20.2492
gene-BAST_RS04660	591	359.748	0	0
gene-BAST_RS04665	993	756.224	0	0
gene-BAST_RS04670	1173	936.148	5	0.975376
gene-BAST_RS04675	825	589.162	0	0
gene-BAST_RS04680	1008	771.148	0	0
gene-BAST_RS09220	327	139.697	0	0
gene-BAST_RS04685	231	78.702	2	4.64078
gene-BAST_RS09225	183	49.9191	0	0
gene-BAST_RS04690	597	365.527	1	0.499605
gene-BAST_RS04695	357	161.939	0	0
gene-BAST_RS04700	1563	1326.15	1	0.137707
gene-BAST_RS04705	2475	2238.15	28	2.28463
gene-BAST_RS04710	2499	2262.15	0	0
gene-BAST_RS04715	1272	1035.15	0	0
gene-BAST_RS04720	1011	774.148	0	0
gene-BAST_RS04725	1716	1479.15	0	0
gene-BAST_RS04730	1227	990.148	4	0.737745
gene-BAST_RS04735	801	565.277	0	0
gene-BAST_RS04740	1350	1113.15	2	0.328113
gene-BAST_RS09065	1287	1050.15	0	0
gene-BAST_RS04760	696	461.658	0	0
gene-BAST_RS04765	732	497.278	0	0
gene-BAST_RS04770	822	586.162	0	0
gene-BAST_RS04775	684	449.977	2	0.811683
gene-BAST_RS04780	918	681.652	3	0.80372
gene-BAST_RS04785	2895	2658.15	2	0.137403
gene-BAST_RS04790	648	414.804	9	3.96229
gene-BAST_RS04800	594	362.675	1	0.503535
gene-BAST_RS04805	1443	1206.15	14	2.1197
gene-BAST_RS04810	999	762.148	1	0.239611
gene-BAST_RS04815	2112	1875.15	4	0.389557
gene-BAST_RS04820	633	400.256	1	0.456256
gene-BAST_RS04825	1506	1269.15	35	5.03619
gene-BAST_RS04830	1083	846.148	0	0
gene-BAST_RS04835	876	639.915	0	0
gene-BAST_RS04840	828	592.102	0	0
gene-BAST_RS04845	480	259.538	0	0
gene-BAST_RS04850	615	382.808	1	0.477052
gene-BAST_RS04855	744	509.025	3	1.07629
gene-BAST_RS04860	1131	894.148	0	0
gene-BAST_RS04865	621	388.575	4	1.87989
gene-BAST_RS04870	1353	1116.15	2	0.327231
gene-BAST_RS04875	780	544.553	0	0
gene-BAST_RS04880	813	577.22	0	0
gene-BAST_RS04885	435	222.584	0	0
gene-BAST_RS04890	1524	1287.15	0	0
gene-BAST_RS04895	3141	2904.15	2	0.125764
gene-BAST_RS04900	258	95.3596	1	1.91506
gene-BAST_RS04905	1434	1197.15	0	0
gene-BAST_RS04910	1212	975.148	0	0
gene-BAST_RS04915	1974	1737.15	0	0
gene-BAST_RS04920	279	108.464	6	10.1021
gene-BAST_RS04925	1488	1251.15	3	0.437884
gene-BAST_RS04930	921	684.652	0	0
gene-BAST_RS04935	480	259.538	3	2.1109
gene-BAST_RS04940	408	201.092	2	1.81627
gene-BAST_RS04950	1002	765.148	1	0.238672
gene-BAST_RS04955	489	267.38	0	0
gene-BAST_RS04960	555	325.955	1	0.560259
gene-BAST_RS04965	1296	1059.15	26	4.48294
gene-BAST_RS04970	3621	3384.15	4	0.215852
gene-BAST_RS04975	600	368.453	0	0
gene-BAST_RS04980	513	288.215	0	0
gene-BAST_RS04985	3207	2970.15	3	0.184455
gene-BAST_RS04990	1164	927.148	0	0
gene-BAST_RS04995	639	406.134	0	0
gene-BAST_RS05000	1740	1503.15	5	0.607456
gene-BAST_RS05005	1377	1140.15	1	0.160172
gene-BAST_RS05010	588	357.074	0	0
gene-BAST_RS05015	381	179.973	0	0
gene-BAST_RS05020	1008	771.148	1	0.236815
gene-BAST_RS05025	210	66.0331	0	0
gene-BAST_RS09070	609	377.075	0	0
gene-BAST_RS05035	1344	1107.15	0	0
gene-BAST_RS09075	720	485.425	0	0
gene-BAST_RS05045	801	565.277	0	0
gene-BAST_RS05050	1107	870.148	3	0.629614
gene-BAST_RS05055	804	568.277	1	0.321356
gene-BAST_RS05060	1380	1143.15	0	0
gene-BAST_RS08845	3561	3324.15	1.49932	0.0823685
gene-BAST_RS08850	3601	3364.15	3	0.162852
gene-BAST_RS08855	3595	3358.15	1	0.0543809
gene-BAST_RS05085	3237	3000.15	0	0
gene-BAST_RS05090	1107	870.148	6	1.25923
gene-BAST_RS05095	972	735.297	0	0
gene-BAST_RS05100	2742	2505.15	1	0.0728976
gene-BAST_RS05105	690	455.704	0	0
gene-BAST_RS05110	2655	2418.15	0	0
gene-BAST_RS05115	885	648.786	0	0
gene-BAST_RS05120	2700	2463.15	0	0
gene-BAST_RS05125	888	651.786	0	0
gene-BAST_RS05130	1320	1083.15	0	0
gene-BAST_RS05135	891	654.786	1	0.278899
gene-BAST_RS05140	624	391.496	0	0
gene-BAST_RS05145	996	759.148	0	0
gene-BAST_RS05150	279	108.464	0	0
gene-BAST_RS05155	519	293.616	1	0.621965
gene-BAST_RS05160	1587	1350.15	0	0
gene-BAST_RS05165	1593	1356.15	0	0
gene-BAST_RS05170	345	153.15	0	0
gene-BAST_RS05175	1902	1665.15	0	0
gene-BAST_RS09080	1146	909.148	0	0
gene-BAST_RS05185	687	452.796	0	0
gene-BAST_RS05190	768	532.607	1	0.342878
gene-BAST_RS05195	753	517.871	0	0
gene-BAST_RS05200	915	678.72	1	0.269064
gene-BAST_RS05205	1164	927.148	0	0
gene-BAST_RS09085	180	48.1736	7	26.536
gene-BAST_RS05215	447	232.186	10	7.8652
gene-BAST_RS05220	561	331.688	12	6.6069
gene-BAST_RS08865	348	155.386	14	16.4537
gene-BAST_RS09230	264	99.2773	41	75.4189
gene-BAST_RS05235	1431	1194.15	0	0
gene-BAST_RS05240	1164	927.148	0	0
gene-BAST_RS09235	267	101.144	0	0
gene-BAST_RS05250	1713	1476.15	0	0
gene-BAST_RS05255	2019	1782.15	0	0
gene-BAST_RS08875	975	738.297	1	0.247352
gene-BAST_RS05270	1236	999.148	0	0
gene-BAST_RS05275	591	359.748	0	0
gene-BAST_RS09240	456	239.474	0	0
gene-BAST_RS05285	945	708.441	0	0
gene-BAST_RS05290	1443	1206.15	0	0
gene-BAST_RS05295	1059	822.148	0	0
gene-BAST_RS05300	317	132.751	0	0
gene-BAST_RS05305	933	696.652	0	0
gene-BAST_RS05315	201	60.3796	0	0
gene-BAST_RS05325	795	559.277	1	0.326527
gene-BAST_RS05330	1065	828.148	0	0
gene-BAST_RS05335	1776	1539.15	3	0.355949
gene-BAST_RS05340	1332	1095.15	2	0.333506
gene-BAST_RS05345	732	497.278	0	0
gene-BAST_RS05350	1446	1209.15	0	0
gene-BAST_RS05355	1236	999.148	1	0.182775
gene-BAST_RS05360	537	309.666	1	0.58973
gene-BAST_RS05365	975	738.297	2	0.494704
gene-BAST_RS05370	1275	1038.15	0	0
gene-BAST_RS05375	948	711.441	0	0
gene-BAST_RS05380	1170	933.148	0	0
gene-BAST_RS05385	1092	855.148	0	0
gene-BAST_RS05390	486	264.853	0	0
gene-BAST_RS05395	609	377.075	0	0
gene-BAST_RS05400	2607	2370.15	6	0.462298
gene-BAST_RS05405	1068	831.148	2	0.439439
gene-BAST_RS05410	921	684.652	1	0.266733
gene-BAST_RS05415	621	388.575	17	7.98953
gene-BAST_RS05420	2496	2259.15	0	0
gene-BAST_RS05425	657	423.677	1	0.431034
gene-BAST_RS05430	1377	1140.15	0	0
gene-BAST_RS05435	627	394.456	2	0.925929
gene-BAST_RS05440	1488	1251.15	0	0
gene-BAST_RS05445	735	500.227	1	0.365072
gene-BAST_RS05450	1437	1200.15	0	0
gene-BAST_RS05455	1347	1110.15	1	0.1645
gene-BAST_RS05460	1197	960.148	1	0.190199
gene-BAST_RS05465	2589	2352.15	3	0.232918
gene-BAST_RS05470	3432	3195.15	4	0.228621
gene-BAST_RS05475	2259	2022.15	2	0.180619
gene-BAST_RS05480	2238	2001.15	5	0.456286
gene-BAST_RS05485	1296	1059.15	2	0.344842
gene-BAST_RS05490	1188	951.148	0	0
gene-BAST_RS05495	771	535.607	1	0.340958
gene-BAST_RS05500	780	544.553	1	0.335356
gene-BAST_RS05505	774	538.607	3	1.01718
gene-BAST_RS05510	2061	1824.15	0	0
gene-BAST_RS05515	753	517.871	0	0
gene-BAST_RS05520	1206	969.148	0	0
gene-BAST_RS05525	849	613.102	0	0
gene-BAST_RS05530	864	627.915	0	0
gene-BAST_RS05535	672	438.199	0	0
gene-BAST_RS05540	627	394.456	10	4.62964
gene-BAST_RS05545	2433	2196.15	0	0
gene-BAST_RS05550	2580	2343.15	31	2.41606
gene-BAST_RS05555	1005	768.148	1	0.23774
gene-BAST_RS05560	390	187.171	4	3.90272
gene-BAST_RS05565	1923	1686.15	0	0
gene-BAST_RS05570	759	523.871	0	0
gene-BAST_RS05575	807	571.277	0	0
gene-BAST_RS05580	294	117.242	1	1.55763
gene-BAST_RS05585	1620	1383.15	82	10.8266
gene-BAST_RS05590	204	62.0897	48	141.178
gene-BAST_RS05595	633	400.256	0	0
gene-BAST_RS05600	789	553.388	0	0
gene-BAST_RS05605	1065	828.148	2	0.44103
gene-BAST_RS05610	933	696.652	0	0
gene-BAST_RS05615	534	307.013	0	0
gene-BAST_RS05620	1074	837.148	0	0
gene-BAST_RS05625	1029	792.148	0	0
gene-BAST_RS05630	552	323.12	0	0
gene-BAST_RS09245	192	55.1582	0	0
gene-BAST_RS05640	1428	1191.15	0	0
gene-BAST_RS05645	1446	1209.15	0	0
gene-BAST_RS05650	2472	2235.15	0	0
gene-BAST_RS05655	288	114.117	13	20.8037
gene-BAST_RS05660	1416	1179.15	0	0
gene-BAST_RS05665	204	62.0897	0	0
gene-BAST_RS05670	837	601.102	5	1.51904
gene-BAST_RS05675	1491	1254.15	0	0
gene-BAST_RS05680	1563	1326.15	0	0
gene-BAST_RS05685	969	732.297	0	0
gene-BAST_RS05690	705	470.425	1	0.3882
gene-BAST_RS05695	2310	2073.15	0	0
gene-BAST_RS05700	1221	984.148	2	0.371121
gene-BAST_RS05705	285	112.337	3	4.87693
gene-BAST_RS05710	1860	1623.15	6	0.675056
gene-BAST_RS05715	636	403.175	0	0
gene-BAST_RS05720	3375	3138.15	0	0
gene-BAST_RS05725	1266	1029.15	0	0
gene-BAST_RS09090	528	301.637	0	0
gene-BAST_RS05735	564	334.587	3	1.63742
gene-BAST_RS05740	1200	963.148	27	5.11938
gene-BAST_RS05745	2127	1890.15	12	1.1594
gene-BAST_RS05750	471	251.746	2	1.45082
gene-BAST_RS05755	372	173.403	2	2.1063
gene-BAST_RS05760	369	170.944	0	0
gene-BAST_RS08885	1083	846.148	0	0
gene-BAST_RS05770	570	340.278	1	0.536676
gene-BAST_RS05775	459	242.039	0	0
gene-BAST_RS05785	1163	926.148	0	0
gene-BAST_RS09250	513	288.215	0	0
gene-BAST_RS05795	327	139.697	0	0
gene-BAST_RS05800	509	284.718	0	0
gene-BAST_RS08890	306	124.664	0	0
gene-BAST_RS05810	365	167.917	0	0
gene-BAST_RS05815	903	666.72	5	1.36953
gene-BAST_RS05820	1191	954.148	5	0.956975
gene-BAST_RS05825	369	170.944	1	1.0683
gene-BAST_RS05830	1410	1173.15	1	0.155666
gene-BAST_RS05835	1026	789.148	1	0.231413
gene-BAST_RS05840	1050	813.148	16	3.59333
gene-BAST_RS05845	846	610.102	0	0
gene-BAST_RS05850	693	458.704	0	0
gene-BAST_RS05855	933	696.652	0	0
gene-BAST_RS08895	765	529.66	0	0
gene-BAST_RS08900	543	314.965	0	0
gene-BAST_RS05870	777	541.553	0	0
gene-BAST_RS05875	1173	936.148	0	0
gene-BAST_RS05880	864	627.915	0	0
gene-BAST_RS05885	882	645.786	0	0
gene-BAST_RS05890	681	446.977	0	0
gene-BAST_RS05895	1026	789.148	0	0
gene-BAST_RS05900	1302	1065.15	0	0
gene-BAST_RS05905	753	517.871	6	2.11581
gene-BAST_RS05910	3780	3543.15	1	0.0515415
gene-BAST_RS05915	1506	1269.15	2	0.287782
gene-BAST_RS05920	1050	813.148	1	0.224583
gene-BAST_RS05925	1272	1035.15	0	0
gene-BAST_RS05930	2178	1941.15	0	0
gene-BAST_RS05935	921	684.652	0	0
gene-BAST_RS05940	1365	1128.15	0	0
gene-BAST_RS05945	2610	2373.15	1	0.0769523
gene-BAST_RS05950	444	229.732	0	0
gene-BAST_RS05955	1167	930.148	2	0.392667
gene-BAST_RS05960	507	283.041	0	0
gene-BAST_RS05965	1902	1665.15	11	1.20639
gene-BAST_RS08905	621	388.575	1	0.469972
gene-BAST_RS05980	1497	1260.15	0	0
gene-BAST_RS08910	570	340.278	2	1.07335
gene-BAST_RS05990	1545	1308.15	0	0
gene-BAST_RS05995	1314	1077.15	0	0
gene-BAST_RS06000	1149	912.148	0	0
gene-BAST_RS09255	2655	2418.15	0	0
gene-BAST_RS09260	753	517.871	0	0
gene-BAST_RS06010	387	184.806	0	0
gene-BAST_RS06015	606	374.341	0	0
gene-BAST_RS06020	1203	966.148	0	0
gene-BAST_RS06025	1182	945.148	0	0
gene-BAST_RS06030	1449	1212.15	1	0.150658
gene-BAST_RS06035	945	708.441	1	0.257776
gene-BAST_RS06040	2154	1917.15	0	0
gene-BAST_RS06045	333	144.04	0	0
gene-BAST_RS06050	774	538.607	0	0
gene-BAST_RS09100	225	75.4231	0	0
gene-BAST_RS06055	2091	1854.15	5	0.492461
gene-BAST_RS06060	1284	1047.15	0	0
gene-BAST_RS06065	459	242.039	1	0.754503
gene-BAST_RS06070	1359	1122.15	0	0
gene-BAST_RS06075	636	403.175	0	0
gene-BAST_RS06080	483	262.155	2	1.39321
gene-BAST_RS06085	1998	1761.15	2	0.207387
gene-BAST_RS06090	849	613.102	0	0
gene-BAST_RS06095	861	624.978	0	0
gene-BAST_RS06100	366	168.799	1	1.08187
gene-BAST_RS06105	849	613.102	0	0
gene-BAST_RS06110	795	559.277	0	0
gene-BAST_RS06115	954	717.37	0	0
gene-BAST_RS06120	978	741.224	0	0
gene-BAST_RS06125	1647	1410.15	0	0
gene-BAST_RS06130	798	562.277	0	0
gene-BAST_RS06135	2103	1866.15	2	0.195718
gene-BAST_RS06140	753	517.871	0	0
gene-BAST_RS06145	1893	1656.15	4	0.44107
gene-BAST_RS06150	813	577.22	1	0.316377
gene-BAST_RS06155	975	738.297	0	0
gene-BAST_RS06160	939	702.582	2	0.519851
gene-BAST_RS06165	477	256.972	0	0
gene-BAST_RS06170	1389	1152.15	1	0.158503
gene-BAST_RS06175	924	687.652	0	0
gene-BAST_RS09105	1806	1569.15	2	0.232762
gene-BAST_RS06185	1134	897.148	0	0
gene-BAST_RS06190	960	723.297	2	0.504963
gene-BAST_RS06195	1290	1053.15	0	0
gene-BAST_RS06200	777	541.553	2	0.674428
gene-BAST_RS06205	699	464.566	1	0.393097
gene-BAST_RS06210	2094	1857.15	11	1.08166
gene-BAST_RS08920	516	290.887	0	0
gene-BAST_RS06220	855	619.102	5	1.47487
gene-BAST_RS06225	1815	1578.15	3	0.347152
gene-BAST_RS06230	786	550.388	0	0
gene-BAST_RS06235	1443	1206.15	0	0
gene-BAST_RS06240	741	506.126	0	0
gene-BAST_RS06245	483	262.155	0	0
gene-BAST_RS06250	1407	1170.15	0	0
gene-BAST_RS06255	702	467.519	0	0
gene-BAST_RS06260	1548	1311.15	7	0.974974
gene-BAST_RS06265	1191	954.148	1	0.191395
gene-BAST_RS06270	660	426.634	1	0.428046
gene-BAST_RS06275	924	687.652	1	0.265569
gene-BAST_RS06280	1089	852.148	1	0.214305
gene-BAST_RS06285	213	67.9168	0	0
gene-BAST_RS06290	774	538.607	4	1.35623
gene-BAST_RS06295	1212	975.148	1	0.187273
gene-BAST_RS06300	735	500.227	0	0
gene-BAST_RS06310	1629	1392.15	0	0
gene-BAST_RS06315	627	394.456	0	0
gene-BAST_RS06320	1677	1440.15	2	0.253612
gene-BAST_RS06325	915	678.72	1	0.269064
gene-BAST_RS06330	558	328.755	0	0
gene-BAST_RS06335	1113	876.148	0	0
gene-BAST_RS06340	2115	1878.15	5	0.486168
gene-BAST_RS06345	612	379.885	3	1.44217
gene-BAST_RS06350	1110	873.148	0	0
gene-BAST_RS06355	1506	1269.15	0	0
gene-BAST_RS06360	1632	1395.15	0	0
gene-BAST_RS06365	846	610.102	3	0.897976
gene-BAST_RS06370	1227	990.148	1	0.184436
gene-BAST_RS06375	1440	1203.15	2	0.303569
gene-BAST_RS06380	897	660.786	0	0
gene-BAST_RS06385	999	762.148	0	0
gene-BAST_RS06395	2025	1788.15	0	0
gene-BAST_RS06400	1308	1071.15	0	0
gene-BAST_RS06405	1044	807.148	0	0
gene-BAST_RS06410	678	444.021	0	0
gene-BAST_RS06415	897	660.786	0	0
gene-BAST_RS06420	972	735.297	0	0
gene-BAST_RS06425	819	583.162	1	0.313154
gene-BAST_RS06430	1011	774.148	2	0.471794
gene-BAST_RS06450	540	312.253	0	0
gene-BAST_RS06455	669	435.331	0	0
gene-BAST_RS06460	876	639.915	2	0.570761
gene-BAST_RS06465	414	205.808	8	7.09862
gene-BAST_RS06470	1047	810.148	10	2.25415
gene-BAST_RS06475	729	494.327	1	0.36943
gene-BAST_RS06480	915	678.72	2	0.538128
gene-BAST_RS06485	1386	1149.15	0	0
gene-BAST_RS09110	288	114.117	1	1.60028
gene-BAST_RS06490	1239	1002.15	0	0
gene-BAST_RS06495	678	444.021	1	0.411285
gene-BAST_RS06500	741	506.126	5	1.80409
gene-BAST_RS06505	948	711.441	2	0.513378
gene-BAST_RS06510	981	744.224	0	0
gene-BAST_RS06515	1629	1392.15	4	0.524712
gene-BAST_RS06525	240	84.4063	0	0
gene-BAST_RS06530	180	48.1736	0	0
gene-BAST_RS06535	408	201.092	0	0
gene-BAST_RS06545	261	97.1757	0	0
gene-BAST_RS06550	246	88.3653	0	0
gene-BAST_RS06555	204	62.0897	0	0
gene-BAST_RS06560	1203	966.148	0	0
gene-BAST_RS06565	582	351.575	0	0
gene-BAST_RS06570	2040	1803.15	5	0.50639
gene-BAST_RS06575	657	423.677	1	0.431034
gene-BAST_RS06580	1557	1320.15	2	0.276665
gene-BAST_RS06585	1905	1668.15	1	0.109474
gene-BAST_RS06590	1287	1050.15	3	0.521696
gene-BAST_RS06595	702	467.519	3	1.17184
gene-BAST_RS06600	720	485.425	0	0
gene-BAST_RS06605	612	379.885	0	0
gene-BAST_RS06610	1560	1323.15	2	0.276037
gene-BAST_RS06615	612	379.885	0	0
gene-BAST_RS06620	498	275.081	1	0.663873
gene-BAST_RS06630	1287	1050.15	4	0.695594
gene-BAST_RS06635	876	639.915	0	0
gene-BAST_RS06640	678	444.021	3	1.23385
gene-BAST_RS06645	1098	861.148	1	0.212065
gene-BAST_RS06650	1674	1437.15	1	0.127071
gene-BAST_RS06655	996	759.148	0	0
gene-BAST_RS06660	699	464.566	6	2.35858
gene-BAST_RS09115	90	23.2463	0	0
gene-BAST_RS06665	579	348.788	0	0
gene-BAST_RS06670	1410	1173.15	2	0.311332
gene-BAST_RS06675	864	627.915	5	1.45417
gene-BAST_RS06680	951	714.441	1	0.255611
gene-BAST_RS06685	768	532.607	0	0
gene-BAST_RS06690	1143	906.148	1	0.201534
gene-BAST_RS06695	1029	792.148	0	0
gene-BAST_RS06700	507	283.041	1	0.645204
gene-BAST_RS06705	2775	2538.15	8	0.575598
gene-BAST_RS06710	1059	822.148	7	1.55487
gene-BAST_RS08925	813	577.22	0	0
gene-BAST_RS06725	942	705.582	0	0
gene-BAST_RS06730	645	411.887	2	0.886744
gene-BAST_RS06735	996	759.148	3	0.721675
gene-BAST_RS06740	399	193.785	8	7.53904
gene-BAST_RS06745	378	177.878	4	4.10661
gene-BAST_RS06750	114	19.877	0	0
gene-BAST_RS06755	219	71.7234	3	7.63848
gene-BAST_RS06760	462	244.394	37	27.6476
gene-BAST_RS06765	1347	1110.15	2	0.329
gene-BAST_RS06770	2679	2442.15	0	0
gene-BAST_RS06775	3360	3123.15	5	0.292364
gene-BAST_RS06780	2013	1776.15	2	0.205635
gene-BAST_RS06785	1827	1590.15	0	0
gene-BAST_RS06790	573	343.139	5	2.66101
gene-BAST_RS06795	1329	1092.15	3	0.501633
gene-BAST_RS06800	465	246.848	4	2.95921
gene-BAST_RS06805	186	51.5528	3	10.6271
gene-BAST_RS06810	762	526.713	5	1.73357
gene-BAST_RS06815	372	173.403	3	3.15945
gene-BAST_RS06820	540	312.253	5	2.92422
gene-BAST_RS06825	399	193.785	11	10.3662
gene-BAST_RS06830	186	51.5528	1	3.54237
gene-BAST_RS06835	573	343.139	5	2.66101
gene-BAST_RS06840	336	146.093	4	5.00008
gene-BAST_RS06845	369	170.944	8	8.54637
gene-BAST_RS06850	267	101.144	0	0
gene-BAST_RS06855	264	99.2773	0	0
gene-BAST_RS06860	420	210.479	2	1.73527
gene-BAST_RS06865	846	610.102	6	1.79595
gene-BAST_RS06870	360	164.089	4	4.45172
gene-BAST_RS06875	279	108.464	5	8.41843
gene-BAST_RS06880	831	595.102	2	0.61374
gene-BAST_RS06885	303	122.716	2	2.97629
gene-BAST_RS06890	675	441.199	10	4.13915
gene-BAST_RS06895	654	420.762	7	3.03814
gene-BAST_RS06900	309	127.008	4	5.75144
gene-BAST_RS06905	2730	2493.15	1	0.0732484
gene-BAST_RS06910	492	269.905	3	2.02982
gene-BAST_RS06915	450	234.736	8	6.22382
gene-BAST_RS06920	633	400.256	0	0
gene-BAST_RS06925	663	429.548	0	0
gene-BAST_RS06935	1272	1035.15	0	0
gene-BAST_RS06940	1155	918.148	0	0
gene-BAST_RS06945	318	133.428	2	2.73735
gene-BAST_RS06950	1524	1287.15	0	0
gene-BAST_RS06955	1593	1356.15	5	0.673301
gene-BAST_RS08930	4650	4413.15	1	0.0413807
gene-BAST_RS06965	1626	1389.15	0	0
gene-BAST_RS06970	1002	765.148	0	0
gene-BAST_RS06975	921	684.652	0	0
gene-BAST_RS06980	1398	1161.15	0	0
gene-BAST_RS06985	1074	837.148	0	0
gene-BAST_RS06990	1443	1206.15	1	0.151407
gene-BAST_RS06995	1011	774.148	0	0
gene-BAST_RS07000	1068	831.148	0	0
gene-BAST_RS07005	1644	1407.15	9	1.16802
gene-BAST_RS07010	1128	891.148	3	0.614777
gene-BAST_RS07015	1449	1212.15	1	0.150658
gene-BAST_RS07020	666	432.418	3	1.26696
gene-BAST_RS07025	1005	768.148	3	0.713219
gene-BAST_RS07030	1233	996.148	0	0
gene-BAST_RS07035	1332	1095.15	0	0
gene-BAST_RS09120	168	42.0811	1	4.3397
gene-BAST_RS07055	996	759.148	0	0
gene-BAST_RS07060	2196	1959.15	7	0.652495
gene-BAST_RS07065	498	275.081	3	1.99162
gene-BAST_RS07070	1065	828.148	9	1.98464
gene-BAST_RS07075	489	267.38	2	1.36599
gene-BAST_RS07080	1101	864.148	0	0
gene-BAST_RS07085	294	117.242	42	65.4205
gene-BAST_RS07090	1446	1209.15	4	0.604125
gene-BAST_RS07095	654	420.762	0	0
gene-BAST_RS09125	882	645.786	1	0.282786
gene-BAST_RS07105	216	69.8915	1	2.6129
gene-BAST_RS09130	363	166.29	0	0
gene-BAST_RS07110	528	301.637	1	0.605426
gene-BAST_RS09135	234	80.3412	0	0
gene-BAST_RS07120	3594	3357.15	7	0.38078
gene-BAST_RS07125	1629	1392.15	5	0.65589
gene-BAST_RS07130	1536	1299.15	3	0.421705
gene-BAST_RS07135	1542	1305.15	0	0
gene-BAST_RS07140	381	179.973	8	8.11761
gene-BAST_RS07145	522	296.313	3	1.84891
gene-BAST_RS07150	2706	2469.15	1	0.0739604
gene-BAST_RS07155	894	657.786	3	0.832881
gene-BAST_RS07160	900	663.72	1	0.275145
gene-BAST_RS07165	990	753.224	3	0.727351
gene-BAST_RS07170	1359	1122.15	17	2.76659
gene-BAST_RS07175	1395	1158.15	0	0
gene-BAST_RS07180	735	500.227	0	0
gene-BAST_RS07185	1221	984.148	1	0.185561
gene-BAST_RS07190	1146	909.148	2	0.401737
gene-BAST_RS07195	1365	1128.15	6	0.971251
gene-BAST_RS08935	1017	780.148	0	0
gene-BAST_RS07205	1506	1269.15	10	1.43891
gene-BAST_RS07210	720	485.425	3	1.12861
gene-BAST_RS07215	792	556.333	1	0.328255
gene-BAST_RS07220	981	744.224	0	0
gene-BAST_RS07225	882	645.786	0	0
gene-BAST_RS07230	2346	2109.15	1	0.0865843
gene-BAST_RS07235	585	354.218	0	0
gene-BAST_RS07240	2781	2544.15	7	0.502461
gene-BAST_RS07245	270	103.079	1	1.77164
gene-BAST_RS07250	717	482.425	0	0
gene-BAST_RS07255	282	110.248	0	0
gene-BAST_RS07260	285	112.337	1	1.62564
gene-BAST_RS09140	263	98.6831	0	0
gene-BAST_RS09145	384	182.393	0	0
gene-BAST_RS07270	990	753.224	0	0
gene-BAST_RS07275	690	455.704	0	0
gene-BAST_RS07280	714	479.425	0	0
gene-BAST_RS07285	1137	900.148	0	0
gene-BAST_RS07290	741	506.126	0	0
gene-BAST_RS07295	1764	1527.15	1	0.119582
gene-BAST_RS07300	3060	2823.15	0	0
gene-BAST_RS07305	447	232.186	0	0
gene-BAST_RS09265	480	259.538	0	0
gene-BAST_RS07310	402	196.065	0	0
gene-BAST_RS07320	9363	9126.15	8	0.160084
gene-BAST_RS07325	1572	1335.15	0	0
gene-BAST_RS07330	1836	1599.15	0	0
gene-BAST_RS07335	1107	870.148	178	37.3571
gene-BAST_RS07340	1893	1656.15	0	0
gene-BAST_RS08940	1233	996.148	0	0
gene-BAST_RS07350	690	455.704	3	1.20222
gene-BAST_RS07355	432	220.183	5	4.14698
gene-BAST_RS07360	858	622.04	3	0.880743
gene-BAST_RS07365	225	75.4231	2	4.84253
gene-BAST_RS07375	1209	972.148	5	0.939256
gene-BAST_RS07380	1143	906.148	0	0
gene-BAST_RS07385	1680	1443.15	4	0.506169
gene-BAST_RS07390	252	91.7168	2	3.98224
gene-BAST_RS07395	309	127.008	6	8.62715
gene-BAST_RS07400	2727	2490.15	5	0.366683
gene-BAST_RS07405	1230	993.148	2	0.367758
gene-BAST_RS07410	945	708.441	0	0
gene-BAST_RS07415	1398	1161.15	0	0
gene-BAST_RS07420	1053	816.148	0	0
gene-BAST_RS07425	1329	1092.15	1	0.167211
gene-BAST_RS07430	1560	1323.15	0	0
gene-BAST_RS07435	1758	1521.15	3	0.360161
gene-BAST_RS07440	390	187.171	2	1.95136
gene-BAST_RS07445	1755	1518.15	23	2.76669
gene-BAST_RS07455	630	397.376	0	0
gene-BAST_RS07460	966	729.297	3	0.751213
gene-BAST_RS07465	1026	789.148	2	0.462826
gene-BAST_RS07470	1029	792.148	2	0.461074
gene-BAST_RS07475	936	699.582	2	0.522081
gene-BAST_RS07480	912	675.72	0	0
gene-BAST_RS07485	876	639.915	2	0.570761
gene-BAST_RS07490	675	441.199	0	0
gene-BAST_RS07495	654	420.762	0	0
gene-BAST_RS07500	243	86.2978	35	74.0653
gene-BAST_RS07505	804	568.277	1	0.321356
gene-BAST_RS07510	297	119.014	2	3.06888
gene-BAST_RS07515	1485	1248.15	13	1.90206
gene-BAST_RS07520	951	714.441	4	1.02245
gene-BAST_RS07525	1659	1422.15	11	1.41252
gene-BAST_RS07530	828	592.102	4	1.2337
gene-BAST_RS07535	546	317.643	3	1.72476
gene-BAST_RS07540	228	77.1541	4	9.46777
gene-BAST_RS07545	816	580.22	3	0.944224
gene-BAST_RS07550	1047	810.148	1	0.225415
gene-BAST_RS08945	1260	1023.15	0	0
gene-BAST_RS09150	837	601.102	0	0
gene-BAST_RS09155	1260	1023.15	0	0
gene-BAST_RS07565	1008	771.148	0	0
gene-BAST_RS07570	1005	768.148	0	0
gene-BAST_RS07575	3726	3489.15	0	0
gene-BAST_RS07580	3906	3669.15	1	0.0497716
gene-BAST_RS07585	492	269.905	5	3.38303
gene-BAST_RS07590	447	232.186	2	1.57304
gene-BAST_RS07595	639	406.134	2	0.899305
gene-BAST_RS07600	564	334.587	0	0
gene-BAST_RS07605	663	429.548	0	0
gene-BAST_RS07610	831	595.102	1	0.30687
gene-BAST_RS07615	648	414.804	1	0.440254
gene-BAST_RS07620	1557	1320.15	0	0
gene-BAST_RS07625	2742	2505.15	4	0.29159
gene-BAST_RS07630	5487	5250.15	15	0.521754
gene-BAST_RS07635	357	161.939	0	0
gene-BAST_RS07640	1908	1671.15	6	0.655666
gene-BAST_RS07645	663	429.548	0	0
gene-BAST_RS07650	1590	1353.15	0	0
gene-BAST_RS07655	315	131.376	2	2.78009
gene-BAST_RS07660	1158	921.148	2	0.396504
gene-BAST_RS07665	1503	1266.15	1	0.144232
gene-BAST_RS07670	1554	1317.15	3	0.415942
gene-BAST_RS07675	297	119.014	2	3.06888
gene-BAST_RS07680	969	732.297	0	0
gene-BAST_RS07685	927	690.652	0	0
gene-BAST_RS07690	726	491.327	1	0.371685
gene-BAST_RS07695	591	359.748	1	0.507631
gene-BAST_RS07700	1353	1116.15	1	0.163616
gene-BAST_RS07705	2076	1839.15	9	0.89366
gene-BAST_RS07710	2784	2547.15	17	1.21882
gene-BAST_RS07715	816	580.22	1	0.314741
gene-BAST_RS07720	813	577.22	2	0.632755
gene-BAST_RS07725	1044	807.148	0	0
gene-BAST_RS07730	1347	1110.15	0	0
gene-BAST_RS07735	735	500.227	0	0
gene-BAST_RS09270	90	23.2463	0	0
gene-BAST_RS07745	573	343.139	1	0.532201
gene-BAST_RS07750	201	60.3796	0	0
gene-BAST_RS07760	1521	1284.15	2	0.284421
gene-BAST_RS07765	1527	1290.15	2	0.283098
gene-BAST_RS07770	573	343.139	1	0.532201
gene-BAST_RS07775	1161	924.148	0	0
gene-BAST_RS07780	981	744.224	0	0
gene-BAST_RS07785	2877	2640.15	3	0.20751
gene-BAST_RS07790	1020	783.148	0	0
gene-BAST_RS07795	1179	942.148	6	1.163
gene-BAST_RS07800	723	488.376	0	0
gene-BAST_RS07805	1251	1014.15	0	0
gene-BAST_RS07810	1524	1287.15	0	0
gene-BAST_RS07815	1143	906.148	5	1.00767
gene-BAST_RS07820	2247	2010.15	4	0.363395
gene-BAST_RS07825	1911	1674.15	4	0.436328
gene-BAST_RS07830	621	388.575	0	0
gene-BAST_RS07835	1089	852.148	3	0.642914
gene-BAST_RS07840	546	317.643	0	0
gene-BAST_RS07845	834	598.102	0	0
gene-BAST_RS07850	603	371.341	0	0
gene-BAST_RS07855	2943	2706.15	0	0
gene-BAST_RS07860	396	191.63	0	0
gene-BAST_RS07865	378	177.878	0	0
gene-BAST_RS07870	237	82.3177	0	0
gene-BAST_RS07875	543	314.965	0	0
gene-BAST_RS07880	663	429.548	0	0
gene-BAST_RS07885	1089	852.148	0	0
gene-BAST_RS07890	771	535.607	0	0
gene-BAST_RS07895	2247	2010.15	11	0.999335
gene-BAST_RS07900	1080	843.148	8	1.73274
gene-BAST_RS07905	696	461.658	0	0
gene-BAST_RS07910	639	406.134	1	0.449652
gene-BAST_RS07920	2076	1839.15	0	0
gene-BAST_RS07925	1086	849.148	0	0
gene-BAST_RS07930	861	624.978	2	0.584402
gene-BAST_RS07935	1710	1473.15	1	0.123965
gene-BAST_RS07940	381	179.973	3	3.0441
gene-BAST_RS07945	807	571.277	0	0
gene-BAST_RS07950	1392	1155.15	0	0
gene-BAST_RS07955	1341	1104.15	5	0.826969
gene-BAST_RS07960	1401	1164.15	0	0
gene-BAST_RS07965	339	148.373	0	0
gene-BAST_RS07970	1266	1029.15	3	0.532341
gene-BAST_RS07975	1323	1086.15	0	0
gene-BAST_RS07980	564	334.587	0	0
gene-BAST_RS07985	732	497.278	0	0
gene-BAST_RS07990	909	672.72	0	0
gene-BAST_RS07995	564	334.587	1	0.545805
gene-BAST_RS08000	675	441.199	0	0
gene-BAST_RS08005	1266	1029.15	0	0
gene-BAST_RS08010	1422	1185.15	0	0
gene-BAST_RS08015	738	503.227	0	0
gene-BAST_RS08025	744	509.025	0	0
gene-BAST_RS09275	1071	834.148	0	0
gene-BAST_RS08035	660	426.634	0	0
gene-BAST_RS08040	1077	840.148	0	0
gene-BAST_RS08050	306	124.664	0	0
gene-BAST_RS08055	291	115.736	0	0
gene-BAST_RS08060	3132	2895.15	3	0.189233
gene-BAST_RS08065	1524	1287.15	1	0.141879
gene-BAST_RS08070	636	403.175	0	0
gene-BAST_RS08075	825	589.162	0	0
gene-BAST_RS08080	858	622.04	0	0
gene-BAST_RS08085	696	461.658	0	0
gene-BAST_RS08090	1104	867.148	0	0
gene-BAST_RS08095	981	744.224	0	0
gene-BAST_RS08100	1059	822.148	0	0
gene-BAST_RS08105	900	663.72	0	0
gene-BAST_RS08110	939	702.582	0	0
gene-BAST_RS08115	591	359.748	0	0
gene-BAST_RS08120	1638	1401.15	0	0
gene-BAST_RS08125	1449	1212.15	0	0
gene-BAST_RS08130	924	687.652	0	0
gene-BAST_RS08135	819	583.162	0	0
gene-BAST_RS08140	849	613.102	0	0
gene-BAST_RS08145	819	583.162	0	0
gene-BAST_RS08150	798	562.277	0	0
gene-BAST_RS08155	1872	1635.15	2	0.223367
gene-BAST_RS09165	155	35.6359	0	0
gene-BAST_RS08160	2070	1833.15	2	0.199241
gene-BAST_RS08165	1170	933.148	0	0
gene-BAST_RS08170	534	307.013	0	0
gene-BAST_RS08175	399	193.785	2	1.88476
gene-BAST_RS08180	894	657.786	6	1.66576
gene-BAST_RS08185	711	476.425	0	0
gene-BAST_RS08190	1146	909.148	0	0
gene-BAST_RS08195	363	166.29	0	0
gene-BAST_RS08200	582	351.575	0	0
gene-BAST_RS08205	681	446.977	0	0
gene-BAST_RS08210	1659	1422.15	2	0.256822
gene-BAST_RS08215	411	203.419	0	0
gene-BAST_RS08220	1290	1053.15	2	0.346806
gene-BAST_RS08225	546	317.643	0	0
gene-BAST_RS08230	828	592.102	1	0.308425
gene-BAST_RS08235	1167	930.148	1	0.196334
gene-BAST_RS08240	1311	1074.15	1	0.170013
gene-BAST_RS08245	1275	1038.15	1	0.175909
gene-BAST_RS08250	624	391.496	4	1.86586
gene-BAST_RS08255	1815	1578.15	7	0.810022
gene-BAST_RS08260	1491	1254.15	0	0
gene-BAST_RS08265	1464	1227.15	0	0
gene-BAST_RS08270	957	720.37	1	0.253508
gene-BAST_RS08275	1476	1239.15	1	0.147375
gene-BAST_RS08280	1506	1269.15	0	0
gene-BAST_RS08285	1050	813.148	10	2.24583
gene-BAST_RS08290	1581	1344.15	0	0
gene-BAST_RS08295	1068	831.148	0	0
gene-BAST_RS08300	456	239.474	0	0
gene-BAST_RS08305	1356	1119.15	2	0.326354
gene-BAST_RS08310	1020	783.148	0	0
gene-BAST_RS08315	1113	876.148	0	0
gene-BAST_RS08320	1665	1428.15	0	0
gene-BAST_RS08325	825	589.162	0	0
gene-BAST_RS08330	870	633.915	0	0
gene-BAST_RS08335	1338	1101.15	0	0
gene-BAST_RS08340	1041	804.148	0	0
gene-BAST_RS08345	1302	1065.15	3	0.514349
gene-BAST_RS08350	1065	828.148	1	0.220515
gene-BAST_RS08355	993	756.224	0	0
gene-BAST_RS08360	1404	1167.15	0	0
gene-BAST_RS08365	582	351.575	0	0
gene-BAST_RS08370	4107	3870.15	0	0
gene-BAST_RS08375	1449	1212.15	0	0
gene-BAST_RS08380	1182	945.148	1	0.193218
gene-BAST_RS08385	765	529.66	0	0
gene-BAST_RS08390	993	756.224	0	0
gene-BAST_RS08395	510	285.63	0	0
gene-BAST_RS08400	465	246.848	0	0
gene-BAST_RS08405	390	187.171	0	0
gene-BAST_RS08950	1182	945.148	0	0
gene-BAST_RS08415	1239	1002.15	0	0
gene-BAST_RS08420	1533	1296.15	0	0
gene-BAST_RS08425	906	669.72	0	0
gene-BAST_RS08955	1071	834.148	0	0
gene-BAST_RS08960	981	744.224	0	0
gene-BAST_RS08440	831	595.102	0	0
gene-BAST_RS08445	1149	912.148	0	0
gene-BAST_RS08450	1050	813.148	0	0
gene-BAST_RS08455	1269	1032.15	0	0
gene-BAST_RS08470	1713	1476.15	1	0.123713
gene-BAST_RS08475	1872	1635.15	0	0
gene-BAST_RS08480	993	756.224	0	0
gene-BAST_RS08485	1353	1116.15	3	0.490847
gene-BAST_RS08490	1128	891.148	83	17.0088
gene-BAST_RS08495	399	193.785	5	4.7119
gene-BAST_RS08500	2016	1779.15	1	0.102644
gene-BAST_RS08505	924	687.652	0	0
gene-BAST_RS08515	1431	1194.15	6	0.917571
gene-BAST_RS08520	882	645.786	0	0
gene-BAST_RS08525	894	657.786	0	0
gene-BAST_RS08530	633	400.256	0	0
gene-BAST_RS08535	1425	1188.15	1	0.153701
gene-BAST_RS08540	669	435.331	1	0.419495
gene-BAST_RS08545	2214	1977.15	0	0
gene-BAST_RS08550	4224	3987.15	3	0.137406
gene-BAST_RS08555	1284	1047.15	2	0.348794
gene-BAST_RS08560	1002	765.148	0	0
gene-BAST_RS08565	351	157.502	1	1.15947
gene-BAST_RS08570	945	708.441	0	0
gene-BAST_RS08575	2007	1770.15	0	0
gene-BAST_RS08580	1350	1113.15	0	0
gene-BAST_RS08585	3018	2781.15	0	0
gene-BAST_RS08590	1749	1512.15	0	0
gene-BAST_RS09170	1593	1356.15	0	0
gene-BAST_RS08600	948	711.441	0	0
gene-BAST_RS08605	882	645.786	0	0
gene-BAST_RS08610	642	409.052	6	2.67867
gene-BAST_RS08615	1023	786.148	1	0.232296
gene-BAST_RS08620	312	129.046	1	1.41515
gene-BAST_RS08625	507	283.041	2	1.29041
gene-BAST_RS08630	135	26.4765	1	6.8974
gene-FPB0191_RS00005	2778	2541.15	0	0
gene-FPB0191_RS00010	657	423.677	0	0
gene-FPB0191_RS00015	264	99.2773	1	1.83949
gene-FPB0191_RS00020	579	348.788	0	0
gene-FPB0191_RS00025	507	283.041	0	0
gene-FPB0191_RS00030	708	473.425	0	0
gene-FPB0191_RS00035	2238	2001.15	1	0.0912572
gene-FPB0191_RS00040	1827	1590.15	2	0.229688
gene-FPB0191_RS00045	648	414.804	0	0
gene-FPB0191_RS00050	699	464.566	0	0
gene-FPB0191_RS00055	660	426.634	0	0
gene-FPB0191_RS00060	666	432.418	0	0
gene-FPB0191_RS00065	1956	1719.15	2	0.212453
gene-FPB0191_RS00070	4944	4707.15	2	0.0775923
gene-FPB0191_RS00075	1242	1005.15	4	0.726736
gene-FPB0191_RS00080	657	423.677	0	0
gene-FPB0191_RS00085	897	660.786	1	0.276366
gene-FPB0191_RS00090	1278	1041.15	0	0
gene-FPB0191_RS00095	783	547.388	0	0
gene-FPB0191_RS00100	642	409.052	0	0
gene-FPB0191_RS00105	1230	993.148	0	0
gene-FPB0191_RS00110	1308	1071.15	0	0
gene-FPB0191_RS00115	463	245.239	0	0
gene-FPB0191_RS00120	861	624.978	2	0.584402
gene-FPB0191_RS00125	966	729.297	2	0.500809
gene-FPB0191_RS00130	672	438.199	0	0
gene-FPB0191_RS00135	957	720.37	1	0.253508
gene-FPB0191_RS00140	810	574.277	0	0
gene-FPB0191_RS00145	576	345.999	0	0
gene-FPB0191_RS00150	1473	1236.15	3	0.443197
gene-FPB0191_RS00155	807	571.277	0	0
gene-FPB0191_RS00160	1140	903.148	0	0
gene-FPB0191_RS00165	1224	987.148	0	0
gene-FPB0191_RS00170	1104	867.148	1	0.210598
gene-FPB0191_RS00175	1200	963.148	1	0.189607
gene-FPB0191_RS00180	1668	1431.15	0	0
gene-FPB0191_RS00185	330	141.889	0	0
gene-FPB0191_RS00190	339	148.373	0	0
gene-FPB0191_RS00195	1383	1146.15	0	0
gene-FPB0191_RS00200	1734	1497.15	0	0
gene-FPB0191_RS00205	705	470.425	0	0
gene-FPB0191_RS00210	900	663.72	1	0.275145
gene-FPB0191_RS00215	1038	801.148	0	0
gene-FPB0191_RS00220	1713	1476.15	0	0
gene-FPB0191_RS00225	375	175.674	0	0
gene-FPB0191_RS00230	273	105.037	3	5.21587
gene-FPB0191_RS00235	594	362.675	0	0
gene-FPB0191_RS00240	1059	822.148	0	0
gene-FPB0191_RS00245	1368	1131.15	0	0
gene-FPB0191_RS00250	1848	1611.15	0	0
gene-FPB0191_RS00255	1338	1101.15	0	0
gene-FPB0191_RS00260	1521	1284.15	0	0
gene-FPB0191_RS00265	1099	862.148	0	0
gene-FPB0191_RS00270	1674	1437.15	1	0.127071
gene-FPB0191_RS00275	1425	1188.15	0	0
gene-FPB0191_RS00280	276	106.499	0	0
gene-FPB0191_RS00285	963	726.297	2	0.502877
gene-FPB0191_RS00290	906	669.72	0	0
gene-FPB0191_RS00295	714	479.425	4	1.52365
gene-FPB0191_RS00300	1374	1137.15	0	0
gene-FPB0191_RS00305	483	262.155	0	0
gene-FPB0191_RS00310	567	337.416	1	0.541229
gene-FPB0191_RS00315	1020	783.148	0	0
gene-FPB0191_RS00320	930	693.652	1	0.263272
gene-FPB0191_RS00325	585	354.218	0	0
gene-FPB0191_RS00330	1161	924.148	0	0
gene-FPB0191_RS00335	792	556.333	3	0.984765
gene-FPB0191_RS00340	447	232.186	1	0.78652
gene-FPB0191_RS00345	819	583.162	1	0.313154
gene-FPB0191_RS00350	384	182.393	0	0
gene-FPB0191_RS00355	366	168.799	0	0
gene-FPB0191_RS00360	693	458.704	0	0
gene-FPB0191_RS00365	384	182.393	10	10.0124
gene-FPB0191_RS00370	579	348.788	0	0
gene-FPB0191_RS00375	1914	1677.15	10	1.08887
gene-FPB0191_RS00380	1134	897.148	2	0.407111
gene-FPB0191_RS00385	999	762.148	1	0.239611
gene-FPB0191_RS00390	267	101.144	0	0
gene-FPB0191_RS00395	1119	882.148	1	0.207017
gene-FPB0191_RS00400	1260	1023.15	0	0
gene-FPB0191_RS00415	258	95.3596	0	0
gene-FPB0191_RS00420	1728	1491.15	0	0
gene-FPB0191_RS00425	504	280.361	2	1.30274
gene-FPB0191_RS00430	1650	1413.15	0	0
gene-FPB0191_RS00435	1176	939.148	1	0.194452
gene-FPB0191_RS00440	1125	888.148	0	0
gene-FPB0191_RS00445	498	275.081	0	0
gene-FPB0191_RS00450	2523	2286.15	0	0
gene-FPB0191_RS00455	336	146.093	0	0
gene-FPB0191_RS00460	768	532.607	0	0
gene-FPB0191_RS00465	1374	1137.15	0	0
gene-FPB0191_RS00470	654	420.762	0	0
gene-FPB0191_RS00475	1812	1575.15	0	0
gene-FPB0191_RS00480	309	127.008	0	0
gene-FPB0191_RS00485	261	97.1757	1	1.87927
gene-FPB0191_RS00490	969	732.297	0	0
gene-FPB0191_RS00495	1161	924.148	0	0
gene-FPB0191_RS00500	615	382.808	1	0.477052
gene-FPB0191_RS00505	303	122.716	0	0
gene-FPB0191_RS00510	1848	1611.15	0	0
gene-FPB0191_RS00515	1608	1371.15	1	0.133187
gene-FPB0191_RS00520	1692	1455.15	2	0.250997
gene-FPB0191_RS00525	336	146.093	0	0
gene-FPB0191_RS00530	1854	1617.15	3	0.33878
gene-FPB0191_RS00535	1035	798.148	0	0
gene-FPB0191_RS00545	684	449.977	0	0
gene-FPB0191_RS00550	1365	1128.15	0	0
gene-FPB0191_RS00555	687	452.796	0	0
gene-FPB0191_RS00560	882	645.786	1	0.282786
gene-FPB0191_RS00565	738	503.227	0	0
gene-FPB0191_RS00570	1032	795.148	0	0
gene-FPB0191_RS00575	537	309.666	0	0
gene-FPB0191_RS00595	1197	960.148	1	0.190199
gene-FPB0191_RS00615	600	368.453	2	0.991275
gene-FPB0191_RS00620	867	630.915	0	0
gene-FPB0191_RS00625	795	559.277	0	0
gene-FPB0191_RS00630	1074	837.148	2	0.436289
gene-FPB0191_RS00635	1962	1725.15	0	0
gene-FPB0191_RS00640	354	159.705	0	0
gene-FPB0191_RS00645	585	354.218	0	0
gene-FPB0191_RS00650	531	304.451	0	0
gene-FPB0191_RS00655	411	203.419	0	0
gene-FPB0191_RS00660	1200	963.148	0	0
gene-FPB0191_RS00665	876	639.915	0	0
gene-FPB0191_RS00670	996	759.148	0	0
gene-FPB0191_RS00675	1086	849.148	0	0
gene-FPB0191_RS00680	1533	1296.15	0	0
gene-FPB0191_RS00685	804	568.277	0	0
gene-FPB0191_RS00690	1122	885.148	0	0
gene-FPB0191_RS00695	1035	798.148	0	0
gene-FPB0191_RS00700	444	229.732	0	0
gene-FPB0191_RS00705	273	105.037	0	0
gene-FPB0191_RS00710	1365	1128.15	0	0
gene-FPB0191_RS00715	1359	1122.15	0	0
gene-FPB0191_RS00720	459	242.039	2	1.50901
gene-FPB0191_RS00725	1215	978.148	2	0.373398
gene-FPB0191_RS00730	384	182.393	0	0
gene-FPB0191_RS00735	324	137.442	0	0
gene-FPB0191_RS00740	522	296.313	0	0
gene-FPB0191_RS00745	1860	1623.15	0	0
gene-FPB0191_RS00750	339	148.373	0	0
gene-FPB0191_RS00755	960	723.297	0	0
gene-FPB0191_RS00760	1764	1527.15	0	0
gene-FPB0191_RS00765	312	129.046	2	2.8303
gene-FPB0191_RS00770	627	394.456	1	0.462964
gene-FPB0191_RS00775	618	385.73	1	0.473437
gene-FPB0191_RS00780	303	122.716	2	2.97629
gene-FPB0191_RS00785	825	589.162	3	0.929894
gene-FPB0191_RS00790	279	108.464	5	8.41843
gene-FPB0191_RS00795	333	144.04	0	0
gene-FPB0191_RS00800	702	467.519	0	0
gene-FPB0191_RS00805	411	203.419	0	0
gene-FPB0191_RS00810	192	55.1582	2	6.62165
gene-FPB0191_RS00815	255	93.4477	0	0
gene-FPB0191_RS00820	372	173.403	3.64286	3.83647
gene-FPB0191_RS00825	315	131.376	9	12.5104
gene-FPB0191_RS00830	540	312.253	1	0.584843
gene-FPB0191_RS00835	306	124.664	2	2.92978
gene-FPB0191_RS00840	393	189.447	2	1.92792
gene-FPB0191_RS00845	534	307.013	0	0
gene-FPB0191_RS00850	354	159.705	2	2.28695
gene-FPB0191_RS00855	501	277.795	3.23077	2.12387
gene-FPB0191_RS00860	180	48.1736	2	7.58171
gene-FPB0191_RS00865	435	222.584	2	1.6409
gene-FPB0191_RS00870	1347	1110.15	9	1.4805
gene-FPB0191_RS00875	114	19.877	0	0
gene-FPB0191_RS00880	357	161.939	4	4.5108
gene-FPB0191_RS00885	390	187.171	0	0
gene-FPB0191_RS00890	621	388.575	1	0.469972
gene-FPB0191_RS00895	990	753.224	3	0.727351
gene-FPB0191_RS00900	393	189.447	0	0
gene-FPB0191_RS00905	204	62.0897	0	0
gene-FPB0191_RS00910	654	420.762	1	0.43402
gene-FPB0191_RS00915	573	343.139	1	0.532201
gene-FPB0191_RS00920	846	610.102	0	0
gene-FPB0191_RS00925	2430	2193.15	2	0.166536
gene-FPB0191_RS00930	237	82.3177	0	0
gene-FPB0191_RS00935	168	42.0811	3	13.0191
gene-FPB0191_RS00940	1551	1314.15	0	0
gene-FPB0191_RS00945	1218	981.148	2	0.372256
gene-FPB0191_RS00950	747	511.974	0	0
gene-FPB0191_RS00955	390	187.171	1	0.975679
gene-FPB0191_RS00960	861	624.978	0	0
gene-FPB0191_RS00965	1431	1194.15	0	0
gene-FPB0191_RS00970	726	491.327	0	0
gene-FPB0191_RS00975	552	323.12	0	0
gene-FPB0191_RS00980	588	357.074	0	0
gene-FPB0191_RS00985	303	122.716	0	0
gene-FPB0191_RS00990	1188	951.148	0	0
gene-FPB0191_RS00995	1965	1728.15	1	0.105673
gene-FPB0191_RS01000	1041	804.148	2	0.454193
gene-FPB0191_RS01005	216	69.8915	1	2.6129
gene-FPB0191_RS01010	1050	813.148	0	0
gene-FPB0191_RS01015	1383	1146.15	0	0
gene-FPB0191_RS01020	411	203.419	1	0.897749
gene-FPB0191_RS01025	456	239.474	0	0
gene-FPB0191_RS01030	321	135.439	0	0
gene-FPB0191_RS01035	2718	2481.15	1	0.0736027
gene-FPB0191_RS01040	402	196.065	0	0
gene-FPB0191_RS01045	1890	1653.15	0	0
gene-FPB0191_RS01050	2244	2007.15	0	0
gene-FPB0191_RS01055	840	604.102	0	0
gene-FPB0191_RS01060	1449	1212.15	0	0
gene-FPB0191_RS01065	540	312.253	0	0
gene-FPB0191_RS01100	339	148.373	0	0
gene-FPB0191_RS01105	1524	1287.15	0	0
gene-FPB0191_RS01110	801	565.277	0	0
gene-FPB0191_RS01115	753	517.871	0	0
gene-FPB0191_RS01120	909	672.72	0	0
gene-FPB0191_RS01125	1179	942.148	1	0.193833
gene-FPB0191_RS01130	717	482.425	0	0
gene-FPB0191_RS01135	2286	2049.15	1	0.0891196
gene-FPB0191_RS01140	522	296.313	1	0.616305
gene-FPB0191_RS01145	168	42.0811	1	4.3397
gene-FPB0191_RS01150	1023	786.148	1	0.232296
gene-FPB0191_RS01155	954	717.37	1	0.254568
gene-FPB0191_RS01160	936	699.582	1	0.26104
gene-FPB0191_RS01165	735	500.227	0	0
gene-FPB0191_RS01170	234	80.3412	2	4.54609
gene-FPB0191_RS01175	1245	1008.15	0	0
gene-FPB0191_RS01180	924	687.652	0	0
gene-FPB0191_RS01185	1980	1743.15	0	0
gene-FPB0191_RS01190	3318	3081.15	1	0.0592699
gene-FPB0191_RS01195	783	547.388	0	0
gene-FPB0191_RS01200	954	717.37	0	0
gene-FPB0191_RS01205	1398	1161.15	0	0
gene-FPB0191_RS01210	630	397.376	0	0
gene-FPB0191_RS01220	1044	807.148	5	1.13126
gene-FPB0191_RS01225	504	280.361	0	0
gene-FPB0191_RS01230	2634	2397.15	1	0.0761819
gene-FPB0191_RS01235	192	55.1582	0	0
gene-FPB0191_RS01260	1170	933.148	1	0.195702
gene-FPB0191_RS01265	432	220.183	0	0
gene-FPB0191_RS01270	2148	1911.15	0	0
gene-FPB0191_RS01275	957	720.37	0	0
gene-FPB0191_RS01280	1644	1407.15	0	0
gene-FPB0191_RS01285	951	714.441	0	0
gene-FPB0191_RS01290	870	633.915	0	0
gene-FPB0191_RS01295	612	379.885	0	0
gene-FPB0191_RS01300	318	133.428	3	4.10602
gene-FPB0191_RS01305	717	482.425	0	0
gene-FPB0191_RS01310	201	60.3796	0	0
gene-FPB0191_RS01315	639	406.134	0	0
gene-FPB0191_RS01320	549	320.48	1	0.56983
gene-FPB0191_RS01325	3216	2979.15	0	0
gene-FPB0191_RS01330	1161	924.148	0	0
gene-FPB0191_RS01335	1008	771.148	4	0.947259
gene-FPB0191_RS01340	894	657.786	0	0
gene-FPB0191_RS01345	393	189.447	1	0.963962
gene-FPB0191_RS01350	1647	1410.15	0	0
gene-FPB0191_RS01355	477	256.972	0	0
gene-FPB0191_RS01360	297	119.014	0	0
gene-FPB0191_RS01365	627	394.456	0	0
gene-FPB0191_RS01370	1911	1674.15	1	0.109082
gene-FPB0191_RS01375	837	601.102	0	0
gene-FPB0191_RS01380	1344	1107.15	2	0.329891
gene-FPB0191_RS01385	1215	978.148	0	0
gene-FPB0191_RS01390	297	119.014	0	0
gene-FPB0191_RS01395	459	242.039	0	0
gene-FPB0191_RS01400	780	544.553	0	0
gene-FPB0191_RS01405	1947	1710.15	1	0.106786
gene-FPB0191_RS01410	924	687.652	0	0
gene-FPB0191_RS01415	252	91.7168	3	5.97336
gene-FPB0191_RS01420	1299	1062.15	0	0
gene-FPB0191_RS01425	1224	987.148	0	0
gene-FPB0191_RS01430	981	744.224	0	0
gene-FPB0191_RS01435	1299	1062.15	1	0.171934
gene-FPB0191_RS01460	978	741.224	0	0
gene-FPB0191_RS01465	786	550.388	0	0
gene-FPB0191_RS01470	1305	1068.15	0	0
gene-FPB0191_RS01475	543	314.965	0	0
gene-FPB0191_RS01480	420	210.479	0	0
gene-FPB0191_RS01485	639	406.134	0	0
gene-FPB0191_RS01490	1383	1146.15	2	0.318666
gene-FPB0191_RS01495	978	741.224	2	0.492751
gene-FPB0191_RS01500	1404	1167.15	0	0
gene-FPB0191_RS01505	1086	849.148	0	0
gene-FPB0191_RS01510	2031	1794.15	1	0.101786
gene-FPB0191_RS01515	1086	849.148	1	0.215062
gene-FPB0191_RS01520	354	159.705	0	0
gene-FPB0191_RS01525	318	133.428	0	0
gene-FPB0191_RS01530	582	351.575	0	0
gene-FPB0191_RS01535	1920	1683.15	1	0.108499
gene-FPB0191_RS01540	2682	2445.15	2	0.149373
gene-FPB0191_RS01545	1329	1092.15	1	0.167211
gene-FPB0191_RS01550	795	559.277	0	0
gene-FPB0191_RS01555	951	714.441	0	0
gene-FPB0191_RS01560	984	747.224	0	0
gene-FPB0191_RS01565	978	741.224	1	0.246375
gene-FPB0191_RS01570	1929	1692.15	0	0
gene-FPB0191_RS01575	927	690.652	0	0
gene-FPB0191_RS01580	696	461.658	0	0
gene-FPB0191_RS01585	966	729.297	0	0
gene-FPB0191_RS01590	3078	2841.15	1	0.0642766
gene-FPB0191_RS01595	951	714.441	0	0
gene-FPB0191_RS01600	810	574.277	0	0
gene-FPB0191_RS01605	831	595.102	1	0.30687
gene-FPB0191_RS01610	195	56.8308	0	0
gene-FPB0191_RS01615	354	159.705	0	0
gene-FPB0191_RS01620	516	290.887	0	0
gene-FPB0191_RS01625	765	529.66	0	0
gene-FPB0191_RS01630	975	738.297	0	0
gene-FPB0191_RS01635	3888	3651.15	2	0.100034
gene-FPB0191_RS01640	759	523.871	0	0
gene-FPB0191_RS01645	576	345.999	0	0
gene-FPB0191_RS01650	579	348.788	0	0
gene-FPB0191_RS01655	1023	786.148	0	0
gene-FPB0191_RS01660	1188	951.148	0	0
gene-FPB0191_RS01665	603	371.341	0	0
gene-FPB0191_RS01670	909	672.72	0	0
gene-FPB0191_RS01675	1083	846.148	0	0
gene-FPB0191_RS01680	777	541.553	0	0
gene-FPB0191_RS01685	1122	885.148	0	0
gene-FPB0191_RS01690	1056	819.148	0	0
gene-FPB0191_RS01695	600	368.453	0	0
gene-FPB0191_RS01700	1500	1263.15	1	0.144575
gene-FPB0191_RS01705	1521	1284.15	0	0
gene-FPB0191_RS01710	1032	795.148	0	0
gene-FPB0191_RS01715	639	406.134	0	0
gene-FPB0191_RS01720	651	417.762	1	0.437137
gene-FPB0191_RS01725	639	406.134	0	0
gene-FPB0191_RS01730	2283	2046.15	13	1.16025
gene-FPB0191_RS01735	852	616.102	1	0.29641
gene-FPB0191_RS01740	1293	1056.15	1	0.172911
gene-FPB0191_RS01745	936	699.582	0	0
gene-FPB0191_RS01750	1074	837.148	0	0
gene-FPB0191_RS01755	1083	846.148	0	0
gene-FPB0191_RS01760	1620	1383.15	0	0
gene-FPB0191_RS01765	339	148.373	0	0
gene-FPB0191_RS01770	642	409.052	0	0
gene-FPB0191_RS01775	633	400.256	0	0
gene-FPB0191_RS01780	354	159.705	0	0
gene-FPB0191_RS01785	405	198.514	3	2.7598
gene-FPB0191_RS01790	300	120.861	0	0
gene-FPB0191_RS01795	228	77.1541	0	0
gene-FPB0191_RS01800	453	236.93	0	0
gene-FPB0191_RS01805	615	382.808	0	0
gene-FPB0191_RS01810	822	586.162	0	0
gene-FPB0191_RS01815	504	280.361	0	0
gene-FPB0191_RS01820	1473	1236.15	0	0
gene-FPB0191_RS01825	1227	990.148	0	0
gene-FPB0191_RS01830	687	452.796	0	0
gene-FPB0191_RS01835	327	139.697	0	0
gene-FPB0191_RS01840	624	391.496	0	0
gene-FPB0191_RS01845	984	747.224	2	0.488794
gene-FPB0191_RS01850	1281	1044.15	0	0
gene-FPB0191_RS01855	1428	1191.15	0	0
gene-FPB0191_RS01860	1074	837.148	0	0
gene-FPB0191_RS01865	2808	2571.15	4	0.284105
gene-FPB0191_RS01870	1131	894.148	3	0.612715
gene-FPB0191_RS01875	462	244.394	5	3.73616
gene-FPB0191_RS01880	1503	1266.15	0	0
gene-FPB0191_RS01885	972	735.297	0	0
gene-FPB0191_RS01890	1836	1599.15	2	0.228396
gene-FPB0191_RS01895	1785	1548.15	0	0
gene-FPB0191_RS01900	216	69.8915	0	0
gene-FPB0191_RS01905	1008	771.148	0	0
gene-FPB0191_RS01910	486	264.853	0	0
gene-FPB0191_RS01915	810	574.277	0	0
gene-FPB0191_RS01920	2073	1836.15	2	0.198916
gene-FPB0191_RS01925	927	690.652	0	0
gene-FPB0191_RS01930	585	354.218	0	0
gene-FPB0191_RS01935	426	215.129	0	0
gene-FPB0191_RS01940	1347	1110.15	0	0
gene-FPB0191_RS01945	1362	1125.15	0	0
gene-FPB0191_RS01950	936	699.582	1	0.26104
gene-FPB0191_RS01955	771	535.607	0	0
gene-FPB0191_RS01960	585	354.218	0	0
gene-FPB0191_RS01965	948	711.441	0	0
gene-FPB0191_RS01970	711	476.425	0	0
gene-FPB0191_RS01975	735	500.227	1	0.365072
gene-FPB0191_RS01980	774	538.607	0	0
gene-FPB0191_RS01985	927	690.652	1	0.264416
gene-FPB0191_RS01990	1062	825.148	0	0
gene-FPB0191_RS01995	969	732.297	0	0
gene-FPB0191_RS02030	1176	939.148	1	0.194452
gene-FPB0191_RS02035	618	385.73	0	0
gene-FPB0191_RS02040	510	285.63	0	0
gene-FPB0191_RS02045	249	89.949	0	0
gene-FPB0191_RS02050	450	234.736	0	0
gene-FPB0191_RS02055	729	494.327	0	0
gene-FPB0191_RS02060	408	201.092	8	7.26509
gene-FPB0191_RS02065	483	262.155	3	2.08982
gene-FPB0191_RS02070	510	285.63	0	0
gene-FPB0191_RS02075	1635	1398.15	0	0
gene-FPB0191_RS02080	906	669.72	0	0
gene-FPB0191_RS02085	369	170.944	6	6.40978
gene-FPB0191_RS02090	1221	984.148	0	0
gene-FPB0191_RS02095	1113	876.148	0	0
gene-FPB0191_RS02100	1032	795.148	0	0
gene-FPB0191_RS02105	2139	1902.15	5	0.480034
gene-FPB0191_RS02110	474	254.347	0	0
gene-FPB0191_RS02115	663	429.548	0	0
gene-FPB0191_RS02120	2250	2013.15	1	0.0907133
gene-FPB0191_RS02125	204	62.0897	0	0
gene-FPB0191_RS02130	456	239.474	1	0.762586
gene-FPB0191_RS02135	657	423.677	0	0
gene-FPB0191_RS02140	420	210.479	1	0.867636
gene-FPB0191_RS02145	1338	1101.15	0	0
gene-FPB0191_RS02150	1260	1023.15	2	0.356975
gene-FPB0191_RS02155	792	556.333	1	0.328255
gene-FPB0191_RS02160	2091	1854.15	1	0.0984923
gene-FPB0191_RS02165	2121	1884.15	0	0
gene-FPB0191_RS02170	291	115.736	0	0
gene-FPB0191_RS02175	624	391.496	0	0
gene-FPB0191_RS02180	2271	2034.15	0	0
gene-FPB0191_RS02185	1233	996.148	0	0
gene-FPB0191_RS02190	828	592.102	0	0
gene-FPB0191_RS02195	903	666.72	0	0
gene-FPB0191_RS02200	573	343.139	0	0
gene-FPB0191_RS02205	267	101.144	0	0
gene-FPB0191_RS02210	1455	1218.15	0	0
gene-FPB0191_RS02215	219	71.7234	0	0
gene-FPB0191_RS02220	657	423.677	0	0
gene-FPB0191_RS02225	999	762.148	0	0
gene-FPB0191_RS02230	510	285.63	0	0
gene-FPB0191_RS02235	2598	2361.15	0	0
gene-FPB0191_RS02240	720	485.425	0	0
gene-FPB0191_RS02245	1695	1458.15	0	0
gene-FPB0191_RS02250	747	511.974	1	0.356696
gene-FPB0191_RS02255	873	636.915	0	0
gene-FPB0191_RS02260	1155	918.148	2	0.397799
gene-FPB0191_RS02265	912	675.72	1	0.270259
gene-FPB0191_RS02270	465	246.848	0	0
gene-FPB0191_RS02275	1614	1377.15	2	0.265214
gene-FPB0191_RS02280	1017	780.148	1	0.234083
gene-FPB0191_RS02285	924	687.652	0	0
gene-FPB0191_RS02290	975	738.297	0	0
gene-FPB0191_RS02295	1002	765.148	0	0
gene-FPB0191_RS02300	390	187.171	0	0
gene-FPB0191_RS02305	639	406.134	3	1.34896
gene-FPB0191_RS02310	1194	957.148	2	0.38159
gene-FPB0191_RS11850	132	25.191	2	14.4988
gene-FPB0191_RS02315	489	267.38	1	0.682994
gene-FPB0191_RS11855	510	285.63	0	0
gene-FPB0191_RS02320	921	684.652	1	0.266733
gene-FPB0191_RS02325	807	571.277	0	0
gene-FPB0191_RS02330	729	494.327	0	0
gene-FPB0191_RS02335	1395	1158.15	0	0
gene-FPB0191_RS02340	246	88.3653	2	4.13328
gene-FPB0191_RS02345	1371	1134.15	0	0
gene-FPB0191_RS02350	1746	1509.15	0	0
gene-FPB0191_RS02355	315	131.376	0	0
gene-FPB0191_RS02360	1017	780.148	0	0
gene-FPB0191_RS02365	213	67.9168	0	0
gene-FPB0191_RS02370	768	532.607	0	0
gene-FPB0191_RS02375	609	377.075	0	0
gene-FPB0191_RS02380	777	541.553	0	0
gene-FPB0191_RS02385	1188	951.148	0	0
gene-FPB0191_RS02390	1170	933.148	0	0
gene-FPB0191_RS02395	456	239.474	0	0
gene-FPB0191_RS02400	540	312.253	1	0.584843
gene-FPB0191_RS02405	321	135.439	0	0
gene-FPB0191_RS02410	1410	1173.15	0	0
gene-FPB0191_RS02415	324	137.442	0	0
gene-FPB0191_RS02420	642	409.052	0	0
gene-FPB0191_RS02425	1038	801.148	0	0
gene-FPB0191_RS02430	270	103.079	0	0
gene-FPB0191_RS02435	2007	1770.15	4	0.412664
gene-FPB0191_RS02440	951	714.441	0	0
gene-FPB0191_RS02445	1506	1269.15	0	0
gene-FPB0191_RS02450	528	301.637	0	0
gene-FPB0191_RS02455	2031	1794.15	0	0
gene-FPB0191_RS02460	786	550.388	0	0
gene-FPB0191_RS02465	441	227.347	0	0
gene-FPB0191_RS02470	1665	1428.15	0	0
gene-FPB0191_RS02475	1629	1392.15	1	0.131178
gene-FPB0191_RS02480	1308	1071.15	6	1.02294
gene-FPB0191_RS02485	549	320.48	0	0
gene-FPB0191_RS02490	894	657.786	0	0
gene-FPB0191_RS02495	681	446.977	0	0
gene-FPB0191_RS02500	1620	1383.15	1	0.132032
gene-FPB0191_RS02505	1353	1116.15	1	0.163616
gene-FPB0191_RS02510	843	607.102	0	0
gene-FPB0191_RS02515	1056	819.148	2	0.445876
gene-FPB0191_RS02520	291	115.736	0	0
gene-FPB0191_RS02525	888	651.786	0	0
gene-FPB0191_RS02530	1530	1293.15	2	0.282441
gene-FPB0191_RS02535	546	317.643	0	0
gene-FPB0191_RS02540	2571	2334.15	16	1.25181
gene-FPB0191_RS11860	2664	2427.15	1	0.0752402
gene-FPB0191_RS02550	660	426.634	0	0
gene-FPB0191_RS11865	81	30.0822	0	0
gene-FPB0191_RS02555	597	365.527	0	0
gene-FPB0191_RS02560	1335	1098.15	0	0
gene-FPB0191_RS02565	249	89.949	0	0
gene-FPB0191_RS02570	528	301.637	4	2.4217
gene-FPB0191_RS02575	753	517.871	1	0.352635
gene-FPB0191_RS02580	351	157.502	0	0
gene-FPB0191_RS02585	1407	1170.15	0	0
gene-FPB0191_RS02590	1056	819.148	0	0
gene-FPB0191_RS02595	882	645.786	0	0
gene-FPB0191_RS02600	1188	951.148	0	0
gene-FPB0191_RS02605	390	187.171	0	0
gene-FPB0191_RS02610	390	187.171	0	0
gene-FPB0191_RS02615	852	616.102	2	0.592821
gene-FPB0191_RS02620	774	538.607	0	0
gene-FPB0191_RS02625	738	503.227	0	0
gene-FPB0191_RS02630	1437	1200.15	0	0
gene-FPB0191_RS02635	1203	966.148	0	0
gene-FPB0191_RS02640	882	645.786	0	0
gene-FPB0191_RS02645	1281	1044.15	0	0
gene-FPB0191_RS02650	705	470.425	1	0.3882
gene-FPB0191_RS02655	1872	1635.15	0	0
gene-FPB0191_RS02660	1443	1206.15	1	0.151407
gene-FPB0191_RS02665	1185	948.148	0	0
gene-FPB0191_RS02670	1185	948.148	0	0
gene-FPB0191_RS02675	1170	933.148	0	0
gene-FPB0191_RS02680	1893	1656.15	0	0
gene-FPB0191_RS02685	1176	939.148	4	0.777808
gene-FPB0191_RS02690	2139	1902.15	2	0.192014
gene-FPB0191_RS02695	2121	1884.15	0	0
gene-FPB0191_RS02700	2136	1899.15	0	0
gene-FPB0191_RS02705	4182	3945.15	11	0.509185
gene-FPB0191_RS02710	1164	927.148	0	0
gene-FPB0191_RS02715	417	208.169	0	0
gene-FPB0191_RS02720	438	224.858	2	1.62431
gene-FPB0191_RS02725	360	164.089	1	1.11293
gene-FPB0191_RS02730	291	115.736	0	0
gene-FPB0191_RS02735	417	208.169	1	0.877263
gene-FPB0191_RS02740	4818	4581.15	0	0
gene-FPB0191_RS02745	444	229.732	3	2.38477
gene-FPB0191_RS02750	1929	1692.15	0	0
gene-FPB0191_RS02755	1308	1071.15	0	0
gene-FPB0191_RS02760	225	75.4231	0	0
gene-FPB0191_RS02765	2151	1914.15	2	0.19081
gene-FPB0191_RS02770	534	307.013	0	0
gene-FPB0191_RS02775	1371	1134.15	0	0
gene-FPB0191_RS02780	1731	1494.15	0	0
gene-FPB0191_RS02785	1194	957.148	0	0
gene-FPB0191_RS02790	1371	1134.15	2	0.322038
gene-FPB0191_RS02795	1839	1602.15	0	0
gene-FPB0191_RS02800	1761	1524.15	0	0
gene-FPB0191_RS02805	1755	1518.15	0	0
gene-FPB0191_RS02810	1836	1599.15	0	0
gene-FPB0191_RS02815	855	619.102	0	0
gene-FPB0191_RS02820	1758	1521.15	1	0.120054
gene-FPB0191_RS02825	873	636.915	0	0
gene-FPB0191_RS02830	2565	2328.15	1	0.0784397
gene-FPB0191_RS02835	9588	9351.15	0	0
gene-FPB0191_RS02840	2604	2367.15	0	0
gene-FPB0191_RS02845	864	627.915	0	0
gene-FPB0191_RS02850	246	88.3653	0	0
gene-FPB0191_RS02855	1137	900.148	0	0
gene-FPB0191_RS02860	1245	1008.15	0	0
gene-FPB0191_RS02865	4785	4548.15	1	0.0401524
gene-FPB0191_RS02870	3033	2796.15	1	0.065311
gene-FPB0191_RS02875	6504	6267.15	1	0.0291391
gene-FPB0191_RS02880	6480	6243.15	1	0.0292511
gene-FPB0191_RS02885	1467	1230.15	0	0
gene-FPB0191_RS02890	1440	1203.15	0	0
gene-FPB0191_RS02895	4413	4176.15	1	0.0437291
gene-FPB0191_RS02900	2460	2223.15	1	0.0821444
gene-FPB0191_RS02905	1482	1245.15	0	0
gene-FPB0191_RS02910	723	488.376	0	0
gene-FPB0191_RS02915	513	288.215	0	0
gene-FPB0191_RS02920	855	619.102	0	0
gene-FPB0191_RS02925	741	506.126	0	0
gene-FPB0191_RS02930	915	678.72	0	0
gene-FPB0191_RS02935	969	732.297	0	0
gene-FPB0191_RS02940	906	669.72	0	0
gene-FPB0191_RS02945	1890	1653.15	0	0
gene-FPB0191_RS02950	963	726.297	0	0
gene-FPB0191_RS02955	1842	1605.15	0	0
gene-FPB0191_RS02960	882	645.786	0	0
gene-FPB0191_RS02965	939	702.582	1	0.259926
gene-FPB0191_RS02970	789	553.388	1	0.330002
gene-FPB0191_RS02975	774	538.607	0	0
gene-FPB0191_RS02980	1206	969.148	0	0
gene-FPB0191_RS02985	1176	939.148	0	0
gene-FPB0191_RS02990	678	444.021	0	0
gene-FPB0191_RS02995	243	86.2978	0	0
gene-FPB0191_RS03000	831	595.102	0	0
gene-FPB0191_RS03005	750	514.922	0	0
gene-FPB0191_RS03010	621	388.575	0	0
gene-FPB0191_RS03015	906	669.72	0	0
gene-FPB0191_RS03020	891	654.786	1	0.278899
gene-FPB0191_RS03025	906	669.72	0	0
gene-FPB0191_RS03030	477	256.972	0	0
gene-FPB0191_RS03035	2298	2061.15	0	0
gene-FPB0191_RS03040	1020	783.148	1	0.233186
gene-FPB0191_RS03045	1152	915.148	0	0
gene-FPB0191_RS03050	960	723.297	0	0
gene-FPB0191_RS03055	1458	1221.15	0	0
gene-FPB0191_RS03060	2004	1767.15	1	0.103341
gene-FPB0191_RS03065	603	371.341	0	0
gene-FPB0191_RS03070	657	423.677	0	0
gene-FPB0191_RS03075	540	312.253	0	0
gene-FPB0191_RS03080	972	735.297	0	0
gene-FPB0191_RS03085	681	446.977	0	0
gene-FPB0191_RS03090	717	482.425	0	0
gene-FPB0191_RS03095	1452	1215.15	0	0
gene-FPB0191_RS03100	660	426.634	0	0
gene-FPB0191_RS03105	939	702.582	0	0
gene-FPB0191_RS03110	2805	2568.15	2	0.142219
gene-FPB0191_RS03115	477	256.972	1	0.710659
gene-FPB0191_RS03120	948	711.441	0	0
gene-FPB0191_RS03125	255	93.4477	0	0
gene-FPB0191_RS03130	441	227.347	0	0
gene-FPB0191_RS03140	642	409.052	0	0
gene-FPB0191_RS11870	888	651.786	1	0.280183
gene-FPB0191_RS03150	201	60.3796	0	0
gene-FPB0191_RS03155	402	196.065	0	0
gene-FPB0191_RS03160	357	161.939	0	0
gene-FPB0191_RS03165	456	239.474	0	0
gene-FPB0191_RS03170	288	114.117	0	0
gene-FPB0191_RS03175	435	222.584	0	0
gene-FPB0191_RS03180	483	262.155	4	2.78643
gene-FPB0191_RS11615	438	224.858	4	3.24862
gene-FPB0191_RS03190	369	170.944	0	0
gene-FPB0191_RS03195	471	251.746	0	0
gene-FPB0191_RS11620	207	64.019	0	0
gene-FPB0191_RS03205	513	288.215	0	0
gene-FPB0191_RS03210	528	301.637	0	0
gene-FPB0191_RS03215	363	166.29	0	0
gene-FPB0191_RS03220	204	62.0897	0	0
gene-FPB0191_RS03225	381	179.973	0	0
gene-FPB0191_RS03230	204	62.0897	0	0
gene-FPB0191_RS03235	351	157.502	0	0
gene-FPB0191_RS03245	1431	1194.15	0	0
gene-FPB0191_RS11625	696	461.658	0	0
gene-FPB0191_RS03255	1815	1578.15	0	0
gene-FPB0191_RS03260	1137	900.148	0	0
gene-FPB0191_RS03265	1815	1578.15	0	0
gene-FPB0191_RS03270	1128	891.148	0	0
gene-FPB0191_RS03275	825	589.162	0	0
gene-FPB0191_RS03280	687	452.796	1	0.403315
gene-FPB0191_RS03285	366	168.799	0	0
gene-FPB0191_RS03290	945	708.441	0	0
gene-FPB0191_RS03295	282	110.248	0	0
gene-FPB0191_RS03300	432	220.183	0	0
gene-FPB0191_RS03305	1806	1569.15	0	0
gene-FPB0191_RS03310	894	657.786	0	0
gene-FPB0191_RS03315	501	277.795	0	0
gene-FPB0191_RS03320	501	277.795	0	0
gene-FPB0191_RS03325	303	122.716	0	0
gene-FPB0191_RS03330	255	93.4477	0	0
gene-FPB0191_RS03335	426	215.129	0	0
gene-FPB0191_RS11630	348	155.386	0	0
gene-FPB0191_RS03345	768	532.607	1	0.342878
gene-FPB0191_RS03350	855	619.102	0	0
gene-FPB0191_RS03355	1269	1032.15	0	0
gene-FPB0191_RS03360	363	166.29	0	0
gene-FPB0191_RS03365	1179	942.148	0	0
gene-FPB0191_RS03370	906	669.72	0	0
gene-FPB0191_RS03375	1374	1137.15	0	0
gene-FPB0191_RS03380	837	601.102	0	0
gene-FPB0191_RS03385	432	220.183	0	0
gene-FPB0191_RS03390	474	254.347	2	1.43598
gene-FPB0191_RS03395	801	565.277	0	0
gene-FPB0191_RS03400	816	580.22	0	0
gene-FPB0191_RS03405	1059	822.148	0	0
gene-FPB0191_RS03410	285	112.337	0	0
gene-FPB0191_RS03415	576	345.999	2	1.0556
gene-FPB0191_RS03420	300	120.861	0	0
gene-FPB0191_RS03425	1857	1620.15	1	0.112718
gene-FPB0191_RS03430	885	648.786	0	0
gene-FPB0191_RS03435	243	86.2978	0	0
gene-FPB0191_RS03440	537	309.666	0	0
gene-FPB0191_RS03445	1653	1416.15	3	0.386865
gene-FPB0191_RS03450	3828	3591.15	0	0
gene-FPB0191_RS03455	297	119.014	0	0
gene-FPB0191_RS03460	462	244.394	0	0
gene-FPB0191_RS03465	3585	3348.15	0	0
gene-FPB0191_RS03470	1179	942.148	0	0
gene-FPB0191_RS03475	615	382.808	2	0.954104
gene-FPB0191_RS03480	363	166.29	0	0
gene-FPB0191_RS03485	636	403.175	0	0
gene-FPB0191_RS03490	387	184.806	1	0.988166
gene-FPB0191_RS03495	1944	1707.15	0	0
gene-FPB0191_RS03500	759	523.871	0	0
gene-FPB0191_RS03505	2112	1875.15	2	0.194778
gene-FPB0191_RS03510	879	642.851	0	0
gene-FPB0191_RS03515	1815	1578.15	3	0.347152
gene-FPB0191_RS03520	1356	1119.15	0	0
gene-FPB0191_RS03525	681	446.977	0	0
gene-FPB0191_RS03530	687	452.796	0	0
gene-FPB0191_RS03535	753	517.871	0	0
gene-FPB0191_RS03540	1467	1230.15	2	0.296906
gene-FPB0191_RS03545	1671	1434.15	0	0
gene-FPB0191_RS03550	1716	1479.15	0	0
gene-FPB0191_RS03555	957	720.37	0	0
gene-FPB0191_RS03560	189	53.2657	0	0
gene-FPB0191_RS03565	672	438.199	0	0
gene-FPB0191_RS03570	1248	1011.15	0	0
gene-FPB0191_RS03575	1005	768.148	5	1.1887
gene-FPB0191_RS03580	591	359.748	0	0
gene-FPB0191_RS03585	1017	780.148	0	0
gene-FPB0191_RS03590	1467	1230.15	0	0
gene-FPB0191_RS03595	699	464.566	1	0.393097
gene-FPB0191_RS03600	852	616.102	0	0
gene-FPB0191_RS03605	492	269.905	0	0
gene-FPB0191_RS03610	774	538.607	1	0.339058
gene-FPB0191_RS03615	351	157.502	0	0
gene-FPB0191_RS03620	522	296.313	0	0
gene-FPB0191_RS03625	1734	1497.15	0	0
gene-FPB0191_RS03630	1740	1503.15	0	0
gene-FPB0191_RS03635	468	249.142	0	0
gene-FPB0191_RS03640	249	89.949	0	0
gene-FPB0191_RS03645	1026	789.148	0	0
gene-FPB0191_RS03650	429	217.564	0	0
gene-FPB0191_RS03655	840	604.102	0	0
gene-FPB0191_RS03660	1431	1194.15	3	0.458785
gene-FPB0191_RS03665	783	547.388	0	0
gene-FPB0191_RS03670	924	687.652	0	0
gene-FPB0191_RS03675	1368	1131.15	1	0.161446
gene-FPB0191_RS03680	633	400.256	0	0
gene-FPB0191_RS03685	1131	894.148	1	0.204238
gene-FPB0191_RS03690	723	488.376	0	0
gene-FPB0191_RS03695	216	69.8915	0	0
gene-FPB0191_RS03700	768	532.607	0	0
gene-FPB0191_RS03705	246	88.3653	1	2.06664
gene-FPB0191_RS03710	180	48.1736	0	0
gene-FPB0191_RS03715	1134	897.148	0	0
gene-FPB0191_RS03720	351	157.502	0	0
gene-FPB0191_RS03725	453	236.93	0	0
gene-FPB0191_RS03730	1719	1482.15	0	0
gene-FPB0191_RS03735	522	296.313	2	1.23261
gene-FPB0191_RS03740	312	129.046	1	1.41515
gene-FPB0191_RS03745	510	285.63	0	0
gene-FPB0191_RS03750	756	520.871	0	0
gene-FPB0191_RS03755	1929	1692.15	2	0.215843
gene-FPB0191_RS03760	540	312.253	5	2.92422
gene-FPB0191_RS03765	198	58.6161	0	0
gene-FPB0191_RS03770	354	159.705	0	0
gene-FPB0191_RS03775	984	747.224	1	0.244397
gene-FPB0191_RS03780	2388	2151.15	0	0
gene-FPB0191_RS03785	294	117.242	0	0
gene-FPB0191_RS03790	480	259.538	0	0
gene-FPB0191_RS03795	666	432.418	0	0
gene-FPB0191_RS03800	642	409.052	0	0
gene-FPB0191_RS03805	297	119.014	0	0
gene-FPB0191_RS03810	999	762.148	0	0
gene-FPB0191_RS03815	696	461.658	0	0
gene-FPB0191_RS03820	1683	1446.15	3	0.378839
gene-FPB0191_RS03825	285	112.337	0	0
gene-FPB0191_RS03830	2304	2067.15	0	0
gene-FPB0191_RS03835	1746	1509.15	0	0
gene-FPB0191_RS03840	1002	765.148	0	0
gene-FPB0191_RS03845	195	56.8308	0	0
gene-FPB0191_RS03850	762	526.713	0	0
gene-FPB0191_RS03855	693	458.704	0	0
gene-FPB0191_RS03860	663	429.548	0	0
gene-FPB0191_RS03865	615	382.808	0	0
gene-FPB0191_RS03870	447	232.186	0	0
gene-FPB0191_RS03875	417	208.169	0	0
gene-FPB0191_RS03880	1032	795.148	0	0
gene-FPB0191_RS03885	2700	2463.15	0	0
gene-FPB0191_RS03890	696	461.658	1	0.395572
gene-FPB0191_RS03895	2097	1860.15	0	0
gene-FPB0191_RS03900	210	66.0331	19	52.5459
gene-FPB0191_RS03905	855	619.102	0	0
gene-FPB0191_RS03910	1122	885.148	0	0
gene-FPB0191_RS03915	690	455.704	0	0
gene-FPB0191_RS03920	1560	1323.15	1	0.138019
gene-FPB0191_RS03925	798	562.277	0	0
gene-FPB0191_RS03930	1251	1014.15	0	0
gene-FPB0191_RS03935	726	491.327	0	0
gene-FPB0191_RS03940	468	249.142	2	1.46599
gene-FPB0191_RS03945	768	532.607	0	0
gene-FPB0191_RS03955	438	224.858	0	0
gene-FPB0191_RS11635	186	51.5528	0	0
gene-FPB0191_RS03960	684	449.977	2	0.811683
gene-FPB0191_RS03965	645	411.887	0	0
gene-FPB0191_RS03970	183	49.9191	0	0
gene-FPB0191_RS03975	504	280.361	0	0
gene-FPB0191_RS03980	1368	1131.15	0	0
gene-FPB0191_RS03985	840	604.102	1	0.302298
gene-FPB0191_RS03990	750	514.922	1	0.354654
gene-FPB0191_RS03995	708	473.425	0	0
gene-FPB0191_RS04000	432	220.183	1	0.829397
gene-FPB0191_RS04005	843	607.102	0	0
gene-FPB0191_RS04010	1161	924.148	0	0
gene-FPB0191_RS04015	1242	1005.15	0	0
gene-FPB0191_RS04020	1194	957.148	1	0.190795
gene-FPB0191_RS04025	1059	822.148	0	0
gene-FPB0191_RS04030	639	406.134	0	0
gene-FPB0191_RS04035	1188	951.148	0	0
gene-FPB0191_RS04040	564	334.587	0	0
gene-FPB0191_RS04045	1263	1026.15	0	0
gene-FPB0191_RS04050	1287	1050.15	0	0
gene-FPB0191_RS04055	1143	906.148	0	0
gene-FPB0191_RS04060	666	432.418	0	0
gene-FPB0191_RS04065	426	215.129	0	0
gene-FPB0191_RS04070	1224	987.148	0	0
gene-FPB0191_RS04075	687	452.796	1	0.403315
gene-FPB0191_RS04080	1263	1026.15	0	0
gene-FPB0191_RS04085	1419	1182.15	1	0.154481
gene-FPB0191_RS04090	2106	1869.15	0	0
gene-FPB0191_RS04095	1935	1698.15	0	0
gene-FPB0191_RS04100	1875	1638.15	5	0.557395
gene-FPB0191_RS04105	1371	1134.15	0	0
gene-FPB0191_RS04110	999	762.148	6	1.43767
gene-FPB0191_RS04115	2025	1788.15	0	0
gene-FPB0191_RS04120	3201	2964.15	1	0.0616093
gene-FPB0191_RS04125	1251	1014.15	0	0
gene-FPB0191_RS04130	951	714.441	0	0
gene-FPB0191_RS04135	2031	1794.15	0	0
gene-FPB0191_RS04140	531	304.451	0	0
gene-FPB0191_RS04145	189	53.2657	0	0
gene-FPB0191_RS04150	336	146.093	0	0
gene-FPB0191_RS04155	1205	968.148	0	0
gene-FPB0191_RS04160	924	687.652	0	0
gene-FPB0191_RS04165	1527	1290.15	1	0.141549
gene-FPB0191_RS04170	1554	1317.15	2	0.277295
gene-FPB0191_RS04175	750	514.922	0	0
gene-FPB0191_RS04180	879	642.851	0	0
gene-FPB0191_RS04185	633	400.256	0	0
gene-FPB0191_RS04190	711	476.425	1	0.383312
gene-FPB0191_RS04195	453	236.93	0	0
gene-FPB0191_RS04200	2052	1815.15	0	0
gene-FPB0191_RS04205	732	497.278	0	0
gene-FPB0191_RS04210	942	705.582	0	0
gene-FPB0191_RS04215	1431	1194.15	0	0
gene-FPB0191_RS04220	912	675.72	0	0
gene-FPB0191_RS04225	3453	3216.15	0	0
gene-FPB0191_RS04230	585	354.218	0	0
gene-FPB0191_RS04235	1158	921.148	0	0
gene-FPB0191_RS04240	2436	2199.15	0	0
gene-FPB0191_RS04245	972	735.297	0	0
gene-FPB0191_RS04250	405	198.514	0	0
gene-FPB0191_RS04255	861	624.978	0	0
gene-FPB0191_RS04260	1029	792.148	1	0.230537
gene-FPB0191_RS04265	753	517.871	0	0
gene-FPB0191_RS04270	966	729.297	0	0
gene-FPB0191_RS04275	2559	2322.15	0	0
gene-FPB0191_RS04280	615	382.808	0	0
gene-FPB0191_RS04285	720	485.425	0	0
gene-FPB0191_RS04290	282	110.248	0	0
gene-FPB0191_RS04295	1176	939.148	0	0
gene-FPB0191_RS04300	774	538.607	0	0
gene-FPB0191_RS04305	348	155.386	0	0
gene-FPB0191_RS04310	591	359.748	0	0
gene-FPB0191_RS04315	1020	783.148	1	0.233186
gene-FPB0191_RS04320	1281	1044.15	0	0
gene-FPB0191_RS04325	975	738.297	0	0
gene-FPB0191_RS04330	999	762.148	0	0
gene-FPB0191_RS04335	1155	918.148	0	0
gene-FPB0191_RS04340	708	473.425	0	0
gene-FPB0191_RS04345	1551	1314.15	0	0
gene-FPB0191_RS04350	1050	813.148	0	0
gene-FPB0191_RS04355	798	562.277	0	0
gene-FPB0191_RS04360	1017	780.148	0	0
gene-FPB0191_RS04365	798	562.277	0	0
gene-FPB0191_RS04370	1122	885.148	0	0
gene-FPB0191_RS04375	708	473.425	2	0.771481
gene-FPB0191_RS04380	603	371.341	0	0
gene-FPB0191_RS04385	687	452.796	0	0
gene-FPB0191_RS04390	1836	1599.15	0	0
gene-FPB0191_RS04395	1920	1683.15	0	0
gene-FPB0191_RS04400	690	455.704	0	0
gene-FPB0191_RS04405	264	99.2773	0	0
gene-FPB0191_RS04410	474	254.347	0	0
gene-FPB0191_RS04415	1134	897.148	0	0
gene-FPB0191_RS04420	1137	900.148	0	0
gene-FPB0191_RS04425	882	645.786	0	0
gene-FPB0191_RS04430	846	610.102	0	0
gene-FPB0191_RS04435	1359	1122.15	0	0
gene-FPB0191_RS04440	1722	1485.15	0	0
gene-FPB0191_RS04445	471	251.746	0	0
gene-FPB0191_RS04450	2625	2388.15	0	0
gene-FPB0191_RS04455	972	735.297	0	0
gene-FPB0191_RS04460	945	708.441	0	0
gene-FPB0191_RS04465	1416	1179.15	0	0
gene-FPB0191_RS04470	1014	777.148	0	0
gene-FPB0191_RS04475	2133	1896.15	0	0
gene-FPB0191_RS04480	2304	2067.15	0	0
gene-FPB0191_RS04485	846	610.102	0	0
gene-FPB0191_RS04490	1425	1188.15	0	0
gene-FPB0191_RS04495	486	264.853	0	0
gene-FPB0191_RS04500	639	406.134	0	0
gene-FPB0191_RS04505	987	750.224	0	0
gene-FPB0191_RS04510	774	538.607	0	0
gene-FPB0191_RS04515	540	312.253	0	0
gene-FPB0191_RS04520	1662	1425.15	2	0.256281
gene-FPB0191_RS04525	306	124.664	0	0
gene-FPB0191_RS04530	849	613.102	3	0.893583
gene-FPB0191_RS04535	807	571.277	2	0.639337
gene-FPB0191_RS04540	960	723.297	1	0.252481
gene-FPB0191_RS04545	630	397.376	0	0
gene-FPB0191_RS04550	924	687.652	0	0
gene-FPB0191_RS04555	2445	2208.15	1	0.0827024
gene-FPB0191_RS04560	4605	4368.15	0	0
gene-FPB0191_RS04565	1389	1152.15	0	0
gene-FPB0191_RS04570	2145	1908.15	0	0
gene-FPB0191_RS04575	1176	939.148	0	0
gene-FPB0191_RS04580	3492	3255.15	0	0
gene-FPB0191_RS04585	351	157.502	0	0
gene-FPB0191_RS11885	177	46.825	0	0
gene-FPB0191_RS04595	357	161.939	0	0
gene-FPB0191_RS04600	192	55.1582	0	0
gene-FPB0191_RS04605	348	155.386	0	0
gene-FPB0191_RS11890	1701	1464.15	0	0
gene-FPB0191_RS04615	1524	1287.15	2	0.283758
gene-FPB0191_RS04620	741	506.126	0	0
gene-FPB0191_RS04625	879	642.851	19	5.39746
gene-FPB0191_RS04630	264	99.2773	0	0
gene-FPB0191_RS04635	492	269.905	0	0
gene-FPB0191_RS04640	1638	1401.15	1	0.130335
gene-FPB0191_RS04645	693	458.704	0	0
gene-FPB0191_RS04650	759	523.871	0	0
gene-FPB0191_RS04655	258	95.3596	0	0
gene-FPB0191_RS04660	432	220.183	0	0
gene-FPB0191_RS04665	918	681.652	0	0
gene-FPB0191_RS04670	393	189.447	0	0
gene-FPB0191_RS04675	906	669.72	0	0
gene-FPB0191_RS04680	942	705.582	0	0
gene-FPB0191_RS04685	309	127.008	0	0
gene-FPB0191_RS04690	2235	1998.15	0	0
gene-FPB0191_RS04695	1107	870.148	1	0.209871
gene-FPB0191_RS04700	1314	1077.15	1	0.16954
gene-FPB0191_RS04705	1359	1122.15	0	0
gene-FPB0191_RS04710	498	275.081	0	0
gene-FPB0191_RS04715	2049	1812.15	2	0.20155
gene-FPB0191_RS04720	339	148.373	1	1.23081
gene-FPB0191_RS04725	963	726.297	0	0
gene-FPB0191_RS04730	609	377.075	0	0
gene-FPB0191_RS04735	822	586.162	0	0
gene-FPB0191_RS04740	717	482.425	0	0
gene-FPB0191_RS11895	1719	1482.15	0	0
gene-FPB0191_RS04750	345	153.15	0	0
gene-FPB0191_RS04755	375	175.674	0	0
gene-FPB0191_RS11900	205	62.7132	0	0
gene-FPB0191_RS04760	357	161.939	0	0
gene-FPB0191_RS04765	852	616.102	0	0
gene-FPB0191_RS04770	288	114.117	0	0
gene-FPB0191_RS04775	654	420.762	0	0
gene-FPB0191_RS04780	876	639.915	0	0
gene-FPB0191_RS04785	432	220.183	1	0.829397
gene-FPB0191_RS04790	576	345.999	0	0
gene-FPB0191_RS04795	1296	1059.15	0	0
gene-FPB0191_RS04800	1158	921.148	0	0
gene-FPB0191_RS04805	366	168.799	0	0
gene-FPB0191_RS04815	900	663.72	0	0
gene-FPB0191_RS04820	459	242.039	0	0
gene-FPB0191_RS04825	432	220.183	0	0
gene-FPB0191_RS04830	300	120.861	0	0
gene-FPB0191_RS04835	321	135.439	0	0
gene-FPB0191_RS11640	1041	804.148	0	0
gene-FPB0191_RS11645	960	723.297	0	0
gene-FPB0191_RS04850	1089	852.148	0	0
gene-FPB0191_RS04855	606	374.341	0	0
gene-FPB0191_RS04860	492	269.905	0	0
gene-FPB0191_RS04865	279	108.464	0	0
gene-FPB0191_RS04870	1383	1146.15	0	0
gene-FPB0191_RS04875	2064	1827.15	0	0
gene-FPB0191_RS04880	663	429.548	0	0
gene-FPB0191_RS04885	630	397.376	0	0
gene-FPB0191_RS04890	1005	768.148	0	0
gene-FPB0191_RS04895	1047	810.148	1	0.225415
gene-FPB0191_RS04900	897	660.786	0	0
gene-FPB0191_RS04905	1149	912.148	0	0
gene-FPB0191_RS04910	795	559.277	0	0
gene-FPB0191_RS11905	135	26.4765	0	0
gene-FPB0191_RS04920	459	242.039	0	0
gene-FPB0191_RS04925	459	242.039	0	0
gene-FPB0191_RS04930	426	215.129	0	0
gene-FPB0191_RS04935	1329	1092.15	0	0
gene-FPB0191_RS04940	297	119.014	0	0
gene-FPB0191_RS04945	249	89.949	0	0
gene-FPB0191_RS04955	1389	1152.15	0	0
gene-FPB0191_RS04960	1329	1092.15	0	0
gene-FPB0191_RS04965	603	371.341	1	0.491783
gene-FPB0191_RS04970	1302	1065.15	1	0.17145
gene-FPB0191_RS04980	726	491.327	0	0
gene-FPB0191_RS04985	183	49.9191	0	0
gene-FPB0191_RS04990	288	114.117	0	0
gene-FPB0191_RS04995	528	301.637	0	0
gene-FPB0191_RS05000	933	696.652	0	0
gene-FPB0191_RS05005	849	613.102	0	0
gene-FPB0191_RS05010	945	708.441	0	0
gene-FPB0191_RS05015	984	747.224	0	0
gene-FPB0191_RS05020	597	365.527	0	0
gene-FPB0191_RS11910	321	135.439	0	0
gene-FPB0191_RS05025	627	394.456	0	0
gene-FPB0191_RS05030	2523	2286.15	0	0
gene-FPB0191_RS05035	1611	1374.15	0	0
gene-FPB0191_RS05040	735	500.227	0	0
gene-FPB0191_RS05045	735	500.227	0	0
gene-FPB0191_RS05050	735	500.227	0	0
gene-FPB0191_RS05055	2391	2154.15	1	0.0847756
gene-FPB0191_RS05060	963	726.297	0	0
gene-FPB0191_RS05065	3393	3156.15	0	0
gene-FPB0191_RS05070	348	155.386	0	0
gene-FPB0191_RS05075	558	328.755	0	0
gene-FPB0191_RS05080	2589	2352.15	0	0
gene-FPB0191_RS05085	1575	1338.15	0	0
gene-FPB0191_RS05090	1254	1017.15	0.5	0.0897702
gene-FPB0191_RS05095	1575	1338.15	3	0.409415
gene-FPB0191_RS05100	1254	1017.15	0.5	0.0897702
gene-FPB0191_RS11650	1575	1338.15	0	0
gene-FPB0191_RS05110	1254	1017.15	1	0.17954
gene-FPB0191_RS05115	585	354.218	0	0
gene-FPB0191_RS05120	2697	2460.15	0	0
gene-FPB0191_RS05125	1545	1308.15	0	0
gene-FPB0191_RS05130	801	565.277	0	0
gene-FPB0191_RS11655	1377	1140.15	0	0
gene-FPB0191_RS05140	801	565.277	0	0
gene-FPB0191_RS11660	801	565.277	0	0
gene-FPB0191_RS05150	282	110.248	0	0
gene-FPB0191_RS05155	891	654.786	0	0
gene-FPB0191_RS05160	1239	1002.15	0	0
gene-FPB0191_RS05165	633	400.256	0	0
gene-FPB0191_RS05170	918	681.652	0	0
gene-FPB0191_RS05175	897	660.786	0	0
gene-FPB0191_RS05180	1365	1128.15	0	0
gene-FPB0191_RS05185	381	179.973	0	0
gene-FPB0191_RS05190	4685	4448.15	0	0
gene-FPB0191_RS05195	630	397.376	0	0
gene-FPB0191_RS05200	552	323.12	0	0
gene-FPB0191_RS05205	381	179.973	0	0
gene-FPB0191_RS11665	432	220.183	0	0
gene-FPB0191_RS05215	1491	1254.15	0	0
gene-FPB0191_RS05220	1539	1302.15	0	0
gene-FPB0191_RS11670	678	444.021	0	0
gene-FPB0191_RS05230	945	708.441	0	0
gene-FPB0191_RS05245	555	325.955	0	0
gene-FPB0191_RS05250	1842	1605.15	0	0
gene-FPB0191_RS05255	684	449.977	0	0
gene-FPB0191_RS05260	759	523.871	0	0
gene-FPB0191_RS05265	735	500.227	0	0
gene-FPB0191_RS05270	729	494.327	0	0
gene-FPB0191_RS05275	666	432.418	1	0.422321
gene-FPB0191_RS05280	690	455.704	0	0
gene-FPB0191_RS05285	456	239.474	0	0
gene-FPB0191_RS05290	1761	1524.15	0	0
gene-FPB0191_RS05295	567	337.416	0	0
gene-FPB0191_RS05300	363	166.29	0	0
gene-FPB0191_RS05305	1071	834.148	0	0
gene-FPB0191_RS05310	465	246.848	0	0
gene-FPB0191_RS05315	1281	1044.15	0	0
gene-FPB0191_RS05320	339	148.373	0	0
gene-FPB0191_RS05325	513	288.215	0	0
gene-FPB0191_RS05330	336	146.093	0	0
gene-FPB0191_RS05335	243	86.2978	0	0
gene-FPB0191_RS05340	636	403.175	0	0
gene-FPB0191_RS05345	777	541.553	0	0
gene-FPB0191_RS05350	342	150.555	0	0
gene-FPB0191_RS05355	375	175.674	0	0
gene-FPB0191_RS05360	1125	888.148	0	0
gene-FPB0191_RS05365	1662	1425.15	0	0
gene-FPB0191_RS05370	411	203.419	0	0
gene-FPB0191_RS05375	861	624.978	0	0
gene-FPB0191_RS05380	636	403.175	0	0
gene-FPB0191_RS05385	1287	1050.15	2	0.347797
gene-FPB0191_RS05390	1083	846.148	0	0
gene-FPB0191_RS05395	837	601.102	0	0
gene-FPB0191_RS05400	855	619.102	0	0
gene-FPB0191_RS05405	393	189.447	0	0
gene-FPB0191_RS05410	861	624.978	0	0
gene-FPB0191_RS05415	621	388.575	0	0
gene-FPB0191_RS05420	696	461.658	0	0
gene-FPB0191_RS05425	843	607.102	1	0.300805
gene-FPB0191_RS05435	510	285.63	0	0
gene-FPB0191_RS11675	591	359.748	0	0
gene-FPB0191_RS05445	663	429.548	0	0
gene-FPB0191_RS05450	327	139.697	0	0
gene-FPB0191_RS05455	255	93.4477	0	0
gene-FPB0191_RS05460	2352	2115.15	0	0
gene-FPB0191_RS05465	315	131.376	0	0
gene-FPB0191_RS11915	246	88.3653	0	0
gene-FPB0191_RS11920	189	53.2657	0	0
gene-FPB0191_RS11925	189	53.2657	0.5	1.71423
gene-FPB0191_RS11930	186	51.5528	0	0
gene-FPB0191_RS11935	189	53.2657	0	0
gene-FPB0191_RS11940	189	53.2657	0	0
gene-FPB0191_RS11945	189	53.2657	0.5	1.71423
gene-FPB0191_RS11950	192	55.1582	3	9.93248
gene-FPB0191_RS11955	189	53.2657	0	0
gene-FPB0191_RS11960	189	53.2657	0	0
gene-FPB0191_RS11965	186	51.5528	0	0
gene-FPB0191_RS11970	216	69.8915	0	0
gene-FPB0191_RS05475	1041	804.148	0	0
gene-FPB0191_RS05480	1048	811.148	0	0
gene-FPB0191_RS05485	1461	1224.15	7	1.04426
gene-FPB0191_RS05490	243	86.2978	0	0
gene-FPB0191_RS05495	1251	1014.15	0	0
gene-FPB0191_RS05500	321	135.439	0	0
gene-FPB0191_RS05505	1089	852.148	0	0
gene-FPB0191_RS05510	372	173.403	0	0
gene-FPB0191_RS05515	276	106.499	0	0
gene-FPB0191_RS05520	723	488.376	0	0
gene-FPB0191_RS05525	225	75.4231	0	0
gene-FPB0191_RS05530	330	141.889	0	0
gene-FPB0191_RS05535	684	449.977	0	0
gene-FPB0191_RS05540	351	157.502	0	0
gene-FPB0191_RS05545	354	159.705	0	0
gene-FPB0191_RS05550	2031	1794.15	1	0.101786
gene-FPB0191_RS05560	252	91.7168	0	0
gene-FPB0191_RS05565	432	220.183	0	0
gene-FPB0191_RS11975	249	89.949	0	0
gene-FPB0191_RS05575	495	272.68	0	0
gene-FPB0191_RS05580	1512	1275.15	4	0.572857
gene-FPB0191_RS05585	432	220.183	2	1.65879
gene-FPB0191_RS05590	417	208.169	0	0
gene-FPB0191_RS11685	1806	1569.15	1	0.116381
gene-FPB0191_RS05600	936	699.582	0	0
gene-FPB0191_RS05605	327	139.697	0	0
gene-FPB0191_RS05610	807	571.277	0	0
gene-FPB0191_RS05615	675	441.199	0	0
gene-FPB0191_RS05620	366	168.799	0	0
gene-FPB0191_RS05625	1119	882.148	0	0
gene-FPB0191_RS05630	690	455.704	0	0
gene-FPB0191_RS11980	1554	1317.15	0	0
gene-FPB0191_RS05645	612	379.885	0	0
gene-FPB0191_RS11985	1305	1068.15	0	0
gene-FPB0191_RS11695	369	170.944	0	0
gene-FPB0191_RS11700	285	112.337	0	0
gene-FPB0191_RS11990	1521	1284.15	0	0
gene-FPB0191_RS11710	474	254.347	0	0
gene-FPB0191_RS05675	915	678.72	0	0
gene-FPB0191_RS05680	681	446.977	1	0.408565
gene-FPB0191_RS05685	447	232.186	1	0.78652
gene-FPB0191_RS05690	393	189.447	0	0
gene-FPB0191_RS05695	387	184.806	0	0
gene-FPB0191_RS05700	363	166.29	0	0
gene-FPB0191_RS05705	345	153.15	0	0
gene-FPB0191_RS05710	678	444.021	0	0
gene-FPB0191_RS05715	366	168.799	0	0
gene-FPB0191_RS05720	774	538.607	7	2.37341
gene-FPB0191_RS05725	273	105.037	0	0
gene-FPB0191_RS05730	534	307.013	3	1.78448
gene-FPB0191_RS05735	519	293.616	1	0.621965
gene-FPB0191_RS05740	447	232.186	1	0.78652
gene-FPB0191_RS05745	1434	1197.15	1	0.152545
gene-FPB0191_RS05750	1206	969.148	3	0.565298
gene-FPB0191_RS05755	915	678.72	0	0
gene-FPB0191_RS05760	1596	1359.15	0	0
gene-FPB0191_RS05765	828	592.102	1	0.308425
gene-FPB0191_RS05770	678	444.021	2	0.822569
gene-FPB0191_RS05775	1041	804.148	0	0
gene-FPB0191_RS05780	720	485.425	0	0
gene-FPB0191_RS05785	1251	1014.15	0	0
gene-FPB0191_RS05790	489	267.38	0	0
gene-FPB0191_RS05795	2376	2139.15	0	0
gene-FPB0191_RS11715	765	529.66	0	0
gene-FPB0191_RS05805	930	693.652	0	0
gene-FPB0191_RS05815	1065	828.148	0	0
gene-FPB0191_RS05820	1116	879.148	0	0
gene-FPB0191_RS05825	1485	1248.15	0	0
gene-FPB0191_RS05830	462	244.394	0	0
gene-FPB0191_RS05835	471	251.746	6	4.35246
gene-FPB0191_RS05840	2868	2631.15	1	0.0694067
gene-FPB0191_RS05845	888	651.786	9	2.52164
gene-FPB0191_RS05850	303	122.716	0	0
gene-FPB0191_RS11995	243	86.2978	0	0
gene-FPB0191_RS05855	723	488.376	0	0
gene-FPB0191_RS05860	1113	876.148	0	0
gene-FPB0191_RS05865	3903	3666.15	0	0
gene-FPB0191_RS05870	456	239.474	1	0.762586
gene-FPB0191_RS05875	1410	1173.15	3	0.466998
gene-FPB0191_RS05880	2055	1818.15	0	0
gene-FPB0191_RS05885	1548	1311.15	1	0.139282
gene-FPB0191_RS05890	414	205.808	0	0
gene-FPB0191_RS05895	1236	999.148	0	0
gene-FPB0191_RS05900	699	464.566	0	0
gene-FPB0191_RS05905	1191	954.148	0	0
gene-FPB0191_RS05910	3444	3207.15	1	0.0569413
gene-FPB0191_RS05915	1317	1080.15	0	0
gene-FPB0191_RS05920	1491	1254.15	0	0
gene-FPB0191_RS05925	621	388.575	1	0.469972
gene-FPB0191_RS05930	375	175.674	0	0
gene-FPB0191_RS05935	1095	858.148	0	0
gene-FPB0191_RS05940	1137	900.148	0	0
gene-FPB0191_RS05945	732	497.278	0	0
gene-FPB0191_RS05950	969	732.297	0	0
gene-FPB0191_RS05955	6057	5820.15	2	0.0627541
gene-FPB0191_RS05960	2358	2121.15	0	0
gene-FPB0191_RS05965	1062	825.148	0	0
gene-FPB0191_RS05970	1011	774.148	0	0
gene-FPB0191_RS05975	1500	1263.15	3	0.433724
gene-FPB0191_RS05980	885	648.786	0	0
gene-FPB0191_RS05985	645	411.887	0	0
gene-FPB0191_RS05990	696	461.658	0	0
gene-FPB0191_RS05995	468	249.142	1	0.732993
gene-FPB0191_RS06000	1785	1548.15	1	0.11796
gene-FPB0191_RS06005	762	526.713	3	1.04014
gene-FPB0191_RS06010	1068	831.148	2	0.439439
gene-FPB0191_RS06015	276	106.499	1	1.71475
gene-FPB0191_RS06020	1701	1464.15	4	0.498909
gene-FPB0191_RS06025	1602	1365.15	6	0.802635
gene-FPB0191_RS06030	1269	1032.15	1	0.176931
gene-FPB0191_RS06035	1554	1317.15	1	0.138647
gene-FPB0191_RS06040	588	357.074	0	0
gene-FPB0191_RS06045	462	244.394	0	0
gene-FPB0191_RS06050	201	60.3796	0	0
gene-FPB0191_RS06055	306	124.664	0	0
gene-FPB0191_RS06060	681	446.977	0	0
gene-FPB0191_RS06065	711	476.425	0	0
gene-FPB0191_RS06070	1239	1002.15	0	0
gene-FPB0191_RS06075	270	103.079	0	0
gene-FPB0191_RS06080	318	133.428	0	0
gene-FPB0191_RS06085	813	577.22	1	0.316377
gene-FPB0191_RS06090	696	461.658	0	0
gene-FPB0191_RS06095	1590	1353.15	0	0
gene-FPB0191_RS06100	999	762.148	0	0
gene-FPB0191_RS06105	1737	1500.15	0	0
gene-FPB0191_RS06110	1359	1122.15	0	0
gene-FPB0191_RS06115	552	323.12	0	0
gene-FPB0191_RS06120	771	535.607	0	0
gene-FPB0191_RS06125	1422	1185.15	0	0
gene-FPB0191_RS06130	801	565.277	0	0
gene-FPB0191_RS06135	675	441.199	0	0
gene-FPB0191_RS06140	597	365.527	0	0
gene-FPB0191_RS06145	1701	1464.15	0	0
gene-FPB0191_RS06150	840	604.102	0	0
gene-FPB0191_RS06155	501	277.795	0	0
gene-FPB0191_RS06160	210	66.0331	0	0
gene-FPB0191_RS06165	1134	897.148	0	0
gene-FPB0191_RS06170	5117	4880.15	1	0.0374208
gene-FPB0191_RS06175	1584	1347.15	0	0
gene-FPB0191_RS06180	2139	1902.15	0	0
gene-FPB0191_RS06185	1203	966.148	3	0.567054
gene-FPB0191_RS06190	471	251.746	0	0
gene-FPB0191_RS06195	534	307.013	0	0
gene-FPB0191_RS06200	966	729.297	1	0.250404
gene-FPB0191_RS06205	417	208.169	1	0.877263
gene-FPB0191_RS06210	948	711.441	0	0
gene-FPB0191_RS06215	714	479.425	0	0
gene-FPB0191_RS06220	570	340.278	0	0
gene-FPB0191_RS06225	867	630.915	0	0
gene-FPB0191_RS06230	336	146.093	0	0
gene-FPB0191_RS06235	723	488.376	0	0
gene-FPB0191_RS06240	645	411.887	0	0
gene-FPB0191_RS06245	1764	1527.15	0	0
gene-FPB0191_RS06250	1122	885.148	0	0
gene-FPB0191_RS06255	1056	819.148	0	0
gene-FPB0191_RS06260	633	400.256	0	0
gene-FPB0191_RS06265	330	141.889	0	0
gene-FPB0191_RS06270	2148	1911.15	0	0
gene-FPB0191_RS06275	1467	1230.15	2	0.296906
gene-FPB0191_RS06280	681	446.977	0	0
gene-FPB0191_RS06285	1062	825.148	0	0
gene-FPB0191_RS06290	831	595.102	1	0.30687
gene-FPB0191_RS06295	843	607.102	0	0
gene-FPB0191_RS06300	999	762.148	2	0.479223
gene-FPB0191_RS06305	1407	1170.15	0	0
gene-FPB0191_RS06310	1881	1644.15	0	0
gene-FPB0191_RS06315	1044	807.148	0	0
gene-FPB0191_RS06320	582	351.575	0	0
gene-FPB0191_RS06325	801	565.277	0	0
gene-FPB0191_RS06330	1116	879.148	0	0
gene-FPB0191_RS06335	855	619.102	0	0
gene-FPB0191_RS06340	1896	1659.15	1	0.110068
gene-FPB0191_RS06345	1410	1173.15	1	0.155666
gene-FPB0191_RS06350	798	562.277	0	0
gene-FPB0191_RS06355	1347	1110.15	0	0
gene-FPB0191_RS06360	768	532.607	1	0.342878
gene-FPB0191_RS06365	900	663.72	0	0
gene-FPB0191_RS06370	1302	1065.15	0	0
gene-FPB0191_RS06375	1092	855.148	0	0
gene-FPB0191_RS06380	1068	831.148	0	0
gene-FPB0191_RS06385	588	357.074	0	0
gene-FPB0191_RS06390	750	514.922	0	0
gene-FPB0191_RS06395	777	541.553	0	0
gene-FPB0191_RS06400	612	379.885	0	0
gene-FPB0191_RS06405	1833	1596.15	0	0
gene-FPB0191_RS06410	759	523.871	0	0
gene-FPB0191_RS06415	987	750.224	0	0
gene-FPB0191_RS06420	966	729.297	0	0
gene-FPB0191_RS06425	1107	870.148	0	0
gene-FPB0191_RS06430	1407	1170.15	0	0
gene-FPB0191_RS06435	420	210.479	1	0.867636
gene-FPB0191_RS06440	264	99.2773	5	9.19743
gene-FPB0191_RS06445	1827	1590.15	0	0
gene-FPB0191_RS06450	984	747.224	0	0
gene-FPB0191_RS06455	1569	1332.15	2	0.274173
gene-FPB0191_RS06460	528	301.637	0	0
gene-FPB0191_RS06465	2256	2019.15	0	0
gene-FPB0191_RS06470	717	482.425	0	0
gene-FPB0191_RS06475	933	696.652	0	0
gene-FPB0191_RS06480	693	458.704	0	0
gene-FPB0191_RS06485	825	589.162	0	0
gene-FPB0191_RS06490	1248	1011.15	0	0
gene-FPB0191_RS06495	1011	774.148	1	0.235897
gene-FPB0191_RS06500	621	388.575	0	0
gene-FPB0191_RS06505	483	262.155	0	0
gene-FPB0191_RS06510	744	509.025	0	0
gene-FPB0191_RS06515	1275	1038.15	0	0
gene-FPB0191_RS06520	462	244.394	0	0
gene-FPB0191_RS06525	1761	1524.15	1	0.119817
gene-FPB0191_RS06530	546	317.643	0	0
gene-FPB0191_RS06535	780	544.553	0	0
gene-FPB0191_RS06540	450	234.736	0	0
gene-FPB0191_RS06545	1320	1083.15	1	0.1686
gene-FPB0191_RS06550	759	523.871	0	0
gene-FPB0191_RS06555	966	729.297	0	0
gene-FPB0191_RS06560	333	144.04	0	0
gene-FPB0191_RS06565	240	84.4063	17	36.7807
gene-FPB0191_RS06570	204	62.0897	0	0
gene-FPB0191_RS06575	1305	1068.15	0	0
gene-FPB0191_RS06580	927	690.652	1	0.264416
gene-FPB0191_RS06585	861	624.978	0	0
gene-FPB0191_RS06590	1224	987.148	0	0
gene-FPB0191_RS06595	837	601.102	0	0
gene-FPB0191_RS06600	1446	1209.15	0	0
gene-FPB0191_RS06605	1176	939.148	0	0
gene-FPB0191_RS06610	480	259.538	0	0
gene-FPB0191_RS06615	801	565.277	0	0
gene-FPB0191_RS06620	1938	1701.15	1	0.107351
gene-FPB0191_RS06625	1353	1116.15	8	1.30892
gene-FPB0191_RS06630	438	224.858	0	0
gene-FPB0191_RS06650	432	220.183	0	0
gene-FPB0191_RS06655	309	127.008	0	0
gene-FPB0191_RS06660	1377	1140.15	1	0.160172
gene-FPB0191_RS06665	1254	1017.15	0	0
gene-FPB0191_RS06670	489	267.38	0	0
gene-FPB0191_RS06675	1101	864.148	1	0.211329
gene-FPB0191_RS06680	1281	1044.15	0	0
gene-FPB0191_RS06685	549	320.48	1	0.56983
gene-FPB0191_RS06690	1464	1227.15	0	0
gene-FPB0191_RS06695	1197	960.148	0	0
gene-FPB0191_RS06700	729	494.327	0	0
gene-FPB0191_RS06705	1092	855.148	0	0
gene-FPB0191_RS06710	1239	1002.15	1	0.182228
gene-FPB0191_RS06715	429	217.564	0	0
gene-FPB0191_RS06720	207	64.019	2	5.70516
gene-FPB0191_RS06725	975	738.297	0	0
gene-FPB0191_RS06730	360	164.089	0	0
gene-FPB0191_RS06735	726	491.327	0	0
gene-FPB0191_RS06740	957	720.37	0	0
gene-FPB0191_RS06745	453	236.93	0	0
gene-FPB0191_RS06750	558	328.755	0	0
gene-FPB0191_RS06755	417	208.169	0	0
gene-FPB0191_RS06760	678	444.021	0	0
gene-FPB0191_RS06765	720	485.425	0	0
gene-FPB0191_RS06770	1431	1194.15	0	0
gene-FPB0191_RS06775	1344	1107.15	0	0
gene-FPB0191_RS06780	1815	1578.15	1	0.115717
gene-FPB0191_RS06785	1737	1500.15	0	0
gene-FPB0191_RS06790	756	520.871	0	0
gene-FPB0191_RS06795	699	464.566	0	0
gene-FPB0191_RS06800	798	562.277	0	0
gene-FPB0191_RS06805	3543	3306.15	1	0.0552362
gene-FPB0191_RS06810	1479	1242.15	2	0.294038
gene-FPB0191_RS06815	885	648.786	0	0
gene-FPB0191_RS06825	2154	1917.15	0	0
gene-FPB0191_RS11725	1263	1026.15	0	0
gene-FPB0191_RS11730	399	193.785	19	17.9052
gene-FPB0191_RS06840	1086	849.148	2	0.430123
gene-FPB0191_RS06845	1521	1284.15	0	0
gene-FPB0191_RS06850	2394	2157.15	0	0
gene-FPB0191_RS06855	1359	1122.15	0	0
gene-FPB0191_RS06860	822	586.162	1	0.311551
gene-FPB0191_RS06865	810	574.277	0	0
gene-FPB0191_RS06870	1836	1599.15	0	0
gene-FPB0191_RS06875	993	756.224	0	0
gene-FPB0191_RS06880	1212	975.148	2	0.374547
gene-FPB0191_RS06885	327	139.697	0	0
gene-FPB0191_RS06890	471	251.746	1	0.72541
gene-FPB0191_RS06895	459	242.039	0	0
gene-FPB0191_RS06900	867	630.915	0	0
gene-FPB0191_RS06905	1560	1323.15	0	0
gene-FPB0191_RS06910	921	684.652	1	0.266733
gene-FPB0191_RS06915	780	544.553	0	0
gene-FPB0191_RS06920	693	458.704	0	0
gene-FPB0191_RS06925	726	491.327	0	0
gene-FPB0191_RS06930	1929	1692.15	0	0
gene-FPB0191_RS06935	927	690.652	0	0
gene-FPB0191_RS06940	627	394.456	0	0
gene-FPB0191_RS06945	1026	789.148	2	0.462826
gene-FPB0191_RS06950	480	259.538	0	0
gene-FPB0191_RS06955	720	485.425	0	0
gene-FPB0191_RS06960	297	119.014	0	0
gene-FPB0191_RS06965	330	141.889	2	2.57412
gene-FPB0191_RS12000	198	58.6161	0	0
gene-FPB0191_RS11735	552	323.12	0	0
gene-FPB0191_RS06980	207	64.019	0	0
gene-FPB0191_RS06985	234	80.3412	0	0
gene-FPB0191_RS06990	1068	831.148	1	0.219719
gene-FPB0191_RS06995	1197	960.148	3	0.570597
gene-FPB0191_RS07000	360	164.089	5	5.56465
gene-FPB0191_RS07005	1185	948.148	2	0.385213
gene-FPB0191_RS07010	240	84.4063	0	0
gene-FPB0191_RS07015	1257	1020.15	3	0.537037
gene-FPB0191_RS11740	801	565.277	2	0.646123
gene-FPB0191_RS07025	759	523.871	2	0.697192
gene-FPB0191_RS07030	1176	939.148	0	0
gene-FPB0191_RS07035	1530	1293.15	1	0.141221
gene-FPB0191_RS07040	714	479.425	0	0
gene-FPB0191_RS07045	843	607.102	0	0
gene-FPB0191_RS07050	556	326.888	0	0
gene-FPB0191_RS07055	480	259.538	0	0
gene-FPB0191_RS07060	483	262.155	1	0.696607
gene-FPB0191_RS07065	480	259.538	1	0.703633
gene-FPB0191_RS07070	5505	5268.15	0	0
gene-FPB0191_RS07075	2109	1872.15	0	0
gene-FPB0191_RS07080	1329	1092.15	0	0
gene-FPB0191_RS07085	519	293.616	0	0
gene-FPB0191_RS07090	744	509.025	0	0
gene-FPB0191_RS07095	885	648.786	0	0
gene-FPB0191_RS07100	876	639.915	3	0.856141
gene-FPB0191_RS07105	2433	2196.15	0	0
gene-FPB0191_RS07110	900	663.72	0	0
gene-FPB0191_RS07115	249	89.949	0	0
gene-FPB0191_RS07120	741	506.126	0	0
gene-FPB0191_RS07125	663	429.548	0	0
gene-FPB0191_RS07130	1110	873.148	0	0
gene-FPB0191_RS07135	363	166.29	0	0
gene-FPB0191_RS07140	708	473.425	0	0
gene-FPB0191_RS07145	930	693.652	0	0
gene-FPB0191_RS07150	936	699.582	0	0
gene-FPB0191_RS07155	666	432.418	0	0
gene-FPB0191_RS07160	636	403.175	0	0
gene-FPB0191_RS11745	273	105.037	0	0
gene-FPB0191_RS11750	240	84.4063	0	0
gene-FPB0191_RS07170	381	179.973	0	0
gene-FPB0191_RS07175	210	66.0331	1	2.76557
gene-FPB0191_RS07180	4044	3807.15	0	0
gene-FPB0191_RS07185	3768	3531.15	0	0
gene-FPB0191_RS07190	867	630.915	0	0
gene-FPB0191_RS07195	2025	1788.15	0	0
gene-FPB0191_RS07200	906	669.72	0	0
gene-FPB0191_RS07205	900	663.72	1	0.275145
gene-FPB0191_RS07210	429	217.564	0	0
gene-FPB0191_RS07215	195	56.8308	0	0
gene-FPB0191_RS07220	429	217.564	0	0
gene-FPB0191_RS07225	588	357.074	0	0
gene-FPB0191_RS07230	471	251.746	0	0
gene-FPB0191_RS07235	795	559.277	0	0
gene-FPB0191_RS07240	1620	1383.15	0	0
gene-FPB0191_RS12005	324	137.442	0	0
gene-FPB0191_RS07245	363	166.29	0	0
gene-FPB0191_RS07250	141	29.1263	0	0
gene-FPB0191_RS07255	927	690.652	0	0
gene-FPB0191_RS07260	1179	942.148	0	0
gene-FPB0191_RS07265	2145	1908.15	0	0
gene-FPB0191_RS07270	240	84.4063	0	0
gene-FPB0191_RS07275	2331	2094.15	0	0
gene-FPB0191_RS07280	249	89.949	0	0
gene-FPB0191_RS07285	1386	1149.15	0	0
gene-FPB0191_RS07290	2817	2580.15	0	0
gene-FPB0191_RS11755	972	735.297	0	0
gene-FPB0191_RS07300	1257	1020.15	0	0
gene-FPB0191_RS07305	1395	1158.15	0	0
gene-FPB0191_RS07310	258	95.3596	0	0
gene-FPB0191_RS07315	1434	1197.15	0	0
gene-FPB0191_RS07320	891	654.786	0	0
gene-FPB0191_RS07325	792	556.333	0	0
gene-FPB0191_RS07330	327	139.697	0	0
gene-FPB0191_RS07335	696	461.658	0	0
gene-FPB0191_RS07340	531	304.451	0	0
gene-FPB0191_RS07345	2628	2391.15	0	0
gene-FPB0191_RS07350	879	642.851	0	0
gene-FPB0191_RS07355	1401	1164.15	2	0.313739
gene-FPB0191_RS07360	1536	1299.15	0	0
gene-FPB0191_RS07365	576	345.999	0	0
gene-FPB0191_RS07375	1758	1521.15	2	0.240107
gene-FPB0191_RS07380	948	711.441	2	0.513378
gene-FPB0191_RS07385	1197	960.148	0	0
gene-FPB0191_RS07390	1038	801.148	0	0
gene-FPB0191_RS07400	699	464.566	0	0
gene-FPB0191_RS07405	474	254.347	1	0.717991
gene-FPB0191_RS07410	1299	1062.15	1	0.171934
gene-FPB0191_RS07415	1113	876.148	2	0.416868
gene-FPB0191_RS07420	420	210.479	0	0
gene-FPB0191_RS07425	681	446.977	0	0
gene-FPB0191_RS07430	399	193.785	0	0
gene-FPB0191_RS07435	1137	900.148	0	0
gene-FPB0191_RS07440	1578	1341.15	0	0
gene-FPB0191_RS07445	870	633.915	2	0.576163
gene-FPB0191_RS07450	1173	936.148	0	0
gene-FPB0191_RS07455	513	288.215	0	0
gene-FPB0191_RS07460	453	236.93	1	0.770772
gene-FPB0191_RS07465	567	337.416	0	0
gene-FPB0191_RS07470	462	244.394	0	0
gene-FPB0191_RS07475	1470	1233.15	0	0
gene-FPB0191_RS07480	840	604.102	0	0
gene-FPB0191_RS07485	639	406.134	1	0.449652
gene-FPB0191_RS07490	1362	1125.15	0	0
gene-FPB0191_RS07495	504	280.361	0	0
gene-FPB0191_RS07500	1050	813.148	0	0
gene-FPB0191_RS07505	867	630.915	0	0
gene-FPB0191_RS07510	2772	2535.15	0	0
gene-FPB0191_RS07515	423	212.807	1	0.858146
gene-FPB0191_RS07520	480	259.538	0	0
gene-FPB0191_RS07525	774	538.607	0	0
gene-FPB0191_RS07530	831	595.102	1	0.30687
gene-FPB0191_RS07535	1071	834.148	2	0.437858
gene-FPB0191_RS07540	1011	774.148	0	0
gene-FPB0191_RS07545	639	406.134	0	0
gene-FPB0191_RS07550	1008	771.148	0	0
gene-FPB0191_RS07555	699	464.566	0	0
gene-FPB0191_RS07560	321	135.439	0	0
gene-FPB0191_RS07565	321	135.439	1	1.34835
gene-FPB0191_RS07570	603	371.341	0	0
gene-FPB0191_RS07575	1410	1173.15	1	0.155666
gene-FPB0191_RS07580	1080	843.148	0	0
gene-FPB0191_RS07585	1545	1308.15	1	0.139601
gene-FPB0191_RS07590	510	285.63	0	0
gene-FPB0191_RS07595	1704	1467.15	0	0
gene-FPB0191_RS07600	645	411.887	0	0
gene-FPB0191_RS07605	1689	1452.15	0	0
gene-FPB0191_RS07610	1056	819.148	0	0
gene-FPB0191_RS07615	1074	837.148	0	0
gene-FPB0191_RS07620	1821	1584.15	0	0
gene-FPB0191_RS07625	702	467.519	0	0
gene-FPB0191_RS07630	1305	1068.15	0	0
gene-FPB0191_RS07635	339	148.373	0	0
gene-FPB0191_RS07640	1485	1248.15	0	0
gene-FPB0191_RS07645	1080	843.148	0	0
gene-FPB0191_RS07650	531	304.451	0	0
gene-FPB0191_RS07655	498	275.081	1	0.663873
gene-FPB0191_RS07660	1545	1308.15	0	0
gene-FPB0191_RS07665	783	547.388	2	0.667238
gene-FPB0191_RS07670	951	714.441	0	0
gene-FPB0191_RS07675	1110	873.148	0	0
gene-FPB0191_RS07680	423	212.807	0	0
gene-FPB0191_RS07685	471	251.746	0	0
gene-FPB0191_RS07690	327	139.697	1	1.30726
gene-FPB0191_RS07695	1245	1008.15	0	0
gene-FPB0191_RS07700	345	153.15	0	0
gene-FPB0191_RS07705	480	259.538	0	0
gene-FPB0191_RS07710	558	328.755	0	0
gene-FPB0191_RS07715	483	262.155	0	0
gene-FPB0191_RS07720	987	750.224	0	0
gene-FPB0191_RS07725	1344	1107.15	0	0
gene-FPB0191_RS07730	822	586.162	0	0
gene-FPB0191_RS07735	981	744.224	0	0
gene-FPB0191_RS07740	804	568.277	1	0.321356
gene-FPB0191_RS07745	912	675.72	0	0
gene-FPB0191_RS07750	390	187.171	0	0
gene-FPB0191_RS07755	1191	954.148	0	0
gene-FPB0191_RS07760	354	159.705	0	0
gene-FPB0191_RS07765	399	193.785	0	0
gene-FPB0191_RS07770	528	301.637	2	1.21085
gene-FPB0191_RS07775	1329	1092.15	1	0.167211
gene-FPB0191_RS07780	489	267.38	0	0
gene-FPB0191_RS07785	1425	1188.15	5	0.768504
gene-FPB0191_RS07790	1596	1359.15	5	0.671815
gene-FPB0191_RS07795	2667	2430.15	4	0.300589
gene-FPB0191_RS07800	618	385.73	0	0
gene-FPB0191_RS07805	960	723.297	0	0
gene-FPB0191_RS07810	1425	1188.15	1	0.153701
gene-FPB0191_RS07815	750	514.922	0	0
gene-FPB0191_RS07820	450	234.736	1	0.777977
gene-FPB0191_RS07825	216	69.8915	0	0
gene-FPB0191_RS07830	933	696.652	2	0.524277
gene-FPB0191_RS07835	687	452.796	0	0
gene-FPB0191_RS07840	990	753.224	0	0
gene-FPB0191_RS07845	1797	1560.15	0	0
gene-FPB0191_RS07850	1074	837.148	0	0
gene-FPB0191_RS07855	558	328.755	1	0.555487
gene-FPB0191_RS07860	573	343.139	2	1.0644
gene-FPB0191_RS07865	2493	2256.15	0	0
gene-FPB0191_RS07870	609	377.075	0	0
gene-FPB0191_RS07875	705	470.425	0	0
gene-FPB0191_RS07880	600	368.453	0	0
gene-FPB0191_RS07885	216	69.8915	2	5.22579
gene-FPB0191_RS07890	906	669.72	0	0
gene-FPB0191_RS07895	1242	1005.15	0	0
gene-FPB0191_RS07900	819	583.162	0	0
gene-FPB0191_RS07905	720	485.425	0	0
gene-FPB0191_RS07910	2046	1809.15	1	0.100942
gene-FPB0191_RS07915	3033	2796.15	0	0
gene-FPB0191_RS07920	870	633.915	0	0
gene-FPB0191_RS07925	771	535.607	0	0
gene-FPB0191_RS07930	699	464.566	0	0
gene-FPB0191_RS07935	639	406.134	1	0.449652
gene-FPB0191_RS07940	2319	2082.15	0	0
gene-FPB0191_RS07945	453	236.93	0	0
gene-FPB0191_RS07950	252	91.7168	0	0
gene-FPB0191_RS07955	333	144.04	0	0
gene-FPB0191_RS07960	210	66.0331	0	0
gene-FPB0191_RS07965	597	365.527	0	0
gene-FPB0191_RS07970	219	71.7234	0	0
gene-FPB0191_RS07975	1827	1590.15	0	0
gene-FPB0191_RS07980	447	232.186	0	0
gene-FPB0191_RS07985	627	394.456	0	0
gene-FPB0191_RS11760	705	470.425	0	0
gene-FPB0191_RS07995	1575	1338.15	0	0
gene-FPB0191_RS08000	1038	801.148	0	0
gene-FPB0191_RS08005	387	184.806	0	0
gene-FPB0191_RS08010	1110	873.148	0	0
gene-FPB0191_RS11765	1476	1239.15	0	0
gene-FPB0191_RS08020	651	417.762	0	0
gene-FPB0191_RS08025	573	343.139	1	0.532201
gene-FPB0191_RS08030	969	732.297	0	0
gene-FPB0191_RS08035	606	374.341	0	0
gene-FPB0191_RS08040	3378	3141.15	0	0
gene-FPB0191_RS08045	2394	2157.15	0	0
gene-FPB0191_RS08050	768	532.607	0	0
gene-FPB0191_RS11770	768	532.607	0	0
gene-FPB0191_RS12015	633	400.256	0	0
gene-FPB0191_RS08065	342	150.555	0	0
gene-FPB0191_RS08070	516	290.887	0	0
gene-FPB0191_RS08075	2424	2187.15	0	0
gene-FPB0191_RS08080	729	494.327	0	0
gene-FPB0191_RS08085	735	500.227	0	0
gene-FPB0191_RS08090	735	500.227	0	0
gene-FPB0191_RS08095	735	500.227	0	0
gene-FPB0191_RS08100	1611	1374.15	0	0
gene-FPB0191_RS08105	348	155.386	0	0
gene-FPB0191_RS08110	951	714.441	0	0
gene-FPB0191_RS08115	2517	2280.15	0	0
gene-FPB0191_RS08120	591	359.748	0	0
gene-FPB0191_RS08125	840	604.102	0	0
gene-FPB0191_RS08130	2568	2331.15	0	0
gene-FPB0191_RS08135	729	494.327	0	0
gene-FPB0191_RS08140	579	348.788	0	0
gene-FPB0191_RS08145	2835	2598.15	3	0.210865
gene-FPB0191_RS08150	759	523.871	0	0
gene-FPB0191_RS08155	1086	849.148	1	0.215062
gene-FPB0191_RS08160	903	666.72	1	0.273907
gene-FPB0191_RS08165	825	589.162	0	0
gene-FPB0191_RS08170	492	269.905	0	0
gene-FPB0191_RS08175	381	179.973	0	0
gene-FPB0191_RS08180	1242	1005.15	0	0
gene-FPB0191_RS08185	1173	936.148	0	0
gene-FPB0191_RS08190	4407	4170.15	1	0.043792
gene-FPB0191_RS08195	795	559.277	0	0
gene-FPB0191_RS08200	1323	1086.15	0	0
gene-FPB0191_RS08205	1110	873.148	0	0
gene-FPB0191_RS08210	1302	1065.15	1	0.17145
gene-FPB0191_RS08215	1947	1710.15	0	0
gene-FPB0191_RS08220	1209	972.148	0	0
gene-FPB0191_RS08225	684	449.977	0	0
gene-FPB0191_RS08230	759	523.871	0	0
gene-FPB0191_RS08235	1242	1005.15	2	0.363368
gene-FPB0191_RS08240	876	639.915	0	0
gene-FPB0191_RS08245	561	331.688	0	0
gene-FPB0191_RS08250	1638	1401.15	4	0.521342
gene-FPB0191_RS08255	1248	1011.15	0	0
gene-FPB0191_RS08260	1920	1683.15	0	0
gene-FPB0191_RS08265	2241	2004.15	1	0.0911206
gene-FPB0191_RS08270	2412	2175.15	0	0
gene-FPB0191_RS08275	1473	1236.15	0	0
gene-FPB0191_RS08280	696	461.658	0	0
gene-FPB0191_RS08285	861	624.978	0	0
gene-FPB0191_RS08290	867	630.915	0	0
gene-FPB0191_RS08295	897	660.786	2	0.552733
gene-FPB0191_RS08300	912	675.72	0	0
gene-FPB0191_RS08305	237	82.3177	0	0
gene-FPB0191_RS08310	813	577.22	0	0
gene-FPB0191_RS08315	1269	1032.15	0	0
gene-FPB0191_RS08320	384	182.393	0	0
gene-FPB0191_RS08325	540	312.253	0	0
gene-FPB0191_RS08330	1029	792.148	0	0
gene-FPB0191_RS08350	1242	1005.15	0	0
gene-FPB0191_RS08355	714	479.425	0	0
gene-FPB0191_RS08360	414	205.808	0	0
gene-FPB0191_RS08365	939	702.582	1	0.259926
gene-FPB0191_RS08370	486	264.853	0	0
gene-FPB0191_RS08375	1386	1149.15	0	0
gene-FPB0191_RS08380	393	189.447	1	0.963962
gene-FPB0191_RS08385	429	217.564	0	0
gene-FPB0191_RS08390	1527	1290.15	0	0
gene-FPB0191_RS08395	1851	1614.15	2	0.226273
gene-FPB0191_RS08400	930	693.652	1	0.263272
gene-FPB0191_RS08405	222	73.7674	0	0
gene-FPB0191_RS08410	1713	1476.15	0	0
gene-FPB0191_RS08415	198	58.6161	0	0
gene-FPB0191_RS08420	228	77.1541	5	11.8347
gene-FPB0191_RS08425	795	559.277	1	0.326527
gene-FPB0191_RS08430	792	556.333	0	0
gene-FPB0191_RS08435	591	359.748	0	0
gene-FPB0191_RS08440	915	678.72	8	2.15251
gene-FPB0191_RS08445	1140	903.148	7	1.41542
gene-FPB0191_RS08450	1254	1017.15	1	0.17954
gene-FPB0191_RS08455	831	595.102	0	0
gene-FPB0191_RS08460	909	672.72	0	0
gene-FPB0191_RS08465	1464	1227.15	0	0
gene-FPB0191_RS08470	1056	819.148	0	0
gene-FPB0191_RS08475	1155	918.148	0	0
gene-FPB0191_RS08480	1326	1089.15	1	0.167672
gene-FPB0191_RS08485	1083	846.148	1	0.215824
gene-FPB0191_RS08490	1359	1122.15	0	0
gene-FPB0191_RS08495	1554	1317.15	0	0
gene-FPB0191_RS08500	1725	1488.15	0	0
gene-FPB0191_RS08505	330	141.889	0	0
gene-FPB0191_RS08510	945	708.441	0	0
gene-FPB0191_RS08515	447	232.186	0	0
gene-FPB0191_RS08520	702	467.519	0	0
gene-FPB0191_RS08525	1137	900.148	0	0
gene-FPB0191_RS08530	744	509.025	0	0
gene-FPB0191_RS08535	990	753.224	0	0
gene-FPB0191_RS08540	777	541.553	1	0.337214
gene-FPB0191_RS08545	657	423.677	0	0
gene-FPB0191_RS08550	927	690.652	1	0.264416
gene-FPB0191_RS08555	1386	1149.15	2	0.317834
gene-FPB0191_RS08560	1224	987.148	0	0
gene-FPB0191_RS08565	774	538.607	0	0
gene-FPB0191_RS08570	1011	774.148	2	0.471794
gene-FPB0191_RS08575	1527	1290.15	0	0
gene-FPB0191_RS08580	681	446.977	0	0
gene-FPB0191_RS08585	675	441.199	0	0
gene-FPB0191_RS08590	2274	2037.15	0	0
gene-FPB0191_RS08595	675	441.199	0	0
gene-FPB0191_RS08600	4821	4584.15	3	0.119511
gene-FPB0191_RS08605	444	229.732	0	0
gene-FPB0191_RS08610	1929	1692.15	0	0
gene-FPB0191_RS08615	513	288.215	2	1.26724
gene-FPB0191_RS08620	507	283.041	1	0.645204
gene-FPB0191_RS08625	1482	1245.15	0	0
gene-FPB0191_RS08630	423	212.807	0	0
gene-FPB0191_RS08635	1719	1482.15	0	0
gene-FPB0191_RS08640	978	741.224	0	0
gene-FPB0191_RS08645	1266	1029.15	0	0
gene-FPB0191_RS08650	528	301.637	0	0
gene-FPB0191_RS08655	1344	1107.15	0	0
gene-FPB0191_RS08660	765	529.66	0	0
gene-FPB0191_RS08665	2694	2457.15	0	0
gene-FPB0191_RS08670	684	449.977	0	0
gene-FPB0191_RS08675	1380	1143.15	0	0
gene-FPB0191_RS08680	3477	3240.15	0	0
gene-FPB0191_RS08685	1329	1092.15	0	0
gene-FPB0191_RS08690	774	538.607	0	0
gene-FPB0191_RS08695	1752	1515.15	0	0
gene-FPB0191_RS08700	495	272.68	0	0
gene-FPB0191_RS08705	891	654.786	0	0
gene-FPB0191_RS08710	1842	1605.15	0	0
gene-FPB0191_RS08715	1158	921.148	0	0
gene-FPB0191_RS08720	933	696.652	0	0
gene-FPB0191_RS08725	597	365.527	1	0.499605
gene-FPB0191_RS08730	1356	1119.15	0	0
gene-FPB0191_RS08735	270	103.079	0	0
gene-FPB0191_RS08740	1215	978.148	0	0
gene-FPB0191_RS08745	2877	2640.15	0	0
gene-FPB0191_RS08750	1593	1356.15	0	0
gene-FPB0191_RS08755	969	732.297	0	0
gene-FPB0191_RS08760	357	161.939	0	0
gene-FPB0191_RS08765	1146	909.148	0	0
gene-FPB0191_RS08770	1071	834.148	0	0
gene-FPB0191_RS08775	270	103.079	0	0
gene-FPB0191_RS08780	1086	849.148	0	0
gene-FPB0191_RS08785	333	144.04	0	0
gene-FPB0191_RS08790	1101	864.148	0	0
gene-FPB0191_RS08795	690	455.704	0	0
gene-FPB0191_RS08800	1443	1206.15	0	0
gene-FPB0191_RS08805	2571	2334.15	3	0.234714
gene-FPB0191_RS08810	567	337.416	0	0
gene-FPB0191_RS08815	261	97.1757	0	0
gene-FPB0191_RS08820	2034	1797.15	0	0
gene-FPB0191_RS08825	579	348.788	1	0.523582
gene-FPB0191_RS08830	1251	1014.15	0	0
gene-FPB0191_RS08835	879	642.851	0	0
gene-FPB0191_RS11775	615	382.808	0	0
gene-FPB0191_RS08845	723	488.376	0	0
gene-FPB0191_RS08850	297	119.014	2	3.06888
gene-FPB0191_RS08860	2520	2283.15	0	0
gene-FPB0191_RS08865	2622	2385.15	0	0
gene-FPB0191_RS08870	1026	789.148	0	0
gene-FPB0191_RS08875	1020	783.148	0	0
gene-FPB0191_RS08880	1032	795.148	0	0
gene-FPB0191_RS08885	1020	783.148	0	0
gene-FPB0191_RS08890	1020	783.148	0	0
gene-FPB0191_RS08895	1008	771.148	0	0
gene-FPB0191_RS08900	525	298.977	0	0
gene-FPB0191_RS08905	390	187.171	0	0
gene-FPB0191_RS08910	1353	1116.15	0	0
gene-FPB0191_RS08915	498	275.081	0	0
gene-FPB0191_RS08920	339	148.373	1	1.23081
gene-FPB0191_RS08925	2010	1773.15	0	0
gene-FPB0191_RS08930	318	133.428	0	0
gene-FPB0191_RS08935	1437	1200.15	2	0.304328
gene-FPB0191_RS08940	228	77.1541	0	0
gene-FPB0191_RS08945	984	747.224	0	0
gene-FPB0191_RS08950	885	648.786	6	1.68887
gene-FPB0191_RS08955	885	648.786	5	1.40739
gene-FPB0191_RS08960	822	586.162	0	0
gene-FPB0191_RS08965	426	215.129	0	0
gene-FPB0191_RS08970	759	523.871	0	0
gene-FPB0191_RS08975	741	506.126	0	0
gene-FPB0191_RS08980	939	702.582	3	0.779777
gene-FPB0191_RS08985	780	544.553	0	0
gene-FPB0191_RS08990	852	616.102	1	0.29641
gene-FPB0191_RS08995	858	622.04	1	0.293581
gene-FPB0191_RS09000	843	607.102	0	0
gene-FPB0191_RS09005	2286	2049.15	2	0.178239
gene-FPB0191_RS09010	1131	894.148	0	0
gene-FPB0191_RS09015	2670	2433.15	1	0.0750547
gene-FPB0191_RS09020	924	687.652	0	0
gene-FPB0191_RS09025	597	365.527	0	0
gene-FPB0191_RS09030	867	630.915	0	0
gene-FPB0191_RS09035	912	675.72	0	0
gene-FPB0191_RS09040	378	177.878	0	0
gene-FPB0191_RS09045	2697	2460.15	3	0.222693
gene-FPB0191_RS09050	1476	1239.15	1	0.147375
gene-FPB0191_RS09055	456	239.474	0	0
gene-FPB0191_RS09065	453	236.93	0	0
gene-FPB0191_RS09070	432	220.183	0	0
gene-FPB0191_RS09075	360	164.089	0	0
gene-FPB0191_RS09080	897	660.786	0	0
gene-FPB0191_RS09085	621	388.575	0	0
gene-FPB0191_RS09095	378	177.878	1	1.02665
gene-FPB0191_RS09100	1446	1209.15	0	0
gene-FPB0191_RS09105	2775	2538.15	0	0
gene-FPB0191_RS09110	1683	1446.15	0	0
gene-FPB0191_RS09115	2370	2133.15	0	0
gene-FPB0191_RS09120	576	345.999	1	0.527802
gene-FPB0191_RS09125	639	406.134	0	0
gene-FPB0191_RS09130	816	580.22	0	0
gene-FPB0191_RS09135	993	756.224	0	0
gene-FPB0191_RS09140	1026	789.148	0	0
gene-FPB0191_RS09145	1023	786.148	0	0
gene-FPB0191_RS09150	1296	1059.15	0	0
gene-FPB0191_RS09155	1251	1014.15	3	0.540215
gene-FPB0191_RS09160	198	58.6161	1	3.11551
gene-FPB0191_RS09165	1035	798.148	0	0
gene-FPB0191_RS09170	258	95.3596	0	0
gene-FPB0191_RS09175	270	103.079	0	0
gene-FPB0191_RS09180	660	426.634	2	0.856093
gene-FPB0191_RS09185	573	343.139	1	0.532201
gene-FPB0191_RS09190	780	544.553	0	0
gene-FPB0191_RS09195	831	595.102	2	0.61374
gene-FPB0191_RS09200	339	148.373	0	0
gene-FPB0191_RS09205	2625	2388.15	0	0
gene-FPB0191_RS09210	1203	966.148	0	0
gene-FPB0191_RS09215	1404	1167.15	0	0
gene-FPB0191_RS09220	1029	792.148	12	2.76644
gene-FPB0191_RS09225	459	242.039	0	0
gene-FPB0191_RS09230	1236	999.148	0	0
gene-FPB0191_RS09235	768	532.607	0	0
gene-FPB0191_RS09240	579	348.788	0	0
gene-FPB0191_RS09245	879	642.851	0	0
gene-FPB0191_RS09250	882	645.786	2	0.565571
gene-FPB0191_RS09255	879	642.851	0	0
gene-FPB0191_RS09260	2802	2565.15	1	0.0711925
gene-FPB0191_RS09265	222	73.7674	0	0
gene-FPB0191_RS09270	786	550.388	0	0
gene-FPB0191_RS09275	1179	942.148	0	0
gene-FPB0191_RS09280	228	77.1541	0	0
gene-FPB0191_RS09290	2115	1878.15	0	0
gene-FPB0191_RS09295	663	429.548	1	0.425142
gene-FPB0191_RS09300	363	166.29	0	0
gene-FPB0191_RS09305	279	108.464	0	0
gene-FPB0191_RS09310	564	334.587	0	0
gene-FPB0191_RS09315	1035	798.148	0	0
gene-FPB0191_RS09320	552	323.12	0	0
gene-FPB0191_RS09325	1287	1050.15	0	0
gene-FPB0191_RS09330	954	717.37	0	0
gene-FPB0191_RS09335	729	494.327	0	0
gene-FPB0191_RS09340	714	479.425	0	0
gene-FPB0191_RS09345	438	224.858	0	0
gene-FPB0191_RS09350	492	269.905	0	0
gene-FPB0191_RS09355	843	607.102	0	0
gene-FPB0191_RS09360	825	589.162	1	0.309965
gene-FPB0191_RS09365	1161	924.148	1	0.197608
gene-FPB0191_RS09370	384	182.393	0	0
gene-FPB0191_RS09375	849	613.102	1	0.297861
gene-FPB0191_RS09380	372	173.403	0	0
gene-FPB0191_RS09385	204	62.0897	0	0
gene-FPB0191_RS09390	366	168.799	0	0
gene-FPB0191_RS12020	1158	921.148	0	0
gene-FPB0191_RS09400	540	312.253	0	0
gene-FPB0191_RS09405	342	150.555	0	0
gene-FPB0191_RS09410	1236	999.148	0	0
gene-FPB0191_RS09415	1017	780.148	0	0
gene-FPB0191_RS09420	2001	1764.15	0	0
gene-FPB0191_RS09425	1755	1518.15	0	0
gene-FPB0191_RS09430	1767	1530.15	0	0
gene-FPB0191_RS09435	834	598.102	0	0
gene-FPB0191_RS09440	855	619.102	0	0
gene-FPB0191_RS09445	1416	1179.15	0	0
gene-FPB0191_RS09455	1152	915.148	0	0
gene-FPB0191_RS11780	672	438.199	1	0.416749
gene-FPB0191_RS09465	1029	792.148	0	0
gene-FPB0191_RS09470	753	517.871	0	0
gene-FPB0191_RS09475	1383	1146.15	1	0.159333
gene-FPB0191_RS09480	402	196.065	0	0
gene-FPB0191_RS09485	966	729.297	0	0
gene-FPB0191_RS09490	729	494.327	0	0
gene-FPB0191_RS09495	777	541.553	0	0
gene-FPB0191_RS09500	261	97.1757	0	0
gene-FPB0191_RS09505	246	88.3653	0	0
gene-FPB0191_RS09510	564	334.587	0	0
gene-FPB0191_RS09515	1716	1479.15	0	0
gene-FPB0191_RS09520	1752	1515.15	0	0
gene-FPB0191_RS09525	423	212.807	0	0
gene-FPB0191_RS09530	609	377.075	0	0
gene-FPB0191_RS09535	2358	2121.15	0	0
gene-FPB0191_RS09540	570	340.278	0	0
gene-FPB0191_RS09545	1182	945.148	0	0
gene-FPB0191_RS09550	477	256.972	0	0
gene-FPB0191_RS09555	732	497.278	0	0
gene-FPB0191_RS09560	1227	990.148	0	0
gene-FPB0191_RS09565	1044	807.148	1	0.226252
gene-FPB0191_RS09570	423	212.807	1	0.858146
gene-FPB0191_RS09575	516	290.887	0	0
gene-FPB0191_RS09580	1020	783.148	0	0
gene-FPB0191_RS09585	1764	1527.15	0	0
gene-FPB0191_RS09590	1614	1377.15	1	0.132607
gene-FPB0191_RS09595	3375	3138.15	0	0
gene-FPB0191_RS09600	1224	987.148	0	0
gene-FPB0191_RS09605	264	99.2773	0	0
gene-FPB0191_RS09610	1041	804.148	1	0.227097
gene-FPB0191_RS09615	885	648.786	0	0
gene-FPB0191_RS09620	885	648.786	0	0
gene-FPB0191_RS09625	2391	2154.15	0	0
gene-FPB0191_RS09630	2541	2304.15	0	0
gene-FPB0191_RS09635	2790	2553.15	0	0
gene-FPB0191_RS09640	489	267.38	1	0.682994
gene-FPB0191_RS11785	1776	1539.15	2	0.237299
gene-FPB0191_RS09650	663	429.548	0	0
gene-FPB0191_RS09655	1353	1116.15	0	0
gene-FPB0191_RS09660	1530	1293.15	0	0
gene-FPB0191_RS09665	504	280.361	1	0.651372
gene-FPB0191_RS09670	675	441.199	0	0
gene-FPB0191_RS09675	1413	1176.15	0	0
gene-FPB0191_RS09680	4458	4221.15	3	0.129789
gene-FPB0191_RS09685	933	696.652	0	0
gene-FPB0191_RS09690	1086	849.148	1	0.215062
gene-FPB0191_RS09695	447	232.186	0	0
gene-FPB0191_RS09700	1290	1053.15	0	0
gene-FPB0191_RS09705	936	699.582	1	0.26104
gene-FPB0191_RS09710	2457	2220.15	2	0.164511
gene-FPB0191_RS09715	330	141.889	0	0
gene-FPB0191_RS09720	753	517.871	0	0
gene-FPB0191_RS09725	480	259.538	0	0
gene-FPB0191_RS09730	456	239.474	0	0
gene-FPB0191_RS09735	885	648.786	0	0
gene-FPB0191_RS09740	996	759.148	0	0
gene-FPB0191_RS09745	2715	2478.15	0	0
gene-FPB0191_RS09750	942	705.582	0	0
gene-FPB0191_RS09755	885	648.786	1	0.281478
gene-FPB0191_RS09760	1005	768.148	1	0.23774
gene-FPB0191_RS09765	813	577.22	0	0
gene-FPB0191_RS09770	285	112.337	0	0
gene-FPB0191_RS09775	336	146.093	0	0
gene-FPB0191_RS09780	1590	1353.15	1	0.134959
gene-FPB0191_RS09785	885	648.786	0	0
gene-FPB0191_RS09790	1332	1095.15	0	0
gene-FPB0191_RS09795	375	175.674	1	1.03953
gene-FPB0191_RS09800	471	251.746	4	2.90164
gene-FPB0191_RS09805	2103	1866.15	4	0.391436
gene-FPB0191_RS09810	1185	948.148	20.8013	4.00646
gene-FPB0191_RS09815	495	272.68	6	4.01833
gene-FPB0191_RS09820	1155	918.148	0	0
gene-FPB0191_RS09825	1149	912.148	0	0
gene-FPB0191_RS09830	972	735.297	0	0
gene-FPB0191_RS09835	1287	1050.15	1	0.173899
gene-FPB0191_RS09840	546	317.643	0	0
gene-FPB0191_RS09845	408	201.092	0	0
gene-FPB0191_RS09850	1185	948.148	13.4055	2.58199
gene-FPB0191_RS09875	288	114.117	0	0
gene-FPB0191_RS09880	318	133.428	0	0
gene-FPB0191_RS09885	1173	936.148	0	0
gene-FPB0191_RS09890	744	509.025	0	0
gene-FPB0191_RS09895	2346	2109.15	1	0.0865843
gene-FPB0191_RS09900	1818	1581.15	0	0
gene-FPB0191_RS09905	1053	816.148	5	1.11879
gene-FPB0191_RS09910	1092	855.148	1	0.213553
gene-FPB0191_RS09915	1065	828.148	18	3.96927
gene-FPB0191_RS11790	2679	2442.15	5	0.373891
gene-FPB0191_RS09925	1515	1278.15	1	0.142878
gene-FPB0191_RS09930	486	264.853	0	0
gene-FPB0191_RS11795	534	307.013	0	0
gene-FPB0191_RS09940	1299	1062.15	4	0.687736
gene-FPB0191_RS09945	900	663.72	0	0
gene-FPB0191_RS09950	780	544.553	0	0
gene-FPB0191_RS09955	1005	768.148	0	0
gene-FPB0191_RS09960	321	135.439	0	0
gene-FPB0191_RS09965	2418	2181.15	3	0.251179
gene-FPB0191_RS09970	1257	1020.15	0	0
gene-FPB0191_RS09975	621	388.575	2	0.939944
gene-FPB0191_RS09980	1302	1065.15	1	0.17145
gene-FPB0191_RS09985	1029	792.148	2	0.461074
gene-FPB0191_RS09990	516	290.887	0	0
gene-FPB0191_RS09995	2424	2187.15	2	0.166993
gene-FPB0191_RS10000	1332	1095.15	0	0
gene-FPB0191_RS10005	855	619.102	0	0
gene-FPB0191_RS10010	720	485.425	0	0
gene-FPB0191_RS10015	633	400.256	0	0
gene-FPB0191_RS10020	216	69.8915	0	0
gene-FPB0191_RS10025	4218	3981.15	7	0.321097
gene-FPB0191_RS10030	4029	3792.15	4	0.192629
gene-FPB0191_RS10035	369	170.944	3	3.20489
gene-FPB0191_RS10040	498	275.081	0	0
gene-FPB0191_RS10045	702	467.519	1	0.390613
gene-FPB0191_RS10050	429	217.564	3	2.51815
gene-FPB0191_RS10055	1539	1302.15	4	0.560978
gene-FPB0191_RS10060	1464	1227.15	0	0
gene-FPB0191_RS10065	792	556.333	1	0.328255
gene-FPB0191_RS10070	657	423.677	0	0
gene-FPB0191_RS10075	801	565.277	0	0
gene-FPB0191_RS10080	978	741.224	1	0.246375
gene-FPB0191_RS10085	522	296.313	5	3.08152
gene-FPB0191_RS11800	723	488.376	2	0.747863
gene-FPB0191_RS10095	813	577.22	1	0.316377
gene-FPB0191_RS10100	627	394.456	0	0
gene-FPB0191_RS10105	1458	1221.15	0	0
gene-FPB0191_RS10110	1068	831.148	0	0
gene-FPB0191_RS10115	489	267.38	0	0
gene-FPB0191_RS10120	675	441.199	1	0.413915
gene-FPB0191_RS10125	690	455.704	0	0
gene-FPB0191_RS10130	999	762.148	0	0
gene-FPB0191_RS10135	1362	1125.15	0	0
gene-FPB0191_RS10140	1917	1680.15	0	0
gene-FPB0191_RS10145	744	509.025	0	0
gene-FPB0191_RS10150	1590	1353.15	0	0
gene-FPB0191_RS10155	1287	1050.15	0	0
gene-FPB0191_RS10160	2673	2436.15	7	0.524736
gene-FPB0191_RS10165	801	565.277	1	0.323061
gene-FPB0191_RS10170	570	340.278	0	0
gene-FPB0191_RS12040	186	51.5528	0	0
gene-FPB0191_RS10175	1659	1422.15	0	0
gene-FPB0191_RS10180	711	476.425	0	0
gene-FPB0191_RS10185	906	669.72	0	0
gene-FPB0191_RS10190	1056	819.148	62	13.8222
gene-FPB0191_RS10195	1371	1134.15	1	0.161019
gene-FPB0191_RS10200	1104	867.148	0	0
gene-FPB0191_RS10205	1077	840.148	0	0
gene-FPB0191_RS10210	2412	2175.15	1	0.0839571
gene-FPB0191_RS10215	1179	942.148	0	0
gene-FPB0191_RS10220	684	449.977	0	0
gene-FPB0191_RS10225	921	684.652	0	0
gene-FPB0191_RS10230	402	196.065	0	0
gene-FPB0191_RS10235	789	553.388	0	0
gene-FPB0191_RS10240	1881	1644.15	1	0.111072
gene-FPB0191_RS10245	624	391.496	0	0
gene-FPB0191_RS10250	885	648.786	1	0.281478
gene-FPB0191_RS10255	963	726.297	1	0.251439
gene-FPB0191_RS10260	717	482.425	0	0
gene-FPB0191_RS10265	780	544.553	0	0
gene-FPB0191_RS10270	270	103.079	0	0
gene-FPB0191_RS10275	741	506.126	0	0
gene-FPB0191_RS11805	435	222.584	0	0
gene-FPB0191_RS10285	390	187.171	0	0
gene-FPB0191_RS10290	1044	807.148	0	0
gene-FPB0191_RS10295	492	269.905	0	0
gene-FPB0191_RS11810	1137	900.148	0	0
gene-FPB0191_RS10305	477	256.972	0	0
gene-FPB0191_RS10310	1401	1164.15	0	0
gene-FPB0191_RS10315	762	526.713	0	0
gene-FPB0191_RS12045	2727	2490.15	0	0
gene-FPB0191_RS10330	309	127.008	0	0
gene-FPB0191_RS10335	345	153.15	0	0
gene-FPB0191_RS10340	378	177.878	0	0
gene-FPB0191_RS10345	1431	1194.15	0	0
gene-FPB0191_RS10350	813	577.22	0	0
gene-FPB0191_RS10355	1473	1236.15	0	0
gene-FPB0191_RS10360	1275	1038.15	0	0
gene-FPB0191_RS10365	465	246.848	0	0
gene-FPB0191_RS10370	1110	873.148	1	0.20915
gene-FPB0191_RS10375	1278	1041.15	1	0.175402
gene-FPB0191_RS10380	696	461.658	0	0
gene-FPB0191_RS10385	1185	948.148	0	0
gene-FPB0191_RS10390	1467	1230.15	0	0
gene-FPB0191_RS12050	258	95.3596	0	0
gene-FPB0191_RS10395	645	411.887	0	0
gene-FPB0191_RS10400	660	426.634	0	0
gene-FPB0191_RS10405	1095	858.148	0	0
gene-FPB0191_RS10410	549	320.48	0	0
gene-FPB0191_RS10415	603	371.341	1	0.491783
gene-FPB0191_RS10420	882	645.786	0	0
gene-FPB0191_RS10425	423	212.807	0	0
gene-FPB0191_RS10430	1383	1146.15	6	0.955998
gene-FPB0191_RS10435	870	633.915	0	0
gene-FPB0191_RS10440	1542	1305.15	1	0.139922
gene-FPB0191_RS10445	534	307.013	0	0
gene-FPB0191_RS10450	471	251.746	0	0
gene-FPB0191_RS10455	225	75.4231	0	0
gene-FPB0191_RS10460	786	550.388	0	0
gene-FPB0191_RS10465	558	328.755	0	0
gene-FPB0191_RS10470	738	503.227	1	0.362896
gene-FPB0191_RS10475	858	622.04	3	0.880743
gene-FPB0191_RS10480	741	506.126	0	0
gene-FPB0191_RS10485	2382	2145.15	0	0
gene-FPB0191_RS10490	441	227.347	2	1.60653
gene-FPB0191_RS10495	294	117.242	7	10.9034
gene-FPB0191_RS10500	1644	1407.15	4	0.519119
gene-FPB0191_RS11815	639	406.134	0	0
gene-FPB0191_RS10510	1194	957.148	1	0.190795
gene-FPB0191_RS11820	720	485.425	0	0
gene-FPB0191_RS10520	1293	1056.15	0	0
gene-FPB0191_RS10525	684	449.977	2	0.811683
gene-FPB0191_RS10555	810	574.277	0	0
gene-FPB0191_RS10560	1155	918.148	0	0
gene-FPB0191_RS10565	525	298.977	0	0
gene-FPB0191_RS10570	843	607.102	0	0
gene-FPB0191_RS10575	1356	1119.15	0	0
gene-FPB0191_RS10580	1455	1218.15	1	0.149915
gene-FPB0191_RS10585	990	753.224	0	0
gene-FPB0191_RS10590	630	397.376	0	0
gene-FPB0191_RS10595	1287	1050.15	0	0
gene-FPB0191_RS10600	1287	1050.15	0	0
gene-FPB0191_RS10610	2808	2571.15	1	0.0710263
gene-FPB0191_RS10615	1551	1314.15	0	0
gene-FPB0191_RS10620	1488	1251.15	0	0
gene-FPB0191_RS10625	210	66.0331	0	0
gene-FPB0191_RS10630	1347	1110.15	0	0
gene-FPB0191_RS10635	426	215.129	0	0
gene-FPB0191_RS10640	162	39.1658	0	0
gene-FPB0191_RS10645	219	71.7234	0	0
gene-FPB0191_RS10650	219	71.7234	0	0
gene-FPB0191_RS11825	1638	1401.15	0	0
gene-FPB0191_RS12055	1542	1305.15	0	0
gene-FPB0191_RS10665	219	71.7234	0	0
gene-FPB0191_RS12060	249	89.949	0	0
gene-FPB0191_RS10670	222	73.7674	0	0
gene-FPB0191_RS10675	228	77.1541	0	0
gene-FPB0191_RS10680	375	175.674	0	0
gene-FPB0191_RS10685	273	105.037	0	0
gene-FPB0191_RS11830	1971	1734.15	0	0
gene-FPB0191_RS10695	687	452.796	0	0
gene-FPB0191_RS10700	888	651.786	0	0
gene-FPB0191_RS10705	1038	801.148	0	0
gene-FPB0191_RS10710	834	598.102	0	0
gene-FPB0191_RS10715	858	622.04	0	0
gene-FPB0191_RS10720	1080	843.148	0	0
gene-FPB0191_RS10725	954	717.37	1	0.254568
gene-FPB0191_RS10730	1767	1530.15	0	0
gene-FPB0191_RS10735	1800	1563.15	1	0.116828
gene-FPB0191_RS10740	636	403.175	2	0.905905
gene-FPB0191_RS10745	1161	924.148	0	0
gene-FPB0191_RS12065	126	22.9065	0	0
gene-FPB0191_RS10750	873	636.915	0	0
gene-FPB0191_RS10755	237	82.3177	0	0
gene-FPB0191_RS10760	1539	1302.15	0	0
gene-FPB0191_RS10765	582	351.575	0	0
gene-FPB0191_RS10770	2043	1806.15	0	0
gene-FPB0191_RS10775	963	726.297	0	0
gene-FPB0191_RS10780	2694	2457.15	0	0
gene-FPB0191_RS10785	1476	1239.15	0	0
gene-FPB0191_RS12070	412	204.171	0	0
gene-FPB0191_RS11835	1113	876.148	0	0
gene-FPB0191_RS10800	456	239.474	0	0
gene-FPB0191_RS10805	2580	2343.15	0	0
gene-FPB0191_RS10810	1173	936.148	0	0
gene-FPB0191_RS10815	2925	2688.15	1	0.067935
gene-FPB0191_RS12075	174	44.8866	0	0
gene-FPB0191_RS10820	1209	972.148	0	0
gene-FPB0191_RS10825	417	208.169	0	0
gene-FPB0191_RS10830	669	435.331	0	0
gene-FPB0191_RS10835	1206	969.148	0	0
gene-FPB0191_RS10840	624	391.496	0	0
gene-FPB0191_RS10845	687	452.796	0	0
gene-FPB0191_RS10850	387	184.806	0	0
gene-FPB0191_RS10855	321	135.439	0	0
gene-FPB0191_RS10860	1206	969.148	0	0
gene-FPB0191_RS10865	126	22.9065	0	0
gene-FPB0191_RS10870	1209	972.148	0	0
gene-FPB0191_RS10875	1005	768.148	0	0
gene-FPB0191_RS10880	1008	771.148	0	0
gene-FPB0191_RS10885	807	571.277	0	0
gene-FPB0191_RS10890	1290	1053.15	0	0
gene-FPB0191_RS10895	609	377.075	0	0
gene-FPB0191_RS10900	1107	870.148	0	0
gene-FPB0191_RS10905	1104	867.148	0	0
gene-FPB0191_RS10910	1089	852.148	0	0
gene-FPB0191_RS10915	1782	1545.15	0	0
gene-FPB0191_RS10920	249	89.949	0	0
gene-FPB0191_RS10925	978	741.224	0	0
gene-FPB0191_RS10930	1155	918.148	0	0
gene-FPB0191_RS10935	1554	1317.15	0	0
gene-FPB0191_RS10940	285	112.337	0	0
gene-FPB0191_RS10945	1398	1161.15	0	0
gene-FPB0191_RS10950	1620	1383.15	1	0.132032
gene-FPB0191_RS10955	1227	990.148	0	0
gene-FPB0191_RS10960	3969	3732.15	0	0
gene-FPB0191_RS10965	714	479.425	0	0
gene-FPB0191_RS10970	1677	1440.15	0	0
gene-FPB0191_RS10975	1428	1191.15	0	0
gene-FPB0191_RS10980	984	747.224	0	0
gene-FPB0191_RS10985	543	314.965	0	0
gene-FPB0191_RS10990	348	155.386	0	0
gene-FPB0191_RS10995	639	406.134	0	0
gene-FPB0191_RS11000	2070	1833.15	0	0
gene-FPB0191_RS11005	1158	921.148	0	0
gene-FPB0191_RS11010	435	222.584	0	0
gene-FPB0191_RS11015	315	131.376	0	0
gene-FPB0191_RS11020	666	432.418	0	0
gene-FPB0191_RS11025	417	208.169	0	0
gene-FPB0191_RS11030	405	198.514	0	0
gene-FPB0191_RS11035	729	494.327	0	0
gene-FPB0191_RS11040	1212	975.148	0	0
gene-FPB0191_RS11045	756	520.871	0	0
gene-FPB0191_RS11050	783	547.388	0	0
gene-FPB0191_RS11055	678	444.021	0	0
gene-FPB0191_RS11060	1110	873.148	0	0
gene-FPB0191_RS11065	1038	801.148	0	0
gene-FPB0191_RS11070	1101	864.148	4	0.845315
gene-FPB0191_RS11075	1428	1191.15	1	0.153314
gene-FPB0191_RS11080	1056	819.148	0	0
gene-FPB0191_RS11085	1836	1599.15	0	0
gene-FPB0191_RS11090	1110	873.148	0	0
gene-FPB0191_RS11095	1212	975.148	1	0.187273
gene-FPB0191_RS11100	267	101.144	3	5.41659
gene-FPB0191_RS11105	2673	2436.15	2	0.149925
gene-FPB0191_RS11110	1467	1230.15	1	0.148453
gene-FPB0191_RS11115	624	391.496	0	0
gene-FPB0191_RS11120	1383	1146.15	0	0
gene-FPB0191_RS11125	543	314.965	0	0
gene-FPB0191_RS11130	1197	960.148	0	0
gene-FPB0191_RS11135	1350	1113.15	0	0
gene-FPB0191_RS11140	1563	1326.15	1	0.137707
gene-FPB0191_RS11145	846	610.102	0	0
gene-FPB0191_RS11150	186	51.5528	0	0
gene-FPB0191_RS11155	2190	1953.15	0	0
gene-FPB0191_RS11160	1077	840.148	1	0.217366
gene-FPB0191_RS11165	1161	924.148	3	0.592825
gene-FPB0191_RS11170	264	99.2773	2	3.67897
gene-FPB0191_RS11175	648	414.804	0	0
gene-FPB0191_RS11180	867	630.915	0	0
gene-FPB0191_RS11185	435	222.584	0	0
gene-FPB0191_RS11190	1677	1440.15	0	0
gene-FPB0191_RS11195	663	429.548	0	0
gene-FPB0191_RS11200	1461	1224.15	0	0
gene-FPB0191_RS11205	1476	1239.15	0	0
gene-FPB0191_RS11210	489	267.38	0	0
gene-FPB0191_RS11215	879	642.851	0	0
gene-FPB0191_RS11220	1044	807.148	0	0
gene-FPB0191_RS11225	465	246.848	0	0
gene-FPB0191_RS11230	1347	1110.15	1	0.1645
gene-FPB0191_RS11235	1662	1425.15	0	0
gene-FPB0191_RS11240	1218	981.148	0	0
gene-FPB0191_RS11245	471	251.746	0	0
gene-FPB0191_RS11250	594	362.675	0	0
gene-FPB0191_RS11255	822	586.162	0	0
gene-FPB0191_RS11260	795	559.277	0	0
gene-FPB0191_RS11265	1044	807.148	0	0
gene-FPB0191_RS11270	489	267.38	0	0
gene-FPB0191_RS11275	441	227.347	1	0.803264
gene-FPB0191_RS11280	1410	1173.15	3	0.466998
gene-FPB0191_RS11285	1050	813.148	0	0
gene-FPB0191_RS11290	1527	1290.15	0	0
gene-FPB0191_RS11295	594	362.675	8	4.02828
gene-FPB0191_RS11300	549	320.48	1	0.56983
gene-FPB0191_RS11305	693	458.704	0	0
gene-FPB0191_RS11310	609	377.075	0	0
gene-FPB0191_RS11315	669	435.331	0	0
gene-FPB0191_RS11320	576	345.999	0	0
gene-FPB0191_RS11325	900	663.72	0	0
gene-FPB0191_RS11330	309	127.008	0	0
gene-FPB0191_RS11335	1980	1743.15	1	0.104764
gene-FPB0191_RS11345	897	660.786	0	0
gene-FPB0191_RS11350	2271	2034.15	0	0
gene-FPB0191_RS11355	1230	993.148	0	0
gene-FPB0191_RS11360	2247	2010.15	0	0
gene-FPB0191_RS11365	1320	1083.15	0	0
gene-FPB0191_RS11370	486	264.853	0	0
gene-FPB0191_RS11375	582	351.575	1	0.519432
gene-FPB0191_RS11380	582	351.575	1	0.519432
gene-FPB0191_RS11385	1560	1323.15	2	0.276037
gene-FPB0191_RS11390	1644	1407.15	0	0
gene-FPB0191_RS11395	1368	1131.15	0	0
gene-FPB0191_RS11400	1194	957.148	0	0
gene-FPB0191_RS11405	831	595.102	0	0
gene-FPB0191_RS11410	1227	990.148	0	0
gene-FPB0191_RS11415	264	99.2773	0	0
gene-FPB0191_RS11420	672	438.199	0	0
gene-FPB0191_RS11425	684	449.977	0	0
gene-FPB0191_RS11430	711	476.425	0	0
gene-FPB0191_RS11435	2442	2205.15	0	0
gene-FPB0191_RS11440	708	473.425	0	0
gene-FPB0191_RS11445	2595	2358.15	0	0
gene-FPB0191_RS11450	696	461.658	0	0
gene-FPB0191_RS11455	4275	4038.15	0	0
gene-FPB0191_RS11460	951	714.441	0	0
gene-FPB0191_RS11465	516	290.887	0	0
gene-FPB0191_RS11470	492	269.905	0	0
gene-FPB0191_RS11475	708	473.425	1	0.385741
gene-FPB0191_RS11480	4287	4050.15	0	0
gene-FPB0191_RS11485	621	388.575	0	0
gene-FPB0191_RS11490	684	449.977	0	0
gene-FPB0191_RS11495	4311	4074.15	0	0
gene-FPB0191_RS11500	951	714.441	0	0
gene-FPB0191_RS11505	2367	2130.15	2	0.171462
gene-FPB0191_RS11510	609	377.075	0	0
gene-FPB0191_RS11515	1227	990.148	0	0
gene-FPB0191_RS11520	369	170.944	0	0
gene-FPB0191_RS11525	960	723.297	2	0.504963
gene-FPB0191_RS11530	3486	3249.15	0	0
gene-FPB0191_RS11535	1368	1131.15	0	0
gene-FPB0191_RS11540	1311	1074.15	0	0
gene-FPB0191_RS11545	1713	1476.15	0	0
gene-FPB0191_RS11550	510	285.63	0	0
gene-FPB0191_RS11555	1047	810.148	0	0
gene-FPB0191_RS11560	561	331.688	0	0
gene-FPB0191_RS11565	1116	879.148	0	0
gene-FPB0191_RS11840	396	191.63	0	0
gene-FPB0191_RS11575	780	544.553	0	0
gene-FPB0191_RS11580	699	464.566	0	0
gene-FPB0191_RS11585	1239	1002.15	0	0
gene-FPB0191_RS11590	627	394.456	0	0
gene-FPB0191_RS11595	624	391.496	0	0
gene-FPB0191_RS11600	1893	1656.15	2	0.220535
gene-A9G17_RS00010	1296	1059.15	5	0.862104
gene-A9G17_RS00015	900	663.72	1	0.275145
gene-A9G17_RS00020	393	189.447	0	0
gene-A9G17_RS00025	549	320.48	0	0
gene-A9G17_RS00030	945	708.441	0	0
gene-A9G17_RS00035	411	203.419	1	0.897749
gene-A9G17_RS00040	216	69.8915	0	0
gene-A9G17_RS00045	627	394.456	0	0
gene-A9G17_RS00050	399	193.785	0	0
gene-A9G17_RS00055	378	177.878	0	0
gene-A9G17_RS00060	1122	885.148	3	0.618945
gene-A9G17_RS00065	609	377.075	0	0
gene-A9G17_RS00075	477	256.972	2	1.42132
gene-A9G17_RS00080	942	705.582	0	0
gene-A9G17_RS00085	1401	1164.15	0	0
gene-A9G17_RS00090	1551	1314.15	0	0
gene-A9G17_RS00095	3462	3225.15	1	0.0566235
gene-A9G17_RS00100	1203	966.148	2	0.378036
gene-A9G17_RS00105	705	470.425	0	0
gene-A9G17_RS00110	1245	1008.15	0	0
gene-A9G17_RS00115	735	500.227	0	0
gene-A9G17_RS00120	495	272.68	2	1.33944
gene-A9G17_RS00125	186	51.5528	0	0
gene-A9G17_RS00130	780	544.553	0	0
gene-A9G17_RS00135	1143	906.148	10	2.01534
gene-A9G17_RS00140	990	753.224	9	2.18205
gene-A9G17_RS00145	579	348.788	4	2.09433
gene-A9G17_RS00150	396	191.63	5	4.7649
gene-A9G17_RS00155	924	687.652	0	0
gene-A9G17_RS00160	729	494.327	0	0
gene-A9G17_RS00165	636	403.175	0	0
gene-A9G17_RS00170	426	215.129	1	0.848881
gene-A9G17_RS00175	582	351.575	0	0
gene-A9G17_RS00180	666	432.418	0	0
gene-A9G17_RS00185	750	514.922	0	0
gene-A9G17_RS00190	1410	1173.15	0	0
gene-A9G17_RS00195	771	535.607	0	0
gene-A9G17_RS00200	552	323.12	0	0
gene-A9G17_RS00205	1335	1098.15	0	0
gene-A9G17_RS00210	1467	1230.15	0	0
gene-A9G17_RS00215	684	449.977	0	0
gene-A9G17_RS00220	1068	831.148	0	0
gene-A9G17_RS00225	786	550.388	0	0
gene-A9G17_RS00230	681	446.977	0	0
gene-A9G17_RS00235	843	607.102	0	0
gene-A9G17_RS00240	618	385.73	0	0
gene-A9G17_RS00245	1272	1035.15	0	0
gene-A9G17_RS00250	252	91.7168	0	0
gene-A9G17_RS00255	243	86.2978	0	0
gene-A9G17_RS00260	936	699.582	0	0
rna-A9G17_RS00265	87	26.0237	2	14.0348
gene-A9G17_RS00270	189	53.2657	0	0
gene-A9G17_RS00275	438	224.858	0	0
gene-A9G17_RS12715	2382	2145.15	0	0
gene-A9G17_RS00285	486	264.853	0	0
gene-A9G17_RS00290	1236	999.148	1	0.182775
gene-A9G17_RS00295	843	607.102	0	0
gene-A9G17_RS12720	96	19.7281	0	0
gene-A9G17_RS00300	636	403.175	0	0
gene-A9G17_RS00305	228	77.1541	0	0
gene-A9G17_RS00310	1023	786.148	1	0.232296
gene-A9G17_RS00315	2790	2553.15	3.43343	0.245583
gene-A9G17_RS00320	840	604.102	1	0.302298
gene-A9G17_RS00325	2697	2460.15	1	0.074231
gene-A9G17_RS00330	1101	864.148	1	0.211329
gene-A9G17_RS00335	1095	858.148	0	0
gene-A9G17_RS00340	594	362.675	3	1.5106
gene-A9G17_RS00345	2775	2538.15	4.58181	0.329661
gene-A9G17_RS00350	510	285.63	0	0
gene-A9G17_RS00355	345	153.15	0	0
gene-A9G17_RS00360	732	497.278	0	0
gene-A9G17_RS00365	720	485.425	0	0
gene-A9G17_RS00370	222	73.7674	0	0
gene-A9G17_RS00375	198	58.6161	0	0
gene-A9G17_RS00380	1344	1107.15	1	0.164946
gene-A9G17_RS00385	1254	1017.15	0	0
gene-A9G17_RS00390	429	217.564	0	0
gene-A9G17_RS00395	423	212.807	0	0
gene-A9G17_RS00400	243	86.2978	0	0
gene-A9G17_RS00405	1104	867.148	1	0.210598
gene-A9G17_RS00410	1257	1020.15	1	0.179012
gene-A9G17_RS00415	534	307.013	0	0
gene-A9G17_RS00420	1464	1227.15	4	0.595264
gene-A9G17_RS00425	1011	774.148	1	0.235897
gene-A9G17_RS00430	780	544.553	1	0.335356
gene-A9G17_RS00435	1314	1077.15	5	0.847698
gene-A9G17_RS00440	1374	1137.15	1	0.160594
gene-A9G17_RS00445	1086	849.148	0	0
gene-A9G17_RS00450	360	164.089	1	1.11293
rna-A9G17_RS00455	77	33.2069	0	0
gene-A9G17_RS12725	219	71.7234	1	2.54616
gene-A9G17_RS00460	1350	1113.15	0	0
gene-A9G17_RS00465	429	217.564	0	0
gene-A9G17_RS00470	2211	1974.15	2	0.185011
gene-A9G17_RS12730	123	22.1462	0	0
gene-A9G17_RS00475	300	120.861	0	0
gene-A9G17_RS00480	513	288.215	3	1.90086
gene-A9G17_RS00485	1176	939.148	6	1.16671
gene-A9G17_RS00490	609	377.075	0	0
gene-A9G17_RS00495	1896	1659.15	2	0.220136
gene-A9G17_RS00500	606	374.341	0	0
gene-A9G17_RS00505	963	726.297	0	0
gene-A9G17_RS00510	624	391.496	0	0
gene-A9G17_RS00515	2214	1977.15	1	0.092365
gene-A9G17_RS00520	606	374.341	0	0
gene-A9G17_RS00525	1236	999.148	0	0
gene-A9G17_RS12910	81	30.0822	0	0
gene-A9G17_RS00530	1929	1692.15	0	0
gene-A9G17_RS12735	81	30.0822	0	0
gene-A9G17_RS00535	2247	2010.15	8.02786e-08	7.2932e-09
gene-A9G17_RS12740	81	30.0822	0	0
gene-A9G17_RS00540	1236	999.148	0	0
gene-A9G17_RS00545	1440	1203.15	3	0.455354
gene-A9G17_RS12745	123	22.1462	0	0
gene-A9G17_RS00550	606	374.341	2	0.975684
gene-A9G17_RS00555	1443	1206.15	3	0.454221
gene-A9G17_RS00560	606	374.341	5	2.43921
gene-A9G17_RS00565	1410	1173.15	6	0.933996
gene-A9G17_RS00570	687	452.796	0	0
gene-A9G17_RS00575	912	675.72	0	0
gene-A9G17_RS00580	354	159.705	0	0
gene-A9G17_RS00585	639	406.134	0	0
gene-A9G17_RS00590	432	220.183	0	0
gene-A9G17_RS00595	288	114.117	0	0
gene-A9G17_RS00600	378	177.878	0	0
gene-A9G17_RS00605	204	62.0897	0	0
gene-A9G17_RS00610	348	155.386	0	0
gene-A9G17_RS00615	441	227.347	1	0.803264
gene-A9G17_RS00620	183	49.9191	4	14.6332
gene-A9G17_RS00625	2154	1917.15	0	0
gene-A9G17_RS00630	207	64.019	0	0
gene-A9G17_RS00635	243	86.2978	0	0
gene-A9G17_RS00640	303	122.716	2	2.97629
gene-A9G17_RS00645	240	84.4063	1	2.16357
gene-A9G17_RS00650	357	161.939	0	0
gene-A9G17_RS00655	1002	765.148	1	0.238672
gene-A9G17_RS00660	519	293.616	0	0
gene-A9G17_RS00665	324	137.442	0	0
gene-A9G17_RS00670	522	296.313	0	0
gene-A9G17_RS00675	387	184.806	0	0
gene-A9G17_RS00680	207	64.019	0	0
gene-A9G17_RS00685	426	215.129	0	0
gene-A9G17_RS00690	969	732.297	0	0
gene-A9G17_RS00695	771	535.607	0	0
gene-A9G17_RS00700	1170	933.148	0	0
gene-A9G17_RS00705	1083	846.148	2	0.431648
gene-A9G17_RS00710	693	458.704	0	0
gene-A9G17_RS00715	789	553.388	0	0
gene-A9G17_RS00720	870	633.915	0	0
gene-A9G17_RS00725	789	553.388	0	0
gene-A9G17_RS00730	1146	909.148	0	0
gene-A9G17_RS00735	2196	1959.15	0	0
gene-A9G17_RS00740	1713	1476.15	0	0
gene-A9G17_RS00745	525	298.977	0	0
gene-A9G17_RS00750	1563	1326.15	3	0.41312
gene-A9G17_RS00755	789	553.388	1	0.330002
gene-A9G17_RS00760	1263	1026.15	0	0
gene-A9G17_RS00765	729	494.327	0	0
gene-A9G17_RS00770	510	285.63	0	0
gene-A9G17_RS00775	735	500.227	1	0.365072
rna-A9G17_RS00780	77	33.2069	4	21.9977
gene-A9G17_RS00785	366	168.799	0	0
gene-A9G17_RS00790	1056	819.148	0	0
gene-A9G17_RS00795	2775	2538.15	3	0.215849
gene-A9G17_RS00800	1464	1227.15	3	0.446448
gene-A9G17_RS00805	1470	1233.15	0	0
gene-A9G17_RS00810	2058	1821.15	1	0.100277
gene-A9G17_RS00815	1413	1176.15	16	2.4843
gene-A9G17_RS00820	420	210.479	0	0
gene-A9G17_RS00825	3867	3630.15	0	0
gene-A9G17_RS00830	1047	810.148	1	0.225415
gene-A9G17_RS00835	714	479.425	1	0.380913
gene-A9G17_RS00840	705	470.425	6	2.3292
gene-A9G17_RS00845	1809	1572.15	12	1.39391
gene-A9G17_RS00850	1089	852.148	0	0
gene-A9G17_RS00855	1194	957.148	0	0
gene-A9G17_RS00860	2127	1890.15	0	0
gene-A9G17_RS00865	660	426.634	2	0.856093
gene-A9G17_RS00870	807	571.277	0	0
gene-A9G17_RS00875	900	663.72	1	0.275145
gene-A9G17_RS00880	1140	903.148	0	0
rna-A9G17_RS00885	96	19.7281	4	37.0272
gene-A9G17_RS00890	294	117.242	11	17.134
gene-A9G17_RS00895	2388	2151.15	3	0.254682
gene-A9G17_RS00900	984	747.224	1	0.244397
gene-A9G17_RS00905	354	159.705	2	2.28695
gene-A9G17_RS00910	198	58.6161	13	40.5016
gene-A9G17_RS00915	540	312.253	32	18.715
gene-A9G17_RS00920	1926	1689.15	18	1.94604
gene-A9G17_RS00925	888	651.786	1	0.280183
gene-A9G17_RS00930	1407	1170.15	0	0
gene-A9G17_RS00935	1017	780.148	0	0
gene-A9G17_RS00940	1491	1254.15	0	0
gene-A9G17_RS00945	945	708.441	0	0
gene-A9G17_RS00950	1089	852.148	0	0
gene-A9G17_RS00955	693	458.704	0	0
gene-A9G17_RS00960	1629	1392.15	3	0.393534
gene-A9G17_RS00965	507	283.041	2	1.29041
gene-A9G17_RS00970	1062	825.148	0	0
gene-A9G17_RS00975	1434	1197.15	0	0
gene-A9G17_RS00980	456	239.474	1	0.762586
gene-A9G17_RS00985	690	455.704	0	0
gene-A9G17_RS00990	648	414.804	0	0
gene-A9G17_RS00995	729	494.327	2	0.73886
gene-A9G17_RS01000	735	500.227	5	1.82536
gene-A9G17_RS01005	732	497.278	0	0
gene-A9G17_RS01010	678	444.021	0	0
gene-A9G17_RS01015	1836	1599.15	4	0.456791
gene-A9G17_RS01020	555	325.955	0	0
rna-A9G17_RS01025	88	25.2965	1	7.21916
rna-A9G17_RS01030	76	33.0619	0.333333	1.84118
gene-A9G17_RS01035	1014	777.148	0	0
gene-A9G17_RS12755	264	99.2773	0	0
gene-A9G17_RS12760	294	117.242	0	0
gene-A9G17_RS12765	293	116.671	0	0
gene-A9G17_RS01045	690	455.704	0	0
gene-A9G17_RS01050	930	693.652	0	0
gene-A9G17_RS01055	1365	1128.15	0	0
gene-A9G17_RS01060	678	444.021	0	0
gene-A9G17_RS01065	278	107.681	0	0
gene-A9G17_RS01070	321	135.439	0	0
gene-A9G17_RS01075	2985	2748.15	0	0
gene-A9G17_RS01080	9696	9459.15	0	0
gene-A9G17_RS01085	4572	4335.15	0	0
gene-A9G17_RS01090	813	577.22	0	0
gene-A9G17_RS01095	2214	1977.15	0	0
gene-A9G17_RS01100	1122	885.148	0	0
gene-A9G17_RS01105	1902	1665.15	0	0
gene-A9G17_RS01110	918	681.652	0	0
gene-A9G17_RS01115	1221	984.148	0	0
gene-A9G17_RS01120	510	285.63	0	0
gene-A9G17_RS01125	984	747.224	0	0
gene-A9G17_RS01130	420	210.479	0	0
gene-A9G17_RS01135	1266	1029.15	0	0
gene-A9G17_RS01140	822	586.162	4	1.2462
gene-A9G17_RS01145	1131	894.148	1	0.204238
gene-A9G17_RS01150	2802	2565.15	4	0.28477
gene-A9G17_RS01155	1074	837.148	1	0.218145
gene-A9G17_RS01160	1164	927.148	1	0.196969
gene-A9G17_RS01165	348	155.386	0	0
gene-A9G17_RS01170	561	331.688	0	0
gene-A9G17_RS01175	918	681.652	1	0.267907
gene-A9G17_RS01180	447	232.186	0	0
gene-A9G17_RS01185	228	77.1541	0	0
gene-A9G17_RS01190	774	538.607	0	0
gene-A9G17_RS01195	957	720.37	0	0
gene-A9G17_RS01200	858	622.04	0	0
gene-A9G17_RS01205	1593	1356.15	6	0.807961
gene-A9G17_RS01210	342	150.555	2	2.42595
gene-A9G17_RS01215	1305	1068.15	2	0.341936
gene-A9G17_RS01220	1566	1329.15	1	0.137396
gene-A9G17_RS01225	945	708.441	0	0
gene-A9G17_RS01230	831	595.102	0	0
gene-A9G17_RS01235	849	613.102	0	0
gene-A9G17_RS01240	780	544.553	0	0
gene-A9G17_RS01245	1326	1089.15	1	0.167672
gene-A9G17_RS01250	381	179.973	0	0
gene-A9G17_RS01255	2361	2124.15	0	0
gene-A9G17_RS01260	474	254.347	0	0
gene-A9G17_RS01265	381	179.973	0	0
gene-A9G17_RS01270	1914	1677.15	0	0
gene-A9G17_RS01275	954	717.37	0	0
gene-A9G17_RS01280	906	669.72	2	0.54536
gene-A9G17_RS01285	900	663.72	6	1.65087
gene-A9G17_RS01290	912	675.72	4	1.08103
gene-A9G17_RS01295	621	388.575	0	0
gene-A9G17_RS01300	834	598.102	0	0
gene-A9G17_RS01305	963	726.297	0	0
gene-A9G17_RS01310	882	645.786	0	0
rna-A9G17_RS01315	74	33.7981	3	16.2097
gene-A9G17_RS01320	846	610.102	2	0.598651
gene-A9G17_RS01325	432	220.183	0	0
gene-A9G17_RS01330	474	254.347	0	0
gene-A9G17_RS01335	804	568.277	0	0
gene-A9G17_RS01340	816	580.22	0	0
gene-A9G17_RS01345	1065	828.148	0	0
gene-A9G17_RS01350	3063	2826.15	1	0.0646177
gene-A9G17_RS01355	612	379.885	1	0.480723
gene-A9G17_RS01360	429	217.564	25	20.9846
gene-A9G17_RS01365	708	473.425	0	0
gene-A9G17_RS01370	819	583.162	0	0
gene-A9G17_RS01375	606	374.341	0	0
gene-A9G17_RS01380	606	374.341	0	0
gene-A9G17_RS01385	2832	2595.15	4	0.281478
gene-A9G17_RS01390	936	699.582	5	1.3052
gene-A9G17_RS01395	471	251.746	1	0.72541
gene-A9G17_RS12770	369	170.944	0	0
gene-A9G17_RS01405	333	144.04	0	0
rna-A9G17_RS01410	76	33.0619	0	0
gene-A9G17_RS01415	672	438.199	2	0.833498
gene-A9G17_RS01420	2859	2622.15	1	0.0696449
gene-A9G17_RS01425	849	613.102	0	0
gene-A9G17_RS01430	855	619.102	0	0
gene-A9G17_RS01435	843	607.102	1	0.300805
gene-A9G17_RS01440	456	239.474	0	0
gene-A9G17_RS01445	1482	1245.15	4	0.586659
gene-A9G17_RS01450	1101	864.148	0	0
gene-A9G17_RS01455	1065	828.148	0	0
gene-A9G17_RS01460	444	229.732	0	0
gene-A9G17_RS01465	528	301.637	0	0
gene-A9G17_RS01470	537	309.666	5	2.94865
gene-A9G17_RS01475	273	105.037	0	0
gene-A9G17_RS01480	663	429.548	2	0.850285
gene-A9G17_RS01485	540	312.253	0	0
gene-A9G17_RS01490	552	323.12	0	0
gene-A9G17_RS01495	873	636.915	0	0
gene-A9G17_RS01500	579	348.788	0	0
gene-A9G17_RS01505	2826	2589.15	0	0
gene-A9G17_RS01510	1416	1179.15	0	0
gene-A9G17_RS12915	129	24.0373	0	0
gene-A9G17_RS01515	840	604.102	0	0
gene-A9G17_RS01520	552	323.12	0	0
gene-A9G17_RS01530	567	337.416	0	0
gene-A9G17_RS01535	1002	765.148	8	1.90937
gene-A9G17_RS01540	186	51.5528	0	0
gene-A9G17_RS01545	1218	981.148	0	0
gene-A9G17_RS01555	1524	1287.15	0	0
gene-A9G17_RS01560	342	150.555	0	0
gene-A9G17_RS01565	285	112.337	0	0
gene-A9G17_RS01570	198	58.6161	0	0
gene-A9G17_RS01575	948	711.441	0	0
gene-A9G17_RS01580	909	672.72	0	0
gene-A9G17_RS01585	375	175.674	0	0
gene-A9G17_RS01590	696	461.658	0	0
gene-A9G17_RS01595	933	696.652	0	0
gene-A9G17_RS01600	846	610.102	0	0
gene-A9G17_RS01605	219	71.7234	0	0
gene-A9G17_RS01610	1212	975.148	0	0
gene-A9G17_RS01615	525	298.977	0	0
gene-A9G17_RS01620	240	84.4063	0	0
gene-A9G17_RS01625	1260	1023.15	1	0.178488
gene-A9G17_RS01630	819	583.162	0	0
gene-A9G17_RS01635	744	509.025	1	0.358763
gene-A9G17_RS01640	828	592.102	0	0
rna-A9G17_RS01645	76	33.0619	0.333333	1.84118
rna-A9G17_RS01650	88	25.2965	1	7.21916
gene-A9G17_RS01655	339	148.373	0	0
gene-A9G17_RS01660	1299	1062.15	0	0
gene-A9G17_RS01665	477	256.972	0	0
gene-A9G17_RS01670	1089	852.148	0	0
gene-A9G17_RS01675	1530	1293.15	1	0.141221
gene-A9G17_RS01680	231	78.702	4	9.28155
gene-A9G17_RS01685	2709	2472.15	7	0.517095
gene-A9G17_RS01690	654	420.762	0	0
gene-A9G17_RS01695	1890	1653.15	2	0.220935
gene-A9G17_RS12775	249	89.949	0	0
gene-A9G17_RS01700	1014	777.148	1	0.234986
gene-A9G17_RS01705	777	541.553	0	0
gene-A9G17_RS01710	963	726.297	0	0
gene-A9G17_RS01715	639	406.134	1	0.449652
gene-A9G17_RS01720	459	242.039	3	2.26351
gene-A9G17_RS01725	1416	1179.15	6	0.929243
gene-A9G17_RS01730	849	613.102	1	0.297861
gene-A9G17_RS01735	2301	2064.15	0	0
gene-A9G17_RS01740	639	406.134	1	0.449652
gene-A9G17_RS01745	702	467.519	5	1.95307
gene-A9G17_RS01750	660	426.634	1	0.428046
gene-A9G17_RS01755	2109	1872.15	4	0.390181
gene-A9G17_RS01760	4944	4707.15	1	0.0387961
gene-A9G17_RS01770	423	212.807	0	0
rna-A9G17_RS01775	77	33.2069	0	0
gene-A9G17_RS12780	297	119.014	0	0
gene-A9G17_RS01780	645	411.887	0	0
gene-A9G17_RS01785	2016	1779.15	0	0
gene-A9G17_RS01790	927	690.652	0	0
gene-A9G17_RS01795	378	177.878	0	0
gene-A9G17_RS01800	423	212.807	0	0
gene-A9G17_RS01805	612	379.885	0	0
gene-A9G17_RS01810	1200	963.148	0	0
gene-A9G17_RS01815	822	586.162	0	0
gene-A9G17_RS01820	498	275.081	0	0
gene-A9G17_RS01825	540	312.253	0	0
gene-A9G17_RS01830	453	236.93	0	0
gene-A9G17_RS01835	1719	1482.15	0	0
gene-A9G17_RS01840	3807	3570.15	1	0.0511517
gene-A9G17_RS01845	726	491.327	0	0
gene-A9G17_RS01850	732	497.278	0	0
gene-A9G17_RS01855	771	535.607	0	0
gene-A9G17_RS01860	927	690.652	0	0
gene-A9G17_RS01865	1050	813.148	0	0
gene-A9G17_RS01870	963	726.297	0	0
gene-A9G17_RS01875	201	60.3796	0	0
gene-A9G17_RS01880	1404	1167.15	1	0.156466
gene-A9G17_RS01885	687	452.796	3	1.20994
gene-A9G17_RS01890	1098	861.148	0	0
gene-A9G17_RS01895	1308	1071.15	1	0.170489
gene-A9G17_RS01900	603	371.341	11	5.40961
gene-A9G17_RS01905	315	131.376	0	0
gene-A9G17_RS01910	324	137.442	1	1.3287
gene-A9G17_RS01915	2247	2010.15	0	0
gene-A9G17_RS01920	930	693.652	0	0
gene-A9G17_RS01925	645	411.887	1	0.443372
gene-A9G17_RS01930	759	523.871	0	0
gene-A9G17_RS01935	912	675.72	0	0
gene-A9G17_RS01940	1164	927.148	3	0.590906
gene-A9G17_RS01945	1110	873.148	3	0.627451
gene-A9G17_RS01950	495	272.68	0	0
gene-A9G17_RS01955	1053	816.148	0	0
gene-A9G17_RS01960	1356	1119.15	0	0
gene-A9G17_RS01965	975	738.297	0	0
gene-A9G17_RS01970	780	544.553	0	0
gene-A9G17_RS01975	1113	876.148	1	0.208434
gene-A9G17_RS01980	651	417.762	2	0.874274
gene-A9G17_RS01985	999	762.148	5	1.19806
gene-A9G17_RS01990	345	153.15	0	0
gene-A9G17_RS01995	474	254.347	0	0
gene-A9G17_RS02000	384	182.393	0	0
gene-A9G17_RS02005	912	675.72	0	0
gene-A9G17_RS02010	945	708.441	0	0
gene-A9G17_RS02015	1302	1065.15	24	4.11479
gene-A9G17_RS02020	1638	1401.15	8	1.04268
gene-A9G17_RS02025	450	234.736	0	0
gene-A9G17_RS02030	693	458.704	1	0.398119
gene-A9G17_RS02035	1179	942.148	0	0
gene-A9G17_RS02040	702	467.519	0	0
gene-A9G17_RS02045	495	272.68	0	0
gene-A9G17_RS02050	1719	1482.15	2	0.246425
gene-A9G17_RS02055	879	642.851	0	0
gene-A9G17_RS02060	1152	915.148	1	0.199552
gene-A9G17_RS02065	792	556.333	0	0
gene-A9G17_RS02070	1176	939.148	0	0
gene-A9G17_RS02075	1110	873.148	0	0
gene-A9G17_RS02080	432	220.183	0	0
gene-A9G17_RS12785	549	320.48	1	0.56983
gene-A9G17_RS02090	1014	777.148	0	0
gene-A9G17_RS02095	1089	852.148	0	0
gene-A9G17_RS02100	2148	1911.15	1	0.0955547
gene-A9G17_RS02105	330	141.889	0	0
gene-A9G17_RS02110	822	586.162	1	0.311551
gene-A9G17_RS02115	1767	1530.15	1	0.119347
gene-A9G17_RS02120	360	164.089	3	3.33879
gene-A9G17_RS02125	1026	789.148	0	0
gene-A9G17_RS02130	219	71.7234	0	0
gene-A9G17_RS02135	738	503.227	0	0
gene-A9G17_RS02140	609	377.075	0	0
gene-A9G17_RS02145	627	394.456	2	0.925929
gene-A9G17_RS02150	372	173.403	0	0
gene-A9G17_RS02155	705	470.425	0	0
gene-A9G17_RS02160	684	449.977	0	0
gene-A9G17_RS02165	786	550.388	0	0
gene-A9G17_RS02170	1734	1497.15	5	0.60989
gene-A9G17_RS02175	294	117.242	0	0
gene-A9G17_RS02180	1002	765.148	0	0
gene-A9G17_RS02185	2523	2286.15	4	0.319523
gene-A9G17_RS02190	2646	2409.15	3	0.227407
gene-A9G17_RS02195	801	565.277	0	0
gene-A9G17_RS02200	918	681.652	0	0
gene-A9G17_RS02205	804	568.277	0	0
gene-A9G17_RS02210	912	675.72	3	0.810776
gene-A9G17_RS02215	804	568.277	0	0
gene-A9G17_RS02220	918	681.652	0	0
gene-A9G17_RS02225	180	48.1736	0	0
gene-A9G17_RS02230	261	97.1757	0	0
gene-A9G17_RS02235	1437	1200.15	1	0.152164
gene-A9G17_RS02240	381	179.973	0	0
gene-A9G17_RS02245	945	708.441	0	0
gene-A9G17_RS02250	1389	1152.15	2	0.317007
gene-A9G17_RS02255	891	654.786	1	0.278899
gene-A9G17_RS02260	510	285.63	0	0
gene-A9G17_RS02265	621	388.575	0	0
gene-A9G17_RS02270	834	598.102	0	0
gene-A9G17_RS02275	393	189.447	1	0.963962
gene-A9G17_RS02280	2679	2442.15	12	0.897337
gene-A9G17_RS02285	1416	1179.15	3	0.464622
gene-A9G17_RS02290	855	619.102	1	0.294974
gene-A9G17_RS02295	837	601.102	0	0
gene-A9G17_RS02300	1086	849.148	5	1.07531
gene-A9G17_RS02305	1185	948.148	0	0
gene-A9G17_RS02310	1188	951.148	0	0
gene-A9G17_RS02315	711	476.425	1	0.383312
gene-A9G17_RS02320	711	476.425	1	0.383312
gene-A9G17_RS02325	426	215.129	0	0
gene-A9G17_RS02330	492	269.905	0	0
gene-A9G17_RS02335	837	601.102	0	0
gene-A9G17_RS02340	828	592.102	0	0
gene-A9G17_RS02345	1425	1188.15	5	0.768504
gene-A9G17_RS02350	1617	1380.15	3	0.396956
gene-A9G17_RS02355	2667	2430.15	8	0.601179
gene-A9G17_RS02360	618	385.73	0	0
gene-A9G17_RS02365	960	723.297	1	0.252481
gene-A9G17_RS02370	1203	966.148	0	0
gene-A9G17_RS02375	273	105.037	0	0
gene-A9G17_RS02380	705	470.425	1	0.3882
gene-A9G17_RS02385	675	441.199	0	0
gene-A9G17_RS02390	717	482.425	0	0
gene-A9G17_RS02395	714	479.425	0	0
gene-A9G17_RS02400	714	479.425	0	0
gene-A9G17_RS02405	717	482.425	0	0
gene-A9G17_RS02410	717	482.425	0	0
gene-A9G17_RS02415	717	482.425	0	0
gene-A9G17_RS02420	690	455.704	0	0
gene-A9G17_RS02425	717	482.425	0	0
gene-A9G17_RS02430	717	482.425	0	0
gene-A9G17_RS02435	4269	4032.15	3.33826	0.151193
gene-A9G17_RS02440	657	423.677	0	0
gene-A9G17_RS02445	4296	4059.15	1.66174	0.0747607
gene-A9G17_RS02450	717	482.425	0	0
gene-A9G17_RS02455	1407	1170.15	0	0
gene-A9G17_RS02460	2895	2658.15	0	0
gene-A9G17_RS02465	717	482.425	0	0
gene-A9G17_RS02470	4299	4062.15	0	0
gene-A9G17_RS02475	900	663.72	1	0.275145
gene-A9G17_RS02480	2367	2130.15	0	0
gene-A9G17_RS02485	1827	1590.15	0	0
gene-A9G17_RS02490	1581	1344.15	0	0
gene-A9G17_RS02495	522	296.313	3	1.84891
gene-A9G17_RS02500	486	264.853	0	0
gene-A9G17_RS02505	264	99.2773	0	0
gene-A9G17_RS02510	210	66.0331	7	19.359
gene-A9G17_RS02515	810	574.277	0	0
gene-A9G17_RS02520	945	708.441	0	0
gene-A9G17_RS02525	702	467.519	0	0
gene-A9G17_RS02530	558	328.755	0	0
gene-A9G17_RS02535	423	212.807	0	0
gene-A9G17_RS02540	249	89.949	0	0
gene-A9G17_RS02545	960	723.297	1	0.252481
gene-A9G17_RS02550	942	705.582	3	0.776462
gene-A9G17_RS02555	522	296.313	1	0.616305
gene-A9G17_RS12790	279	108.464	0	0
gene-A9G17_RS02560	4143	3906.15	0	0
gene-A9G17_RS02565	663	429.548	0	0
gene-A9G17_RS02570	693	458.704	0	0
gene-A9G17_RS02575	765	529.66	0	0
gene-A9G17_RS02580	186	51.5528	0	0
gene-A9G17_RS02585	1008	771.148	0	0
gene-A9G17_RS02590	2307	2070.15	0	0
gene-A9G17_RS02595	291	115.736	3	4.73369
gene-A9G17_RS02600	1683	1446.15	20	2.5256
gene-A9G17_RS02605	681	446.977	2	0.817131
gene-A9G17_RS02610	1281	1044.15	2	0.349796
gene-A9G17_RS02615	873	636.915	0	0
gene-A9G17_RS02620	2874	2637.15	5	0.346244
gene-A9G17_RS02625	1161	924.148	0	0
gene-A9G17_RS02630	1593	1356.15	3	0.403981
gene-A9G17_RS02635	915	678.72	0	0
gene-A9G17_RS02640	2088	1851.15	1	0.0986519
gene-A9G17_RS02645	588	357.074	0	0
gene-A9G17_RS02650	798	562.277	0	0
gene-A9G17_RS02655	663	429.548	0	0
gene-A9G17_RS02660	867	630.915	0	0
gene-A9G17_RS02665	738	503.227	0	0
gene-A9G17_RS02670	543	314.965	0	0
gene-A9G17_RS02675	1542	1305.15	0	0
gene-A9G17_RS02680	384	182.393	0	0
gene-A9G17_RS02685	1533	1296.15	3	0.422681
gene-A9G17_RS02690	1008	771.148	0	0
gene-A9G17_RS02695	1005	768.148	0	0
gene-A9G17_RS02700	2856	2619.15	3.51513	0.245091
gene-A9G17_RS02705	1506	1269.15	1	0.143891
gene-A9G17_RS02710	768	532.607	0	0
gene-A9G17_RS02715	975	738.297	0	0
gene-A9G17_RS02720	795	559.277	3	0.979581
gene-A9G17_RS02725	2583	2346.15	11	0.856217
gene-A9G17_RS02730	495	272.68	1	0.669721
gene-A9G17_RS02735	1005	768.148	0	0
gene-A9G17_RS02740	657	423.677	0	0
gene-A9G17_RS02745	219	71.7234	1	2.54616
gene-A9G17_RS02750	1443	1206.15	1	0.151407
gene-A9G17_RS02755	267	101.144	0	0
gene-A9G17_RS02760	573	343.139	0	0
gene-A9G17_RS02765	897	660.786	0	0
gene-A9G17_RS02770	2829	2592.15	2	0.140902
gene-A9G17_RS02775	942	705.582	0	0
gene-A9G17_RS02780	1734	1497.15	0	0
gene-A9G17_RS02785	1857	1620.15	0	0
gene-A9G17_RS02790	411	203.419	0	0
gene-A9G17_RS02795	633	400.256	1	0.456256
gene-A9G17_RS02800	393	189.447	0	0
gene-A9G17_RS02805	429	217.564	25	20.9846
gene-A9G17_RS02810	621	388.575	0	0
gene-A9G17_RS02815	1104	867.148	0	0
gene-A9G17_RS02820	666	432.418	0	0
gene-A9G17_RS02825	540	312.253	0	0
gene-A9G17_RS02830	684	449.977	0	0
gene-A9G17_RS02835	726	491.327	0	0
gene-A9G17_RS02840	828	592.102	0	0
gene-A9G17_RS02845	1065	828.148	0	0
gene-A9G17_RS02850	423	212.807	0	0
gene-A9G17_RS02855	2298	2061.15	0	0
gene-A9G17_RS02860	5055	4818.15	11	0.416926
gene-A9G17_RS02865	675	441.199	0	0
gene-A9G17_RS02870	654	420.762	0	0
gene-A9G17_RS02875	474	254.347	0	0
gene-A9G17_RS02880	456	239.474	12	9.15103
gene-A9G17_RS02885	936	699.582	3	0.783121
gene-A9G17_RS02890	492	269.905	0	0
gene-A9G17_RS02895	1371	1134.15	0	0
gene-A9G17_RS02900	1041	804.148	0	0
gene-A9G17_RS02905	408	201.092	0	0
gene-A9G17_RS02910	462	244.394	0	0
gene-A9G17_RS02915	642	409.052	0	0
gene-A9G17_RS02920	798	562.277	0	0
gene-A9G17_RS02925	525	298.977	1	0.610814
gene-A9G17_RS02930	312	129.046	0	0
gene-A9G17_RS02935	2244	2007.15	1	0.0909844
gene-A9G17_RS02940	714	479.425	2	0.761826
gene-A9G17_RS02945	924	687.652	1	0.265569
gene-A9G17_RS02950	735	500.227	0	0
gene-A9G17_RS02955	825	589.162	0	0
gene-A9G17_RS02960	1251	1014.15	0	0
gene-A9G17_RS12795	141	29.1263	0	0
gene-A9G17_RS02965	2091	1854.15	1	0.0984923
gene-A9G17_RS02970	2109	1872.15	2	0.195091
gene-A9G17_RS02975	291	115.736	1	1.5779
gene-A9G17_RS02980	1227	990.148	2	0.368873
gene-A9G17_RS02985	1743	1506.15	1	0.121249
gene-A9G17_RS02990	1353	1116.15	1	0.163616
gene-A9G17_RS02995	537	309.666	1	0.58973
gene-A9G17_RS03000	531	304.451	2	1.19966
gene-A9G17_RS03005	210	66.0331	37	102.326
gene-A9G17_RS03010	996	759.148	15	3.60837
gene-A9G17_RS03015	3135	2898.15	0	0
gene-A9G17_RS03020	1761	1524.15	0	0
gene-A9G17_RS03025	729	494.327	1	0.36943
gene-A9G17_RS03030	1062	825.148	0	0
gene-A9G17_RS03035	213	67.9168	0	0
gene-A9G17_RS03040	516	290.887	0	0
gene-A9G17_RS12800	99	20.2777	0	0
gene-A9G17_RS03045	399	193.785	0	0
gene-A9G17_RS03050	342	150.555	0	0
gene-A9G17_RS03055	384	182.393	0	0
gene-A9G17_RS03060	729	494.327	0	0
gene-A9G17_RS03065	417	208.169	0	0
gene-A9G17_RS03070	1258	1021.15	0	0
gene-A9G17_RS03075	2559	2322.15	3	0.235927
gene-A9G17_RS03080	1716	1479.15	9	1.11116
gene-A9G17_RS03085	1431	1194.15	0	0
gene-A9G17_RS12805	138	27.6749	0	0
gene-A9G17_RS03090	1350	1113.15	1	0.164057
gene-A9G17_RS03095	1569	1332.15	0	0
gene-A9G17_RS03100	825	589.162	0	0
gene-A9G17_RS03105	852	616.102	0	0
gene-A9G17_RS03110	900	663.72	0	0
gene-A9G17_RS03115	315	131.376	0	0
gene-A9G17_RS03120	1155	918.148	2	0.397799
gene-A9G17_RS03125	1035	798.148	0	0
gene-A9G17_RS03130	825	589.162	1	0.309965
gene-A9G17_RS03135	1251	1014.15	1	0.180072
gene-A9G17_RS03140	1407	1170.15	2	0.31213
gene-A9G17_RS03145	849	613.102	1	0.297861
gene-A9G17_RS03150	2619	2382.15	0	0
gene-A9G17_RS03155	531	304.451	0	0
gene-A9G17_RS03160	810	574.277	0	0
gene-A9G17_RS03165	819	583.162	0	0
gene-A9G17_RS03170	1242	1005.15	1	0.181684
gene-A9G17_RS03175	906	669.72	0	0
gene-A9G17_RS03180	936	699.582	0	0
gene-A9G17_RS03185	1338	1101.15	2	0.331689
gene-A9G17_RS03190	1332	1095.15	4	0.667012
gene-A9G17_RS03195	480	259.538	5	3.51816
gene-A9G17_RS03200	1284	1047.15	0	0
gene-A9G17_RS03205	339	148.373	0	0
gene-A9G17_RS03210	1497	1260.15	1	0.144919
gene-A9G17_RS03215	1068	831.148	0	0
gene-A9G17_RS03220	501	277.795	0	0
gene-A9G17_RS03225	351	157.502	1	1.15947
gene-A9G17_RS03230	2004	1767.15	0	0
gene-A9G17_RS03235	1461	1224.15	2	0.298361
gene-A9G17_RS03240	780	544.553	0	0
gene-A9G17_RS03245	753	517.871	0	0
gene-A9G17_RS03250	693	458.704	0	0
gene-A9G17_RS03255	684	449.977	0	0
gene-A9G17_RS03260	741	506.126	0	0
gene-A9G17_RS03265	492	269.905	1	0.676606
gene-A9G17_RS03270	852	616.102	3	0.889231
gene-A9G17_RS03275	690	455.704	0	0
gene-A9G17_RS03285	267	101.144	1	1.80553
gene-A9G17_RS03290	681	446.977	0	0
gene-A9G17_RS03295	1905	1668.15	2	0.218948
gene-A9G17_RS03300	975	738.297	0	0
gene-A9G17_RS03305	981	744.224	0	0
gene-A9G17_RS03310	957	720.37	0	0
gene-A9G17_RS03315	969	732.297	0	0
gene-A9G17_RS03320	933	696.652	0	0
gene-A9G17_RS03325	978	741.224	0	0
gene-A9G17_RS03330	1770	1533.15	0	0
gene-A9G17_RS03335	1737	1500.15	2	0.243468
gene-A9G17_RS03340	1023	786.148	0	0
gene-A9G17_RS03345	1011	774.148	0	0
gene-A9G17_RS03350	867	630.915	2	0.578903
gene-A9G17_RS03355	531	304.451	3	1.79949
gene-A9G17_RS03360	867	630.915	1	0.289451
gene-A9G17_RS03365	1068	831.148	4	0.878877
gene-A9G17_RS03370	2286	2049.15	1	0.0891196
gene-A9G17_RS03375	1692	1455.15	3	0.376496
gene-A9G17_RS03380	1260	1023.15	1	0.178488
gene-A9G17_RS03385	1044	807.148	0	0
gene-A9G17_RS03390	624	391.496	0	0
gene-A9G17_RS03395	348	155.386	1	1.17526
gene-A9G17_RS03400	384	182.393	10	10.0124
gene-A9G17_RS03405	309	127.008	6	8.62715
gene-A9G17_RS03410	228	77.1541	11	26.0364
gene-A9G17_RS03415	450	234.736	5	3.88989
gene-A9G17_RS03420	1701	1464.15	5	0.623636
gene-A9G17_RS03425	1350	1113.15	3	0.49217
gene-A9G17_RS03430	498	275.081	0	0
gene-A9G17_RS03435	339	148.373	1	1.23081
gene-A9G17_RS03440	2010	1773.15	2	0.205983
gene-A9G17_RS03445	318	133.428	1	1.36867
gene-A9G17_RS03450	1437	1200.15	6	0.912984
gene-A9G17_RS03455	339	148.373	0	0
gene-A9G17_RS03465	534	307.013	0	0
gene-A9G17_RS03470	285	112.337	0	0
gene-A9G17_RS03475	228	77.1541	1	2.36694
gene-A9G17_RS03480	996	759.148	0	0
gene-A9G17_RS03485	639	406.134	0	0
gene-A9G17_RS03490	1233	996.148	0	0
gene-A9G17_RS03495	570	340.278	0	0
gene-A9G17_RS03500	849	613.102	2	0.595722
gene-A9G17_RS03505	5289	5052.15	9	0.325322
gene-A9G17_RS03510	1749	1512.15	0	0
gene-A9G17_RS03515	1596	1359.15	2	0.268726
gene-A9G17_RS03520	783	547.388	0	0
gene-A9G17_RS03525	1236	999.148	0	0
gene-A9G17_RS03530	456	239.474	0	0
gene-A9G17_RS03535	1443	1206.15	9	1.36266
gene-A9G17_RS03540	1992	1755.15	4	0.416191
gene-A9G17_RS03545	759	523.871	0	0
gene-A9G17_RS03550	510	285.63	0	0
gene-A9G17_RS03555	1173	936.148	3	0.585226
gene-A9G17_RS03560	1410	1173.15	7	1.08966
gene-A9G17_RS03565	855	619.102	5	1.47487
gene-A9G17_RS03570	1413	1176.15	12	1.86323
gene-A9G17_RS03575	873	636.915	8	2.2938
gene-A9G17_RS03580	927	690.652	11	2.90857
gene-A9G17_RS03585	1308	1071.15	22	3.75076
gene-A9G17_RS03590	219	71.7234	30.856	78.5644
gene-A9G17_RS03595	219	71.7234	0	0
gene-A9G17_RS03600	219	71.7234	1.71422	4.36469
gene-A9G17_RS03605	219	71.7234	1.71422	4.36469
gene-A9G17_RS03610	219	71.7234	5.72575	14.5787
gene-A9G17_RS03615	216	69.8915	10.9898	28.7152
gene-A9G17_RS03620	219	71.7234	0	0
gene-A9G17_RS03625	222	73.7674	5	12.378
rna-A9G17_RS03630	76	33.0619	0.333333	1.84118
gene-A9G17_RS03635	258	95.3596	0	0
gene-A9G17_RS03640	564	334.587	0	0
gene-A9G17_RS03645	2532	2295.15	2	0.159135
gene-A9G17_RS12810	408	201.092	0	0
gene-A9G17_RS03650	237	82.3177	0	0
gene-A9G17_RS03655	807	571.277	0	0
gene-A9G17_RS03660	1344	1107.15	0	0
gene-A9G17_RS03665	375	175.674	0	0
gene-A9G17_RS03670	474	254.347	0	0
gene-A9G17_RS03675	990	753.224	0	0
rna-A9G17_RS03680	76	33.0619	2.5	13.8089
rna-A9G17_RS03685	76	33.0619	2.5	13.8089
rna-A9G17_RS03690	76	33.0619	0	0
gene-A9G17_RS03695	705	470.425	0	0
gene-A9G17_RS03700	609	377.075	1	0.484304
gene-A9G17_RS03705	1962	1725.15	4	0.423429
gene-A9G17_RS03710	624	391.496	0	0
gene-A9G17_RS03715	1356	1119.15	0	0
gene-A9G17_RS03720	420	210.479	1	0.867636
gene-A9G17_RS03725	807	571.277	0	0
gene-A9G17_RS03730	1074	837.148	3	0.654434
gene-A9G17_RS03735	1005	768.148	1	0.23774
gene-A9G17_RS03740	1263	1026.15	0	0
gene-A9G17_RS03745	756	520.871	2	0.701207
gene-A9G17_RS03750	954	717.37	2	0.509136
gene-A9G17_RS03755	1719	1482.15	2	0.246425
gene-A9G17_RS03760	1644	1407.15	3	0.389339
gene-A9G17_RS03765	318	133.428	3	4.10602
gene-A9G17_RS03770	471	251.746	1	0.72541
gene-A9G17_RS03775	468	249.142	1	0.732993
gene-A9G17_RS03780	864	627.915	2	0.581668
gene-A9G17_RS03785	1542	1305.15	0	0
gene-A9G17_RS03790	909	672.72	5	1.35732
gene-A9G17_RS03795	735	500.227	0	0
gene-A9G17_RS03800	702	467.519	1	0.390613
gene-A9G17_RS03805	726	491.327	0	0
gene-A9G17_RS03810	1851	1614.15	1	0.113137
gene-A9G17_RS03815	282	110.248	0	0
gene-A9G17_RS03820	1236	999.148	2	0.36555
gene-A9G17_RS03825	690	455.704	0	0
gene-A9G17_RS03830	630	397.376	1	0.459562
gene-A9G17_RS03835	1023	786.148	0	0
gene-A9G17_RS03840	486	264.853	2	1.37903
gene-A9G17_RS03845	672	438.199	0	0
gene-A9G17_RS03850	297	119.014	0	0
gene-A9G17_RS03855	318	133.428	0	0
rna-A9G17_RS03860	88	25.2965	0	0
gene-A9G17_RS12815	123	22.1462	0	0
gene-A9G17_RS03865	417	208.169	0	0
gene-A9G17_RS03870	354	159.705	0	0
gene-A9G17_RS03875	483	262.155	0	0
gene-A9G17_RS03880	801	565.277	0	0
gene-A9G17_RS12820	390	187.171	0	0
gene-A9G17_RS03890	771	535.607	0	0
gene-A9G17_RS03895	1176	939.148	4	0.777808
gene-A9G17_RS03900	1530	1293.15	3	0.423662
gene-A9G17_RS12825	258	95.3596	0	0
gene-A9G17_RS03905	739	504.177	0	0
gene-A9G17_RS03910	339	148.373	0	0
gene-A9G17_RS12920	99	20.2777	0	0
gene-A9G17_RS03915	951	714.441	0	0
gene-A9G17_RS03920	2247	2010.15	0	0
gene-A9G17_RS12830	257	94.743	0	0
gene-A9G17_RS03925	501	277.795	0	0
gene-A9G17_RS12925	96	19.7281	0	0
gene-A9G17_RS03930	462	244.394	0	0
gene-A9G17_RS03935	2025	1788.15	0	0
gene-A9G17_RS03940	909	672.72	0	0
gene-A9G17_RS03945	282	110.248	0	0
gene-A9G17_RS03950	744	509.025	0	0
gene-A9G17_RS03955	861	624.978	0	0
gene-A9G17_RS03960	2433	2196.15	0	0
gene-A9G17_RS03965	900	663.72	0	0
gene-A9G17_RS12930	171	43.4896	0	0
gene-A9G17_RS03970	246	88.3653	0	0
gene-A9G17_RS03980	804	568.277	0	0
gene-A9G17_RS03985	1428	1191.15	1	0.153314
gene-A9G17_RS03990	3105	2868.15	0	0
gene-A9G17_RS03995	261	97.1757	0	0
gene-A9G17_RS04000	1215	978.148	0	0
gene-A9G17_RS04005	2019	1782.15	2	0.204943
gene-A9G17_RS04010	1602	1365.15	9	1.20395
gene-A9G17_RS04015	1701	1464.15	3	0.374182
gene-A9G17_RS04020	1017	780.148	3	0.702248
gene-A9G17_RS04025	1116	879.148	3	0.623169
gene-A9G17_RS04030	1713	1476.15	2	0.247427
gene-A9G17_RS04035	420	210.479	1	0.867636
gene-A9G17_RS04040	1827	1590.15	4	0.459377
gene-A9G17_RS04045	534	307.013	1	0.594826
gene-A9G17_RS04050	1386	1149.15	0	0
gene-A9G17_RS04055	1833	1596.15	2	0.228825
gene-A9G17_RS12835	1374	1137.15	0	0
gene-A9G17_RS04065	1875	1638.15	2	0.222958
gene-A9G17_RS04070	1161	924.148	0	0
gene-A9G17_RS04075	552	323.12	0	0
gene-A9G17_RS04080	351	157.502	0	0
gene-A9G17_RS04085	1128	891.148	0	0
gene-A9G17_RS04090	2529	2292.15	4	0.318687
gene-A9G17_RS04095	2121	1884.15	4	0.387696
gene-A9G17_RS04100	1038	801.148	2	0.455894
gene-A9G17_RS04105	1674	1437.15	0	0
gene-A9G17_RS04110	453	236.93	0	0
gene-A9G17_RS04115	381	179.973	0	0
gene-A9G17_RS04120	384	182.393	0	0
gene-A9G17_RS04125	429	217.564	0	0
gene-A9G17_RS04130	450	234.736	2	1.55595
gene-A9G17_RS04135	582	351.575	0	0
gene-A9G17_RS04140	666	432.418	0	0
gene-A9G17_RS04145	942	705.582	0	0
gene-A9G17_RS12840	210	66.0331	0	0
gene-A9G17_RS04150	468	249.142	0	0
gene-A9G17_RS04155	660	426.634	0	0
gene-A9G17_RS04160	1143	906.148	0	0
gene-A9G17_RS04165	1287	1050.15	0	0
gene-A9G17_RS04170	1302	1065.15	0	0
gene-A9G17_RS04175	564	334.587	1	0.545805
gene-A9G17_RS04180	1200	963.148	0	0
gene-A9G17_RS04185	639	406.134	0	0
gene-A9G17_RS04190	927	690.652	0	0
gene-A9G17_RS04200	1122	885.148	0	0
gene-A9G17_RS04205	804	568.277	0	0
gene-A9G17_RS04210	1629	1392.15	0	0
gene-A9G17_RS04215	1668	1431.15	7	0.893223
gene-A9G17_RS04220	645	411.887	2	0.886744
gene-A9G17_RS04225	1548	1311.15	5	0.69641
gene-A9G17_RS04230	1080	843.148	2	0.433184
gene-A9G17_RS04235	1401	1164.15	6	0.941217
gene-A9G17_RS04240	603	371.341	2	0.983566
gene-A9G17_RS04245	771	535.607	0	0
gene-A9G17_RS04250	1416	1179.15	3	0.464622
gene-A9G17_RS04255	726	491.327	2	0.743371
gene-A9G17_RS04260	552	323.12	2	1.13035
gene-A9G17_RS04265	564	334.587	1	0.545805
gene-A9G17_RS04270	594	362.675	0	0
gene-A9G17_RS04275	279	108.464	0	0
gene-A9G17_RS04280	684	449.977	1	0.405841
gene-A9G17_RS04285	1482	1245.15	0	0
gene-A9G17_RS04290	1350	1113.15	0	0
gene-A9G17_RS04295	1017	780.148	0	0
gene-A9G17_RS04300	1215	978.148	0	0
gene-A9G17_RS04305	1509	1272.15	0	0
gene-A9G17_RS04310	1014	777.148	0	0
gene-A9G17_RS04315	570	340.278	0	0
gene-A9G17_RS04320	1755	1518.15	0	0
gene-A9G17_RS04325	585	354.218	1	0.515556
gene-A9G17_RS04330	1638	1401.15	1	0.130335
gene-A9G17_RS04335	1254	1017.15	0	0
gene-A9G17_RS04340	1047	810.148	2	0.450829
gene-A9G17_RS04345	501	277.795	1	0.657388
gene-A9G17_RS04350	2634	2397.15	36	2.74255
gene-A9G17_RS04355	201	60.3796	6	18.1471
rna-A9G17_RS04360	93	21.4895	4	33.9923
rna-A9G17_RS04365	77	33.2069	3	16.4983
rna-A9G17_RS04370	77	33.2069	3	16.4983
rna-A9G17_RS04375	77	33.2069	0	0
gene-A9G17_RS04380	1293	1056.15	2	0.345821
gene-A9G17_RS04385	897	660.786	0	0
gene-A9G17_RS04390	759	523.871	2	0.697192
gene-A9G17_RS04395	2283	2046.15	61	5.44426
gene-A9G17_RS04400	807	571.277	1	0.319668
gene-A9G17_RS04405	1071	834.148	0	0
gene-A9G17_RS04410	270	103.079	2	3.54327
gene-A9G17_RS04415	1212	975.148	0	0
gene-A9G17_RS04420	612	379.885	0	0
gene-A9G17_RS04425	990	753.224	0	0
gene-A9G17_RS04430	297	119.014	0	0
gene-A9G17_RS04435	1035	798.148	0	0
gene-A9G17_RS04440	1509	1272.15	0	0
gene-A9G17_RS04445	1347	1110.15	0	0
gene-A9G17_RS04450	288	114.117	0	0
gene-A9G17_RS04455	459	242.039	0	0
gene-A9G17_RS04460	849	613.102	1	0.297861
gene-A9G17_RS04465	735	500.227	0	0
gene-A9G17_RS04470	705	470.425	2	0.776401
gene-A9G17_RS04475	588	357.074	1	0.511433
gene-A9G17_RS04480	672	438.199	1	0.416749
gene-A9G17_RS04485	360	164.089	0	0
gene-A9G17_RS04490	666	432.418	0	0
gene-A9G17_RS04495	1050	813.148	0	0
gene-A9G17_RS04500	963	726.297	0	0
gene-A9G17_RS04505	750	514.922	0	0
gene-A9G17_RS04510	732	497.278	0	0
gene-A9G17_RS04515	1296	1059.15	0	0
gene-A9G17_RS04520	1158	921.148	2	0.396504
gene-A9G17_RS04525	1644	1407.15	0	0
gene-A9G17_RS04530	672	438.199	0	0
gene-A9G17_RS04535	2448	2211.15	0	0
gene-A9G17_RS04540	594	362.675	2	1.00707
gene-A9G17_RS04545	915	678.72	17	4.57409
gene-A9G17_RS04550	1140	903.148	28	5.66168
gene-A9G17_RS04555	1254	1017.15	3	0.538621
gene-A9G17_RS04560	831	595.102	3	0.920611
gene-A9G17_RS04565	909	672.72	0	0
gene-A9G17_RS04570	1449	1212.15	1	0.150658
gene-A9G17_RS04575	1053	816.148	1	0.223758
gene-A9G17_RS04580	1152	915.148	1	0.199552
gene-A9G17_RS04585	1335	1098.15	0	0
gene-A9G17_RS04590	1083	846.148	0	0
gene-A9G17_RS04595	1356	1119.15	0	0
gene-A9G17_RS04600	1551	1314.15	5	0.69482
gene-A9G17_RS04605	1779	1542.15	2	0.236837
gene-A9G17_RS04610	378	177.878	0	0
gene-A9G17_RS04615	939	702.582	1	0.259926
gene-A9G17_RS04620	447	232.186	1	0.78652
gene-A9G17_RS04625	699	464.566	3	1.17929
gene-A9G17_RS04630	1461	1224.15	3	0.447542
gene-A9G17_RS04635	285	112.337	1	1.62564
gene-A9G17_RS04640	873	636.915	0	0
gene-A9G17_RS04645	1134	897.148	2	0.407111
gene-A9G17_RS04650	966	729.297	0	0
gene-A9G17_RS04655	828	592.102	0	0
gene-A9G17_RS04660	855	619.102	0	0
gene-A9G17_RS04665	921	684.652	0	0
gene-A9G17_RS04670	1416	1179.15	2	0.309748
gene-A9G17_RS04675	438	224.858	4	3.24862
gene-A9G17_RS04680	471	251.746	0	0
gene-A9G17_RS04685	1110	873.148	1	0.20915
gene-A9G17_RS04690	453	236.93	0	0
gene-A9G17_RS04695	1290	1053.15	7	1.21382
gene-A9G17_RS04700	939	702.582	1	0.259926
gene-A9G17_RS04705	2457	2220.15	5	0.411277
gene-A9G17_RS04710	330	141.889	1	1.28706
gene-A9G17_RS04715	753	517.871	5	1.76317
gene-A9G17_RS04720	453	236.93	2	1.54154
gene-A9G17_RS04725	1515	1278.15	3	0.428634
gene-A9G17_RS04730	972	735.297	1	0.248361
gene-A9G17_RS04735	1842	1605.15	27	3.07182
gene-A9G17_RS04740	1782	1545.15	4	0.472755
gene-A9G17_RS04745	216	69.8915	1	2.6129
gene-A9G17_RS04750	1014	777.148	0	0
gene-A9G17_RS04755	771	535.607	0	0
gene-A9G17_RS04760	801	565.277	0	0
gene-A9G17_RS04765	804	568.277	3	0.964067
gene-A9G17_RS04770	1617	1380.15	2	0.264637
gene-A9G17_RS04775	324	137.442	0	0
gene-A9G17_RS04780	357	161.939	0	0
gene-A9G17_RS04785	141	29.1263	4	25.0797
gene-A9G17_RS04790	1029	792.148	0	0
gene-A9G17_RS04795	567	337.416	8	4.32983
gene-A9G17_RS04800	486	264.853	1	0.689513
gene-A9G17_RS04805	1380	1143.15	2	0.319502
gene-A9G17_RS04810	711	476.425	2	0.766623
gene-A9G17_RS04815	1452	1215.15	2	0.300571
gene-A9G17_RS04820	375	175.674	9	9.35581
rna-A9G17_RS04825	86	26.6667	0	0
gene-A9G17_RS04830	432	220.183	0	0
gene-A9G17_RS04835	453	236.93	0	0
gene-A9G17_RS04840	489	267.38	0	0
gene-A9G17_RS04845	438	224.858	0	0
gene-A9G17_RS04850	1812	1575.15	0	0
gene-A9G17_RS04855	2112	1875.15	1	0.0973892
gene-A9G17_RS04860	1236	999.148	2	0.36555
gene-A9G17_RS04865	231	78.702	7	16.2427
gene-A9G17_RS04870	219	71.7234	12	30.5539
gene-A9G17_RS04875	4419	4182.15	3	0.130999
gene-A9G17_RS04880	723	488.376	0	0
gene-A9G17_RS04885	1323	1086.15	6	1.00881
gene-A9G17_RS04890	723	488.376	0	0
gene-A9G17_RS04895	1389	1152.15	3	0.47551
gene-A9G17_RS04900	270	103.079	0	0
gene-A9G17_RS12935	189	53.2657	0	0
gene-A9G17_RS04905	1533	1296.15	22	3.09966
gene-A9G17_RS04910	1389	1152.15	8	1.26803
gene-A9G17_RS04915	1038	801.148	0	0
gene-A9G17_RS04920	645	411.887	0	0
gene-A9G17_RS04925	933	696.652	1	0.262138
gene-A9G17_RS04930	1302	1065.15	1	0.17145
gene-A9G17_RS04935	2358	2121.15	0	0
gene-A9G17_RS04940	1320	1083.15	10	1.686
gene-A9G17_RS04945	798	562.277	0	0
gene-A9G17_RS04950	819	583.162	5	1.56577
gene-A9G17_RS04955	1836	1599.15	0	0
gene-A9G17_RS04960	1827	1590.15	0	0
gene-A9G17_RS04965	699	464.566	8	3.14477
gene-A9G17_RS04970	444	229.732	0	0
gene-A9G17_RS04975	246	88.3653	0	0
gene-A9G17_RS04980	492	269.905	2	1.35321
gene-A9G17_RS04985	2169	1932.15	0	0
gene-A9G17_RS04990	306	124.664	1	1.46489
gene-A9G17_RS04995	1860	1623.15	2	0.225019
gene-A9G17_RS05000	2436	2199.15	14	1.16257
gene-A9G17_RS05005	1275	1038.15	3	0.527726
gene-A9G17_RS05010	603	371.341	5	2.45891
gene-A9G17_RS05015	1302	1065.15	6	1.0287
gene-A9G17_RS05020	1029	792.148	10	2.30537
gene-A9G17_RS05025	498	275.081	3	1.99162
gene-A9G17_RS05030	2424	2187.15	4	0.333986
gene-A9G17_RS05035	1320	1083.15	13	2.19181
gene-A9G17_RS05040	840	604.102	2	0.604597
gene-A9G17_RS05045	732	497.278	2	0.734476
gene-A9G17_RS05050	633	400.256	8	3.65005
gene-A9G17_RS05055	207	64.019	0	0
gene-A9G17_RS05060	1029	792.148	21	4.84127
gene-A9G17_RS05065	2694	2457.15	16	1.18915
gene-A9G17_RS05070	1518	1281.15	1	0.142543
gene-A9G17_RS05075	486	264.853	0	0
gene-A9G17_RS05080	582	351.575	0	0
gene-A9G17_RS05085	1275	1038.15	0	0
gene-A9G17_RS05090	891	654.786	2	0.557798
gene-A9G17_RS05095	321	135.439	0	0
gene-A9G17_RS05100	321	135.439	0	0
gene-A9G17_RS05105	705	470.425	1	0.3882
gene-A9G17_RS05110	1182	945.148	1	0.193218
gene-A9G17_RS05115	1437	1200.15	2	0.304328
gene-A9G17_RS05120	1401	1164.15	0	0
gene-A9G17_RS05125	987	750.224	0	0
gene-A9G17_RS05130	642	409.052	1	0.446444
gene-A9G17_RS05135	294	117.242	0	0
gene-A9G17_RS05140	918	681.652	1	0.267907
gene-A9G17_RS05145	672	438.199	2	0.833498
gene-A9G17_RS05150	744	509.025	0	0
gene-A9G17_RS05155	1065	828.148	1	0.220515
gene-A9G17_RS05160	618	385.73	1	0.473437
gene-A9G17_RS05165	1539	1302.15	0	0
gene-A9G17_RS05170	429	217.564	0	0
gene-A9G17_RS05175	426	215.129	1	0.848881
gene-A9G17_RS05180	858	622.04	0	0
gene-A9G17_RS05185	1734	1497.15	2	0.243956
gene-A9G17_RS05190	1032	795.148	0	0
gene-A9G17_RS05195	1089	852.148	0	0
gene-A9G17_RS05200	1887	1650.15	0	0
gene-A9G17_RS05205	2721	2484.15	0	0
gene-A9G17_RS05210	717	482.425	0	0
gene-A9G17_RS05215	234	80.3412	0	0
gene-A9G17_RS05220	516	290.887	0	0
gene-A9G17_RS05225	315	131.376	0	0
gene-A9G17_RS05230	2346	2109.15	1	0.0865843
gene-A9G17_RS05235	375	175.674	0	0
gene-A9G17_RS05240	180	48.1736	0	0
gene-A9G17_RS05245	210	66.0331	0	0
gene-A9G17_RS05250	237	82.3177	0	0
gene-A9G17_RS12845	870	633.915	0	0
gene-A9G17_RS05260	654	420.762	0	0
gene-A9G17_RS05265	201	60.3796	0	0
gene-A9G17_RS05270	636	403.175	0	0
gene-A9G17_RS05275	768	532.607	0	0
gene-A9G17_RS05280	336	146.093	0	0
gene-A9G17_RS05290	1194	957.148	1	0.190795
gene-A9G17_RS05295	1251	1014.15	0	0
rna-A9G17_RS05300	76	33.0619	1	5.52355
gene-A9G17_RS05305	1002	765.148	0	0
gene-A9G17_RS05310	1857	1620.15	4	0.45087
gene-A9G17_RS05315	333	144.04	3	3.80352
gene-A9G17_RS05320	1368	1131.15	1	0.161446
gene-A9G17_RS12940	336	146.093	0	0
gene-A9G17_RS05325	1545	1308.15	1	0.139601
gene-A9G17_RS05330	1848	1611.15	1	0.113347
gene-A9G17_RS05335	303	122.716	0	0
gene-A9G17_RS05340	492	269.905	0	0
gene-A9G17_RS05345	2646	2409.15	13	0.985431
gene-A9G17_RS05350	1059	822.148	4	0.888498
gene-A9G17_RS05355	1467	1230.15	0	0
gene-A9G17_RS05360	417	208.169	0	0
gene-A9G17_RS05365	453	236.93	2	1.54154
gene-A9G17_RS05370	1758	1521.15	6	0.720321
gene-A9G17_RS05375	546	317.643	2	1.14984
gene-A9G17_RS05380	777	541.553	1	0.337214
gene-A9G17_RS05385	450	234.736	0	0
gene-A9G17_RS05390	1320	1083.15	4	0.674402
gene-A9G17_RS05395	765	529.66	1	0.344786
gene-A9G17_RS05400	966	729.297	1	0.250404
gene-A9G17_RS05405	963	726.297	0	0
gene-A9G17_RS05410	894	657.786	1	0.277627
gene-A9G17_RS05415	645	411.887	1	0.443372
gene-A9G17_RS05420	693	458.704	4	1.59248
gene-A9G17_RS05425	474	254.347	4	2.87196
gene-A9G17_RS05430	1764	1527.15	2	0.239164
gene-A9G17_RS05435	762	526.713	0	0
gene-A9G17_RS05440	1068	831.148	2	0.439439
gene-A9G17_RS05445	1539	1302.15	0	0
gene-A9G17_RS05450	1356	1119.15	1	0.163177
gene-A9G17_RS05455	1263	1026.15	2	0.355932
gene-A9G17_RS05460	2277	2040.15	1	0.0895127
gene-A9G17_RS05465	1560	1323.15	0	0
gene-A9G17_RS05470	1230	993.148	2	0.367758
gene-A9G17_RS05475	2118	1881.15	0	0
rna-A9G17_RS05480	76	33.0619	0	0
gene-A9G17_RS05485	774	538.607	0	0
gene-A9G17_RS05490	486	264.853	11	7.58464
gene-A9G17_RS05495	1299	1062.15	2	0.343868
gene-A9G17_RS05500	810	574.277	0	0
gene-A9G17_RS05505	2346	2109.15	0	0
gene-A9G17_RS05510	1359	1122.15	0	0
gene-A9G17_RS05515	909	672.72	1	0.271464
gene-A9G17_RS05520	747	511.974	0	0
gene-A9G17_RS05525	801	565.277	0	0
gene-A9G17_RS05530	1524	1287.15	1	0.141879
gene-A9G17_RS05535	339	148.373	1	1.23081
rna-A9G17_RS05540	76	33.0619	0	0
rna-A9G17_RS05545	77	33.2069	4	21.9977
rna-A9G17_RS05550	116	20.1828	716.5	6483.07
rna-A9G17_RS05555	2912	2675.15	5065.2	345.776
rna-A9G17_RS05560	76	33.0619	5.5	30.3795
rna-A9G17_RS05565	1539	1302.15	24332.7	3412.53
gene-A9G17_RS05570	825	589.162	0	0
gene-A9G17_RS05575	1152	915.148	7	1.39686
gene-A9G17_RS05580	504	280.361	0	0
gene-A9G17_RS05585	375	175.674	4	4.15814
gene-A9G17_RS05590	843	607.102	1	0.300805
gene-A9G17_RS05595	369	170.944	1	1.0683
gene-A9G17_RS05600	960	723.297	6	1.51489
gene-A9G17_RS05605	3483	3246.15	3	0.168772
gene-A9G17_RS05610	1245	1008.15	4	0.724573
gene-A9G17_RS05615	234	80.3412	6	13.6383
gene-A9G17_RS05620	735	500.227	9	3.28565
gene-A9G17_RS05625	936	699.582	3	0.783121
gene-A9G17_RS05630	954	717.37	2	0.509136
gene-A9G17_RS05635	1047	810.148	1	0.225415
gene-A9G17_RS05640	168	42.0811	0	0
gene-A9G17_RS05645	510	285.63	24	15.3446
gene-A9G17_RS05650	912	675.72	1	0.270259
gene-A9G17_RS05655	597	365.527	2	0.99921
gene-A9G17_RS05660	318	133.428	2	2.73735
gene-A9G17_RS05665	4218	3981.15	30	1.37613
gene-A9G17_RS05670	4029	3792.15	19	0.914987
gene-A9G17_RS05675	369	170.944	23	24.5708
gene-A9G17_RS05680	498	275.081	14	9.29422
gene-A9G17_RS05685	702	467.519	5	1.95307
gene-A9G17_RS05690	429	217.564	18	15.1089
gene-A9G17_RS05695	1080	843.148	15	3.24888
gene-A9G17_RS05700	1164	927.148	11	2.16666
gene-A9G17_RS05705	264	99.2773	10	18.3949
gene-A9G17_RS05710	615	382.808	0	0
gene-A9G17_RS05715	840	604.102	0	0
gene-A9G17_RS05720	435	222.584	0	0
gene-A9G17_RS05725	1362	1125.15	0	0
gene-A9G17_RS05730	1674	1437.15	3	0.381212
gene-A9G17_RS05735	543	314.965	0	0
gene-A9G17_RS05740	1029	792.148	1	0.230537
gene-A9G17_RS05745	564	334.587	0	0
gene-A9G17_RS05750	1272	1035.15	0	0
gene-A9G17_RS05755	972	735.297	1	0.248361
gene-A9G17_RS05760	1332	1095.15	3	0.500259
gene-A9G17_RS05765	1422	1185.15	0	0
gene-A9G17_RS05770	915	678.72	3	0.807192
gene-A9G17_RS12850	150	33.4675	8	43.6529
gene-A9G17_RS05775	1194	957.148	5	0.953976
gene-A9G17_RS05780	384	182.393	2	2.00248
gene-A9G17_RS05785	1368	1131.15	3	0.484338
gene-A9G17_RS05790	873	636.915	1	0.286725
gene-A9G17_RS05795	987	750.224	2	0.486839
gene-A9G17_RS05800	804	568.277	0	0
gene-A9G17_RS05805	1311	1074.15	1	0.170013
gene-A9G17_RS05810	543	314.965	1	0.579808
gene-A9G17_RS05815	354	159.705	0	0
gene-A9G17_RS05820	258	95.3596	3	5.74517
gene-A9G17_RS05825	1728	1491.15	15	1.83703
gene-A9G17_RS05830	504	280.361	2	1.30274
gene-A9G17_RS05835	1650	1413.15	2	0.258457
gene-A9G17_RS05840	933	696.652	0	0
gene-A9G17_RS05845	816	580.22	0	0
gene-A9G17_RS05850	990	753.224	0	0
gene-A9G17_RS05855	861	624.978	0	0
gene-A9G17_RS05860	936	699.582	0	0
gene-A9G17_RS05865	2706	2469.15	5	0.369802
gene-A9G17_RS05870	534	307.013	0	0
gene-A9G17_RS05875	1176	939.148	7	1.36116
gene-A9G17_RS05880	1362	1125.15	0	0
gene-A9G17_RS05885	525	298.977	0	0
gene-A9G17_RS05890	783	547.388	1	0.333619
gene-A9G17_RS05895	672	438.199	0	0
gene-A9G17_RS05900	753	517.871	0	0
gene-A9G17_RS05905	1356	1119.15	1	0.163177
gene-A9G17_RS05910	486	264.853	0	0
gene-A9G17_RS05915	456	239.474	4	3.05034
gene-A9G17_RS05920	888	651.786	1	0.280183
gene-A9G17_RS05925	975	738.297	1	0.247352
gene-A9G17_RS05935	1377	1140.15	3	0.480515
gene-A9G17_RS05940	1377	1140.15	2	0.320343
gene-A9G17_RS05945	975	738.297	0	0
gene-A9G17_RS12945	198	58.6161	0	0
gene-A9G17_RS05955	582	351.575	0	0
gene-A9G17_RS05965	582	351.575	0	0
gene-A9G17_RS05970	726	491.327	0	0
gene-A9G17_RS05975	342	150.555	0	0
gene-A9G17_RS05980	543	314.965	0	0
gene-A9G17_RS05985	1293	1056.15	2	0.345821
gene-A9G17_RS05990	1344	1107.15	2	0.329891
gene-A9G17_RS05995	873	636.915	1	0.286725
gene-A9G17_RS06000	765	529.66	1	0.344786
gene-A9G17_RS06005	2430	2193.15	1	0.0832681
gene-A9G17_RS06010	3069	2832.15	10	0.644808
gene-A9G17_RS06015	975	738.297	0	0
gene-A9G17_RS06020	696	461.658	1	0.395572
gene-A9G17_RS06025	909	672.72	0	0
gene-A9G17_RS06030	957	720.37	0	0
gene-A9G17_RS06035	951	714.441	2	0.511223
gene-A9G17_RS06040	954	717.37	1	0.254568
gene-A9G17_RS06045	795	559.277	2	0.653054
gene-A9G17_RS06050	549	320.48	0	0
rna-A9G17_RS06055	116	20.1828	716.5	6483.07
rna-A9G17_RS06060	2913	2676.15	1.11104e+06	75816.8
rna-A9G17_RS06065	76	33.0619	5.5	30.3795
rna-A9G17_RS06070	1538	1301.15	787196	110485
gene-A9G17_RS06075	537	309.666	4	2.35892
gene-A9G17_RS06080	1032	795.148	3	0.689001
gene-A9G17_RS06085	642	409.052	0	0
gene-A9G17_RS06090	900	663.72	4	1.10058
gene-A9G17_RS06095	714	479.425	0	0
gene-A9G17_RS06100	894	657.786	0	0
gene-A9G17_RS06105	399	193.785	2	1.88476
gene-A9G17_RS06110	1608	1371.15	0	0
gene-A9G17_RS06115	477	256.972	3	2.13198
gene-A9G17_RS06120	294	117.242	0	0
gene-A9G17_RS06125	627	394.456	5	2.31482
gene-A9G17_RS06130	1872	1635.15	8	0.893469
gene-A9G17_RS06135	837	601.102	0	0
gene-A9G17_RS06140	831	595.102	0	0
gene-A9G17_RS06145	585	354.218	0	0
gene-A9G17_RS06150	903	666.72	0	0
gene-A9G17_RS06155	624	391.496	0	0
gene-A9G17_RS06160	2454	2217.15	3	0.2471
gene-A9G17_RS06165	1890	1653.15	3	0.331403
gene-A9G17_RS06170	2226	1989.15	0	0
gene-A9G17_RS06175	846	610.102	1	0.299325
gene-A9G17_RS06180	1446	1209.15	1	0.151031
gene-A9G17_RS06185	1575	1338.15	0	0
gene-A9G17_RS06190	1311	1074.15	1	0.170013
gene-A9G17_RS06195	1443	1206.15	0	0
gene-A9G17_RS06200	1320	1083.15	0	0
gene-A9G17_RS06205	1458	1221.15	0	0
gene-A9G17_RS06210	1182	945.148	0	0
gene-A9G17_RS06215	375	175.674	6	6.23721
gene-A9G17_RS06220	471	251.746	4	2.90164
gene-A9G17_RS06225	2103	1866.15	38	3.71864
gene-A9G17_RS06230	1185	948.148	45.9415	8.84863
gene-A9G17_RS06235	717	482.425	0	0
gene-A9G17_RS06240	348	155.386	0	0
gene-A9G17_RS06245	780	544.553	0	0
gene-A9G17_RS06250	336	146.093	0	0
gene-A9G17_RS06255	804	568.277	0	0
gene-A9G17_RS06260	270	103.079	0	0
gene-A9G17_RS06265	741	506.126	0	0
gene-A9G17_RS06270	441	227.347	0	0
gene-A9G17_RS06275	381	179.973	0	0
gene-A9G17_RS06280	1047	810.148	0	0
gene-A9G17_RS06285	468	249.142	0	0
gene-A9G17_RS06290	1203	966.148	0	0
gene-A9G17_RS06295	462	244.394	0	0
gene-A9G17_RS06300	1365	1128.15	0	0
gene-A9G17_RS06305	762	526.713	0	0
gene-A9G17_RS06310	999	762.148	0	0
gene-A9G17_RS06315	1713	1476.15	0	0
gene-A9G17_RS06320	306	124.664	0	0
gene-A9G17_RS06325	354	159.705	0	0
gene-A9G17_RS06330	378	177.878	0	0
gene-A9G17_RS06335	1434	1197.15	0	0
gene-A9G17_RS06340	813	577.22	0	0
gene-A9G17_RS06345	717	482.425	0	0
gene-A9G17_RS06350	321	135.439	0	0
gene-A9G17_RS06355	606	374.341	0	0
gene-A9G17_RS06360	888	651.786	0	0
gene-A9G17_RS06365	894	657.786	0	0
gene-A9G17_RS06370	1644	1407.15	0	0
gene-A9G17_RS06375	939	702.582	0	0
gene-A9G17_RS06380	1020	783.148	0	0
gene-A9G17_RS06385	1110	873.148	0	0
gene-A9G17_RS06390	690	455.704	0	0
gene-A9G17_RS06395	783	547.388	0	0
gene-A9G17_RS06400	756	520.871	0	0
gene-A9G17_RS06405	1212	975.148	0	0
gene-A9G17_RS06410	714	479.425	0	0
gene-A9G17_RS06415	408	201.092	3	2.72441
gene-A9G17_RS06420	411	203.419	0	0
gene-A9G17_RS06425	660	426.634	0	0
gene-A9G17_RS06430	300	120.861	0	0
gene-A9G17_RS06435	435	222.584	0	0
gene-A9G17_RS06440	1131	894.148	0	0
gene-A9G17_RS06445	2091	1854.15	0	0
gene-A9G17_RS06450	1383	1146.15	1	0.159333
gene-A9G17_RS06455	1368	1131.15	0	0
gene-A9G17_RS06460	636	403.175	1	0.452953
gene-A9G17_RS06465	345	153.15	0	0
gene-A9G17_RS06470	207	64.019	0	0
gene-A9G17_RS06475	969	732.297	0	0
gene-A9G17_RS06480	1428	1191.15	1	0.153314
gene-A9G17_RS06485	1674	1437.15	1	0.127071
gene-A9G17_RS06490	705	470.425	0	0
gene-A9G17_RS06495	837	601.102	0	0
gene-A9G17_RS06500	420	210.479	0	0
gene-A9G17_RS06505	1227	990.148	3	0.553309
gene-A9G17_RS06510	1620	1383.15	0	0
gene-A9G17_RS06515	1398	1161.15	0	0
gene-A9G17_RS06520	1755	1518.15	1	0.120291
gene-A9G17_RS06525	2199	1962.15	0	0
gene-A9G17_RS06530	813	577.22	0	0
gene-A9G17_RS06535	519	293.616	0	0
gene-A9G17_RS06540	885	648.786	0	0
gene-A9G17_RS06545	1281	1044.15	0	0
gene-A9G17_RS06550	837	601.102	1	0.303807
gene-A9G17_RS12950	1464	1227.15	1	0.148816
gene-A9G17_RS12955	1872	1635.15	1	0.111684
gene-A9G17_RS06565	1476	1239.15	0	0
gene-A9G17_RS06570	2703	2466.15	0	0
gene-A9G17_RS06575	963	726.297	0	0
gene-A9G17_RS06580	2043	1806.15	0	0
gene-A9G17_RS06585	582	351.575	0	0
gene-A9G17_RS06590	1539	1302.15	0	0
gene-A9G17_RS06595	237	82.3177	0	0
gene-A9G17_RS06600	873	636.915	0	0
gene-A9G17_RS06605	1161	924.148	0	0
gene-A9G17_RS06610	636	403.175	0	0
gene-A9G17_RS06615	1800	1563.15	1	0.116828
gene-A9G17_RS06620	1767	1530.15	1	0.119347
gene-A9G17_RS06625	954	717.37	0	0
gene-A9G17_RS06630	1080	843.148	1	0.216592
gene-A9G17_RS06635	858	622.04	0	0
gene-A9G17_RS06640	834	598.102	0	0
gene-A9G17_RS06645	1038	801.148	1	0.227947
gene-A9G17_RS06650	447	232.186	0	0
gene-A9G17_RS06655	846	610.102	0	0
gene-A9G17_RS06660	846	610.102	0	0
gene-A9G17_RS06665	3642	3405.15	0	0
gene-A9G17_RS06670	918	681.652	0	0
gene-A9G17_RS06675	1839	1602.15	1	0.113984
gene-A9G17_RS06680	375	175.674	0	0
gene-A9G17_RS06685	222	73.7674	0	0
gene-A9G17_RS06690	249	89.949	0	0
gene-A9G17_RS06695	1782	1545.15	0	0
gene-A9G17_RS06700	1269	1032.15	0	0
gene-A9G17_RS06705	3744	3507.15	0	0
gene-A9G17_RS12860	653	419.762	0	0
gene-A9G17_RS06725	861	624.978	1	0.292201
gene-A9G17_RS06730	2697	2460.15	2	0.148462
gene-A9G17_RS06735	1098	861.148	0	0
gene-A9G17_RS06740	318	133.428	0	0
gene-A9G17_RS06745	462	244.394	0	0
gene-A9G17_RS06750	1947	1710.15	1	0.106786
gene-A9G17_RS06755	183	49.9191	0	0
rna-A9G17_RS06760	76	33.0619	2	11.0471
gene-A9G17_RS06765	438	224.858	0	0
gene-A9G17_RS06770	294	117.242	15	23.3645
gene-A9G17_RS06775	1647	1410.15	25	3.23759
gene-A9G17_RS06780	576	345.999	0	0
gene-A9G17_RS06785	615	382.808	2	0.954104
gene-A9G17_RS06790	1182	945.148	1	0.193218
gene-A9G17_RS06795	753	517.871	0	0
gene-A9G17_RS06800	1332	1095.15	1	0.166753
gene-A9G17_RS06805	681	446.977	2	0.817131
gene-A9G17_RS06810	1296	1059.15	1	0.172421
rna-A9G17_RS06815	76	33.0619	0	0
rna-A9G17_RS06820	77	33.2069	0	0
gene-A9G17_RS12865	723	488.376	0	0
gene-A9G17_RS06830	684	449.977	0	0
gene-A9G17_RS06835	468	249.142	6	4.39796
gene-A9G17_RS06840	834	598.102	1	0.305331
gene-A9G17_RS06845	822	586.162	1	0.311551
gene-A9G17_RS06850	1080	843.148	1	0.216592
gene-A9G17_RS06855	999	762.148	10	2.39611
gene-A9G17_RS06860	432	220.183	5	4.14698
gene-A9G17_RS06865	2070	1833.15	0	0
gene-A9G17_RS06870	1104	867.148	4	0.84239
gene-A9G17_RS06875	1233	996.148	2	0.366651
gene-A9G17_RS06880	1143	906.148	7	1.41073
gene-A9G17_RS06885	807	571.277	3	0.959005
gene-A9G17_RS06890	1482	1245.15	7	1.02665
gene-A9G17_RS06895	354	159.705	0	0
gene-A9G17_RS06900	369	170.944	0	0
gene-A9G17_RS06905	819	583.162	4	1.25261
gene-A9G17_RS06910	447	232.186	0	0
gene-A9G17_RS06915	780	544.553	5	1.67678
gene-A9G17_RS06920	1143	906.148	1	0.201534
gene-A9G17_RS06925	591	359.748	0	0
gene-A9G17_RS06930	600	368.453	1	0.495638
gene-A9G17_RS06935	1297	1060.15	4	0.689033
gene-A9G17_RS06940	972	735.297	1	0.248361
gene-A9G17_RS06945	1140	903.148	0	0
gene-A9G17_RS06950	1188	951.148	0	0
gene-A9G17_RS06955	903	666.72	0	0
gene-A9G17_RS06960	489	267.38	0	0
gene-A9G17_RS06965	1104	867.148	0	0
gene-A9G17_RS06970	513	288.215	3	1.90086
gene-A9G17_RS06975	585	354.218	2	1.03111
gene-A9G17_RS06980	879	642.851	1	0.284077
gene-A9G17_RS06985	501	277.795	1	0.657388
gene-A9G17_RS06990	1011	774.148	0	0
gene-A9G17_RS06995	1161	924.148	0	0
gene-A9G17_RS07000	3216	2979.15	0	0
gene-A9G17_RS07005	420	210.479	1	0.867636
gene-A9G17_RS07010	1272	1035.15	0	0
rna-A9G17_RS07015	77	33.2069	0.5	2.74972
gene-A9G17_RS07020	876	639.915	1	0.28538
gene-A9G17_RS07025	2274	2037.15	6	0.537867
gene-A9G17_RS07030	552	323.12	2	1.13035
gene-A9G17_RS07035	1353	1116.15	2	0.327231
gene-A9G17_RS07040	1662	1425.15	2	0.256281
gene-A9G17_RS07045	1227	990.148	1	0.184436
gene-A9G17_RS07050	459	242.039	0	0
gene-A9G17_RS07055	594	362.675	0	0
gene-A9G17_RS07060	837	601.102	0	0
gene-A9G17_RS07065	795	559.277	3	0.979581
gene-A9G17_RS07070	1230	993.148	1	0.183879
gene-A9G17_RS07075	1005	768.148	0	0
gene-A9G17_RS07080	1470	1233.15	3	0.444276
gene-A9G17_RS07085	960	723.297	1	0.252481
gene-A9G17_RS07090	561	331.688	0	0
gene-A9G17_RS12870	141	29.1263	0	0
gene-A9G17_RS07095	1044	807.148	0	0
gene-A9G17_RS07100	1179	942.148	1	0.193833
gene-A9G17_RS07105	762	526.713	0	0
gene-A9G17_RS07110	666	432.418	3	1.26696
gene-A9G17_RS07115	558	328.755	0	0
gene-A9G17_RS07120	735	500.227	6	2.19043
gene-A9G17_RS07125	861	624.978	5	1.46101
gene-A9G17_RS07130	738	503.227	9	3.26606
gene-A9G17_RS07135	1182	945.148	2	0.386435
gene-A9G17_RS07140	1107	870.148	1	0.209871
gene-A9G17_RS07145	1938	1701.15	2	0.214701
gene-A9G17_RS07150	1020	783.148	0	0
gene-A9G17_RS07155	1428	1191.15	4	0.613255
gene-A9G17_RS07160	1266	1029.15	1	0.177447
gene-A9G17_RS07165	600	368.453	0	0
gene-A9G17_RS07170	1893	1656.15	0	0
gene-A9G17_RS07175	684	449.977	1	0.405841
gene-A9G17_RS07180	780	544.553	1	0.335356
gene-A9G17_RS07185	1503	1266.15	1	0.144232
gene-A9G17_RS12875	774	538.607	4	1.35623
gene-A9G17_RS07195	1566	1329.15	1	0.137396
gene-A9G17_RS07200	1167	930.148	0	0
gene-A9G17_RS07205	2244	2007.15	2	0.181969
gene-A9G17_RS07210	636	403.175	1	0.452953
gene-A9G17_RS07215	1173	936.148	4	0.780301
gene-A9G17_RS07220	795	559.277	5	1.63264
gene-A9G17_RS07225	321	135.439	0	0
gene-A9G17_RS07230	795	559.277	6	1.95916
gene-A9G17_RS07235	1107	870.148	0	0
gene-A9G17_RS07240	564	334.587	0	0
gene-A9G17_RS07245	282	110.248	1	1.65644
gene-A9G17_RS07250	468	249.142	0	0
gene-A9G17_RS07255	768	532.607	0	0
gene-A9G17_RS07260	1860	1623.15	1	0.112509
gene-A9G17_RS07265	912	675.72	0	0
gene-A9G17_RS07270	246	88.3653	3	6.19991
gene-A9G17_RS07275	1296	1059.15	2	0.344842
gene-A9G17_RS07280	1218	981.148	3	0.558384
gene-A9G17_RS07285	963	726.297	2	0.502877
gene-A9G17_RS07290	1299	1062.15	2	0.343868
gene-A9G17_RS07295	1182	945.148	0	0
rna-A9G17_RS07300	1538	1301.15	39273.6	5512.14
rna-A9G17_RS07305	77	33.2069	8.5	46.7452
rna-A9G17_RS07310	76	33.0619	2	11.0471
rna-A9G17_RS07315	2913	2676.15	1.11104e+06	75816.8
rna-A9G17_RS07320	116	20.1828	716.5	6483.07
gene-A9G17_RS07325	561	331.688	0	0
gene-A9G17_RS07330	933	696.652	0	0
gene-A9G17_RS07335	660	426.634	0	0
gene-A9G17_RS07340	969	732.297	0	0
gene-A9G17_RS07345	861	624.978	8	2.33761
gene-A9G17_RS07350	600	368.453	0	0
gene-A9G17_RS07355	219	71.7234	0	0
gene-A9G17_RS07360	693	458.704	0	0
gene-A9G17_RS07365	786	550.388	1	0.331801
gene-A9G17_RS07370	687	452.796	0	0
gene-A9G17_RS07375	693	458.704	0	0
gene-A9G17_RS07380	1257	1020.15	3	0.537037
gene-A9G17_RS07385	501	277.795	0	0
gene-A9G17_RS07390	1035	798.148	0	0
gene-A9G17_RS07395	585	354.218	0	0
gene-A9G17_RS07400	270	103.079	3	5.31491
gene-A9G17_RS07405	714	479.425	2	0.761826
gene-A9G17_RS07410	1971	1734.15	1	0.105308
gene-A9G17_RS07415	1200	963.148	3	0.56882
gene-A9G17_RS07420	762	526.713	0	0
gene-A9G17_RS07425	765	529.66	1	0.344786
gene-A9G17_RS07430	939	702.582	0	0
gene-A9G17_RS07435	465	246.848	0	0
gene-A9G17_RS07440	762	526.713	0	0
gene-A9G17_RS07445	1005	768.148	0	0
gene-A9G17_RS07450	945	708.441	0	0
gene-A9G17_RS07455	1005	768.148	0	0
gene-A9G17_RS07460	438	224.858	0	0
gene-A9G17_RS07465	255	93.4477	0	0
gene-A9G17_RS07470	948	711.441	0	0
gene-A9G17_RS07475	474	254.347	0	0
gene-A9G17_RS07480	2808	2571.15	1	0.0710263
gene-A9G17_RS07485	939	702.582	1	0.259926
gene-A9G17_RS07490	660	426.634	0	0
gene-A9G17_RS07495	2778	2541.15	5	0.359324
gene-A9G17_RS07500	1431	1194.15	2	0.305857
gene-A9G17_RS07505	1653	1416.15	0	0
gene-A9G17_RS07510	186	51.5528	2	7.08474
gene-A9G17_RS07515	345	153.15	1	1.19242
gene-A9G17_RS07520	1674	1437.15	5	0.635353
gene-A9G17_RS07525	579	348.788	3	1.57075
gene-A9G17_RS07530	1920	1683.15	31	3.36346
gene-A9G17_RS07535	1131	894.148	4	0.816953
gene-A9G17_RS07540	405	198.514	0	0
gene-A9G17_RS07545	642	409.052	0	0
gene-A9G17_RS07550	384	182.393	24	24.0298
gene-A9G17_RS07555	564	334.587	0	0
gene-A9G17_RS07560	1521	1284.15	0	0
gene-A9G17_RS07565	1140	903.148	0	0
gene-A9G17_RS07570	693	458.704	1	0.398119
gene-A9G17_RS07575	996	759.148	1	0.240558
gene-A9G17_RS07580	348	155.386	1	1.17526
gene-A9G17_RS07585	627	394.456	0	0
gene-A9G17_RS07590	1203	966.148	1	0.189018
gene-A9G17_RS07595	1515	1278.15	3	0.428634
gene-A9G17_RS07600	1098	861.148	5	1.06032
gene-A9G17_RS07605	627	394.456	6	2.77779
gene-A9G17_RS07610	825	589.162	0	0
gene-A9G17_RS07615	744	509.025	0	0
gene-A9G17_RS07620	315	131.376	2	2.78009
gene-A9G17_RS07625	921	684.652	1	0.266733
gene-A9G17_RS07630	3558	3321.15	4	0.219947
gene-A9G17_RS07635	447	232.186	0	0
gene-A9G17_RS07640	822	586.162	0	0
gene-A9G17_RS07645	822	586.162	3	0.934653
gene-A9G17_RS07650	813	577.22	0	0
rna-A9G17_RS07655	76	33.0619	0.5	2.76177
gene-A9G17_RS07660	591	359.748	0	0
gene-A9G17_RS07665	591	359.748	0	0
gene-A9G17_RS07670	633	400.256	0	0
gene-A9G17_RS07675	1389	1152.15	1	0.158503
gene-A9G17_RS07680	966	729.297	3	0.751213
gene-A9G17_RS07685	795	559.277	0	0
gene-A9G17_RS07690	3201	2964.15	1	0.0616093
gene-A9G17_RS07695	426	215.129	5	4.24441
gene-A9G17_RS07700	1383	1146.15	9	1.434
gene-A9G17_RS07705	870	633.915	10	2.88081
gene-A9G17_RS07710	1542	1305.15	10	1.39922
gene-A9G17_RS07715	534	307.013	9	5.35343
gene-A9G17_RS07720	471	251.746	17	12.332
gene-A9G17_RS07725	231	78.702	2	4.64078
gene-A9G17_RS07730	783	547.388	3	1.00086
gene-A9G17_RS07735	1338	1101.15	0	0
gene-A9G17_RS07740	1122	885.148	0	0
gene-A9G17_RS07745	807	571.277	0	0
gene-A9G17_RS07750	1350	1113.15	0	0
gene-A9G17_RS07755	1671	1434.15	2	0.254673
gene-A9G17_RS07760	2679	2442.15	1	0.0747781
gene-A9G17_RS07765	522	296.313	0	0
gene-A9G17_RS07770	582	351.575	2	1.03886
gene-A9G17_RS07775	396	191.63	0	0
gene-A9G17_RS07780	1212	975.148	0	0
gene-A9G17_RS07785	879	642.851	0	0
gene-A9G17_RS07790	996	759.148	0	0
gene-A9G17_RS07795	804	568.277	2	0.642712
gene-A9G17_RS07800	387	184.806	0	0
gene-A9G17_RS07810	2449	2212.15	4	0.330212
gene-A9G17_RS07815	1314	1077.15	1	0.16954
gene-A9G17_RS07820	1218	981.148	1	0.186128
gene-A9G17_RS07825	618	385.73	0	0
gene-A9G17_RS07830	765	529.66	0	0
gene-A9G17_RS07835	1281	1044.15	1	0.174898
gene-A9G17_RS07840	837	601.102	0	0
gene-A9G17_RS12960	207	64.019	0	0
gene-A9G17_RS07845	1035	798.148	1	0.228804
gene-A9G17_RS12965	207	64.019	1	2.85258
gene-A9G17_RS07850	279	108.464	0	0
gene-A9G17_RS07855	570	340.278	3	1.61003
gene-A9G17_RS07860	672	438.199	0	0
gene-A9G17_RS07865	576	345.999	1	0.527802
gene-A9G17_RS07870	918	681.652	0	0
gene-A9G17_RS07875	303	122.716	0	0
gene-A9G17_RS07880	1941	1704.15	0	0
gene-A9G17_RS07885	456	239.474	1	0.762586
gene-A9G17_RS07890	1215	978.148	5	0.933495
gene-A9G17_RS07895	387	184.806	0	0
gene-A9G17_RS07900	324	137.442	0	0
gene-A9G17_RS07905	525	298.977	0	0
gene-A9G17_RS07910	1860	1623.15	4	0.450037
gene-A9G17_RS07915	339	148.373	0	0
gene-A9G17_RS07920	312	129.046	18	25.4727
gene-A9G17_RS07925	627	394.456	18	8.33336
gene-A9G17_RS07930	603	371.341	15	7.37674
gene-A9G17_RS07935	303	122.716	36	53.5732
gene-A9G17_RS07940	825	589.162	59	18.2879
gene-A9G17_RS07945	279	108.464	8	13.4695
gene-A9G17_RS07950	333	144.04	11	13.9462
gene-A9G17_RS07955	738	503.227	20	7.25792
gene-A9G17_RS07960	411	203.419	3	2.69325
gene-A9G17_RS07965	192	55.1582	5	16.5541
gene-A9G17_RS07970	261	97.1757	8	15.0341
gene-A9G17_RS07975	372	173.403	13.3571	14.0671
gene-A9G17_RS07980	315	131.376	21	29.191
gene-A9G17_RS07985	540	312.253	15	8.77265
gene-A9G17_RS07990	306	124.664	14	20.5085
gene-A9G17_RS07995	393	189.447	21	20.2432
gene-A9G17_RS08000	534	307.013	3	1.78448
gene-A9G17_RS08005	354	159.705	6	6.86085
gene-A9G17_RS08010	501	277.795	10.7692	7.07956
gene-A9G17_RS08015	180	48.1736	1	3.79086
gene-A9G17_RS08020	435	222.584	22	18.05
gene-A9G17_RS08025	1341	1104.15	20	3.30788
gene-A9G17_RS08030	114	19.877	5	45.9374
gene-A9G17_RS08035	357	161.939	9	10.1493
gene-A9G17_RS08040	390	187.171	8	7.80543
gene-A9G17_RS08045	621	388.575	60	28.1983
gene-A9G17_RS08050	990	753.224	20	4.849
gene-A9G17_RS08055	390	187.171	11	10.7325
gene-A9G17_RS08060	204	62.0897	0	0
gene-A9G17_RS08065	672	438.199	0	0
gene-A9G17_RS08070	570	340.278	2	1.07335
gene-A9G17_RS08075	294	117.242	1	1.55763
gene-A9G17_RS08080	789	553.388	2	0.660004
gene-A9G17_RS08085	861	624.978	0	0
gene-A9G17_RS08090	966	729.297	2	0.500809
gene-A9G17_RS08095	303	122.716	1	1.48814
gene-A9G17_RS08100	1878	1641.15	0	0
gene-A9G17_RS08105	1722	1485.15	0	0
gene-A9G17_RS08110	1806	1569.15	0	0
gene-A9G17_RS08115	501	277.795	0	0
gene-A9G17_RS08120	450	234.736	0	0
gene-A9G17_RS08125	285	112.337	0	0
gene-A9G17_RS08130	1404	1167.15	0	0
gene-A9G17_RS08135	1044	807.148	1	0.226252
gene-A9G17_RS08140	774	538.607	1	0.339058
gene-A9G17_RS08145	945	708.441	0	0
gene-A9G17_RS08150	855	619.102	1	0.294974
gene-A9G17_RS08155	657	423.677	0	0
gene-A9G17_RS08160	1251	1014.15	3	0.540215
gene-A9G17_RS08165	831	595.102	0	0
gene-A9G17_RS08170	1161	924.148	0	0
gene-A9G17_RS08175	438	224.858	0	0
gene-A9G17_RS08180	897	660.786	0	0
gene-A9G17_RS08185	783	547.388	2	0.667238
gene-A9G17_RS08190	489	267.38	0	0
gene-A9G17_RS08195	1164	927.148	0	0
gene-A9G17_RS08200	783	547.388	0	0
gene-A9G17_RS08205	1167	930.148	1	0.196334
gene-A9G17_RS08210	1113	876.148	0	0
gene-A9G17_RS08215	501	277.795	2	1.31478
gene-A9G17_RS08220	2526	2289.15	4	0.319104
gene-A9G17_RS08225	333	144.04	1	1.26784
gene-A9G17_RS08230	768	532.607	0	0
gene-A9G17_RS08235	1374	1137.15	0	0
gene-A9G17_RS08240	654	420.762	0	0
gene-A9G17_RS08245	1809	1572.15	0	0
gene-A9G17_RS08250	309	127.008	30	43.1358
gene-A9G17_RS08255	261	97.1757	3	5.6378
gene-A9G17_RS08260	966	729.297	1	0.250404
gene-A9G17_RS08265	1164	927.148	3	0.590906
gene-A9G17_RS08270	543	314.965	1	0.579808
gene-A9G17_RS08275	639	406.134	2	0.899305
gene-A9G17_RS08280	1494	1257.15	1	0.145265
gene-A9G17_RS08285	1275	1038.15	1	0.175909
gene-A9G17_RS08290	867	630.915	1	0.289451
gene-A9G17_RS08295	435	222.584	3	2.46136
gene-A9G17_RS08300	1110	873.148	1	0.20915
gene-A9G17_RS08305	1278	1041.15	3	0.526205
gene-A9G17_RS08310	714	479.425	4	1.52365
gene-A9G17_RS08315	1173	936.148	5	0.975376
gene-A9G17_RS08320	1476	1239.15	1	0.147375
gene-A9G17_RS08325	252	91.7168	0	0
gene-A9G17_RS08330	645	411.887	2	0.886744
gene-A9G17_RS08335	1281	1044.15	2	0.349796
gene-A9G17_RS08340	267	101.144	4	7.22212
gene-A9G17_RS08345	1878	1641.15	3	0.333826
gene-A9G17_RS08350	1515	1278.15	0	0
gene-A9G17_RS08355	3027	2790.15	2	0.130903
gene-A9G17_RS08360	2676	2439.15	6	0.44922
gene-A9G17_RS08365	1047	810.148	1	0.225415
gene-A9G17_RS08370	1965	1728.15	1	0.105673
gene-A9G17_RS08375	717	482.425	0	0
gene-A9G17_RS08380	1224	987.148	1	0.184997
gene-A9G17_RS08385	1449	1212.15	2	0.301315
gene-A9G17_RS08390	693	458.704	1	0.398119
gene-A9G17_RS08395	483	262.155	0	0
gene-A9G17_RS08400	1335	1098.15	0	0
gene-A9G17_RS08405	1473	1236.15	0	0
gene-A9G17_RS08410	2412	2175.15	7	0.5877
gene-A9G17_RS08415	1074	837.148	0	0
gene-A9G17_RS08420	1104	867.148	0	0
gene-A9G17_RS08425	1359	1122.15	3	0.488222
gene-A9G17_RS08430	1107	870.148	83	17.4193
gene-A9G17_RS08435	909	672.72	0	0
gene-A9G17_RS08440	750	514.922	2	0.709308
gene-A9G17_RS08445	1410	1173.15	4	0.622664
gene-A9G17_RS08450	1050	813.148	0	0
gene-A9G17_RS08455	873	636.915	1	0.286725
gene-A9G17_RS08460	402	196.065	0	0
gene-A9G17_RS08465	357	161.939	0	0
gene-A9G17_RS08470	825	589.162	1	0.309965
gene-A9G17_RS08475	741	506.126	2	0.721635
gene-A9G17_RS08480	729	494.327	0	0
gene-A9G17_RS08485	1344	1107.15	1	0.164946
gene-A9G17_RS08490	1212	975.148	0	0
gene-A9G17_RS08495	1677	1440.15	6	0.760835
gene-A9G17_RS08500	231	78.702	0	0
gene-A9G17_RS08505	276	106.499	0	0
gene-A9G17_RS08510	3903	3666.15	14	0.697372
gene-A9G17_RS08515	1086	849.148	3	0.645185
gene-A9G17_RS08520	924	687.652	0	0
gene-A9G17_RS08525	945	708.441	0	0
gene-A9G17_RS08530	624	391.496	0	0
gene-A9G17_RS08535	2466	2229.15	1	0.0819233
gene-A9G17_RS08540	1221	984.148	0	0
gene-A9G17_RS08545	1080	843.148	1	0.216592
gene-A9G17_RS08550	1605	1368.15	2	0.266958
gene-A9G17_RS08555	339	148.373	0	0
gene-A9G17_RS08560	642	409.052	2	0.892889
gene-A9G17_RS08565	615	382.808	2	0.954104
gene-A9G17_RS08570	1230	993.148	2	0.367758
gene-A9G17_RS08575	327	139.697	0	0
gene-A9G17_RS08580	1263	1026.15	2	0.355932
gene-A9G17_RS08585	1416	1179.15	0	0
gene-A9G17_RS08590	2136	1899.15	3	0.288475
gene-A9G17_RS08595	465	246.848	0	0
gene-A9G17_RS08600	663	429.548	0	0
gene-A9G17_RS08605	1059	822.148	0	0
gene-A9G17_RS08610	1026	789.148	2	0.462826
gene-A9G17_RS08615	198	58.6161	1	3.11551
gene-A9G17_RS08620	1254	1017.15	3	0.538621
gene-A9G17_RS08625	576	345.999	1	0.527802
gene-A9G17_RS08630	897	660.786	0	0
gene-A9G17_RS08635	963	726.297	6	1.50863
gene-A9G17_RS08640	258	95.3596	0	0
gene-A9G17_RS08645	1071	834.148	0	0
rna-A9G17_RS08650	1539	1302.15	487347	68347.9
rna-A9G17_RS08655	77	33.2069	8.5	46.7452
rna-A9G17_RS08660	76	33.0619	2	11.0471
rna-A9G17_RS08665	2913	2676.15	1.11104e+06	75816.8
rna-A9G17_RS08670	116	20.1828	716.5	6483.07
gene-A9G17_RS08675	561	331.688	0	0
gene-A9G17_RS08680	573	343.139	2	1.0644
gene-A9G17_RS08685	870	633.915	1	0.288081
gene-A9G17_RS08690	795	559.277	0	0
gene-A9G17_RS08695	951	714.441	3	0.766834
gene-A9G17_RS08700	1083	846.148	5	1.07912
gene-A9G17_RS08705	1836	1599.15	2	0.228396
gene-A9G17_RS08710	369	170.944	0	0
gene-A9G17_RS08715	579	348.788	1	0.523582
gene-A9G17_RS08720	2691	2454.15	9	0.669712
gene-A9G17_RS08725	1311	1074.15	0	0
gene-A9G17_RS08730	168	42.0811	1	4.3397
gene-A9G17_RS08735	237	82.3177	5	11.0923
gene-A9G17_RS08740	831	595.102	4	1.22748
gene-A9G17_RS08745	354	159.705	0	0
gene-A9G17_RS08750	513	288.215	3	1.90086
gene-A9G17_RS08755	1200	963.148	0	0
gene-A9G17_RS08760	1296	1059.15	0	0
gene-A9G17_RS08765	1329	1092.15	0	0
gene-A9G17_RS08770	1254	1017.15	0	0
gene-A9G17_RS08775	1416	1179.15	4	0.619496
gene-A9G17_RS08780	972	735.297	0	0
gene-A9G17_RS08785	1245	1008.15	1	0.181143
gene-A9G17_RS08790	831	595.102	0	0
gene-A9G17_RS08795	819	583.162	0	0
gene-A9G17_RS08800	492	269.905	0	0
gene-A9G17_RS08805	420	210.479	0	0
gene-A9G17_RS08810	684	449.977	0	0
gene-A9G17_RS08815	549	320.48	0	0
gene-A9G17_RS08820	561	331.688	12	6.6069
gene-A9G17_RS08825	549	320.48	2	1.13966
gene-A9G17_RS08830	993	756.224	4	0.965953
gene-A9G17_RS08835	369	170.944	0	0
gene-A9G17_RS08840	780	544.553	0	0
gene-A9G17_RS08845	366	168.799	0	0
gene-A9G17_RS08850	780	544.553	0	0
gene-A9G17_RS08855	1242	1005.15	1	0.181684
gene-A9G17_RS08860	666	432.418	0	0
gene-A9G17_RS08865	906	669.72	9	2.45412
gene-A9G17_RS08870	1074	837.148	0	0
gene-A9G17_RS08875	594	362.675	1	0.503535
gene-A9G17_RS08880	273	105.037	16	27.818
gene-A9G17_RS08885	486	264.853	0	0
gene-A9G17_RS08890	804	568.277	0	0
gene-A9G17_RS08895	2070	1833.15	5	0.498103
gene-A9G17_RS08900	933	696.652	0	0
gene-A9G17_RS08905	1212	975.148	1	0.187273
gene-A9G17_RS08910	831	595.102	0	0
gene-A9G17_RS08915	849	613.102	0	0
gene-A9G17_RS08920	597	365.527	0	0
gene-A9G17_RS08925	657	423.677	1	0.431034
gene-A9G17_RS08930	519	293.616	0	0
gene-A9G17_RS08935	990	753.224	0	0
gene-A9G17_RS08940	663	429.548	1	0.425142
gene-A9G17_RS08945	1455	1218.15	3	0.449746
gene-A9G17_RS08950	585	354.218	0	0
gene-A9G17_RS08955	1722	1485.15	4	0.491855
gene-A9G17_RS08960	1302	1065.15	0	0
gene-A9G17_RS08965	1368	1131.15	0	0
gene-A9G17_RS08970	360	164.089	0	0
gene-A9G17_RS08975	1485	1248.15	0	0
gene-A9G17_RS08980	1395	1158.15	3	0.473046
gene-A9G17_RS08985	1737	1500.15	2	0.243468
gene-A9G17_RS08990	705	470.425	0	0
gene-A9G17_RS08995	900	663.72	0	0
gene-A9G17_RS09000	411	203.419	0	0
gene-A9G17_RS09005	774	538.607	0	0
gene-A9G17_RS09010	585	354.218	0	0
gene-A9G17_RS09015	366	168.799	0	0
gene-A9G17_RS09020	600	368.453	0	0
gene-A9G17_RS09025	639	406.134	0	0
gene-A9G17_RS09030	960	723.297	0	0
gene-A9G17_RS09035	2376	2139.15	1	0.0853701
gene-A9G17_RS09040	2775	2538.15	1.25762	0.0904854
gene-A9G17_RS09045	621	388.575	0	0
gene-A9G17_RS09050	651	417.762	0	0
gene-A9G17_RS09055	1041	804.148	15	3.40645
gene-A9G17_RS09060	1320	1083.15	0	0
gene-A9G17_RS09065	1035	798.148	3	0.686411
gene-A9G17_RS09070	1449	1212.15	0	0
gene-A9G17_RS09075	552	323.12	0	0
gene-A9G17_RS09080	1362	1125.15	2	0.324614
gene-A9G17_RS09085	273	105.037	0	0
gene-A9G17_RS09090	444	229.732	3	2.38477
gene-A9G17_RS09095	1032	795.148	0	0
gene-A9G17_RS09100	1221	984.148	0	0
gene-A9G17_RS09105	930	693.652	0	0
gene-A9G17_RS09110	2001	1764.15	0	0
gene-A9G17_RS09115	1755	1518.15	0	0
gene-A9G17_RS09120	1767	1530.15	0	0
rna-A9G17_RS09125	124	22.5362	0	0
rna-A9G17_RS09130	77	33.2069	0	0
gene-A9G17_RS09135	1149	912.148	1	0.200208
gene-A9G17_RS09140	684	449.977	0	0
gene-A9G17_RS09145	1044	807.148	0	0
gene-A9G17_RS09150	756	520.871	11	3.85664
gene-A9G17_RS09155	1215	978.148	6	1.12019
gene-A9G17_RS09160	270	103.079	4	7.08654
gene-A9G17_RS09165	1356	1119.15	2	0.326354
gene-A9G17_RS09170	492	269.905	0	0
gene-A9G17_RS09175	279	108.464	0	0
gene-A9G17_RS09180	1383	1146.15	0	0
gene-A9G17_RS09185	2064	1827.15	0	0
gene-A9G17_RS09190	663	429.548	0	0
gene-A9G17_RS09195	630	397.376	0	0
gene-A9G17_RS09200	1005	768.148	0	0
gene-A9G17_RS09205	564	334.587	0	0
gene-A9G17_RS09210	804	568.277	0	0
gene-A9G17_RS09215	2697	2460.15	32	2.37539
rna-A9G17_RS09220	76	33.0619	5	27.6177
rna-A9G17_RS09225	85	27.0319	7	47.2898
rna-A9G17_RS09230	75	33.5463	0	0
rna-A9G17_RS09235	76	33.0619	2	11.0471
gene-A9G17_RS09240	1185	948.148	33.8517	6.52004
gene-A9G17_RS09245	402	196.065	4	3.72569
gene-A9G17_RS09250	546	317.643	0	0
gene-A9G17_RS09255	1935	1698.15	3	0.322621
gene-A9G17_RS09260	1161	924.148	0	0
gene-A9G17_RS09265	1539	1302.15	0	0
gene-A9G17_RS09270	1326	1089.15	0	0
gene-A9G17_RS09275	1338	1101.15	0	0
gene-A9G17_RS09280	1335	1098.15	1	0.166297
gene-A9G17_RS09285	771	535.607	0	0
gene-A9G17_RS09290	882	645.786	1	0.282786
gene-A9G17_RS09295	1149	912.148	0	0
gene-A9G17_RS09300	2004	1767.15	2	0.206682
gene-A9G17_RS09305	789	553.388	0	0
gene-A9G17_RS09310	441	227.347	0	0
gene-A9G17_RS09315	693	458.704	1	0.398119
gene-A9G17_RS12890	348	155.386	0	0
gene-A9G17_RS09325	1413	1176.15	1	0.155269
gene-A9G17_RS09330	4458	4221.15	16	0.692207
gene-A9G17_RS09335	1533	1296.15	18	2.53609
gene-A9G17_RS09340	612	379.885	0	0
gene-A9G17_RS09345	1182	945.148	1	0.193218
gene-A9G17_RS09350	1440	1203.15	0	0
gene-A9G17_RS09355	1398	1161.15	14	2.20185
gene-A9G17_RS09360	1413	1176.15	11	1.70796
gene-A9G17_RS09365	1107	870.148	6	1.25923
gene-A9G17_RS09370	1320	1083.15	2	0.337201
gene-A9G17_RS09375	603	371.341	0	0
gene-A9G17_RS09380	351	157.502	7	8.11631
gene-A9G17_RS09385	753	517.871	26	9.1685
gene-A9G17_RS09390	531	304.451	5	2.99916
gene-A9G17_RS09395	249	89.949	5	10.1513
gene-A9G17_RS09400	378	177.878	0	0
gene-A9G17_RS09405	912	675.72	2	0.540517
gene-A9G17_RS09410	801	565.277	0	0
gene-A9G17_RS09415	975	738.297	1	0.247352
gene-A9G17_RS09420	1752	1515.15	2	0.241058
gene-A9G17_RS09425	912	675.72	0	0
gene-A9G17_RS09430	1188	951.148	0	0
gene-A9G17_RS09435	2142	1905.15	1	0.0958557
gene-A9G17_RS09440	975	738.297	0	0
gene-A9G17_RS09445	1017	780.148	0	0
gene-A9G17_RS09450	474	254.347	0	0
gene-A9G17_RS09455	441	227.347	5	4.01632
gene-A9G17_RS09460	1410	1173.15	5	0.77833
gene-A9G17_RS09465	1050	813.148	1	0.224583
gene-A9G17_RS09470	1440	1203.15	0	0
gene-A9G17_RS09475	957	720.37	3	0.760523
gene-A9G17_RS09480	960	723.297	0	0
gene-A9G17_RS09485	972	735.297	0	0
gene-A9G17_RS09490	756	520.871	0	0
gene-A9G17_RS09495	1032	795.148	1	0.229667
gene-A9G17_RS09500	1200	963.148	0	0
gene-A9G17_RS09505	936	699.582	3	0.783121
gene-A9G17_RS09510	1698	1461.15	9	1.12485
gene-A9G17_RS09515	576	345.999	1	0.527802
rna-A9G17_RS09520	76	33.0619	0.5	2.76177
gene-A9G17_RS09525	729	494.327	10	3.6943
gene-A9G17_RS09530	735	500.227	1	0.365072
gene-A9G17_RS09535	3519	3282.15	0	0
gene-A9G17_RS09540	684	449.977	0	0
gene-A9G17_RS09545	717	482.425	0	0
gene-A9G17_RS09550	1356	1119.15	0	0
gene-A9G17_RS09555	747	511.974	0	0
gene-A9G17_RS09560	1785	1548.15	2	0.23592
gene-A9G17_RS09565	228	77.1541	0	0
gene-A9G17_RS12970	48	22.1406	0	0
gene-A9G17_RS09570	1090	853.148	0	0
gene-A9G17_RS09575	360	164.089	0	0
gene-A9G17_RS09580	2346	2109.15	0	0
gene-A9G17_RS09585	375	175.674	0	0
gene-A9G17_RS09590	351	157.502	0	0
gene-A9G17_RS09595	168	42.0811	0	0
gene-A9G17_RS09600	654	420.762	0	0
gene-A9G17_RS09605	201	60.3796	0	0
gene-A9G17_RS09610	861	624.978	0	0
gene-A9G17_RS09615	309	127.008	0	0
gene-A9G17_RS09620	1245	1008.15	1	0.181143
gene-A9G17_RS09625	1251	1014.15	3	0.540215
rna-A9G17_RS09630	366	168.799	1450	1568.72
gene-A9G17_RS09635	1392	1155.15	2	0.316183
gene-A9G17_RS09640	1404	1167.15	1	0.156466
gene-A9G17_RS09645	993	756.224	0	0
gene-A9G17_RS09650	897	660.786	1	0.276366
gene-A9G17_RS09655	1281	1044.15	0	0
gene-A9G17_RS09660	2628	2391.15	0	0
gene-A9G17_RS09665	681	446.977	0	0
gene-A9G17_RS09670	924	687.652	0	0
gene-A9G17_RS09675	2655	2418.15	2	0.151041
gene-A9G17_RS09680	1131	894.148	2	0.408477
gene-A9G17_RS09685	2286	2049.15	4	0.356478
gene-A9G17_RS09690	1395	1158.15	1	0.157682
gene-A9G17_RS09695	1404	1167.15	1	0.156466
gene-A9G17_RS09700	1341	1104.15	1	0.165394
gene-A9G17_RS09705	594	362.675	1	0.503535
gene-A9G17_RS09710	783	547.388	0	0
gene-A9G17_RS09715	1269	1032.15	1	0.176931
gene-A9G17_RS09720	1413	1176.15	3	0.465807
gene-A9G17_RS09725	1464	1227.15	4	0.595264
gene-A9G17_RS09730	1500	1263.15	1	0.144575
gene-A9G17_RS09735	1341	1104.15	0	0
gene-A9G17_RS09740	1254	1017.15	4	0.718162
gene-A9G17_RS09745	1119	882.148	19	3.93331
gene-A9G17_RS09750	999	762.148	1	0.239611
gene-A9G17_RS09755	483	262.155	1	0.696607
gene-A9G17_RS09760	429	217.564	0	0
gene-A9G17_RS09765	270	103.079	0	0
gene-A9G17_RS09770	435	222.584	0	0
gene-A9G17_RS09775	357	161.939	0	0
gene-A9G17_RS09780	384	182.393	0	0
gene-A9G17_RS09785	237	82.3177	0	0
gene-A9G17_RS09790	405	198.514	2	1.83986
gene-A9G17_RS09795	2733	2496.15	8	0.585283
gene-A9G17_RS09800	345	153.15	0	0
gene-A9G17_RS09805	1377	1140.15	2	0.320343
gene-A9G17_RS09810	375	175.674	0	0
gene-A9G17_RS09815	1065	828.148	0	0
gene-A9G17_RS09820	501	277.795	2	1.31478
gene-A9G17_RS09825	2259	2022.15	2	0.180619
gene-A9G17_RS09830	1329	1092.15	1	0.167211
gene-A9G17_RS09835	489	267.38	1	0.682994
gene-A9G17_RS09840	1005	768.148	0	0
gene-A9G17_RS09845	1158	921.148	0	0
gene-A9G17_RS09850	1032	795.148	0	0
gene-A9G17_RS09855	1017	780.148	1	0.234083
gene-A9G17_RS09860	1275	1038.15	0	0
gene-A9G17_RS09865	1161	924.148	2	0.395216
gene-A9G17_RS09870	726	491.327	1	0.371685
gene-A9G17_RS09875	702	467.519	1	0.390613
gene-A9G17_RS09880	948	711.441	3	0.770067
gene-A9G17_RS09885	585	354.218	0	0
gene-A9G17_RS09890	468	249.142	26	19.0578
gene-A9G17_RS09895	1182	945.148	0	0
gene-A9G17_RS09900	762	526.713	0	0
gene-A9G17_RS09905	1470	1233.15	0	0
gene-A9G17_RS09910	462	244.394	2	1.49446
gene-A9G17_RS09915	405	198.514	0	0
gene-A9G17_RS09920	1377	1140.15	1	0.160172
gene-A9G17_RS09925	1053	816.148	0	0
gene-A9G17_RS09930	216	69.8915	9	23.5161
gene-A9G17_RS09935	318	133.428	0	0
gene-A9G17_RS09940	1167	930.148	2	0.392667
gene-A9G17_RS09945	579	348.788	0	0
gene-A9G17_RS09950	1530	1293.15	2	0.282441
gene-A9G17_RS09955	888	651.786	2	0.560365
gene-A9G17_RS09960	291	115.736	1	1.5779
gene-A9G17_RS09965	1035	798.148	1	0.228804
gene-A9G17_RS09970	846	610.102	0	0
gene-A9G17_RS09975	1422	1185.15	1	0.15409
gene-A9G17_RS09980	1590	1353.15	0	0
gene-A9G17_RS09985	711	476.425	0	0
gene-A9G17_RS09990	966	729.297	2	0.500809
gene-A9G17_RS09995	741	506.126	0	0
gene-A9G17_RS10000	759	523.871	1	0.348596
gene-A9G17_RS10005	426	215.129	0	0
gene-A9G17_RS10010	822	586.162	4	1.2462
gene-A9G17_RS10015	468	249.142	0	0
gene-A9G17_RS10020	858	622.04	2	0.587162
gene-A9G17_RS10025	1140	903.148	1	0.202203
gene-A9G17_RS10030	1404	1167.15	1	0.156466
gene-A9G17_RS10035	1857	1620.15	2	0.225435
gene-A9G17_RS10040	1161	924.148	0	0
gene-A9G17_RS10045	888	651.786	0	0
gene-A9G17_RS12895	2541	2304.15	3	0.23777
gene-A9G17_RS10055	522	296.313	0	0
gene-A9G17_RS10060	1170	933.148	0	0
gene-A9G17_RS10065	705	470.425	0	0
gene-A9G17_RS10070	732	497.278	1	0.367238
gene-A9G17_RS10075	2028	1791.15	4	0.407826
gene-A9G17_RS10080	258	95.3596	0	0
gene-A9G17_RS10085	273	105.037	0	0
gene-A9G17_RS10090	633	400.256	4	1.82502
gene-A9G17_RS10095	588	357.074	0	0
gene-A9G17_RS10100	780	544.553	1	0.335356
gene-A9G17_RS10105	819	583.162	0	0
gene-A9G17_RS10110	699	464.566	0	0
gene-A9G17_RS10115	1044	807.148	1	0.226252
gene-A9G17_RS10120	1089	852.148	0	0
gene-A9G17_RS10125	849	613.102	0	0
gene-A9G17_RS10130	336	146.093	0	0
gene-A9G17_RS10135	2634	2397.15	2	0.152364
gene-A9G17_RS10140	1194	957.148	2	0.38159
gene-A9G17_RS10145	1404	1167.15	2	0.312932
gene-A9G17_RS10150	1140	903.148	91	18.4005
gene-A9G17_RS10155	1140	903.148	25	5.05508
gene-A9G17_RS10160	459	242.039	0	0
gene-A9G17_RS10165	1212	975.148	0	0
gene-A9G17_RS10170	780	544.553	1	0.335356
gene-A9G17_RS10175	579	348.788	2	1.04716
gene-A9G17_RS10180	471	251.746	2	1.45082
gene-A9G17_RS10185	420	210.479	0	0
gene-A9G17_RS10190	1050	813.148	1	0.224583
gene-A9G17_RS10195	936	699.582	0	0
gene-A9G17_RS10200	777	541.553	0	0
gene-A9G17_RS10205	1542	1305.15	0	0
gene-A9G17_RS10210	219	71.7234	1	2.54616
gene-A9G17_RS10215	342	150.555	0	0
gene-A9G17_RS10220	774	538.607	0	0
gene-A9G17_RS10225	1425	1188.15	0	0
gene-A9G17_RS10230	1353	1116.15	8	1.30892
gene-A9G17_RS10235	1350	1113.15	1	0.164057
gene-A9G17_RS10240	564	334.587	0	0
gene-A9G17_RS10245	600	368.453	3	1.48691
gene-A9G17_RS10250	1362	1125.15	0	0
gene-A9G17_RS10255	1425	1188.15	1	0.153701
gene-A9G17_RS10260	1173	936.148	2	0.39015
gene-A9G17_RS10265	573	343.139	0	0
gene-A9G17_RS10270	810	574.277	0	0
gene-A9G17_RS10275	720	485.425	0	0
gene-A9G17_RS10280	207	64.019	2	5.70516
gene-A9G17_RS10285	1374	1137.15	0	0
gene-A9G17_RS10290	888	651.786	0	0
gene-A9G17_RS10295	837	601.102	0	0
gene-A9G17_RS10300	327	139.697	0	0
gene-A9G17_RS10305	486	264.853	1	0.689513
gene-A9G17_RS10310	453	236.93	0	0
gene-A9G17_RS10315	795	559.277	0	0
gene-A9G17_RS10320	654	420.762	0	0
gene-A9G17_RS10325	789	553.388	1	0.330002
gene-A9G17_RS10330	1362	1125.15	0	0
gene-A9G17_RS10335	996	759.148	2	0.481116
gene-A9G17_RS10340	696	461.658	0	0
gene-A9G17_RS10345	678	444.021	0	0
gene-A9G17_RS10350	822	586.162	0	0
gene-A9G17_RS10355	768	532.607	1	0.342878
gene-A9G17_RS10360	522	296.313	1	0.616305
gene-A9G17_RS10365	963	726.297	1	0.251439
gene-A9G17_RS10370	624	391.496	0	0
gene-A9G17_RS10375	1443	1206.15	0	0
gene-A9G17_RS10380	339	148.373	0	0
gene-A9G17_RS10385	345	153.15	0	0
gene-A9G17_RS10390	375	175.674	0	0
gene-A9G17_RS10395	1257	1020.15	4	0.71605
gene-A9G17_RS10400	2196	1959.15	4	0.372854
gene-A9G17_RS10405	1926	1689.15	1	0.108113
gene-A9G17_RS10410	1164	927.148	0	0
gene-A9G17_RS10415	513	288.215	0	0
gene-A9G17_RS10420	354	159.705	0	0
gene-A9G17_RS10425	744	509.025	2	0.717526
gene-A9G17_RS10430	1068	831.148	0	0
gene-A9G17_RS10435	2028	1791.15	0	0
gene-A9G17_RS10440	789	553.388	1	0.330002
gene-A9G17_RS10445	888	651.786	0	0
gene-A9G17_RS10450	1353	1116.15	7	1.14531
gene-A9G17_RS10455	630	397.376	0	0
gene-A9G17_RS10460	831	595.102	0	0
gene-A9G17_RS10465	1464	1227.15	0	0
gene-A9G17_RS10470	459	242.039	0	0
gene-A9G17_RS10475	543	314.965	0	0
gene-A9G17_RS10480	459	242.039	2	1.50901
gene-A9G17_RS10485	513	288.215	4	2.53448
gene-A9G17_RS10490	1173	936.148	0	0
gene-A9G17_RS10495	873	636.915	3	0.860174
gene-A9G17_RS10500	1572	1335.15	11	1.50456
gene-A9G17_RS10505	1137	900.148	2	0.405754
gene-A9G17_RS12975	108	19.1937	0	0
gene-A9G17_RS10510	396	191.63	1	0.95298
gene-A9G17_RS10515	681	446.977	1	0.408565
gene-A9G17_RS10520	420	210.479	0	0
gene-A9G17_RS10525	1026	789.148	2	0.462826
gene-A9G17_RS10530	528	301.637	1	0.605426
gene-A9G17_RS10535	1329	1092.15	4	0.668844
gene-A9G17_RS10540	1887	1650.15	2	0.221337
gene-A9G17_RS10545	582	351.575	0	0
gene-A9G17_RS10550	1098	861.148	0	0
gene-A9G17_RS10555	1371	1134.15	4	0.644075
gene-A9G17_RS10560	1023	786.148	1	0.232296
gene-A9G17_RS10565	1437	1200.15	0	0
gene-A9G17_RS10570	1836	1599.15	0	0
gene-A9G17_RS10575	717	482.425	0	0
gene-A9G17_RS10580	168	42.0811	0	0
gene-A9G17_RS10585	1185	948.148	0	0
gene-A9G17_RS10590	1041	804.148	4	0.908386
gene-A9G17_RS10595	1179	942.148	0	0
gene-A9G17_RS10600	1035	798.148	0	0
gene-A9G17_RS10605	1152	915.148	1	0.199552
gene-A9G17_RS10610	333	144.04	3	3.80352
gene-A9G17_RS10615	738	503.227	0	0
gene-A9G17_RS10620	1392	1155.15	3	0.474275
gene-A9G17_RS10630	243	86.2978	1	2.11615
gene-A9G17_RS10635	1362	1125.15	5	0.811534
gene-A9G17_RS10640	459	242.039	0	0
gene-A9G17_RS10645	579	348.788	0	0
gene-A9G17_RS10650	942	705.582	0	0
gene-A9G17_RS10655	771	535.607	0	0
gene-A9G17_RS10660	639	406.134	2	0.899305
gene-A9G17_RS10665	1347	1110.15	2	0.329
gene-A9G17_RS10670	468	249.142	2	1.46599
gene-A9G17_RS10675	1044	807.148	5	1.13126
gene-A9G17_RS10680	843	607.102	0	0
gene-A9G17_RS10685	486	264.853	0	0
gene-A9G17_RS10690	1476	1239.15	0	0
gene-A9G17_RS10695	1458	1221.15	1	0.149547
gene-A9G17_RS10700	669	435.331	0	0
rna-A9G17_RS10705	389	186.405	483	473.191
gene-A9G17_RS10710	363	166.29	0	0
gene-A9G17_RS10715	321	135.439	0	0
gene-A9G17_RS10720	357	161.939	1	1.1277
gene-A9G17_RS10725	549	320.48	0	0
gene-A9G17_RS10730	2076	1839.15	1	0.0992955
gene-A9G17_RS12980	90	23.2463	0	0
rna-A9G17_RS10735	88	25.2965	2	14.4383
gene-A9G17_RS10740	894	657.786	1	0.277627
gene-A9G17_RS10745	1074	837.148	1	0.218145
gene-A9G17_RS10750	753	517.871	0	0
gene-A9G17_RS10755	924	687.652	0	0
gene-A9G17_RS10760	270	103.079	2	3.54327
gene-A9G17_RS10765	2115	1878.15	6	0.583402
gene-A9G17_RS10770	861	624.978	2	0.584402
gene-A9G17_RS10775	1770	1533.15	8	0.952911
gene-A9G17_RS10780	1395	1158.15	0	0
gene-A9G17_RS10785	297	119.014	7	10.7411
gene-A9G17_RS10790	456	239.474	0	0
gene-A9G17_RS10795	3462	3225.15	0	0
gene-A9G17_RS10800	3087	2850.15	0	0
gene-A9G17_RS10805	1785	1548.15	0	0
gene-A9G17_RS10810	1005	768.148	0	0
gene-A9G17_RS10815	2118	1881.15	3	0.291236
gene-A9G17_RS10820	651	417.762	1	0.437137
gene-A9G17_RS10825	1098	861.148	2	0.42413
rna-A9G17_RS10830	77	33.2069	4	21.9977
rna-A9G17_RS10835	85	27.0319	3	20.2671
rna-A9G17_RS10840	75	33.5463	1	5.4438
rna-A9G17_RS10845	83	28.4036	0	0
rna-A9G17_RS10850	75	33.5463	1	5.4438
rna-A9G17_RS10855	85	27.0319	0	0
rna-A9G17_RS10860	75	33.5463	0	0
gene-A9G17_RS10865	1407	1170.15	1	0.156065
gene-A9G17_RS10870	1371	1134.15	0	0
gene-A9G17_RS10875	1152	915.148	0	0
gene-A9G17_RS10880	816	580.22	11	3.46216
gene-A9G17_RS10885	609	377.075	0	0
gene-A9G17_RS10890	2493	2256.15	2	0.161886
gene-A9G17_RS10895	576	345.999	4	2.11121
gene-A9G17_RS10900	561	331.688	3	1.65172
gene-A9G17_RS10905	984	747.224	2	0.488794
gene-A9G17_RS10910	1797	1560.15	2	0.234105
gene-A9G17_RS10915	1005	768.148	0	0
gene-A9G17_RS10920	675	441.199	0	0
gene-A9G17_RS10925	906	669.72	2	0.54536
gene-A9G17_RS10930	693	458.704	0	0
gene-A9G17_RS10935	1422	1185.15	0	0
gene-A9G17_RS10940	1509	1272.15	2	0.287104
gene-A9G17_RS10945	1662	1425.15	0	0
gene-A9G17_RS10950	903	666.72	0	0
gene-A9G17_RS10955	1593	1356.15	3	0.403981
gene-A9G17_RS10960	1299	1062.15	2	0.343868
gene-A9G17_RS10965	372	173.403	0	0
gene-A9G17_RS10970	2466	2229.15	3	0.24577
gene-A9G17_RS10975	753	517.871	0	0
gene-A9G17_RS10980	615	382.808	0	0
gene-A9G17_RS10985	2091	1854.15	2	0.196985
gene-A9G17_RS10990	303	122.716	0	0
gene-A9G17_RS10995	1290	1053.15	0	0
gene-A9G17_RS11000	405	198.514	0	0
gene-A9G17_RS11005	858	622.04	0	0
gene-A9G17_RS11010	609	377.075	2	0.968608
gene-A9G17_RS11015	546	317.643	0	0
rna-A9G17_RS11020	182	49.343	10	37.0102
gene-A9G17_RS11025	285	112.337	0	0
gene-A9G17_RS11030	1857	1620.15	1	0.112718
gene-A9G17_RS11035	870	633.915	0	0
gene-A9G17_RS11040	246	88.3653	1	2.06664
gene-A9G17_RS11045	1347	1110.15	0	0
gene-A9G17_RS11050	975	738.297	1	0.247352
gene-A9G17_RS11055	2358	2121.15	0	0
gene-A9G17_RS11060	1512	1275.15	1	0.143214
gene-A9G17_RS11065	681	446.977	1	0.408565
gene-A9G17_RS11070	237	82.3177	0	0
gene-A9G17_RS11075	1941	1704.15	0	0
gene-A9G17_RS11080	774	538.607	0	0
gene-A9G17_RS11085	324	137.442	0	0
gene-A9G17_RS11090	438	224.858	0	0
gene-A9G17_RS11095	579	348.788	0	0
gene-A9G17_RS11100	477	256.972	0	0
gene-A9G17_RS11105	825	589.162	3	0.929894
gene-A9G17_RS11110	492	269.905	0	0
gene-A9G17_RS11115	603	371.341	0	0
gene-A9G17_RS11120	1701	1464.15	0	0
gene-A9G17_RS11125	720	485.425	0	0
gene-A9G17_RS11130	2151	1914.15	3	0.286215
gene-A9G17_RS11135	1197	960.148	2	0.380398
gene-A9G17_RS11145	468	249.142	3	2.19898
gene-A9G17_RS11150	909	672.72	1	0.271464
gene-A9G17_RS11155	2469	2232.15	0	0
gene-A9G17_RS11160	1563	1326.15	1	0.137707
gene-A9G17_RS11165	1635	1398.15	5	0.653075
gene-A9G17_RS11170	1350	1113.15	1	0.164057
gene-A9G17_RS11175	1194	957.148	2	0.38159
gene-A9G17_RS11180	807	571.277	3	0.959005
rna-A9G17_RS11185	77	33.2069	0.5	2.74972
gene-A9G17_RS11190	462	244.394	3	2.2417
gene-A9G17_RS11195	1476	1239.15	11	1.62112
gene-A9G17_RS11200	2706	2469.15	11	0.813565
gene-A9G17_RS11205	378	177.878	0	0
gene-A9G17_RS11210	900	663.72	0	0
gene-A9G17_RS11215	1047	810.148	0	0
gene-A9G17_RS11220	1050	813.148	3	0.673749
gene-A9G17_RS11225	792	556.333	0	0
gene-A9G17_RS11230	1425	1188.15	3	0.461102
gene-A9G17_RS11235	837	601.102	0	0
gene-A9G17_RS11240	870	633.915	0	0
gene-A9G17_RS11245	891	654.786	0	0
gene-A9G17_RS11250	918	681.652	0	0
gene-A9G17_RS11255	501	277.795	2	1.31478
gene-A9G17_RS11260	1533	1296.15	10	1.40894
gene-A9G17_RS11265	1353	1116.15	3	0.490847
gene-A9G17_RS11270	666	432.418	2	0.844642
gene-A9G17_RS11275	1740	1503.15	5	0.607456
gene-A9G17_RS11280	489	267.38	18	12.2939
gene-A9G17_RS11285	2781	2544.15	3	0.21534
gene-A9G17_RS11290	267	101.144	0	0
gene-A9G17_RS11295	1146	909.148	4	0.803474
gene-A9G17_RS11300	3342	3105.15	6	0.352871
gene-A9G17_RS11305	1605	1368.15	1	0.133479
gene-A9G17_RS11310	1764	1527.15	2	0.239164
gene-A9G17_RS11315	1047	810.148	0	0
gene-A9G17_RS11320	510	285.63	0	0
gene-A9G17_RS11325	426	215.129	0	0
gene-A9G17_RS11330	927	690.652	5	1.32208
gene-A9G17_RS11335	981	744.224	0	0
gene-A9G17_RS11340	1542	1305.15	1	0.139922
gene-A9G17_RS11345	1851	1614.15	8	0.905093
gene-A9G17_RS11350	930	693.652	5	1.31636
gene-A9G17_RS11355	231	78.702	0	0
gene-A9G17_RS11360	1677	1440.15	3	0.380418
gene-A9G17_RS11370	888	651.786	16	4.48292
gene-A9G17_RS11375	528	301.637	7	4.23798
gene-A9G17_RS11380	423	212.807	0	0
gene-A9G17_RS11385	1236	999.148	1	0.182775
gene-A9G17_RS11390	1116	879.148	1	0.207723
gene-A9G17_RS11395	783	547.388	0	0
gene-A9G17_RS11400	1173	936.148	0	0
gene-A9G17_RS11405	312	129.046	0	0
gene-A9G17_RS11410	720	485.425	1	0.376205
gene-A9G17_RS11415	618	385.73	0	0
gene-A9G17_RS11420	189	53.2657	1	3.42846
gene-A9G17_RS11425	516	290.887	3	1.8834
gene-A9G17_RS11430	2031	1794.15	4	0.407144
gene-A9G17_RS11435	924	687.652	3	0.796707
gene-A9G17_RS11440	1203	966.148	6	1.13411
gene-A9G17_RS11445	3213	2976.15	6	0.368166
gene-A9G17_RS11450	489	267.38	0	0
gene-A9G17_RS11455	744	509.025	3	1.07629
gene-A9G17_RS11460	420	210.479	2	1.73527
gene-A9G17_RS11465	1515	1278.15	1	0.142878
gene-A9G17_RS11470	951	714.441	1	0.255611
gene-A9G17_RS11475	888	651.786	6	1.6811
gene-A9G17_RS11480	930	693.652	1	0.263272
gene-A9G17_RS11485	993	756.224	0	0
gene-A9G17_RS11490	297	119.014	1	1.53444
gene-A9G17_RS11495	1008	771.148	8	1.89452
gene-A9G17_RS11500	867	630.915	0	0
gene-A9G17_RS11505	1452	1215.15	0	0
gene-A9G17_RS11510	237	82.3177	0	0
gene-A9G17_RS11515	1479	1242.15	15	2.20528
gene-A9G17_RS11520	582	351.575	0	0
gene-A9G17_RS11525	1101	864.148	0	0
gene-A9G17_RS11530	483	262.155	0	0
gene-A9G17_RS11535	2307	2070.15	3	0.264647
gene-A9G17_RS11540	1482	1245.15	1	0.146665
gene-A9G17_RS11545	867	630.915	0	0
gene-A9G17_RS11550	1542	1305.15	0	0
gene-A9G17_RS11555	1686	1449.15	3	0.378055
gene-A9G17_RS11560	1302	1065.15	1	0.17145
gene-A9G17_RS11565	396	191.63	0	0
gene-A9G17_RS11570	1980	1743.15	1	0.104764
gene-A9G17_RS11575	1164	927.148	0	0
gene-A9G17_RS11580	1254	1017.15	2	0.359081
gene-A9G17_RS11585	714	479.425	2	0.761826
gene-A9G17_RS11590	1230	993.148	3	0.551638
gene-A9G17_RS11595	1011	774.148	1	0.235897
gene-A9G17_RS11600	1152	915.148	0	0
gene-A9G17_RS11605	954	717.37	0	0
gene-A9G17_RS11610	2343	2106.15	0	0
gene-A9G17_RS11615	1209	972.148	0	0
gene-A9G17_RS11620	909	672.72	0	0
gene-A9G17_RS11625	858	622.04	0	0
gene-A9G17_RS11630	390	187.171	0	0
gene-A9G17_RS11635	393	189.447	0	0
gene-A9G17_RS11640	393	189.447	0	0
gene-A9G17_RS11645	1296	1059.15	4	0.689684
gene-A9G17_RS11650	2928	2691.15	11.0676	0.751042
gene-A9G17_RS11655	615	382.808	0	0
gene-A9G17_RS11660	429	217.564	0	0
gene-A9G17_RS11665	2571	2334.15	16	1.25181
gene-A9G17_RS11670	804	568.277	0	0
gene-A9G17_RS11675	762	526.713	0	0
gene-A9G17_RS11680	1137	900.148	0	0
gene-A9G17_RS11685	540	312.253	0	0
gene-A9G17_RS11690	1305	1068.15	0	0
gene-A9G17_RS11695	765	529.66	11	3.79264
gene-A9G17_RS11700	1341	1104.15	5	0.826969
gene-A9G17_RS11705	828	592.102	4	1.2337
gene-A9G17_RS11710	1392	1155.15	6	0.94855
gene-A9G17_RS11715	1899	1662.15	4	0.439478
gene-A9G17_RS11720	843	607.102	2	0.601609
gene-A9G17_RS11725	1878	1641.15	13	1.44658
gene-A9G17_RS11730	1347	1110.15	0	0
gene-A9G17_RS11735	711	476.425	0	0
gene-A9G17_RS11740	1323	1086.15	0	0
gene-A9G17_RS11745	1467	1230.15	2	0.296906
gene-A9G17_RS11750	306	124.664	0	0
gene-A9G17_RS11755	1638	1401.15	2	0.260671
gene-A9G17_RS11760	513	288.215	2	1.26724
gene-A9G17_RS11765	504	280.361	3	1.95412
gene-A9G17_RS11770	408	201.092	2	1.81627
gene-A9G17_RS11775	624	391.496	0	0
gene-A9G17_RS11780	696	461.658	0	0
gene-A9G17_RS11785	324	137.442	0	0
gene-A9G17_RS11790	903	666.72	0	0
gene-A9G17_RS11795	1467	1230.15	0	0
gene-A9G17_RS11800	729	494.327	0	0
gene-A9G17_RS11805	921	684.652	0	0
gene-A9G17_RS11810	1368	1131.15	0	0
gene-A9G17_RS11815	648	414.804	0	0
gene-A9G17_RS11820	1119	882.148	2	0.414033
gene-A9G17_RS11825	687	452.796	1	0.403315
gene-A9G17_RS11830	225	75.4231	1	2.42126
gene-A9G17_RS11835	765	529.66	13	4.48221
gene-A9G17_RS11840	246	88.3653	0	0
gene-A9G17_RS11845	1305	1068.15	0	0
gene-A9G17_RS11850	1359	1122.15	6	0.976445
gene-A9G17_RS11855	555	325.955	0	0
gene-A9G17_RS11860	1188	951.148	0	0
gene-A9G17_RS11865	3543	3306.15	2	0.110472
gene-A9G17_RS11870	1041	804.148	0	0
gene-A9G17_RS12900	972	735.297	1	0.248361
gene-A9G17_RS11885	453	236.93	1	0.770772
gene-A9G17_RS11890	957	720.37	3	0.760523
gene-A9G17_RS11895	726	491.327	1	0.371685
gene-A9G17_RS11900	369	170.944	1	1.0683
gene-A9G17_RS11905	996	759.148	0	0
gene-A9G17_RS11910	207	64.019	0	0
gene-A9G17_RS11915	429	217.564	0	0
gene-A9G17_RS11920	1227	990.148	0	0
gene-A9G17_RS11925	1092	855.148	1	0.213553
gene-A9G17_RS11930	828	592.102	0	0
gene-A9G17_RS11935	1173	936.148	7	1.36553
gene-A9G17_RS11940	753	517.871	3	1.0579
gene-A9G17_RS11945	579	348.788	3	1.57075
gene-A9G17_RS11950	1209	972.148	18	3.38132
gene-A9G17_RS11955	1479	1242.15	2	0.294038
gene-A9G17_RS11960	594	362.675	0	0
gene-A9G17_RS11965	429	217.564	0	0
gene-A9G17_RS11970	1176	939.148	0	0
gene-A9G17_RS11975	819	583.162	1	0.313154
gene-A9G17_RS11980	1005	768.148	1	0.23774
gene-A9G17_RS11985	672	438.199	0	0
gene-A9G17_RS11990	1359	1122.15	1	0.162741
gene-A9G17_RS11995	594	362.675	0	0
gene-A9G17_RS12000	888	651.786	1	0.280183
gene-A9G17_RS12005	1404	1167.15	0	0
gene-A9G17_RS12010	1221	984.148	0	0
gene-A9G17_RS12015	264	99.2773	0	0
gene-A9G17_RS12020	225	75.4231	0	0
gene-A9G17_RS12025	384	182.393	2	2.00248
gene-A9G17_RS12030	663	429.548	0	0
gene-A9G17_RS12035	993	756.224	0	0
gene-A9G17_RS12040	597	365.527	0	0
gene-A9G17_RS12045	774	538.607	0	0
gene-A9G17_RS12050	345	153.15	0	0
gene-A9G17_RS12055	693	458.704	0	0
gene-A9G17_RS12060	507	283.041	0	0
gene-A9G17_RS12065	1050	813.148	0	0
gene-A9G17_RS12070	924	687.652	0	0
gene-A9G17_RS12075	780	544.553	1	0.335356
gene-A9G17_RS12080	1260	1023.15	0	0
gene-A9G17_RS12085	1227	990.148	1	0.184436
gene-A9G17_RS12090	1668	1431.15	1	0.127603
gene-A9G17_RS12095	1257	1020.15	2	0.358025
gene-A9G17_RS12100	957	720.37	0	0
gene-A9G17_RS12105	924	687.652	0	0
gene-A9G17_RS12110	1233	996.148	2	0.366651
gene-A9G17_RS12115	777	541.553	1	0.337214
gene-A9G17_RS12120	762	526.713	0	0
gene-A9G17_RS12125	723	488.376	0	0
gene-A9G17_RS12130	1212	975.148	2	0.374547
gene-A9G17_RS12135	1266	1029.15	0	0
gene-A9G17_RS12140	849	613.102	0	0
gene-A9G17_RS12145	759	523.871	0	0
rna-A9G17_RS12150	72	34.1546	0	0
gene-A9G17_RS12155	2769	2532.15	1.14436	0.0825316
gene-A9G17_RS12160	930	693.652	2	0.526544
gene-A9G17_RS12165	3981	3744.15	2	0.0975491
gene-A9G17_RS12170	825	589.162	0	0
gene-A9G17_RS12175	810	574.277	0	0
gene-A9G17_RS12180	828	592.102	0	0
gene-A9G17_RS12185	825	589.162	0	0
gene-A9G17_RS12190	813	577.22	0	0
gene-A9G17_RS12195	825	589.162	0	0
gene-A9G17_RS12200	813	577.22	1	0.316377
gene-A9G17_RS12205	1008	771.148	0	0
gene-A9G17_RS12210	1569	1332.15	0	0
gene-A9G17_RS12215	711	476.425	0	0
gene-A9G17_RS12220	1707	1470.15	0	0
gene-A9G17_RS12225	1056	819.148	0	0
gene-A9G17_RS12230	1437	1200.15	6	0.912984
gene-A9G17_RS12235	1893	1656.15	6	0.661605
gene-A9G17_RS12240	705	470.425	1	0.3882
gene-A9G17_RS12245	1125	888.148	0	0
gene-A9G17_RS12250	645	411.887	0	0
gene-A9G17_RS12255	717	482.425	0	0
gene-A9G17_RS12260	867	630.915	0	0
gene-A9G17_RS12265	888	651.786	0	0
gene-A9G17_RS12275	705	470.425	1	0.3882
gene-A9G17_RS12280	1392	1155.15	4	0.632367
gene-A9G17_RS12285	1005	768.148	3	0.713219
gene-A9G17_RS12290	843	607.102	0	0
gene-A9G17_RS12295	234	80.3412	0	0
gene-A9G17_RS12300	2253	2016.15	0	0
gene-A9G17_RS12305	327	139.697	0	0
gene-A9G17_RS12310	702	467.519	0	0
gene-A9G17_RS12315	771	535.607	1	0.340958
gene-A9G17_RS12320	759	523.871	0	0
gene-A9G17_RS12325	879	642.851	5	1.42039
gene-A9G17_RS12330	762	526.713	0	0
gene-A9G17_RS12335	711	476.425	1	0.383312
gene-A9G17_RS12340	456	239.474	0	0
gene-A9G17_RS12345	2010	1773.15	0	0
gene-A9G17_RS12350	816	580.22	0	0
gene-A9G17_RS12355	186	51.5528	0	0
gene-A9G17_RS12360	1140	903.148	1	0.202203
gene-A9G17_RS12365	357	161.939	0	0
gene-A9G17_RS12370	243	86.2978	0	0
gene-A9G17_RS12375	2379	2142.15	0	0
gene-A9G17_RS12380	246	88.3653	0	0
gene-A9G17_RS12385	456	239.474	0	0
gene-A9G17_RS12390	951	714.441	3	0.766834
gene-A9G17_RS12395	2007	1770.15	19	1.96016
gene-A9G17_RS12400	948	711.441	2	0.513378
gene-A9G17_RS12405	1248	1011.15	2	0.361212
gene-A9G17_RS12410	402	196.065	0	0
gene-A9G17_RS12415	522	296.313	0	0
gene-A9G17_RS12420	1029	792.148	0	0
gene-A9G17_RS12425	360	164.089	0	0
gene-A9G17_RS12430	1563	1326.15	0	0
gene-A9G17_RS12435	1389	1152.15	1	0.158503
gene-A9G17_RS12440	1323	1086.15	2	0.33627
gene-A9G17_RS12445	921	684.652	0	0
gene-A9G17_RS12450	1974	1737.15	0	0
gene-A9G17_RS12455	672	438.199	0	0
gene-A9G17_RS12460	477	256.972	0	0
gene-A9G17_RS12465	591	359.748	0	0
rna-A9G17_RS12470	77	33.2069	0	0
gene-A9G17_RS12475	1839	1602.15	1	0.113984
gene-A9G17_RS12480	1233	996.148	0	0
gene-A9G17_RS12485	1179	942.148	3	0.581499
gene-A9G17_RS12490	2061	1824.15	2	0.200224
gene-A9G17_RS12495	339	148.373	0	0
gene-A9G17_RS12500	609	377.075	0	0
gene-A9G17_RS12505	1005	768.148	0	0
gene-A9G17_RS12510	966	729.297	4	1.00162
gene-A9G17_RS12515	645	411.887	0	0
gene-A9G17_RS12520	459	242.039	0	0
gene-A9G17_RS12525	543	314.965	0	0
gene-A9G17_RS12530	474	254.347	0	0
gene-A9G17_RS12535	1206	969.148	1	0.188433
gene-A9G17_RS12540	2151	1914.15	6	0.57243
gene-A9G17_RS12545	477	256.972	0	0
gene-A9G17_RS12550	1584	1347.15	2	0.27112
gene-A9G17_RS12555	1347	1110.15	0	0
gene-A9G17_RS12560	804	568.277	0	0
gene-A9G17_RS12565	372	173.403	0	0
gene-A9G17_RS12570	345	153.15	0	0
gene-A9G17_RS12575	525	298.977	0	0
gene-A9G17_RS12580	14883	14646.1	20	0.249375
gene-A9G17_RS12585	666	432.418	0	0
gene-A9G17_RS12590	1401	1164.15	0	0
gene-A9G17_RS12595	1020	783.148	1	0.233186
gene-A9G17_RS12600	1530	1293.15	0	0
gene-A9G17_RS12605	1386	1149.15	0	0
gene-A9G17_RS12610	1413	1176.15	0	0
gene-A9G17_RS12615	720	485.425	0	0
gene-A9G17_RS12620	4278	4041.15	2	0.0903799
gene-A9G17_RS12625	609	377.075	0	0
gene-A9G17_RS12630	1755	1518.15	1	0.120291
gene-A9G17_RS12635	1338	1101.15	0	0
gene-A9G17_RS12640	477	256.972	0	0
gene-A9G17_RS12645	939	702.582	0	0
gene-A9G17_RS12650	264	99.2773	4	7.35794
gene-A9G17_RS12655	1383	1146.15	4	0.637332
gene-A9G17_RS12660	435	222.584	0	0
gene-A9G17_RS12665	1392	1155.15	0	0
gene-A9G17_RS12670	1692	1455.15	4	0.501995
gene-A9G17_RS12675	465	246.848	2	1.47961
gene-A9G17_RS12680	2601	2364.15	3	0.231736
gene-A9G17_RS12685	975	738.297	0	0
gene-A9G17_RS12690	642	409.052	2	0.892889
gene-A9G17_RS12695	777	541.553	0	0
gene-A9G17_RS12700	738	503.227	1	0.362896
gene-A9G17_RS12985	588	357.074	0	0
gene-A9G17_RS12990	1068	831.148	0	0
gene-A9G17_RS00005	962	725.297	0	0
gene-JF72_RS00005	1368	1131.15	5	0.80723
gene-JF72_RS00010	1131	894.148	0	0
gene-JF72_RS00015	222	73.7674	4	9.90244
gene-JF72_RS00020	1140	903.148	23	4.65067
gene-JF72_RS00025	1965	1728.15	26	2.74751
gene-JF72_RS00030	2496	2259.15	27	2.18256
gene-JF72_RS00035	294	117.242	14	21.8068
gene-JF72_RS00040	522	296.313	17.6805	10.8966
gene-JF72_RS00045	240	84.4063	1	2.16357
gene-JF72_RS00050	717	482.425	1	0.378544
gene-JF72_RS00055	969	732.297	3	0.748135
gene-JF72_RS00060	486	264.853	0	0
gene-JF72_RS00065	789	553.388	1	0.330002
gene-JF72_RS00070	822	586.162	4	1.2462
gene-JF72_RS00075	501	277.795	1	0.657388
gene-JF72_RS00080	2022	1785.15	6	0.613795
gene-JF72_RS00085	456	239.474	1	0.762586
gene-JF72_RS00090	1386	1149.15	3	0.476751
gene-JF72_RS08225	159	37.5282	26	126.521
gene-JF72_RS00095	1200	963.148	11	2.08567
gene-JF72_RS00100	702	467.519	6	2.34368
gene-JF72_RS00105	204	62.0897	0	0
rna-JF72_RS00110	73	34.8061	0	0
gene-JF72_RS00115	219	71.7234	0	0
gene-JF72_RS00120	717	482.425	0	0
gene-JF72_RS00125	1089	852.148	0	0
gene-JF72_RS00135	357	161.939	0	0
gene-JF72_RS00140	534	307.013	0	0
gene-JF72_RS00145	795	559.277	0	0
gene-JF72_RS00150	216	69.8915	0	0
gene-JF72_RS00155	459	242.039	0	0
gene-JF72_RS00160	648	414.804	4	1.76102
gene-JF72_RS00165	1257	1020.15	3	0.537037
gene-JF72_RS00170	858	622.04	6	1.76149
gene-JF72_RS00175	1947	1710.15	4	0.427142
gene-JF72_RS00180	972	735.297	0	0
gene-JF72_RS08030	2103	1866.15	3	0.293577
gene-JF72_RS00190	521	295.404	0	0
gene-JF72_RS08035	2199	1962.15	13	1.20992
gene-JF72_RS00200	615	382.808	1	0.477052
gene-JF72_RS08040	297	119.014	0	0
gene-JF72_RS00205	300	120.861	0	0
gene-JF72_RS00210	1806	1569.15	4	0.465525
gene-JF72_RS00215	906	669.72	0	0
gene-JF72_RS00220	678	444.021	1	0.411285
gene-JF72_RS00225	897	660.786	1	0.276366
gene-JF72_RS00230	1224	987.148	0	0
gene-JF72_RS00235	906	669.72	0	0
gene-JF72_RS00240	318	133.428	0	0
gene-JF72_RS00245	384	182.393	0	0
gene-JF72_RS00250	888	651.786	0	0
gene-JF72_RS00255	354	159.705	0	0
gene-JF72_RS00260	864	627.915	1	0.290834
gene-JF72_RS00265	1746	1509.15	1	0.121008
gene-JF72_RS00270	849	613.102	0	0
gene-JF72_RS00275	864	627.915	2	0.581668
gene-JF72_RS00280	543	314.965	0	0
gene-JF72_RS00285	516	290.887	0	0
gene-JF72_RS00290	390	187.171	0	0
gene-JF72_RS00295	2235	1998.15	3	0.274183
gene-JF72_RS00300	186	51.5528	0	0
gene-JF72_RS00305	708	473.425	0	0
gene-JF72_RS00310	864	627.915	2	0.581668
gene-JF72_RS00315	765	529.66	5	1.72393
gene-JF72_RS00320	1578	1341.15	0	0
gene-JF72_RS00325	1011	774.148	4	0.943588
gene-JF72_RS00330	828	592.102	0	0
gene-JF72_RS00335	2850	2613.15	6	0.419309
gene-JF72_RS00340	1128	891.148	1	0.204926
gene-JF72_RS00345	927	690.652	0	0
gene-JF72_RS00350	1881	1644.15	3	0.333217
gene-JF72_RS08230	84	27.3408	0	0
gene-JF72_RS00355	231	78.702	7	16.2427
gene-JF72_RS00360	888	651.786	0	0
gene-JF72_RS00365	948	711.441	0	0
gene-JF72_RS00370	846	610.102	0	0
gene-JF72_RS00375	762	526.713	0	0
gene-JF72_RS00380	1119	882.148	1	0.207017
gene-JF72_RS00385	720	485.425	0	0
gene-JF72_RS00390	906	669.72	0	0
gene-JF72_RS00395	624	391.496	1	0.466465
gene-JF72_RS00400	324	137.442	0	0
rna-JF72_RS00405	76	33.0619	0	0
rna-JF72_RS00410	76	33.0619	0	0
gene-JF72_RS00415	717	482.425	3	1.13563
gene-JF72_RS00420	1857	1620.15	2	0.225435
gene-JF72_RS00425	1320	1083.15	2	0.337201
gene-JF72_RS00430	822	586.162	3	0.934653
gene-JF72_RS00435	798	562.277	1	0.324785
gene-JF72_RS00440	1215	978.148	4	0.746796
gene-JF72_RS00445	480	259.538	2	1.40727
gene-JF72_RS00450	1413	1176.15	3	0.465807
gene-JF72_RS00455	1599	1362.15	0	0
gene-JF72_RS00460	1581	1344.15	1	0.135862
gene-JF72_RS00465	654	420.762	0	0
gene-JF72_RS00470	1356	1119.15	1	0.163177
gene-JF72_RS00475	945	708.441	3	0.773328
gene-JF72_RS00480	894	657.786	3	0.832881
gene-JF72_RS00485	570	340.278	0	0
gene-JF72_RS00490	1101	864.148	0	0
gene-JF72_RS00495	363	166.29	29	31.8477
gene-JF72_RS00500	411	203.419	0	0
gene-JF72_RS08235	180	48.1736	1	3.79086
gene-JF72_RS00510	411	203.419	0	0
gene-JF72_RS00515	363	166.29	0	0
gene-JF72_RS00525	351	157.502	0	0
gene-JF72_RS08240	141	29.1263	8	50.1593
gene-JF72_RS00530	927	690.652	6	1.58649
gene-JF72_RS00535	1941	1704.15	2	0.214323
gene-JF72_RS00540	1524	1287.15	6	0.851274
gene-JF72_RS08045	1836	1599.15	7	0.799385
gene-JF72_RS00550	1524	1287.15	4.2	0.595892
gene-JF72_RS00555	1524	1287.15	0	0
gene-JF72_RS00560	1302	1065.15	11	1.88595
gene-JF72_RS00565	402	196.065	0	0
gene-JF72_RS08180	96	19.7281	0	0
gene-JF72_RS00570	750	514.922	0	0
gene-JF72_RS00575	1620	1383.15	0	0
gene-JF72_RS00580	633	400.256	0	0
gene-JF72_RS00585	351	157.502	0	0
gene-JF72_RS00590	774	538.607	1	0.339058
gene-JF72_RS00595	705	470.425	0	0
gene-JF72_RS00600	642	409.052	11	4.91089
gene-JF72_RS00605	1014	777.148	1	0.234986
gene-JF72_RS00610	477	256.972	0	0
gene-JF72_RS00615	1458	1221.15	0	0
gene-JF72_RS00620	933	696.652	0	0
gene-JF72_RS00625	801	565.277	6	1.93837
gene-JF72_RS00630	966	729.297	10	2.50404
gene-JF72_RS00635	846	610.102	2	0.598651
gene-JF72_RS00640	657	423.677	0	0
gene-JF72_RS00645	981	744.224	2	0.490764
gene-JF72_RS00650	684	449.977	1	0.405841
gene-JF72_RS00655	828	592.102	3	0.925275
gene-JF72_RS00660	474	254.347	1	0.717991
gene-JF72_RS00665	987	750.224	2	0.486839
gene-JF72_RS00670	1038	801.148	0	0
gene-JF72_RS00675	1086	849.148	2	0.430123
gene-JF72_RS00680	780	544.553	1	0.335356
gene-JF72_RS00685	1125	888.148	1	0.205618
gene-JF72_RS00690	762	526.713	0	0
gene-JF72_RS00695	816	580.22	1	0.314741
gene-JF72_RS00700	393	189.447	0	0
gene-JF72_RS00705	531	304.451	0	0
gene-JF72_RS00710	366	168.799	0	0
gene-JF72_RS00715	2538	2301.15	7	0.55552
gene-JF72_RS00720	1212	975.148	0	0
gene-JF72_RS00725	789	553.388	0	0
gene-JF72_RS00730	615	382.808	1	0.477052
gene-JF72_RS00735	750	514.922	0	0
gene-JF72_RS00740	1827	1590.15	0	0
gene-JF72_RS00745	1812	1575.15	0	0
gene-JF72_RS00750	1197	960.148	2	0.380398
gene-JF72_RS00755	879	642.851	0	0
gene-JF72_RS00760	957	720.37	3	0.760523
gene-JF72_RS00765	783	547.388	1	0.333619
gene-JF72_RS00770	711	476.425	2	0.766623
gene-JF72_RS00775	648	414.804	6	2.64153
gene-JF72_RS00780	630	397.376	48	22.059
gene-JF72_RS00785	2295	2058.15	2	0.17746
gene-JF72_RS00790	450	234.736	0	0
gene-JF72_RS00795	915	678.72	0	0
gene-JF72_RS00800	573	343.139	1	0.532201
gene-JF72_RS00805	498	275.081	0	0
gene-JF72_RS00810	852	616.102	0	0
gene-JF72_RS00815	1413	1176.15	2	0.310538
gene-JF72_RS00820	765	529.66	0	0
gene-JF72_RS00825	447	232.186	0	0
gene-JF72_RS00830	348	155.386	2	2.35052
gene-JF72_RS00835	657	423.677	0	0
gene-JF72_RS00840	768	532.607	1	0.342878
gene-JF72_RS00845	606	374.341	0	0
gene-JF72_RS00850	522	296.313	2	1.23261
gene-JF72_RS00855	1062	825.148	0	0
gene-JF72_RS00860	675	441.199	2	0.827831
gene-JF72_RS00865	219	71.7234	2	5.09232
gene-JF72_RS00870	639	406.134	1	0.449652
gene-JF72_RS00875	540	312.253	9	5.26359
gene-JF72_RS00880	549	320.48	13	7.40779
gene-JF72_RS00885	792	556.333	6	1.96953
gene-JF72_RS00890	930	693.652	2	0.526544
gene-JF72_RS08245	642	409.052	3	1.33933
gene-JF72_RS00900	537	309.666	0	0
gene-JF72_RS00905	723	488.376	5	1.86966
gene-JF72_RS00910	837	601.102	3	0.911421
gene-JF72_RS00915	780	544.553	6	2.01214
gene-JF72_RS00920	888	651.786	3	0.840548
gene-JF72_RS00925	276	106.499	0	0
gene-JF72_RS00930	1101	864.148	2	0.422657
gene-JF72_RS00935	783	547.388	1	0.333619
gene-JF72_RS00940	1725	1488.15	1	0.122716
gene-JF72_RS00945	1869	1632.15	2	0.223778
gene-JF72_RS00950	1527	1290.15	39	5.52041
gene-JF72_RS00955	981	744.224	25	6.13455
gene-JF72_RS00960	687	452.796	3	1.20994
gene-JF72_RS00965	1155	918.148	6	1.1934
gene-JF72_RS00970	1569	1332.15	16	2.19338
gene-JF72_RS00975	747	511.974	5	1.78348
gene-JF72_RS00980	804	568.277	2	0.642712
gene-JF72_RS00985	918	681.652	1	0.267907
gene-JF72_RS00990	972	735.297	1	0.248361
gene-JF72_RS00995	972	735.297	0	0
gene-JF72_RS01000	1263	1026.15	0	0
gene-JF72_RS01005	246	88.3653	0	0
gene-JF72_RS01010	942	705.582	3	0.776462
gene-JF72_RS01015	906	669.72	3	0.818039
gene-JF72_RS01020	387	184.806	0	0
gene-JF72_RS01025	405	198.514	0	0
gene-JF72_RS01030	1254	1017.15	28	5.02713
gene-JF72_RS01035	915	678.72	0	0
gene-JF72_RS01040	450	234.736	6	4.66786
gene-JF72_RS01045	636	403.175	7	3.17067
gene-JF72_RS01050	825	589.162	14	4.3395
gene-JF72_RS01055	954	717.37	12	3.05481
gene-JF72_RS01060	888	651.786	2	0.560365
gene-JF72_RS01065	825	589.162	0	0
gene-JF72_RS01070	1086	849.148	1	0.215062
gene-JF72_RS01075	867	630.915	1	0.289451
gene-JF72_RS01080	825	589.162	2	0.619929
gene-JF72_RS01085	1296	1059.15	0	0
gene-JF72_RS01090	1314	1077.15	7	1.18678
gene-JF72_RS01095	912	675.72	0	0
gene-JF72_RS01100	1248	1011.15	0	0
gene-JF72_RS01105	1503	1266.15	0	0
gene-JF72_RS01110	1311	1074.15	12	2.04016
gene-JF72_RS01115	918	681.652	2	0.535813
gene-JF72_RS01120	930	693.652	4	1.05309
gene-JF72_RS01125	564	334.587	0	0
gene-JF72_RS01130	2949	2712.15	9	0.606004
gene-JF72_RS01135	1557	1320.15	0	0
gene-JF72_RS01140	1035	798.148	1	0.228804
gene-JF72_RS01145	1377	1140.15	6	0.961029
gene-JF72_RS01150	789	553.388	0	0
gene-JF72_RS01155	606	374.341	2	0.975684
gene-JF72_RS01160	528	301.637	0	0
gene-JF72_RS01165	1644	1407.15	17	2.20625
gene-JF72_RS01170	966	729.297	10	2.50404
gene-JF72_RS01175	1308	1071.15	3	0.511468
gene-JF72_RS01180	1005	768.148	7	1.66418
gene-JF72_RS01185	807	571.277	1	0.319668
gene-JF72_RS01190	915	678.72	1	0.269064
gene-JF72_RS01195	363	166.29	3	3.29459
gene-JF72_RS01200	1371	1134.15	2	0.322038
gene-JF72_RS01205	558	328.755	2	1.11097
gene-JF72_RS01210	993	756.224	0	0
gene-JF72_RS01215	765	529.66	3	1.03436
rna-JF72_RS01220	73	34.8061	0	0
gene-JF72_RS01225	873	636.915	1	0.286725
gene-JF72_RS01230	709	474.425	0	0
gene-JF72_RS01235	747	511.974	0	0
gene-JF72_RS01240	765	529.66	0	0
gene-JF72_RS01245	963	726.297	0	0
gene-JF72_RS01250	831	595.102	1	0.30687
gene-JF72_RS01255	1413	1176.15	1	0.155269
gene-JF72_RS01260	1080	843.148	1	0.216592
gene-JF72_RS01265	999	762.148	4	0.958445
gene-JF72_RS08250	117	20.3514	2	17.9466
gene-JF72_RS01270	663	429.548	4	1.70057
gene-JF72_RS01275	720	485.425	0	0
gene-JF72_RS01280	996	759.148	0	0
gene-JF72_RS01285	423	212.807	3	2.57444
gene-JF72_RS01290	471	251.746	0	0
gene-JF72_RS01295	789	553.388	1	0.330002
gene-JF72_RS01300	837	601.102	1	0.303807
gene-JF72_RS01305	978	741.224	4	0.985501
gene-JF72_RS01310	978	741.224	0	0
gene-JF72_RS01315	705	470.425	0	0
gene-JF72_RS01320	1059	822.148	1	0.222125
gene-JF72_RS01325	468	249.142	0	0
rna-JF72_RS01330	72	34.1546	0	0
gene-JF72_RS01335	1182	945.148	2	0.386435
rna-JF72_RS01340	82	28.9745	0	0
rna-JF72_RS01345	72	34.1546	0	0
gene-JF72_RS01350	1116	879.148	2	0.415446
gene-JF72_RS01355	699	464.566	6	2.35858
gene-JF72_RS01360	387	184.806	1	0.988166
gene-JF72_RS01365	732	497.278	1	0.367238
gene-JF72_RS01370	1101	864.148	11	2.32462
gene-JF72_RS01375	1479	1242.15	8	1.17615
gene-JF72_RS01380	834	598.102	1	0.305331
gene-JF72_RS01385	2637	2400.15	5	0.380433
gene-JF72_RS01390	258	95.3596	5	9.57529
gene-JF72_RS01395	429	217.564	2	1.67877
gene-JF72_RS01400	306	124.664	5	7.32446
gene-JF72_RS01405	2361	2124.15	5	0.429865
gene-JF72_RS01410	312	129.046	5	7.07576
gene-JF72_RS01415	378	177.878	13	13.3465
gene-JF72_RS01420	408	201.092	4	3.63255
gene-JF72_RS01425	789	553.388	2	0.660004
gene-JF72_RS01430	615	382.808	1	0.477052
gene-JF72_RS01435	816	580.22	1	0.314741
gene-JF72_RS01440	432	220.183	3	2.48819
gene-JF72_RS01445	378	177.878	0	0
gene-JF72_RS01450	1107	870.148	4	0.839486
gene-JF72_RS01455	1002	765.148	1	0.238672
gene-JF72_RS01460	1371	1134.15	0	0
gene-JF72_RS01465	333	144.04	3	3.80352
gene-JF72_RS01470	1401	1164.15	3	0.470608
gene-JF72_RS01475	582	351.575	0	0
gene-JF72_RS01480	777	541.553	0	0
gene-JF72_RS01485	609	377.075	0	0
gene-JF72_RS01490	651	417.762	0	0
gene-JF72_RS01495	1002	765.148	1	0.238672
rna-JF72_RS01500	73	34.8061	0	0
rna-JF72_RS01505	73	34.8061	0	0
rna-JF72_RS01510	82	28.9745	0	0
rna-JF72_RS01515	73	34.8061	0	0
rna-JF72_RS01520	72	34.1546	0	0
rna-JF72_RS01525	86	26.6667	0	0
rna-JF72_RS01530	74	33.7981	0	0
rna-JF72_RS01535	74	33.7981	0	0
rna-JF72_RS01540	74	33.7981	0	0
rna-JF72_RS01545	74	33.7981	0	0
rna-JF72_RS01550	74	33.7981	0	0
rna-JF72_RS01555	74	33.7981	0	0
rna-JF72_RS01560	73	34.8061	0	0
rna-JF72_RS01565	71	34.2128	0	0
rna-JF72_RS01570	74	33.7981	2	10.8065
rna-JF72_RS01575	90	23.2463	0	0
rna-JF72_RS01580	72	34.1546	0	0
rna-JF72_RS01585	87	26.0237	0	0
rna-JF72_RS01590	74	33.7981	0	0
rna-JF72_RS01595	74	33.7981	0	0
rna-JF72_RS01600	76	33.0619	0	0
rna-JF72_RS01605	82	28.9745	0	0
rna-JF72_RS01610	71	34.2128	0	0
rna-JF72_RS01615	76	33.0619	0	0
rna-JF72_RS01620	72	34.1546	0	0
rna-JF72_RS01625	71	34.2128	0	0
rna-JF72_RS01630	85	27.0319	0	0
gene-JF72_RS01635	1176	939.148	4	0.777808
gene-JF72_RS01640	1044	807.148	1	0.226252
gene-JF72_RS01645	1026	789.148	0	0
gene-JF72_RS01650	2064	1827.15	8	0.799581
gene-JF72_RS01655	234	80.3412	3	6.81914
gene-JF72_RS01660	2331	2094.15	7	0.610432
gene-JF72_RS01665	459	242.039	5	3.77252
gene-JF72_RS01670	657	423.677	0	0
gene-JF72_RS01675	1338	1101.15	5	0.829222
gene-JF72_RS01680	567	337.416	0	0
gene-JF72_RS01685	1083	846.148	0	0
gene-JF72_RS01690	579	348.788	2	1.04716
gene-JF72_RS01695	747	511.974	0	0
gene-JF72_RS01700	489	267.38	0	0
gene-JF72_RS01705	642	409.052	0	0
gene-JF72_RS01710	471	251.746	0	0
gene-JF72_RS01715	729	494.327	0	0
gene-JF72_RS01720	453	236.93	0	0
gene-JF72_RS01725	474	254.347	0	0
gene-JF72_RS01730	786	550.388	0	0
gene-JF72_RS01735	837	601.102	1	0.303807
gene-JF72_RS01740	1005	768.148	2	0.475479
gene-JF72_RS01745	237	82.3177	18	39.9324
gene-JF72_RS01750	336	146.093	45	56.2509
gene-JF72_RS01755	360	164.089	29	32.275
gene-JF72_RS01760	1446	1209.15	3	0.453094
gene-JF72_RS01765	501	277.795	2	1.31478
gene-JF72_RS01770	1362	1125.15	3	0.486921
gene-JF72_RS01775	315	131.376	1	1.39005
gene-JF72_RS01780	618	385.73	2	0.946875
gene-JF72_RS01785	585	354.218	1	0.515556
gene-JF72_RS01790	471	251.746	25	18.1352
gene-JF72_RS01795	696	461.658	2	0.791144
gene-JF72_RS01800	921	684.652	1	0.266733
gene-JF72_RS01805	726	491.327	0	0
gene-JF72_RS01810	378	177.878	0	0
gene-JF72_RS01815	765	529.66	0	0
gene-JF72_RS01820	2403	2166.15	25	2.10765
gene-JF72_RS01825	1362	1125.15	0	0
gene-JF72_RS01830	1269	1032.15	1	0.176931
gene-JF72_RS01835	1173	936.148	0	0
gene-JF72_RS01840	2670	2433.15	5	0.375274
gene-JF72_RS01845	444	229.732	1	0.794924
gene-JF72_RS01850	738	503.227	5	1.81448
gene-JF72_RS01855	816	580.22	3	0.944224
gene-JF72_RS01860	639	406.134	1	0.449652
gene-JF72_RS01865	654	420.762	1	0.43402
gene-JF72_RS01870	978	741.224	0	0
gene-JF72_RS01875	816	580.22	1	0.314741
gene-JF72_RS01880	1629	1392.15	0	0
gene-JF72_RS01885	1623	1386.15	1	0.131746
gene-JF72_RS01890	933	696.652	0	0
gene-JF72_RS01895	909	672.72	2	0.542928
gene-JF72_RS01900	1080	843.148	0	0
gene-JF72_RS01905	900	663.72	1	0.275145
gene-JF72_RS01910	534	307.013	1	0.594826
gene-JF72_RS01915	762	526.713	0	0
gene-JF72_RS08055	747	511.974	5	1.78348
gene-JF72_RS01925	849	613.102	6	1.78717
gene-JF72_RS01930	1146	909.148	2	0.401737
gene-JF72_RS01935	1431	1194.15	1	0.152928
gene-JF72_RS01940	699	464.566	1	0.393097
gene-JF72_RS01945	474	254.347	0	0
gene-JF72_RS01950	687	452.796	4	1.61326
gene-JF72_RS01955	1752	1515.15	0	0
rna-JF72_RS01960	90	23.2463	0	0
gene-JF72_RS01965	648	414.804	1	0.440254
gene-JF72_RS01970	2247	2010.15	1	0.0908486
gene-JF72_RS01975	2013	1776.15	5	0.514088
gene-JF72_RS01980	1140	903.148	12	2.42644
gene-JF72_RS01985	303	122.716	2	2.97629
gene-JF72_RS01990	1440	1203.15	2	0.303569
gene-JF72_RS01995	1431	1194.15	1	0.152928
gene-JF72_RS02000	921	684.652	3	0.800198
gene-JF72_RS02005	1008	771.148	1	0.236815
gene-JF72_RS02010	714	479.425	0	0
gene-JF72_RS02015	1347	1110.15	3	0.4935
gene-JF72_RS02025	516	290.887	0	0
gene-JF72_RS02030	1227	990.148	0	0
gene-JF72_RS02035	240	84.4063	0	0
gene-JF72_RS02040	1656	1419.15	0	0
gene-JF72_RS02045	381	179.973	0	0
gene-JF72_RS02050	366	168.799	2	2.16375
gene-JF72_RS02055	459	242.039	1	0.754503
gene-JF72_RS02060	435	222.584	0	0
gene-JF72_RS02065	567	337.416	1	0.541229
gene-JF72_RS02070	189	53.2657	0	0
gene-JF72_RS02075	2046	1809.15	0	0
gene-JF72_RS02080	1140	903.148	0	0
gene-JF72_RS02085	1212	975.148	1	0.187273
gene-JF72_RS02090	405	198.514	0	0
gene-JF72_RS02095	1185	948.148	0	0
gene-JF72_RS02100	1002	765.148	1	0.238672
gene-JF72_RS02105	708	473.425	3	1.15722
gene-JF72_RS02110	1242	1005.15	3	0.545052
gene-JF72_RS02115	1329	1092.15	1	0.167211
rna-JF72_RS02120	73	34.8061	0	0
gene-JF72_RS02125	906	669.72	1	0.27268
gene-JF72_RS02130	237	82.3177	19	42.1509
gene-JF72_RS02140	1143	906.148	8	1.61227
gene-JF72_RS02145	534	307.013	0	0
gene-JF72_RS02150	447	232.186	0	0
gene-JF72_RS02155	828	592.102	1	0.308425
gene-JF72_RS02160	924	687.652	1	0.265569
gene-JF72_RS02165	897	660.786	1	0.276366
gene-JF72_RS02170	1152	915.148	1	0.199552
gene-JF72_RS02175	1212	975.148	0	0
gene-JF72_RS02180	1164	927.148	0	0
gene-JF72_RS02185	285	112.337	0	0
gene-JF72_RS02190	957	720.37	2	0.507015
gene-JF72_RS02195	1377	1140.15	10	1.60172
gene-JF72_RS02200	816	580.22	6	1.88845
gene-JF72_RS02205	480	259.538	0	0
gene-JF72_RS02210	462	244.394	3	2.2417
gene-JF72_RS02215	870	633.915	3	0.864244
gene-JF72_RS02220	1572	1335.15	3	0.410335
gene-JF72_RS02225	282	110.248	3	4.96933
gene-JF72_RS02230	2196	1959.15	37	3.4489
gene-JF72_RS02235	183	49.9191	4	14.6332
gene-JF72_RS02240	267	101.144	0	0
gene-JF72_RS02245	1734	1497.15	15	1.82967
gene-JF72_RS02250	399	193.785	26	24.5019
gene-JF72_RS02255	732	497.278	15	5.50857
gene-JF72_RS02260	861	624.978	3	0.876603
gene-JF72_RS02265	648	414.804	0	0
gene-JF72_RS02270	624	391.496	5	2.33233
gene-JF72_RS02275	630	397.376	1	0.459562
gene-JF72_RS02280	807	571.277	1	0.319668
gene-JF72_RS02285	900	663.72	3	0.825434
gene-JF72_RS02290	1035	798.148	5	1.14402
gene-JF72_RS02295	2757	2520.15	2	0.144927
gene-JF72_RS02300	381	179.973	4	4.05881
gene-JF72_RS02305	1203	966.148	2	0.378036
gene-JF72_RS02310	561	331.688	0	0
gene-JF72_RS02315	393	189.447	0	0
gene-JF72_RS02320	2439	2202.15	4	0.331711
gene-JF72_RS02325	729	494.327	3	1.10829
gene-JF72_RS02330	1074	837.148	8	1.74516
gene-JF72_RS02335	561	331.688	2	1.10115
gene-JF72_RS02340	1176	939.148	5	0.97226
gene-JF72_RS02345	624	391.496	3	1.3994
gene-JF72_RS02350	936	699.582	7	1.82728
gene-JF72_RS02355	660	426.634	2	0.856093
gene-JF72_RS02360	1113	876.148	36	7.50363
gene-JF72_RS02365	1632	1395.15	31	4.05777
gene-JF72_RS02370	1158	921.148	1	0.198252
gene-JF72_RS02375	663	429.548	3	1.27543
gene-JF72_RS02380	1284	1047.15	0	0
gene-JF72_RS02385	690	455.704	2	0.801481
gene-JF72_RS02390	549	320.48	25	14.2457
gene-JF72_RS02395	2400	2163.15	23	1.94173
gene-JF72_RS02400	1116	879.148	8	1.66178
gene-JF72_RS02405	285	112.337	2	3.25128
gene-JF72_RS02410	963	726.297	3	0.754316
gene-JF72_RS02415	837	601.102	0	0
gene-JF72_RS02420	1020	783.148	5	1.16593
gene-JF72_RS02425	930	693.652	30	7.89816
gene-JF72_RS02430	1725	1488.15	8	0.981726
gene-JF72_RS02435	2043	1806.15	25	2.52774
gene-JF72_RS02440	2853	2616.15	27	1.88472
gene-JF72_RS02445	543	314.965	1	0.579808
gene-JF72_RS02450	879	642.851	7	1.98854
gene-JF72_RS02455	1035	798.148	8	1.83043
gene-JF72_RS02460	936	699.582	5	1.3052
gene-JF72_RS02465	585	354.218	5	2.57778
gene-JF72_RS02470	1701	1464.15	1	0.124727
gene-JF72_RS02475	450	234.736	3	2.33393
gene-JF72_RS02480	1440	1203.15	0	0
gene-JF72_RS02485	1527	1290.15	4	0.566196
gene-JF72_RS02490	705	470.425	0	0
gene-JF72_RS02495	729	494.327	0	0
gene-JF72_RS02500	732	497.278	0	0
gene-JF72_RS02505	1029	792.148	0	0
gene-JF72_RS02510	1032	795.148	10	2.29667
gene-JF72_RS02515	1017	780.148	23	5.38391
gene-JF72_RS02520	1212	975.148	7	1.31091
gene-JF72_RS02525	756	520.871	2	0.701207
gene-JF72_RS02530	471	251.746	0	0
gene-JF72_RS02535	582	351.575	2	1.03886
gene-JF72_RS02540	612	379.885	0	0
gene-JF72_RS02545	576	345.999	1	0.527802
gene-JF72_RS02550	855	619.102	1	0.294974
gene-JF72_RS02555	396	191.63	0	0
gene-JF72_RS02560	1602	1365.15	0	0
gene-JF72_RS02565	1224	987.148	0	0
gene-JF72_RS08255	240	84.4063	0	0
gene-JF72_RS02575	876	639.915	3	0.856141
gene-JF72_RS02580	699	464.566	0	0
gene-JF72_RS02585	990	753.224	0	0
gene-JF72_RS02590	477	256.972	0	0
gene-JF72_RS02595	534	307.013	2	1.18965
gene-JF72_RS02600	900	663.72	1	0.275145
gene-JF72_RS02605	846	610.102	0	0
gene-JF72_RS02610	975	738.297	4	0.989407
gene-JF72_RS02615	1353	1116.15	6	0.981694
gene-JF72_RS02620	1812	1575.15	0	0
gene-JF72_RS02625	816	580.22	0	0
gene-JF72_RS02630	438	224.858	9	7.30939
gene-JF72_RS02635	714	479.425	3	1.14274
gene-JF72_RS02640	1521	1284.15	7	0.995473
gene-JF72_RS02645	1398	1161.15	0	0
gene-JF72_RS02650	426	215.129	2	1.69776
gene-JF72_RS02655	1146	909.148	2	0.401737
gene-JF72_RS02660	369	170.944	9	9.61466
gene-JF72_RS02665	1905	1668.15	77	8.42952
gene-JF72_RS02670	2775	2538.15	12	0.863397
gene-JF72_RS02675	702	467.519	3	1.17184
gene-JF72_RS02680	813	577.22	3	0.949132
gene-JF72_RS02685	1662	1425.15	0	0
gene-JF72_RS02690	726	491.327	1	0.371685
gene-JF72_RS02695	921	684.652	0	0
gene-JF72_RS02700	1407	1170.15	0	0
gene-JF72_RS02705	975	738.297	0	0
gene-JF72_RS02710	1005	768.148	0	0
gene-JF72_RS02715	351	157.502	0	0
gene-JF72_RS08260	165	40.5458	0	0
gene-JF72_RS02720	246	88.3653	0	0
gene-JF72_RS02725	522	296.313	0	0
gene-JF72_RS02730	1002	765.148	0	0
gene-JF72_RS02735	1185	948.148	0	0
gene-JF72_RS08185	294	117.242	1	1.55763
gene-JF72_RS02740	807	571.277	0	0
rna-JF72_RS08150	368	170.323	84	90.0644
gene-JF72_RS02745	969	732.297	3	0.748135
gene-JF72_RS02750	396	191.63	2	1.90596
gene-JF72_RS02755	738	503.227	1	0.362896
gene-JF72_RS02760	1452	1215.15	6	0.901714
gene-JF72_RS02765	867	630.915	0	0
gene-JF72_RS02770	2193	1956.15	1	0.0933565
gene-JF72_RS02775	624	391.496	1	0.466465
gene-JF72_RS02780	1347	1110.15	6	0.986999
gene-JF72_RS02785	1389	1152.15	1	0.158503
gene-JF72_RS02790	1089	852.148	0	0
gene-JF72_RS02795	660	426.634	0	0
gene-JF72_RS02800	2817	2580.15	3	0.212336
gene-JF72_RS02805	1704	1467.15	0	0
gene-JF72_RS02810	1011	774.148	0	0
gene-JF72_RS02815	1284	1047.15	1	0.174397
gene-JF72_RS02820	1419	1182.15	3	0.463443
gene-JF72_RS02825	318	133.428	0	0
gene-JF72_RS02830	1281	1044.15	0	0
gene-JF72_RS08265	177	46.825	0	0
gene-JF72_RS02835	1011	774.148	0	0
rna-JF72_RS02840	72	34.1546	0	0
rna-JF72_RS02845	72	34.1546	0	0
gene-JF72_RS02850	1614	1377.15	0	0
gene-JF72_RS02855	2157	1920.15	43	4.08959
gene-JF72_RS02860	615	382.808	0	0
gene-JF72_RS08060	657	423.677	3	1.2931
gene-JF72_RS02870	1461	1224.15	3	0.447542
gene-JF72_RS02875	1893	1656.15	2	0.220535
gene-JF72_RS02880	828	592.102	0	0
gene-JF72_RS02885	1353	1116.15	3	0.490847
gene-JF72_RS02890	600	368.453	1	0.495638
gene-JF72_RS02895	1089	852.148	1	0.214305
gene-JF72_RS02900	849	613.102	2	0.595722
gene-JF72_RS02905	1005	768.148	3	0.713219
gene-JF72_RS02910	630	397.376	6	2.75737
gene-JF72_RS02915	714	479.425	11	4.19004
gene-JF72_RS02920	225	75.4231	0	0
gene-JF72_RS02925	513	288.215	5	3.1681
gene-JF72_RS02930	549	320.48	6	3.41898
gene-JF72_RS02935	1512	1275.15	11	1.57536
gene-JF72_RS02940	963	726.297	6.46154	1.62468
gene-JF72_RS02945	1440	1203.15	8	1.21428
gene-JF72_RS02950	438	224.858	3	2.43646
gene-JF72_RS02955	231	78.702	0	0
gene-JF72_RS02960	990	753.224	2	0.4849
gene-JF72_RS02965	294	117.242	2	3.11526
gene-JF72_RS02970	231	78.702	1	2.32039
gene-JF72_RS02975	1194	957.148	3	0.572386
gene-JF72_RS02980	453	236.93	28	21.5816
gene-JF72_RS08190	282	110.248	0	0
gene-JF72_RS02985	10188	9951.15	217.8	3.99697
gene-JF72_RS02990	1305	1068.15	2	0.341936
gene-JF72_RS02995	471	251.746	1	0.72541
gene-JF72_RS03000	612	379.885	5	2.40361
gene-JF72_RS03010	1716	1479.15	2	0.246925
gene-JF72_RS03015	1158	921.148	0	0
gene-JF72_RS03020	1218	981.148	0	0
gene-JF72_RS03025	2640	2403.15	4	0.303967
gene-JF72_RS03030	1275	1038.15	3	0.527726
gene-JF72_RS03035	678	444.021	2	0.822569
gene-JF72_RS03040	624	391.496	1	0.466465
gene-JF72_RS03045	1005	768.148	2	0.475479
gene-JF72_RS03050	849	613.102	0	0
gene-JF72_RS03055	534	307.013	0	0
gene-JF72_RS08195	132	25.191	0	0
gene-JF72_RS03060	327	139.697	0	0
gene-JF72_RS03065	432	220.183	9	7.46457
gene-JF72_RS03070	948	711.441	13	3.33696
gene-JF72_RS03075	363	166.29	8	8.78558
gene-JF72_RS03080	2166	1929.15	5	0.473316
gene-JF72_RS03085	969	732.297	2	0.498757
gene-JF72_RS03090	1380	1143.15	8	1.27801
gene-JF72_RS03095	1110	873.148	1	0.20915
gene-JF72_RS03100	852	616.102	8	2.37128
gene-JF72_RS03105	1359	1122.15	19	3.09207
gene-JF72_RS03110	1329	1092.15	13	2.17374
gene-JF72_RS03115	441	227.347	1	0.803264
gene-JF72_RS03120	303	122.716	1	1.48814
gene-JF72_RS03125	810	574.277	2	0.635997
gene-JF72_RS03130	780	544.553	7	2.34749
gene-JF72_RS03135	2790	2553.15	0	0
gene-JF72_RS03140	207	64.019	0	0
gene-JF72_RS03145	564	334.587	0	0
gene-JF72_RS03150	360	164.089	4	4.45172
gene-JF72_RS03155	696	461.658	1	0.395572
gene-JF72_RS03160	1158	921.148	5	0.991259
gene-JF72_RS03165	342	150.555	1	1.21298
gene-JF72_RS03170	1092	855.148	11	2.34908
gene-JF72_RS03175	660	426.634	3	1.28414
gene-JF72_RS03180	651	417.762	0	0
gene-JF72_RS03185	2364	2127.15	2	0.171703
gene-JF72_RS03190	381	179.973	3	3.0441
gene-JF72_RS03195	417	208.169	0	0
gene-JF72_RS03200	948	711.441	0	0
gene-JF72_RS03205	1680	1443.15	3	0.379627
gene-JF72_RS03210	225	75.4231	1	2.42126
gene-JF72_RS03215	555	325.955	1	0.560259
gene-JF72_RS03220	1842	1605.15	3	0.341313
gene-JF72_RS03225	1194	957.148	0	0
gene-JF72_RS03230	345	153.15	0	0
gene-JF72_RS03235	555	325.955	1	0.560259
gene-JF72_RS03240	495	272.68	0	0
gene-JF72_RS03245	1044	807.148	3	0.678757
gene-JF72_RS03250	714	479.425	0	0
gene-JF72_RS03255	2289	2052.15	1	0.0889893
gene-JF72_RS03260	987	750.224	2	0.486839
gene-JF72_RS03265	252	91.7168	1	1.99112
gene-JF72_RS03270	270	103.079	0	0
gene-JF72_RS03275	1785	1548.15	2	0.23592
gene-JF72_RS03280	834	598.102	0	0
gene-JF72_RS03285	1191	954.148	40	7.6558
gene-JF72_RS03290	1323	1086.15	15	2.52202
gene-JF72_RS03295	1272	1035.15	9	1.58777
gene-JF72_RS03300	585	354.218	5	2.57778
gene-JF72_RS03305	1803	1566.15	0	0
gene-JF72_RS03310	1305	1068.15	6	1.02581
gene-JF72_RS03315	1920	1683.15	1	0.108499
gene-JF72_RS03320	942	705.582	0	0
gene-JF72_RS03325	795	559.277	3	0.979581
gene-JF72_RS03330	222	73.7674	3	7.42683
gene-JF72_RS03335	192	55.1582	3	9.93248
gene-JF72_RS03340	1548	1311.15	0	0
gene-JF72_RS03345	207	64.019	0	0
gene-JF72_RS03350	3129	2892.15	15	0.947147
gene-JF72_RS03355	960	723.297	24	6.05956
gene-JF72_RS03360	1770	1533.15	18	2.14405
gene-JF72_RS03365	888	651.786	2	0.560365
gene-JF72_RS03370	900	663.72	1	0.275145
gene-JF72_RS03375	354	159.705	1	1.14348
gene-JF72_RS03380	738	503.227	2	0.725792
gene-JF72_RS03385	609	377.075	4	1.93722
gene-JF72_RS03390	720	485.425	2	0.75241
gene-JF72_RS03395	687	452.796	0	0
gene-JF72_RS03400	852	616.102	2	0.592821
gene-JF72_RS03405	429	217.564	0	0
gene-JF72_RS03410	480	259.538	0	0
gene-JF72_RS03415	675	441.199	1	0.413915
gene-JF72_RS03420	1209	972.148	34	6.38694
gene-JF72_RS03425	1311	1074.15	8	1.3601
gene-JF72_RS03430	276	106.499	7	12.0032
gene-JF72_RS03435	1260	1023.15	2	0.356975
gene-JF72_RS03440	720	485.425	0	0
gene-JF72_RS03445	888	651.786	5	1.40091
gene-JF72_RS03450	1203	966.148	2	0.378036
gene-JF72_RS03455	666	432.418	1	0.422321
gene-JF72_RS03460	861	624.978	1	0.292201
gene-JF72_RS03465	231	78.702	0	0
gene-JF72_RS03470	840	604.102	1	0.302298
gene-JF72_RS03475	756	520.871	0	0
gene-JF72_RS03480	837	601.102	0	0
gene-JF72_RS03485	2106	1869.15	0	0
gene-JF72_RS03490	1317	1080.15	0	0
gene-JF72_RS03495	930	693.652	1	0.263272
gene-JF72_RS03500	525	298.977	0	0
gene-JF72_RS03505	1410	1173.15	0	0
gene-JF72_RS03510	891	654.786	7	1.95229
gene-JF72_RS03515	1371	1134.15	0	0
gene-JF72_RS03520	636	403.175	2	0.905905
gene-JF72_RS03525	1959	1722.15	4	0.424166
gene-JF72_RS03530	2457	2220.15	4	0.329022
gene-JF72_RS03535	936	699.582	13	3.39352
gene-JF72_RS03540	930	693.652	3	0.789816
gene-JF72_RS03545	360	164.089	3	3.33879
gene-JF72_RS03550	201	60.3796	0	0
gene-JF72_RS03555	1086	849.148	1	0.215062
gene-JF72_RS03560	636	403.175	1	0.452953
gene-JF72_RS03565	876	639.915	0	0
gene-JF72_RS03570	414	205.808	0	0
gene-JF72_RS03575	1689	1452.15	2	0.251516
gene-JF72_RS03580	3177	2940.15	14	0.869571
gene-JF72_RS03585	1056	819.148	2	0.445876
gene-JF72_RS03590	909	672.72	4	1.08586
gene-JF72_RS03595	459	242.039	0	0
gene-JF72_RS03600	1677	1440.15	8	1.01445
gene-JF72_RS03605	339	148.373	0	0
gene-JF72_RS03610	1227	990.148	4	0.737745
gene-JF72_RS03615	1125	888.148	1	0.205618
rna-JF72_RS08155	366	168.799	182	196.901
gene-JF72_RS03620	432	220.183	5	4.14698
gene-JF72_RS03625	570	340.278	4	2.14671
gene-JF72_RS03630	642	409.052	0	0
gene-JF72_RS03635	2340	2103.15	13	1.12881
gene-JF72_RS03640	630	397.376	0	0
gene-JF72_RS03645	642	409.052	0	0
gene-JF72_RS03650	1299	1062.15	3	0.515802
gene-JF72_RS03655	483	262.155	0	0
gene-JF72_RS03660	2814	2577.15	9	0.637749
gene-JF72_RS03665	3618	3381.15	7	0.378077
gene-JF72_RS03670	3537	3300.15	0	0
gene-JF72_RS03675	909	672.72	0	0
gene-JF72_RS03680	960	723.297	0	0
gene-JF72_RS03685	1083	846.148	0	0
gene-JF72_RS03690	1017	780.148	1	0.234083
gene-JF72_RS03695	789	553.388	1	0.330002
gene-JF72_RS03700	1371	1134.15	4	0.644075
gene-JF72_RS03705	966	729.297	0	0
gene-JF72_RS03710	753	517.871	0	0
gene-JF72_RS03715	579	348.788	0	0
gene-JF72_RS03720	192	55.1582	0	0
gene-JF72_RS03725	882	645.786	1	0.282786
gene-JF72_RS03730	705	470.425	0	0
gene-JF72_RS03735	822	586.162	1	0.311551
gene-JF72_RS03740	705	470.425	0	0
gene-JF72_RS03745	354	159.705	1	1.14348
gene-JF72_RS03750	1245	1008.15	3	0.54343
gene-JF72_RS03755	798	562.277	1	0.324785
gene-JF72_RS03760	687	452.796	1	0.403315
gene-JF72_RS03765	315	131.376	0	0
gene-JF72_RS03770	441	227.347	0	0
gene-JF72_RS03775	1122	885.148	9	1.85683
gene-JF72_RS03780	1824	1587.15	18	2.0711
gene-JF72_RS03785	2070	1833.15	1	0.0996205
gene-JF72_RS03790	918	681.652	2	0.535813
gene-JF72_RS03795	756	520.871	0	0
gene-JF72_RS03800	909	672.72	4	1.08586
gene-JF72_RS03805	525	298.977	2	1.22163
gene-JF72_RS03810	957	720.37	3	0.760523
gene-JF72_RS03815	444	229.732	2	1.58985
gene-JF72_RS03820	177	46.825	0	0
gene-JF72_RS03825	828	592.102	6	1.85055
gene-JF72_RS03830	546	317.643	1	0.57492
gene-JF72_RS03835	879	642.851	3	0.852231
gene-JF72_RS03840	432	220.183	7	5.80578
gene-JF72_RS03845	1194	957.148	0	0
gene-JF72_RS03850	504	280.361	2	1.30274
gene-JF72_RS03855	1017	780.148	6	1.4045
gene-JF72_RS03860	501	277.795	0	0
gene-JF72_RS03865	1845	1608.15	0	0
gene-JF72_RS03870	1287	1050.15	0	0
gene-JF72_RS03875	438	224.858	1	0.812155
gene-JF72_RS03880	2238	2001.15	1	0.0912572
gene-JF72_RS03885	378	177.878	0	0
gene-JF72_RS03890	945	708.441	1	0.257776
gene-JF72_RS03895	501	277.795	0	0
gene-JF72_RS03900	948	711.441	0	0
gene-JF72_RS03905	930	693.652	1	0.263272
gene-JF72_RS03910	1398	1161.15	7	1.10092
gene-JF72_RS03915	1404	1167.15	7	1.09526
gene-JF72_RS03920	2046	1809.15	25	2.52355
gene-JF72_RS03925	1380	1143.15	0	0
gene-JF72_RS03930	639	406.134	1	0.449652
gene-JF72_RS03935	954	717.37	1	0.254568
gene-JF72_RS03940	882	645.786	5	1.41393
gene-JF72_RS03945	720	485.425	2	0.75241
gene-JF72_RS03950	651	417.762	8	3.4971
gene-JF72_RS03955	855	619.102	1	0.294974
gene-JF72_RS03960	282	110.248	0	0
gene-JF72_RS03965	702	467.519	0	0
gene-JF72_RS03970	1062	825.148	1	0.221317
gene-JF72_RS03975	855	619.102	4	1.1799
gene-JF72_RS03980	192	55.1582	12	39.7299
gene-JF72_RS03985	510	285.63	21	13.4265
gene-JF72_RS03990	312	129.046	1	1.41515
gene-JF72_RS03995	714	479.425	2	0.761826
gene-JF72_RS04000	1155	918.148	0	0
gene-JF72_RS04005	324	137.442	0	0
gene-JF72_RS04010	708	473.425	0	0
gene-JF72_RS04015	405	198.514	0	0
gene-JF72_RS04020	369	170.944	0	0
gene-JF72_RS04025	375	175.674	1	1.03953
gene-JF72_RS04030	354	159.705	0	0
rna-JF72_RS04035	89	24.3347	0	0
gene-JF72_RS04040	936	699.582	5	1.3052
gene-JF72_RS04045	255	93.4477	2	3.90848
gene-JF72_RS04050	288	114.117	0	0
gene-JF72_RS04055	582	351.575	0	0
gene-JF72_RS04060	834	598.102	0	0
gene-JF72_RS04065	1287	1050.15	14.4	2.50414
gene-JF72_RS04070	2274	2037.15	2	0.179289
gene-JF72_RS04075	519	293.616	4	2.48786
gene-JF72_RS04080	528	301.637	1	0.605426
gene-JF72_RS04085	2283	2046.15	2	0.1785
gene-JF72_RS04090	1839	1602.15	0	0
gene-JF72_RS04095	1140	903.148	13	2.62864
gene-JF72_RS04100	1851	1614.15	40	4.52546
gene-JF72_RS04105	582	351.575	31	16.1024
gene-JF72_RS04110	1050	813.148	21	4.71624
gene-JF72_RS04115	933	696.652	2	0.524277
gene-JF72_RS04120	894	657.786	1	0.277627
gene-JF72_RS04125	363	166.29	0	0
gene-JF72_RS04130	2661	2424.15	25	1.88333
gene-JF72_RS04135	312	129.046	0	0
gene-JF72_RS04140	297	119.014	0	0
gene-JF72_RS04145	1215	978.148	9	1.68029
gene-JF72_RS04150	474	254.347	4	2.87196
gene-JF72_RS04155	4308	4071.15	2	0.0897139
gene-JF72_RS04160	1701	1464.15	3	0.374182
gene-JF72_RS04165	1257	1020.15	4	0.71605
gene-JF72_RS04170	798	562.277	1	0.324785
gene-JF72_RS04175	735	500.227	0	0
gene-JF72_RS04180	558	328.755	5	2.77743
gene-JF72_RS04185	726	491.327	4	1.48674
gene-JF72_RS04190	1458	1221.15	2	0.299094
gene-JF72_RS04195	888	651.786	0	0
gene-JF72_RS04200	909	672.72	0	0
gene-JF72_RS04205	876	639.915	1	0.28538
gene-JF72_RS04210	789	553.388	5	1.65001
gene-JF72_RS04215	1032	795.148	3	0.689001
gene-JF72_RS04220	615	382.808	0	0
gene-JF72_RS04225	1179	942.148	0	0
gene-JF72_RS04230	1401	1164.15	10	1.56869
gene-JF72_RS04235	1791	1554.15	3	0.352513
gene-JF72_RS04240	1755	1518.15	2	0.240582
gene-JF72_RS04245	216	69.8915	2	5.22579
gene-JF72_RS04250	273	105.037	0	0
gene-JF72_RS04255	624	391.496	5	2.33233
gene-JF72_RS04260	765	529.66	0	0
gene-JF72_RS04265	348	155.386	0	0
gene-JF72_RS04270	726	491.327	1	0.371685
gene-JF72_RS04275	516	290.887	0	0
gene-JF72_RS04280	273	105.037	2	3.47724
gene-JF72_RS04285	1428	1191.15	1	0.153314
gene-JF72_RS04290	342	150.555	1	1.21298
gene-JF72_RS04295	1410	1173.15	0	0
gene-JF72_RS04300	1425	1188.15	6	0.922204
gene-JF72_RS04305	1254	1017.15	11	1.97495
gene-JF72_RS04310	3564	3327.15	3	0.164663
gene-JF72_RS04315	687	452.796	1	0.403315
gene-JF72_RS04320	1770	1533.15	3	0.357342
gene-JF72_RS04325	1770	1533.15	13	1.54848
gene-JF72_RS04330	1478	1241.15	1	0.147137
gene-JF72_RS08270	117	20.3514	0	0
gene-JF72_RS04340	1773	1536.15	6	0.713288
gene-JF72_RS04345	921	684.652	1	0.266733
gene-JF72_RS04350	960	723.297	1	0.252481
gene-JF72_RS04355	984	747.224	1	0.244397
gene-JF72_RS04360	1014	777.148	3	0.704959
gene-JF72_RS04365	243	86.2978	0	0
gene-JF72_RS04370	999	762.148	2	0.479223
gene-JF72_RS04375	2037	1800.15	8	0.811574
gene-JF72_RS04380	1659	1422.15	8	1.02729
gene-JF72_RS04385	363	166.29	0	0
gene-JF72_RS04390	186	51.5528	2	7.08474
gene-JF72_RS04395	693	458.704	0	0
gene-JF72_RS04400	654	420.762	2	0.868041
gene-JF72_RS04405	894	657.786	3	0.832881
gene-JF72_RS04410	1977	1740.15	3	0.314834
gene-JF72_RS04415	750	514.922	5	1.77327
gene-JF72_RS04420	1323	1086.15	0	0
gene-JF72_RS04425	945	708.441	3	0.773328
gene-JF72_RS04430	2400	2163.15	2	0.168846
gene-JF72_RS04435	219	71.7234	0	0
gene-JF72_RS04440	615	382.808	8	3.81642
gene-JF72_RS04445	276	106.499	1	1.71475
gene-JF72_RS04450	864	627.915	6	1.74501
gene-JF72_RS04455	1686	1449.15	7	0.882128
gene-JF72_RS04460	810	574.277	0	0
gene-JF72_RS04465	867	630.915	0	0
gene-JF72_RS04470	243	86.2978	1	2.11615
gene-JF72_RS04475	1359	1122.15	0	0
gene-JF72_RS04480	849	613.102	1	0.297861
gene-JF72_RS04485	399	193.785	1	0.94238
gene-JF72_RS04490	459	242.039	3	2.26351
gene-JF72_RS04495	570	340.278	9	4.83009
gene-JF72_RS04500	1110	873.148	2	0.418301
gene-JF72_RS04505	294	117.242	2	3.11526
gene-JF72_RS04510	315	131.376	3	4.17014
gene-JF72_RS04515	840	604.102	1	0.302298
gene-JF72_RS04520	1329	1092.15	1	0.167211
gene-JF72_RS04525	1791	1554.15	2	0.235009
rna-JF72_RS04530	74	33.7981	0	0
gene-JF72_RS04535	864	627.915	0	0
gene-JF72_RS04540	1746	1509.15	0	0
gene-JF72_RS04545	486	264.853	0	0
gene-JF72_RS04550	1038	801.148	0	0
gene-JF72_RS04555	357	161.939	3	3.3831
gene-JF72_RS04560	2397	2160.15	0	0
gene-JF72_RS04565	3183	2946.15	4	0.247943
gene-JF72_RS04570	1086	849.148	0	0
gene-JF72_RS04575	1275	1038.15	1	0.175909
gene-JF72_RS04580	957	720.37	0	0
gene-JF72_RS04585	540	312.253	0	0
gene-JF72_RS04590	924	687.652	0	0
gene-JF72_RS04595	708	473.425	0	0
gene-JF72_RS04600	636	403.175	0	0
gene-JF72_RS04605	1185	948.148	0	0
gene-JF72_RS04610	1338	1101.15	0	0
gene-JF72_RS04615	1251	1014.15	4	0.720286
gene-JF72_RS04620	921	684.652	1	0.266733
gene-JF72_RS04625	405	198.514	0	0
gene-JF72_RS04630	219	71.7234	0	0
gene-JF72_RS04635	681	446.977	0	0
gene-JF72_RS04640	573	343.139	0	0
gene-JF72_RS04645	150	33.4675	5	27.283
gene-JF72_RS04650	2094	1857.15	4	0.393333
gene-JF72_RS04655	915	678.72	5	1.34532
gene-JF72_RS04660	477	256.972	0	0
gene-JF72_RS04665	2418	2181.15	7	0.586083
gene-JF72_RS04670	1050	813.148	4	0.898332
gene-JF72_RS04675	351	157.502	0	0
gene-JF72_RS04680	768	532.607	0	0
gene-JF72_RS04685	330	141.889	0	0
gene-JF72_RS04690	972	735.297	0	0
gene-JF72_RS04695	1569	1332.15	8	1.09669
gene-JF72_RS04700	714	479.425	6	2.28548
gene-JF72_RS04705	567	337.416	1	0.541229
gene-JF72_RS04710	1155	918.148	0	0
gene-JF72_RS04715	348	155.386	1	1.17526
gene-JF72_RS04720	600	368.453	4	1.98255
gene-JF72_RS04725	642	409.052	0	0
gene-JF72_RS04730	1116	879.148	3	0.623169
gene-JF72_RS04735	525	298.977	1	0.610814
gene-JF72_RS04740	357	161.939	1	1.1277
gene-JF72_RS04745	201	60.3796	5	15.1226
gene-JF72_RS04750	510	285.63	10	6.39357
gene-JF72_RS04755	657	423.677	2	0.862068
gene-JF72_RS04760	639	406.134	1	0.449652
gene-JF72_RS04765	819	583.162	1	0.313154
gene-JF72_RS04770	738	503.227	0	0
gene-JF72_RS04775	1938	1701.15	2	0.214701
gene-JF72_RS04780	903	666.72	2	0.547813
gene-JF72_RS04785	1347	1110.15	2	0.329
gene-JF72_RS04790	468	249.142	1	0.732993
gene-JF72_RS04795	603	371.341	5	2.45891
gene-JF72_RS04800	831	595.102	5	1.53435
gene-JF72_RS04805	2676	2439.15	11	0.823571
gene-JF72_RS04810	1275	1038.15	0	0
gene-JF72_RS04815	1236	999.148	2	0.36555
gene-JF72_RS04820	1311	1074.15	0	0
gene-JF72_RS04825	648	414.804	3	1.32076
gene-JF72_RS04830	321	135.439	1	1.34835
gene-JF72_RS04835	660	426.634	2	0.856093
gene-JF72_RS04840	1200	963.148	0	0
gene-JF72_RS04845	741	506.126	0	0
gene-JF72_RS04850	432	220.183	0	0
gene-JF72_RS04855	327	139.697	0	0
gene-JF72_RS04860	900	663.72	0	0
gene-JF72_RS04865	978	741.224	10	2.46375
gene-JF72_RS04870	2496	2259.15	4	0.323342
gene-JF72_RS04875	1218	981.148	0	0
gene-JF72_RS04880	351	157.502	0	0
gene-JF72_RS04885	2058	1821.15	12	1.20332
gene-JF72_RS04890	879	642.851	1	0.284077
gene-JF72_RS04895	717	482.425	3	1.13563
gene-JF72_RS04900	1245	1008.15	3	0.54343
gene-JF72_RS04905	912	675.72	0	0
gene-JF72_RS04910	795	559.277	2	0.653054
gene-JF72_RS04915	822	586.162	1	0.311551
gene-JF72_RS04920	915	678.72	0	0
gene-JF72_RS04925	1779	1542.15	4	0.473675
gene-JF72_RS04930	1371	1134.15	1	0.161019
gene-JF72_RS04935	1827	1590.15	8	0.918753
gene-JF72_RS04940	930	693.652	0	0
gene-JF72_RS04945	570	340.278	0	0
gene-JF72_RS04950	867	630.915	1	0.289451
gene-JF72_RS04955	915	678.72	6	1.61438
gene-JF72_RS04960	1686	1449.15	4	0.504073
gene-JF72_RS04965	642	409.052	0	0
gene-JF72_RS04970	846	610.102	0	0
gene-JF72_RS04975	1290	1053.15	0	0
rna-JF72_RS04980	87	26.0237	0	0
gene-JF72_RS04985	222	73.7674	1	2.47561
gene-JF72_RS08065	1107	870.148	1	0.209871
gene-JF72_RS04995	1644	1407.15	0	0
gene-JF72_RS05000	2415	2178.15	2	0.167683
gene-JF72_RS05005	687	452.796	0	0
gene-JF72_RS05010	1182	945.148	0	0
gene-JF72_RS05015	612	379.885	0	0
gene-JF72_RS05020	1122	885.148	1	0.206315
gene-JF72_RS05025	1458	1221.15	2	0.299094
gene-JF72_RS05030	1341	1104.15	1	0.165394
rna-JF72_RS05035	73	34.8061	0	0
rna-JF72_RS05040	72	34.1546	0	0
gene-JF72_RS05045	1293	1056.15	1	0.172911
gene-JF72_RS05050	1425	1188.15	4	0.614803
gene-JF72_RS05055	846	610.102	2	0.598651
rna-JF72_RS05060	73	34.8061	0	0
rna-JF72_RS05065	90	23.2463	0	0
gene-JF72_RS05070	534	307.013	0	0
gene-JF72_RS05075	1362	1125.15	5	0.811534
gene-JF72_RS05080	957	720.37	2	0.507015
gene-JF72_RS05085	1227	990.148	7	1.29105
gene-JF72_RS05090	1449	1212.15	1	0.150658
gene-JF72_RS05095	438	224.858	3	2.43646
gene-JF72_RS05100	1017	780.148	18	4.21349
gene-JF72_RS05105	585	354.218	0	0
gene-JF72_RS05110	1884	1647.15	0	0
gene-JF72_RS05115	2580	2343.15	5	0.389688
gene-JF72_RS05120	648	414.804	1	0.440254
gene-JF72_RS05125	924	687.652	1	0.265569
gene-JF72_RS05130	669	435.331	0	0
gene-JF72_RS05135	1629	1392.15	40	5.24712
gene-JF72_RS05140	285	112.337	43.875	71.3251
gene-JF72_RS05145	642	409.052	0	0
gene-JF72_RS05150	1932	1695.15	0	0
gene-JF72_RS05155	870	633.915	0	0
gene-JF72_RS05160	405	198.514	2	1.83986
gene-JF72_RS05165	1050	813.148	0	0
gene-JF72_RS05170	573	343.139	2	1.0644
gene-JF72_RS05175	741	506.126	1	0.360817
gene-JF72_RS05180	519	293.616	1	0.621965
gene-JF72_RS05185	738	503.227	2	0.725792
gene-JF72_RS05190	855	619.102	7	2.06482
gene-JF72_RS05195	339	148.373	1	1.23081
gene-JF72_RS05200	861	624.978	2	0.584402
gene-JF72_RS05205	324	137.442	0	0
gene-JF72_RS05210	648	414.804	1	0.440254
gene-JF72_RS05215	231	78.702	0	0
gene-JF72_RS05220	600	368.453	3	1.48691
gene-JF72_RS05225	330	141.889	1	1.28706
gene-JF72_RS05230	1824	1587.15	1	0.115061
rna-JF72_RS08160	100	19.8236	0	0
gene-JF72_RS05235	519	293.616	0	0
gene-JF72_RS05240	621	388.575	0	0
gene-JF72_RS05245	195	56.8308	0	0
gene-JF72_RS05250	930	693.652	6	1.57963
gene-JF72_RS05255	366	168.799	1	1.08187
gene-JF72_RS05260	510	285.63	12	7.67228
gene-JF72_RS05265	732	497.278	0	0
gene-JF72_RS05270	756	520.871	0	0
gene-JF72_RS05275	801	565.277	2	0.646123
gene-JF72_RS05280	894	657.786	4	1.11051
gene-JF72_RS05285	993	756.224	0	0
gene-JF72_RS05290	867	630.915	5	1.44726
gene-JF72_RS05295	693	458.704	4	1.59248
gene-JF72_RS05300	426	215.129	5	4.24441
gene-JF72_RS05305	549	320.48	4	2.27932
gene-JF72_RS05310	171	43.4896	0	0
gene-JF72_RS08200	150	33.4675	1	5.45661
gene-JF72_RS05315	219	71.7234	14	35.6462
gene-JF72_RS05320	579	348.788	0	0
gene-JF72_RS05325	756	520.871	1	0.350604
gene-JF72_RS05330	444	229.732	2	1.58985
gene-JF72_RS05335	1425	1188.15	1	0.153701
gene-JF72_RS05340	1506	1269.15	0	0
gene-JF72_RS05345	1377	1140.15	1	0.160172
gene-JF72_RS05350	549	320.48	0	0
gene-JF72_RS05355	309	127.008	1	1.43786
gene-JF72_RS05360	1347	1110.15	3	0.4935
gene-JF72_RS05365	936	699.582	1	0.26104
gene-JF72_RS05370	675	441.199	0	0
gene-JF72_RS05375	183	49.9191	0	0
gene-JF72_RS05380	896	659.786	1	0.276785
gene-JF72_RS05385	681	446.977	0	0
gene-JF72_RS05390	762	526.713	0	0
gene-JF72_RS05395	657	423.677	0	0
gene-JF72_RS05400	585	354.218	0	0
gene-JF72_RS05405	1149	912.148	3	0.600624
gene-JF72_RS05410	1176	939.148	0	0
gene-JF72_RS05415	1164	927.148	0	0
gene-JF72_RS05420	615	382.808	0	0
gene-JF72_RS08070	195	56.8308	0	0
gene-JF72_RS05430	630	397.376	2	0.919124
gene-JF72_RS05435	1332	1095.15	2	0.333506
gene-JF72_RS05440	1362	1125.15	4	0.649227
gene-JF72_RS05445	714	479.425	0	0
gene-JF72_RS08275	525	298.977	2	1.22163
gene-JF72_RS08280	444	229.732	6	4.76954
gene-JF72_RS08285	240	84.4063	0	0
gene-JF72_RS08290	315	131.376	0	0
gene-JF72_RS08295	333	144.04	0	0
gene-JF72_RS08300	1236	999.148	0	0
gene-JF72_RS05455	2418	2181.15	19	1.5908
gene-JF72_RS08305	402	196.065	0	0
gene-JF72_RS08310	501	277.795	2	1.31478
gene-JF72_RS05460	774	538.607	20	6.78117
gene-JF72_RS08315	272	104.298	52	91.0485
gene-JF72_RS08320	249	89.949	0	0
gene-JF72_RS08325	345	153.15	6	7.15451
gene-JF72_RS08330	606	374.341	6	2.92705
gene-JF72_RS08335	249	89.949	0	0
gene-JF72_RS08340	309	127.008	0	0
gene-JF72_RS05470	210	66.0331	0	0
gene-JF72_RS05475	261	97.1757	1	1.87927
gene-JF72_RS05480	1950	1713.15	1	0.106599
gene-JF72_RS05485	2622	2385.15	4	0.306261
gene-JF72_RS05490	2670	2433.15	10	0.750547
gene-JF72_RS05495	1101	864.148	0	0
gene-JF72_RS05500	318	133.428	1	1.36867
gene-JF72_RS05505	450	234.736	3	2.33393
gene-JF72_RS05510	495	272.68	0	0
gene-JF72_RS05515	1284	1047.15	0	0
gene-JF72_RS05520	1074	837.148	1	0.218145
gene-JF72_RS05525	462	244.394	0	0
gene-JF72_RS05530	450	234.736	0	0
gene-JF72_RS05535	648	414.804	0	0
gene-JF72_RS05540	315	131.376	0	0
gene-JF72_RS05545	681	446.977	0	0
gene-JF72_RS05550	1266	1029.15	2	0.354894
gene-JF72_RS05555	5238	5001.15	2	0.0730309
gene-JF72_RS05560	348	155.386	0	0
gene-JF72_RS05565	951	714.441	0	0
gene-JF72_RS05570	1989	1752.15	0	0
gene-JF72_RS05575	396	191.63	1	0.95298
gene-JF72_RS05580	444	229.732	6	4.76954
gene-JF72_RS05585	786	550.388	0	0
gene-JF72_RS08205	1650	1413.15	0	0
gene-JF72_RS05600	852	616.102	1	0.29641
gene-JF72_RS05605	384	182.393	2	2.00248
gene-JF72_RS05610	939	702.582	15	3.89888
gene-JF72_RS05615	384	182.393	2	2.00248
gene-JF72_RS05620	348	155.386	7	8.22683
gene-JF72_RS05625	117	20.3514	13	116.653
gene-JF72_RS05630	222	73.7674	1	2.47561
gene-JF72_RS05635	651	417.762	12	5.24565
gene-JF72_RS05640	1296	1059.15	6	1.03453
gene-JF72_RS05645	441	227.347	9	7.22937
gene-JF72_RS05650	186	51.5528	1	3.54237
gene-JF72_RS05655	507	283.041	11	7.09725
gene-JF72_RS05660	360	164.089	4	4.45172
gene-JF72_RS05665	531	304.451	4	2.39933
gene-JF72_RS05670	399	193.785	11	10.3662
gene-JF72_RS05675	186	51.5528	7	24.7966
gene-JF72_RS05680	543	314.965	9	5.21827
gene-JF72_RS05685	252	91.7168	37	73.6714
gene-JF72_RS05690	369	170.944	9	9.61466
gene-JF72_RS05695	267	101.144	28	50.5548
gene-JF72_RS05700	198	58.6161	4	12.462
gene-JF72_RS05705	441	227.347	18	14.4587
gene-JF72_RS05710	672	438.199	12	5.00099
gene-JF72_RS05715	354	159.705	5	5.71738
gene-JF72_RS05720	282	110.248	15	24.8466
gene-JF72_RS05725	837	601.102	17	5.16472
gene-JF72_RS05730	306	124.664	10	14.6489
gene-JF72_RS05735	633	400.256	17	7.75635
gene-JF72_RS05740	630	397.376	16	7.35299
gene-JF72_RS05745	309	127.008	5	7.1893
gene-JF72_RS05750	2103	1866.15	15	1.46788
gene-JF72_RS05755	471	251.746	2	1.45082
gene-JF72_RS05760	408	201.092	10	9.08136
gene-JF72_RS05765	690	455.704	0	0
gene-JF72_RS05770	369	170.944	0	0
gene-JF72_RS05775	3660	3423.15	9	0.480135
gene-JF72_RS05780	3633	3396.15	19	1.02168
gene-JF72_RS05785	2505	2268.15	4	0.322059
gene-JF72_RS05790	585	354.218	0	0
gene-JF72_RS05795	1152	915.148	0	0
gene-JF72_RS08075	1005	768.148	0	0
gene-JF72_RS05805	180	48.1736	0	0
gene-JF72_RS05810	252	91.7168	0	0
gene-JF72_RS05815	231	78.702	0	0
gene-JF72_RS05820	267	101.144	0	0
gene-JF72_RS05825	1425	1188.15	0	0
gene-JF72_RS05830	306	124.664	0	0
gene-JF72_RS05835	810	574.277	0	0
gene-JF72_RS05840	972	735.297	0	0
gene-JF72_RS05845	1791	1554.15	0	0
gene-JF72_RS05850	792	556.333	0	0
gene-JF72_RS05855	384	182.393	0	0
gene-JF72_RS05860	363	166.29	0	0
rna-JF72_RS05865	74	33.7981	0	0
rna-JF72_RS05870	75	33.5463	0	0
gene-JF72_RS05875	822	586.162	1	0.311551
gene-JF72_RS05880	1548	1311.15	5	0.69641
gene-JF72_RS05885	1011	774.148	0	0
gene-JF72_RS05890	633	400.256	1	0.456256
gene-JF72_RS05895	873	636.915	1	0.286725
gene-JF72_RS05900	2199	1962.15	6	0.558426
gene-JF72_RS05905	1260	1023.15	5	0.892438
gene-JF72_RS05910	369	170.944	0	0
gene-JF72_RS05915	378	177.878	5	5.13326
gene-JF72_RS05920	243	86.2978	1	2.11615
gene-JF72_RS05925	3492	3255.15	5	0.280508
gene-JF72_RS05930	567	337.416	1	0.541229
gene-JF72_RS05935	708	473.425	0	0
gene-JF72_RS05940	1131	894.148	1	0.204238
gene-JF72_RS05945	354	159.705	1	1.14348
gene-JF72_RS05950	1533	1296.15	0	0
gene-JF72_RS05955	1368	1131.15	2	0.322892
gene-JF72_RS05960	246	88.3653	8	16.5331
gene-JF72_RS05965	846	610.102	8	2.3946
gene-JF72_RS05970	741	506.126	3	1.08245
gene-JF72_RS05975	678	444.021	0	0
gene-JF72_RS05980	660	426.634	0	0
gene-JF72_RS05985	909	672.72	14	3.80049
gene-JF72_RS05990	915	678.72	0	0
gene-JF72_RS05995	1308	1071.15	0	0
gene-JF72_RS08210	429	217.564	0	0
gene-JF72_RS06005	555	325.955	0	0
gene-JF72_RS06015	198	58.6161	0	0
gene-JF72_RS06020	1551	1314.15	2	0.277928
gene-JF72_RS06025	579	348.788	0	0
gene-JF72_RS06030	1287	1050.15	0	0
gene-JF72_RS06035	810	574.277	0	0
gene-JF72_RS06040	261	97.1757	0	0
gene-JF72_RS06045	1416	1179.15	2	0.309748
gene-JF72_RS06050	873	636.915	2	0.573449
gene-JF72_RS06055	645	411.887	0	0
gene-JF72_RS06060	1275	1038.15	0	0
gene-JF72_RS06065	1620	1383.15	1	0.132032
gene-JF72_RS06070	546	317.643	0	0
gene-JF72_RS06075	405	198.514	2	1.83986
gene-JF72_RS06080	831	595.102	0	0
gene-JF72_RS06085	1368	1131.15	2	0.322892
gene-JF72_RS06090	1593	1356.15	3	0.403981
gene-JF72_RS06095	1599	1362.15	2	0.268134
gene-JF72_RS06100	972	735.297	3	0.745083
gene-JF72_RS06105	1389	1152.15	0	0
gene-JF72_RS06110	1287	1050.15	0	0
gene-JF72_RS06115	474	254.347	0	0
gene-JF72_RS06120	1050	813.148	1	0.224583
gene-JF72_RS06125	1101	864.148	13	2.74727
gene-JF72_RS06130	1356	1119.15	2	0.326354
gene-JF72_RS06135	1569	1332.15	21	2.87881
gene-JF72_RS06140	1386	1149.15	2	0.317834
gene-JF72_RS06145	831	595.102	0	0
gene-JF72_RS06150	246	88.3653	3	6.19991
gene-JF72_RS06155	891	654.786	1	0.278899
gene-JF72_RS06160	573	343.139	4	2.12881
gene-JF72_RS06165	768	532.607	5	1.71439
gene-JF72_RS06170	1977	1740.15	5	0.524723
gene-JF72_RS06175	2691	2454.15	6	0.446475
gene-JF72_RS06180	600	368.453	0	0
gene-JF72_RS06185	480	259.538	1	0.703633
gene-JF72_RS06190	1020	783.148	1	0.233186
gene-JF72_RS08165	424	213.527	0	0
rna-JF72_RS06200	71	34.2128	0	0
gene-JF72_RS06205	663	429.548	2	0.850285
gene-JF72_RS06210	1317	1080.15	13	2.19789
gene-JF72_RS06215	462	244.394	0	0
gene-JF72_RS06220	423	212.807	34	29.177
gene-JF72_RS06225	1317	1080.15	3	0.507206
gene-JF72_RS06230	939	702.582	0	0
gene-JF72_RS06235	957	720.37	1	0.253508
gene-JF72_RS06240	1134	897.148	5	1.01778
gene-JF72_RS06245	1536	1299.15	1	0.140568
gene-JF72_RS06250	1071	834.148	25	5.47323
gene-JF72_RS06255	1092	855.148	1	0.213553
gene-JF72_RS06260	501	277.795	0	0
gene-JF72_RS06265	654	420.762	0	0
rna-JF72_RS06270	73	34.8061	0	0
gene-JF72_RS06275	324	137.442	2	2.65741
gene-JF72_RS06280	390	187.171	0	0
gene-JF72_RS06285	1266	1029.15	0	0
gene-JF72_RS06290	2976	2739.15	5	0.33335
gene-JF72_RS06295	618	385.73	1	0.473437
gene-JF72_RS06300	1098	861.148	3	0.636195
gene-JF72_RS06305	567	337.416	1	0.541229
gene-JF72_RS06310	288	114.117	0	0
gene-JF72_RS06315	1446	1209.15	3	0.453094
gene-JF72_RS06320	1266	1029.15	2	0.354894
gene-JF72_RS06325	882	645.786	9	2.54507
gene-JF72_RS06330	738	503.227	1	0.362896
gene-JF72_RS06335	423	212.807	0	0
gene-JF72_RS06340	549	320.48	1	0.56983
gene-JF72_RS06345	318	133.428	1	1.36867
gene-JF72_RS06350	315	131.376	0	0
gene-JF72_RS06355	1536	1299.15	0	0
gene-JF72_RS08345	420	210.479	0	0
gene-JF72_RS06365	678	444.021	0	0
gene-JF72_RS06370	621	388.575	1	0.469972
gene-JF72_RS06375	543	314.965	0	0
gene-JF72_RS06380	1662	1425.15	9	1.15326
gene-JF72_RS06385	678	444.021	0	0
gene-JF72_RS06390	477	256.972	0	0
gene-JF72_RS06395	777	541.553	0	0
gene-JF72_RS06400	1548	1311.15	2	0.278564
gene-JF72_RS06405	360	164.089	0	0
gene-JF72_RS06410	1209	972.148	0	0
gene-JF72_RS06415	1806	1569.15	1	0.116381
gene-JF72_RS06420	1143	906.148	3	0.604601
gene-JF72_RS06425	750	514.922	1	0.354654
gene-JF72_RS06430	1497	1260.15	0	0
gene-JF72_RS06435	798	562.277	1	0.324785
gene-JF72_RS06440	621	388.575	2	0.939944
gene-JF72_RS06445	1113	876.148	4	0.833737
gene-JF72_RS06450	891	654.786	12	3.34679
gene-JF72_RS06455	1971	1734.15	15	1.57962
gene-JF72_RS06460	915	678.72	9	2.42158
gene-JF72_RS06465	756	520.871	9	3.15543
gene-JF72_RS06470	1395	1158.15	0	0
gene-JF72_RS06475	453	236.93	0	0
gene-JF72_RS06480	1809	1572.15	2	0.232318
gene-JF72_RS06485	966	729.297	2	0.500809
gene-JF72_RS06490	321	135.439	0	0
gene-JF72_RS06495	414	205.808	0	0
gene-JF72_RS06500	438	224.858	0	0
gene-JF72_RS06505	657	423.677	0	0
gene-JF72_RS06510	1815	1578.15	0	0
gene-JF72_RS06515	693	458.704	1	0.398119
gene-JF72_RS06520	795	559.277	1	0.326527
gene-JF72_RS06525	816	580.22	0	0
gene-JF72_RS06530	969	732.297	0	0
gene-JF72_RS06535	1230	993.148	1	0.183879
gene-JF72_RS06540	1824	1587.15	2	0.230122
gene-JF72_RS06545	444	229.732	1	0.794924
gene-JF72_RS06550	1137	900.148	3	0.608631
gene-JF72_RS06555	1218	981.148	13	2.41967
gene-JF72_RS06560	492	269.905	0	0
gene-JF72_RS08090	837	601.102	2	0.607614
gene-JF72_RS06570	1734	1497.15	89	10.856
gene-JF72_RS06575	303	122.716	0	0
gene-JF72_RS06580	225	75.4231	0	0
gene-JF72_RS06585	873	636.915	18	5.16104
gene-JF72_RS06590	435	222.584	0	0
gene-JF72_RS06595	2031	1794.15	1	0.101786
gene-JF72_RS06600	642	409.052	1	0.446444
gene-JF72_RS06605	399	193.785	0	0
gene-JF72_RS06610	642	409.052	0	0
gene-JF72_RS06615	1251	1014.15	2	0.360143
gene-JF72_RS06620	1950	1713.15	9	0.959388
gene-JF72_RS06625	1221	984.148	0	0
gene-JF72_RS06630	1263	1026.15	1	0.177966
gene-JF72_RS06635	1950	1713.15	2	0.213197
gene-JF72_RS06640	1398	1161.15	2	0.314549
gene-JF72_RS06645	486	264.853	0	0
gene-JF72_RS06650	567	337.416	0	0
gene-JF72_RS06655	813	577.22	2	0.632755
gene-JF72_RS06660	804	568.277	0	0
gene-JF72_RS06665	774	538.607	2	0.678117
gene-JF72_RS06670	936	699.582	1	0.26104
gene-JF72_RS06675	936	699.582	0	0
gene-JF72_RS06680	468	249.142	3	2.19898
gene-JF72_RS06685	801	565.277	1	0.323061
gene-JF72_RS06690	477	256.972	4	2.84263
gene-JF72_RS06695	672	438.199	0	0
gene-JF72_RS06700	1155	918.148	3	0.596699
gene-JF72_RS06705	2991	2754.15	8	0.530456
gene-JF72_RS06710	933	696.652	2	0.524277
gene-JF72_RS06715	1242	1005.15	0	0
gene-JF72_RS06720	1251	1014.15	0	0
gene-JF72_RS06725	861	624.978	1	0.292201
gene-JF72_RS06730	825	589.162	3	0.929894
gene-JF72_RS06735	1446	1209.15	11.7857	1.78001
gene-JF72_RS06740	1446	1209.15	3.21429	0.485458
gene-JF72_RS06745	1980	1743.15	6	0.628584
gene-JF72_RS06750	891	654.786	2	0.557798
gene-JF72_RS06755	954	717.37	0	0
gene-JF72_RS08095	1461	1224.15	0	0
gene-JF72_RS06765	774	538.607	0	0
gene-JF72_RS08100	1560	1323.15	2	0.276037
gene-JF72_RS08105	2244	2007.15	1	0.0909844
gene-JF72_RS06785	1950	1713.15	1	0.106599
gene-JF72_RS08110	2298	2061.15	0	0
gene-JF72_RS06795	1986	1749.15	0	0
gene-JF72_RS08115	2298	2061.15	1	0.0886007
gene-JF72_RS06805	1074	837.148	1	0.218145
gene-JF72_RS06810	507	283.041	0	0
gene-JF72_RS06815	774	538.607	2	0.678117
gene-JF72_RS06820	1503	1266.15	4	0.576929
gene-JF72_RS06825	816	580.22	0	0
gene-JF72_RS06830	669	435.331	3	1.25849
gene-JF72_RS06835	975	738.297	0	0
gene-JF72_RS06840	309	127.008	1	1.43786
gene-JF72_RS06845	1263	1026.15	0	0
gene-JF72_RS06850	1095	858.148	2	0.425612
gene-JF72_RS06855	339	148.373	1	1.23081
gene-JF72_RS06860	1230	993.148	0	0
gene-JF72_RS06865	219	71.7234	4	10.1846
gene-JF72_RS06870	738	503.227	5	1.81448
gene-JF72_RS06875	729	494.327	2	0.73886
gene-JF72_RS06880	459	242.039	0	0
gene-JF72_RS08120	1296	1059.15	0	0
gene-JF72_RS06890	1296	1059.15	0	0
gene-JF72_RS06895	1290	1053.15	3	0.52021
gene-JF72_RS06900	993	756.224	2	0.482977
gene-JF72_RS06905	1125	888.148	4	0.822472
gene-JF72_RS06910	405	198.514	0	0
gene-JF72_RS06915	828	592.102	0	0
gene-JF72_RS06920	792	556.333	0	0
gene-JF72_RS06925	495	272.68	0	0
gene-JF72_RS06930	2754	2517.15	3	0.21765
gene-JF72_RS06935	900	663.72	0	0
gene-JF72_RS06940	1473	1236.15	0	0
gene-JF72_RS06945	1257	1020.15	0	0
gene-JF72_RS06950	1482	1245.15	0	0
gene-JF72_RS06955	1254	1017.15	0	0
gene-JF72_RS06960	918	681.652	0	0
gene-JF72_RS06965	1704	1467.15	3	0.373417
gene-JF72_RS06970	1053	816.148	1	0.223758
gene-JF72_RS06975	1041	804.148	0	0
gene-JF72_RS06980	789	553.388	0	0
gene-JF72_RS06985	831	595.102	0	0
gene-JF72_RS06990	1062	825.148	2	0.442634
gene-JF72_RS06995	1191	954.148	1	0.191395
gene-JF72_RS07000	765	529.66	0	0
gene-JF72_RS07005	924	687.652	1	0.265569
gene-JF72_RS07010	1140	903.148	0	0
gene-JF72_RS07015	711	476.425	0	0
gene-JF72_RS07020	1311	1074.15	0	0
gene-JF72_RS07030	1368	1131.15	1	0.161446
gene-JF72_RS07035	987	750.224	1	0.24342
gene-JF72_RS07040	897	660.786	1	0.276366
gene-JF72_RS07045	870	633.915	0	0
gene-JF72_RS07050	1185	948.148	1	0.192606
gene-JF72_RS07055	1404	1167.15	14	2.19053
gene-JF72_RS07060	729	494.327	15	5.54145
gene-JF72_RS07065	1239	1002.15	1	0.182228
gene-JF72_RS07070	441	227.347	0	0
gene-JF72_RS07075	486	264.853	1	0.689513
gene-JF72_RS07080	888	651.786	27	7.56493
gene-JF72_RS07085	366	168.799	0	0
gene-JF72_RS07090	558	328.755	2	1.11097
gene-JF72_RS07095	1176	939.148	1	0.194452
gene-JF72_RS07100	891	654.786	2	0.557798
gene-JF72_RS07105	300	120.861	7	10.5769
gene-JF72_RS07110	1602	1365.15	4	0.53509
gene-JF72_RS07115	1023	786.148	5	1.16148
gene-JF72_RS07120	2097	1860.15	288	28.2743
gene-JF72_RS07125	2532	2295.15	7	0.556973
gene-JF72_RS07130	891	654.786	0	0
gene-JF72_RS07135	1311	1074.15	1	0.170013
gene-JF72_RS07140	228	77.1541	3	7.10083
gene-JF72_RS07145	1092	855.148	2	0.427106
gene-JF72_RS07150	735	500.227	0	0
gene-JF72_RS07155	951	714.441	10	2.55611
gene-JF72_RS07160	1296	1059.15	2	0.344842
gene-JF72_RS07165	240	84.4063	2	4.32715
gene-JF72_RS07170	1239	1002.15	4	0.728911
gene-JF72_RS07175	1515	1278.15	2	0.285756
gene-JF72_RS07180	153	34.7474	0	0
gene-JF72_RS07185	312	129.046	1	1.41515
gene-JF72_RS07190	468	249.142	0	0
gene-JF72_RS07195	549	320.48	5	2.84915
gene-JF72_RS07200	1869	1632.15	4	0.447556
gene-JF72_RS07205	678	444.021	0	0
gene-JF72_RS07210	1089	852.148	1	0.214305
gene-JF72_RS07215	2346	2109.15	4	0.346337
gene-JF72_RS07220	726	491.327	2	0.743371
gene-JF72_RS07225	573	343.139	65	34.5931
gene-JF72_RS07230	189	53.2657	12	41.1415
gene-JF72_RS07235	501	277.795	94	61.7945
gene-JF72_RS07240	651	417.762	21	9.17988
gene-JF72_RS07245	687	452.796	4	1.61326
gene-JF72_RS07250	642	409.052	0	0
gene-JF72_RS07255	654	420.762	1	0.43402
gene-JF72_RS07260	828	592.102	0	0
gene-JF72_RS07265	795	559.277	0	0
gene-JF72_RS07270	1308	1071.15	1	0.170489
gene-JF72_RS07275	1455	1218.15	3	0.449746
gene-JF72_RS07280	1311	1074.15	4	0.680052
gene-JF72_RS07285	1386	1149.15	7	1.11242
gene-JF72_RS07290	1812	1575.15	12	1.39125
gene-JF72_RS07295	1899	1662.15	1	0.109869
gene-JF72_RS07300	1386	1149.15	2	0.317834
gene-JF72_RS07305	867	630.915	1	0.289451
gene-JF72_RS07310	369	170.944	1	1.0683
gene-JF72_RS07315	141	29.1263	0	0
gene-JF72_RS07320	195	56.8308	0	0
gene-JF72_RS07325	282	110.248	0	0
rna-JF72_RS07335	117	20.3514	27.055	242.773
rna-JF72_RS07340	2911	2674.15	816500	55759.3
rna-JF72_RS07345	1574	1337.15	331673	45297.8
gene-JF72_RS08125	1639	1402.15	0	0
gene-JF72_RS07360	929	692.652	104	27.4198
gene-JF72_RS07365	557	327.755	2	1.11436
gene-JF72_RS07370	1077	840.148	0	0
gene-JF72_RS07375	276	106.499	0	0
gene-JF72_RS07380	405	198.514	0	0
gene-JF72_RS07385	417	208.169	0	0
gene-JF72_RS07390	258	95.3596	0	0
gene-JF72_RS07395	873	636.915	0	0
gene-JF72_RS07400	897	660.786	0	0
gene-JF72_RS07405	786	550.388	0	0
gene-JF72_RS07410	846	610.102	0	0
gene-JF72_RS07415	633	400.256	0	0
gene-JF72_RS07420	483	262.155	0	0
gene-JF72_RS07425	477	256.972	0	0
gene-JF72_RS07430	1569	1332.15	0	0
gene-JF72_RS07435	288	114.117	0	0
gene-JF72_RS07440	408	201.092	0	0
gene-JF72_RS08130	1059	822.148	0	0
gene-JF72_RS07450	900	663.72	0	0
gene-JF72_RS07455	318	133.428	0	0
gene-JF72_RS07460	558	328.755	0	0
gene-JF72_RS07465	1398	1161.15	0	0
gene-JF72_RS07470	375	175.674	0	0
gene-JF72_RS07475	1305	1068.15	0	0
gene-JF72_RS07480	1065	828.148	0	0
gene-JF72_RS07485	1245	1008.15	0	0
gene-JF72_RS08350	186	51.5528	0	0
gene-JF72_RS07495	1026	789.148	0	0
gene-JF72_RS07500	1221	984.148	0	0
gene-JF72_RS07505	438	224.858	0	0
gene-JF72_RS07510	384	182.393	0	0
gene-JF72_RS07515	1242	1005.15	0	0
gene-JF72_RS07520	990	753.224	0	0
gene-JF72_RS07525	1269	1032.15	0	0
gene-JF72_RS07530	3435	3198.15	0	0
gene-JF72_RS07535	210	66.0331	0	0
gene-JF72_RS07540	246	88.3653	0	0
gene-JF72_RS07545	459	242.039	0	0
gene-JF72_RS07550	1152	915.148	0	0
gene-JF72_RS07555	828	592.102	0	0
gene-JF72_RS07560	669	435.331	0	0
gene-JF72_RS07565	627	394.456	0	0
gene-JF72_RS07570	699	464.566	0	0
gene-JF72_RS08170	1194	957.148	0	0
gene-JF72_RS07580	300	120.861	0	0
gene-JF72_RS07585	3141	2904.15	0	0
gene-JF72_RS07590	816	580.22	0	0
gene-JF72_RS07595	330	141.889	0	0
gene-JF72_RS07600	450	234.736	0	0
gene-JF72_RS07605	654	420.762	0	0
gene-JF72_RS07610	351	157.502	0	0
gene-JF72_RS07615	405	198.514	0	0
gene-JF72_RS07620	1422	1185.15	0	0
gene-JF72_RS07625	1086	849.148	0	0
gene-JF72_RS08175	921	684.652	0	0
gene-JF72_RS08135	492	269.905	0	0
gene-JF72_RS07640	1326	1089.15	0	0
gene-JF72_RS07650	288	114.117	0	0
gene-JF72_RS07655	2235	1998.15	0	0
gene-JF72_RS07660	4176	3939.15	0	0
gene-JF72_RS07665	678	444.021	0	0
gene-JF72_RS07670	291	115.736	0	0
gene-JF72_RS07675	360	164.089	0	0
gene-JF72_RS07680	3408	3171.15	0	0
gene-JF72_RS07685	735	500.227	0	0
gene-JF72_RS07690	540	312.253	0	0
gene-JF72_RS07695	867	630.915	0	0
gene-JF72_RS07700	1008	771.148	0	0
gene-JF72_RS07705	1560	1323.15	0	0
gene-JF72_RS07710	1815	1578.15	0	0
gene-JF72_RS07715	2250	2013.15	0	0
gene-JF72_RS07720	807	571.277	0	0
gene-JF72_RS07725	405	198.514	0	0
gene-JF72_RS07730	1302	1065.15	0	0
gene-JF72_RS07735	324	137.442	0	0
gene-JF72_RS07740	366	168.799	0	0
gene-JF72_RS07745	390	187.171	0	0
gene-JF72_RS07750	861	624.978	0	0
gene-JF72_RS07755	777	541.553	0	0
gene-JF72_RS07760	576	345.999	0	0
gene-JF72_RS07765	801	565.277	0	0
gene-JF72_RS07770	2361	2124.15	0	0
gene-JF72_RS07775	1290	1053.15	0	0
gene-JF72_RS07780	387	184.806	0	0
gene-JF72_RS07785	336	146.093	0	0
gene-JF72_RS07790	192	55.1582	0	0
gene-JF72_RS07795	222	73.7674	0	0
gene-JF72_RS07800	420	210.479	0	0
gene-JF72_RS07805	483	262.155	0	0
gene-JF72_RS07815	675	441.199	0	0
gene-JF72_RS07820	1359	1122.15	0	0
gene-JF72_RS07825	612	379.885	0	0
gene-JF72_RS07830	681	446.977	0	0
gene-JF72_RS07835	753	517.871	0	0
gene-JF72_RS07845	243	86.2978	0	0
gene-JF72_RS07850	453	236.93	0	0
gene-JF72_RS08140	351	157.502	0	0
gene-JF72_RS07860	252	91.7168	0	0
gene-JF72_RS07865	282	110.248	0	0
gene-JF72_RS07870	777	541.553	0	0
gene-JF72_RS07875	789	553.388	0	0
gene-JF72_RS07880	1053	816.148	0	0
gene-JF72_RS07885	1530	1293.15	0	0
gene-JF72_RS07890	432	220.183	0	0
gene-JF72_RS07895	441	227.347	0	0
gene-JF72_RS07900	435	222.584	0	0
gene-JF72_RS07905	405	198.514	0	0
gene-JF72_RS07910	516	290.887	0	0
gene-JF72_RS08145	795	559.277	0	0
gene-JF72_RS07920	699	464.566	0	0
gene-JF72_RS07925	453	236.93	0	0
gene-JF72_RS07930	753	517.871	0	0
gene-JF72_RS07935	438	224.858	0	0
gene-JF72_RS07940	741	506.126	0	0
gene-JF72_RS07945	255	93.4477	0	0
gene-JF72_RS07950	441	227.347	0	0
gene-JF72_RS07955	774	538.607	0	0
gene-JF72_RS07960	441	227.347	0	0
gene-JF72_RS07965	465	246.848	0	0
gene-JF72_RS07970	966	729.297	0	0
gene-JF72_RS07975	585	354.218	0	0
gene-JF72_RS07980	627	394.456	0	0
gene-JF72_RS07985	567	337.416	0	0
gene-JF72_RS07990	627	394.456	0	0
gene-JF72_RS07995	489	267.38	0	0
gene-JF72_RS08000	672	438.199	0	0
gene-JF72_RS08005	561	331.688	0	0
gene-JF72_RS08010	417	208.169	0	0
gene-JF72_RS08015	726	491.327	0	0
gene-JF72_RS08020	4674	4437.15	0	0
gene-JF72_RS08025	1968	1731.15	0	0
gene-JF73_RS00005	1368	1131.15	1	0.161446
gene-JF73_RS00010	1131	894.148	3	0.612715
gene-JF73_RS00015	210	66.0331	1	2.76557
gene-JF73_RS00020	1140	903.148	8	1.61762
gene-JF73_RS00025	1965	1728.15	16	1.69077
gene-JF73_RS00030	2484	2247.15	10	0.812671
gene-JF73_RS00035	294	117.242	0	0
gene-JF73_RS00040	510	285.63	1.10939	0.709297
gene-JF73_RS00045	240	84.4063	0	0
gene-JF73_RS00050	2022	1785.15	1	0.102299
gene-JF73_RS00055	456	239.474	0	0
gene-JF73_RS00060	1380	1143.15	3	0.479254
gene-JF73_RS09585	159	37.5282	7	34.0633
gene-JF73_RS00065	1200	963.148	0	0
gene-JF73_RS00070	702	467.519	4	1.56245
rna-JF73_RS00075	73	34.8061	0	0
gene-JF73_RS00080	273	105.037	0	0
gene-JF73_RS00085	1002	765.148	5	1.19336
gene-JF73_RS00090	768	532.607	0	0
gene-JF73_RS00095	263	98.6831	0	0
gene-JF73_RS00100	906	669.72	0	0
gene-JF73_RS00105	5523	5286.15	8	0.276374
gene-JF73_RS09450	90	23.2463	0	0
gene-JF73_RS09455	339	148.373	0	0
gene-JF73_RS00115	576	345.999	1	0.527802
gene-JF73_RS00120	1947	1710.15	0	0
gene-JF73_RS00125	216	69.8915	0	0
gene-JF73_RS00130	279	108.464	2	3.36737
gene-JF73_RS00135	957	720.37	2	0.507015
gene-JF73_RS09460	216	69.8915	0	0
gene-JF73_RS00145	459	242.039	0	0
gene-JF73_RS00150	1572	1335.15	0	0
gene-JF73_RS00155	3033	2796.15	0	0
gene-JF73_RS00160	1551	1314.15	0	0
gene-JF73_RS00165	2484	2247.15	7	0.56887
gene-JF73_RS00170	918	681.652	1	0.267907
gene-JF73_RS00175	1689	1452.15	2	0.251516
gene-JF73_RS00180	1551	1314.15	1	0.138964
gene-JF73_RS09275	1524	1287.15	0	0
gene-JF73_RS00190	945	708.441	0	0
gene-JF73_RS00195	1521	1284.15	2	0.284421
gene-JF73_RS00200	1029	792.148	1	0.230537
gene-JF73_RS09465	270	103.079	0	0
gene-JF73_RS00205	1119	882.148	1	0.207017
gene-JF73_RS00210	1263	1026.15	0	0
gene-JF73_RS00215	870	633.915	1	0.288081
gene-JF73_RS00220	837	601.102	2	0.607614
gene-JF73_RS00225	1599	1362.15	1	0.134067
gene-JF73_RS00230	288	114.117	0	0
gene-JF73_RS00235	762	526.713	0	0
gene-JF73_RS00240	693	458.704	0	0
gene-JF73_RS00245	1653	1416.15	0	0
gene-JF73_RS00250	732	497.278	1	0.367238
gene-JF73_RS00255	1980	1743.15	0	0
gene-JF73_RS00260	477	256.972	0	0
gene-JF73_RS00265	273	105.037	0	0
gene-JF73_RS00270	1314	1077.15	0	0
gene-JF73_RS00275	1785	1548.15	1	0.11796
gene-JF73_RS00280	1272	1035.15	0	0
gene-JF73_RS00285	1146	909.148	0	0
gene-JF73_RS00290	1155	918.148	0	0
gene-JF73_RS00295	903	666.72	0	0
gene-JF73_RS00300	1002	765.148	0	0
gene-JF73_RS00305	693	458.704	2	0.796239
gene-JF73_RS00310	741	506.126	2	0.721635
gene-JF73_RS00315	414	205.808	0	0
gene-JF73_RS00320	507	283.041	0	0
gene-JF73_RS00325	846	610.102	0	0
gene-JF73_RS00330	858	622.04	0	0
gene-JF73_RS00335	657	423.677	1	0.431034
gene-JF73_RS00340	1053	816.148	0	0
gene-JF73_RS00345	825	589.162	2	0.619929
gene-JF73_RS00350	768	532.607	0	0
gene-JF73_RS00355	483	262.155	2	1.39321
gene-JF73_RS00360	483	262.155	1	0.696607
gene-JF73_RS00365	1020	783.148	0	0
gene-JF73_RS00375	492	269.905	1	0.676606
gene-JF73_RS00380	897	660.786	0	0
gene-JF73_RS00385	1224	987.148	0	0
gene-JF73_RS00390	894	657.786	3	0.832881
gene-JF73_RS00395	948	711.441	0	0
gene-JF73_RS00400	771	535.607	0	0
gene-JF73_RS00405	777	541.553	0.5	0.168607
gene-JF73_RS00410	879	642.851	1	0.284077
gene-JF73_RS00415	354	159.705	0	0
gene-JF73_RS00420	867	630.915	0	0
gene-JF73_RS09590	192	55.1582	0	0
gene-JF73_RS00430	864	627.915	8	2.32667
gene-JF73_RS00435	543	314.965	0	0
gene-JF73_RS00440	519	293.616	0	0
gene-JF73_RS00445	393	189.447	0	0
gene-JF73_RS00450	2235	1998.15	0	0
gene-JF73_RS09470	186	51.5528	0	0
gene-JF73_RS00455	711	476.425	0	0
gene-JF73_RS00460	864	627.915	0	0
gene-JF73_RS00465	765	529.66	1	0.344786
gene-JF73_RS00470	1011	774.148	0	0
gene-JF73_RS00475	828	592.102	2	0.61685
gene-JF73_RS00480	2841	2604.15	2	0.140253
gene-JF73_RS00485	252	91.7168	0	0
gene-JF73_RS00490	1086	849.148	0	0
gene-JF73_RS00495	926	689.652	0	0
gene-JF73_RS00500	1881	1644.15	0	0
gene-JF73_RS00505	756	520.871	0	0
gene-JF73_RS00510	795	559.277	0	0
gene-JF73_RS00515	939	702.582	2	0.519851
gene-JF73_RS00520	420	210.479	0	0
gene-JF73_RS00525	1572	1335.15	4	0.547113
gene-JF73_RS00530	921	684.652	2	0.533466
gene-JF73_RS00535	792	556.333	1	0.328255
gene-JF73_RS00540	612	379.885	0	0
gene-JF73_RS00545	912	675.72	0	0
gene-JF73_RS00550	822	586.162	0	0
gene-JF73_RS00555	915	678.72	0	0
gene-JF73_RS00560	1200	963.148	0	0
gene-JF73_RS00565	1770	1533.15	0	0
gene-JF73_RS00570	915	678.72	0	0
gene-JF73_RS00575	759	523.871	1	0.348596
gene-JF73_RS00580	234	80.3412	0	0
gene-JF73_RS00585	231	78.702	14	32.4854
gene-JF73_RS00590	888	651.786	1	0.280183
gene-JF73_RS00595	948	711.441	0	0
gene-JF73_RS00600	831	595.102	1	0.30687
gene-JF73_RS00605	765	529.66	0	0
gene-JF73_RS00610	708	473.425	1	0.385741
gene-JF73_RS00615	720	485.425	0	0
gene-JF73_RS00620	735	500.227	0	0
gene-JF73_RS00625	891	654.786	0	0
gene-JF73_RS00630	810	574.277	0	0
gene-JF73_RS00635	651	417.762	0	0
gene-JF73_RS00640	324	137.442	0	0
gene-JF73_RS00645	1086	849.148	2	0.430123
gene-JF73_RS00650	876	639.915	0	0
gene-JF73_RS00655	555	325.955	0	0
rna-JF73_RS00660	76	33.0619	0	0
gene-JF73_RS00665	1485	1248.15	0	0
rna-JF73_RS00670	73	34.8061	0	0
gene-JF73_RS00675	717	482.425	3	1.13563
gene-JF73_RS00680	1854	1617.15	3	0.33878
gene-JF73_RS00685	1335	1098.15	0	0
gene-JF73_RS00690	828	592.102	0	0
gene-JF73_RS00695	798	562.277	2	0.64957
gene-JF73_RS00700	1209	972.148	0	0
gene-JF73_RS00705	480	259.538	3	2.1109
gene-JF73_RS00710	981	744.224	0	0
gene-JF73_RS00715	1413	1176.15	0	0
gene-JF73_RS00720	1419	1182.15	0	0
gene-JF73_RS00725	1416	1179.15	0	0
gene-JF73_RS00730	654	420.762	0	0
gene-JF73_RS00735	1359	1122.15	0	0
gene-JF73_RS00740	945	708.441	3	0.773328
gene-JF73_RS00745	897	660.786	0	0
gene-JF73_RS00750	561	331.688	0	0
gene-JF73_RS00755	1101	864.148	0	0
gene-JF73_RS00760	360	164.089	0	0
gene-JF73_RS09595	141	29.1263	0	0
gene-JF73_RS00765	918	681.652	0	0
gene-JF73_RS00770	1941	1704.15	4	0.428646
gene-JF73_RS00775	1524	1287.15	6	0.851274
gene-JF73_RS00780	1836	1599.15	0	0
gene-JF73_RS00785	1524	1287.15	0	0
gene-JF73_RS00790	1323	1086.15	2	0.33627
gene-JF73_RS00795	312	129.046	0	0
gene-JF73_RS00800	372	173.403	2	2.1063
gene-JF73_RS00805	918	681.652	0	0
gene-JF73_RS00810	750	514.922	0	0
gene-JF73_RS00815	1626	1389.15	0	0
gene-JF73_RS00820	633	400.256	1	0.456256
gene-JF73_RS00825	360	164.089	0	0
gene-JF73_RS00830	705	470.425	0	0
gene-JF73_RS00835	1014	777.148	0	0
gene-JF73_RS00840	648	414.804	1	0.440254
gene-JF73_RS00845	1149	912.148	0	0
gene-JF73_RS00850	1890	1653.15	1	0.110468
gene-JF73_RS00855	804	568.277	1	0.321356
gene-JF73_RS00860	762	526.713	2	0.69343
gene-JF73_RS00865	477	256.972	0	0
gene-JF73_RS00870	300	120.861	0	0
gene-JF73_RS00875	1458	1221.15	0	0
gene-JF73_RS00880	933	696.652	2	0.524277
gene-JF73_RS00885	798	562.277	0	0
gene-JF73_RS00890	966	729.297	0	0
gene-JF73_RS00895	846	610.102	1	0.299325
gene-JF73_RS00900	657	423.677	0	0
gene-JF73_RS00905	981	744.224	2	0.490764
gene-JF73_RS00910	684	449.977	1	0.405841
gene-JF73_RS00915	831	595.102	0	0
gene-JF73_RS00920	474	254.347	0	0
gene-JF73_RS00925	591	359.748	0	0
gene-JF73_RS00930	600	368.453	0	0
gene-JF73_RS09280	297	119.014	0	0
gene-JF73_RS00935	1005	768.148	0	0
gene-JF73_RS00940	1020	783.148	2	0.466372
gene-JF73_RS00945	1086	849.148	1	0.215062
gene-JF73_RS00950	774	538.607	0	0
gene-JF73_RS00955	1116	879.148	4	0.830892
gene-JF73_RS00960	771	535.607	0	0
gene-JF73_RS00965	819	583.162	2	0.626307
gene-JF73_RS00970	264	99.2773	4	7.35794
gene-JF73_RS00975	531	304.451	0	0
gene-JF73_RS00980	756	520.871	0	0
gene-JF73_RS00985	399	193.785	0	0
gene-JF73_RS00990	294	117.242	0	0
gene-JF73_RS00995	1272	1035.15	0	0
gene-JF73_RS01000	954	717.37	0	0
gene-JF73_RS01005	1035	798.148	0	0
gene-JF73_RS01010	597	365.527	0	0
gene-JF73_RS01015	468	249.142	0	0
gene-JF73_RS01020	876	639.915	1	0.28538
gene-JF73_RS01025	360	164.089	0	0
gene-JF73_RS01030	993	756.224	0	0
gene-JF73_RS01035	993	756.224	0	0
gene-JF73_RS09600	171	43.4896	0	0
gene-JF73_RS01045	2532	2295.15	3	0.238703
gene-JF73_RS01050	1254	1017.15	3	0.538621
gene-JF73_RS01055	714	479.425	3	1.14274
gene-JF73_RS01060	786	550.388	2	0.663601
gene-JF73_RS01065	1629	1392.15	0	0
gene-JF73_RS01070	1326	1089.15	0	0
gene-JF73_RS01075	1212	975.148	0	0
gene-JF73_RS01080	798	562.277	0	0
gene-JF73_RS01085	615	382.808	0	0
gene-JF73_RS01090	750	514.922	1	0.354654
gene-JF73_RS01095	1806	1569.15	4	0.465525
gene-JF73_RS01100	1815	1578.15	1	0.115717
gene-JF73_RS01105	237	82.3177	0	0
gene-JF73_RS01110	1503	1266.15	8.61049	1.24191
gene-JF73_RS01115	1014	777.148	0	0
gene-JF73_RS01120	1092	855.148	0	0
gene-JF73_RS01125	918	681.652	7	1.87535
gene-JF73_RS01130	1896	1659.15	0	0
gene-JF73_RS01135	375	175.674	1	1.03953
gene-JF73_RS01140	546	317.643	0	0
gene-JF73_RS01145	960	723.297	0	0
gene-JF73_RS01150	315	131.376	0	0
gene-JF73_RS01155	1197	960.148	0	0
gene-JF73_RS01160	879	642.851	0	0
gene-JF73_RS01165	957	720.37	0	0
gene-JF73_RS01170	783	547.388	0	0
gene-JF73_RS01175	705	470.425	0	0
gene-JF73_RS01180	858	622.04	0	0
gene-JF73_RS01185	645	411.887	0	0
gene-JF73_RS01190	675	441.199	0	0
gene-JF73_RS01195	2295	2058.15	0	0
gene-JF73_RS01200	450	234.736	0	0
gene-JF73_RS01205	573	343.139	0	0
gene-JF73_RS01210	915	678.72	0	0
gene-JF73_RS01215	573	343.139	0	0
gene-JF73_RS01220	801	565.277	0	0
gene-JF73_RS01225	1092	855.148	5	1.06776
gene-JF73_RS01230	450	234.736	3	2.33393
gene-JF73_RS01235	477	256.972	2	1.42132
gene-JF73_RS01240	822	586.162	3	0.934653
gene-JF73_RS01245	849	613.102	3	0.893583
gene-JF73_RS01250	579	348.788	0	0
gene-JF73_RS01255	585	354.218	19	9.79556
gene-JF73_RS09285	2322	2085.15	0	0
gene-JF73_RS01265	1305	1068.15	0	0
gene-JF73_RS01270	690	455.704	0	0
gene-JF73_RS01275	1332	1095.15	0	0
gene-JF73_RS01280	1014	777.148	3	0.704959
gene-JF73_RS01285	441	227.347	0	0
gene-JF73_RS01290	504	280.361	0	0
gene-JF73_RS01295	867	630.915	0	0
gene-JF73_RS01300	843	607.102	1	0.300805
gene-JF73_RS01305	297	119.014	0	0
gene-JF73_RS01310	675	441.199	0	0
gene-JF73_RS01315	768	532.607	0	0
gene-JF73_RS01320	606	374.341	0	0
gene-JF73_RS01325	522	296.313	0	0
gene-JF73_RS01330	1062	825.148	0	0
gene-JF73_RS01335	675	441.199	0	0
gene-JF73_RS01340	225	75.4231	0	0
gene-JF73_RS01345	624	391.496	4.02604	1.87801
gene-JF73_RS01350	540	312.253	11	6.43327
gene-JF73_RS01355	549	320.48	10	5.6983
gene-JF73_RS01360	792	556.333	0	0
gene-JF73_RS01365	930	693.652	0	0
gene-JF73_RS01370	537	309.666	0	0
gene-JF73_RS01375	723	488.376	0	0
gene-JF73_RS01380	849	613.102	3	0.893583
gene-JF73_RS01385	780	544.553	1	0.335356
gene-JF73_RS01390	888	651.786	2	0.560365
gene-JF73_RS01395	276	106.499	0	0
gene-JF73_RS01400	1101	864.148	0	0
gene-JF73_RS01405	792	556.333	0	0
gene-JF73_RS01410	1725	1488.15	3	0.368147
gene-JF73_RS01415	1863	1626.15	0	0
gene-JF73_RS01420	1527	1290.15	0	0
gene-JF73_RS01425	969	732.297	0	0
gene-JF73_RS01430	687	452.796	1	0.403315
gene-JF73_RS01435	1167	930.148	0	0
gene-JF73_RS01440	1551	1314.15	4	0.555856
gene-JF73_RS01445	747	511.974	0	0
gene-JF73_RS01450	240	84.4063	2.5	5.40893
gene-JF73_RS01455	504	280.361	0	0
gene-JF73_RS09605	126	22.9065	0	0
gene-JF73_RS09480	102	19.1939	0	0
gene-JF73_RS01465	1272	1035.15	0	0
gene-JF73_RS01470	1002	765.148	1	0.238672
gene-JF73_RS01475	762	526.713	4	1.38686
gene-JF73_RS01480	1557	1320.15	3	0.414997
gene-JF73_RS01485	549	320.48	0	0
gene-JF73_RS01490	813	577.22	1	0.316377
gene-JF73_RS01495	1044	807.148	3	0.678757
gene-JF73_RS01500	606	374.341	2	0.975684
gene-JF73_RS01505	1227	990.148	1.5	0.276654
gene-JF73_RS01510	474	254.347	1	0.717991
gene-JF73_RS09290	2544	2307.15	13.5804	1.07494
gene-JF73_RS01520	1395	1158.15	0	0
gene-JF73_RS01525	1812	1575.15	2	0.231876
gene-JF73_RS01530	444	229.732	0	0
gene-JF73_RS01535	1149	912.148	0	0
gene-JF73_RS01540	2079	1842.15	1	0.0991338
gene-JF73_RS01545	1236	999.148	0	0
gene-JF73_RS01550	948	711.441	0	0
gene-JF73_RS01555	801	565.277	2	0.646123
gene-JF73_RS01560	417	208.169	1	0.877263
gene-JF73_RS01565	477	256.972	0	0
gene-JF73_RS01570	807	571.277	0	0
gene-JF73_RS01575	834	598.102	0	0
gene-JF73_RS09485	324	137.442	1	1.3287
gene-JF73_RS01580	1359	1122.15	0	0
gene-JF73_RS01585	501	277.795	0	0
gene-JF73_RS01590	804	568.277	0	0
gene-JF73_RS01595	918	681.652	0	0
gene-JF73_RS01600	984	747.224	0	0
gene-JF73_RS01605	972	735.297	0	0
gene-JF73_RS01610	2562	2325.15	0	0
gene-JF73_RS01615	414	205.808	0	0
gene-JF73_RS01620	492	269.905	0	0
gene-JF73_RS01625	840	604.102	0	0
gene-JF73_RS01630	828	592.102	0	0
gene-JF73_RS01635	705	470.425	0	0
gene-JF73_RS01640	1266	1029.15	1	0.177447
gene-JF73_RS01645	942	705.582	0	0
gene-JF73_RS01650	4203	3966.15	7	0.322311
gene-JF73_RS01655	912	675.72	0	0
gene-JF73_RS01660	306	124.664	0	0
gene-JF73_RS01665	669	435.331	0	0
gene-JF73_RS01670	1242	1005.15	1	0.181684
gene-JF73_RS01675	1248	1011.15	0	0
gene-JF73_RS01680	915	678.72	0	0
gene-JF73_RS01685	747	511.974	0	0
gene-JF73_RS01690	450	234.736	1	0.777977
gene-JF73_RS01695	636	403.175	3	1.35886
gene-JF73_RS01700	822	586.162	2	0.623102
gene-JF73_RS01705	954	717.37	1	0.254568
gene-JF73_RS01710	876	639.915	0	0
gene-JF73_RS01715	1086	849.148	3	0.645185
gene-JF73_RS01720	867	630.915	0	0
gene-JF73_RS01725	825	589.162	1	0.309965
gene-JF73_RS01730	1296	1059.15	0	0
gene-JF73_RS01735	1305	1068.15	1	0.170968
gene-JF73_RS01740	1305	1068.15	0	0
gene-JF73_RS01745	918	681.652	0	0
gene-JF73_RS01750	924	687.652	0	0
gene-JF73_RS01755	588	357.074	0	0
gene-JF73_RS01760	3033	2796.15	0	0
gene-JF73_RS01765	1560	1323.15	2	0.276037
gene-JF73_RS01770	1011	774.148	2	0.471794
gene-JF73_RS01775	1377	1140.15	18	2.88309
gene-JF73_RS01780	783	547.388	0	0
gene-JF73_RS01785	606	374.341	0	0
gene-JF73_RS01790	531	304.451	0	0
gene-JF73_RS01795	1308	1071.15	0	0
gene-JF73_RS01800	1005	768.148	6	1.42644
gene-JF73_RS01805	810	574.277	0	0
gene-JF73_RS01810	915	678.72	1	0.269064
gene-JF73_RS01815	363	166.29	0	0
gene-JF73_RS01820	1371	1134.15	0	0
gene-JF73_RS01825	549	320.48	0	0
gene-JF73_RS01830	993	756.224	0	0
gene-JF73_RS01835	759	523.871	5	1.74298
rna-JF73_RS01840	73	34.8061	0	0
gene-JF73_RS01845	573	343.139	0	0
gene-JF73_RS01850	849	613.102	0	0
gene-JF73_RS01855	1512	1275.15	0	0
gene-JF73_RS01860	714	479.425	0.00406865	0.0015498
gene-JF73_RS01865	753	517.871	4	1.41054
gene-JF73_RS01870	765	529.66	0	0
gene-JF73_RS01875	963	726.297	0	0
gene-JF73_RS01880	870	633.915	0	0
gene-JF73_RS09295	1401	1164.15	1	0.156869
gene-JF73_RS01890	327	139.697	4	5.22902
gene-JF73_RS01900	930	693.652	0	0
gene-JF73_RS01905	429	217.564	0	0
gene-JF73_RS01910	576	345.999	0	0
gene-JF73_RS01915	1080	843.148	0	0
gene-JF73_RS01920	999	762.148	0	0
gene-JF73_RS01925	687	452.796	0	0
gene-JF73_RS01930	1596	1359.15	0	0
gene-JF73_RS01935	291	115.736	0	0
gene-JF73_RS01940	468	249.142	0	0
gene-JF73_RS01945	759	523.871	6	2.09158
gene-JF73_RS01950	1356	1119.15	0	0
gene-JF73_RS01955	810	574.277	1	0.317998
gene-JF73_RS01960	996	759.148	1	0.240558
gene-JF73_RS09610	117	20.3514	0	0
gene-JF73_RS01965	672	438.199	0	0
gene-JF73_RS01970	1059	822.148	1	0.222125
gene-JF73_RS01975	519	293.616	0	0
rna-JF73_RS01980	72	34.1546	0	0
gene-JF73_RS01985	705	470.425	0	0
gene-JF73_RS01990	1182	945.148	3	0.579653
rna-JF73_RS01995	82	28.9745	0	0
rna-JF73_RS02000	72	34.1546	0	0
gene-JF73_RS02005	1860	1623.15	1	0.112509
gene-JF73_RS02010	1116	879.148	0	0
gene-JF73_RS02015	699	464.566	5	1.96548
gene-JF73_RS02020	387	184.806	0	0
gene-JF73_RS02025	732	497.278	0	0
gene-JF73_RS02030	1092	855.148	0	0
gene-JF73_RS02035	1479	1242.15	2	0.294038
gene-JF73_RS02040	828	592.102	1	0.308425
gene-JF73_RS02045	2640	2403.15	2	0.151983
gene-JF73_RS02050	258	95.3596	0	0
gene-JF73_RS02055	429	217.564	1	0.839383
gene-JF73_RS02060	306	124.664	0	0
gene-JF73_RS02065	2355	2118.15	7	0.603515
gene-JF73_RS02070	312	129.046	1	1.41515
gene-JF73_RS02075	372	173.403	2	2.1063
gene-JF73_RS02080	417	208.169	0	0
gene-JF73_RS02085	789	553.388	3	0.990005
gene-JF73_RS02090	615	382.808	0	0
gene-JF73_RS02095	816	580.22	0	0
gene-JF73_RS02100	426	215.129	8	6.79105
gene-JF73_RS02105	396	191.63	3	2.85894
gene-JF73_RS02110	1101	864.148	1	0.211329
gene-JF73_RS02115	1002	765.148	0	0
gene-JF73_RS02120	1389	1152.15	0	0
gene-JF73_RS02125	333	144.04	0	0
gene-JF73_RS02130	1392	1155.15	0	0
gene-JF73_RS02135	579	348.788	0	0
gene-JF73_RS02140	777	541.553	0	0
gene-JF73_RS02145	609	377.075	0	0
gene-JF73_RS02150	651	417.762	0	0
gene-JF73_RS02155	960	723.297	0	0
rna-JF73_RS02160	73	34.8061	0	0
rna-JF73_RS02165	73	34.8061	0	0
rna-JF73_RS02170	82	28.9745	0	0
rna-JF73_RS02175	73	34.8061	0	0
rna-JF73_RS02180	72	34.1546	0	0
rna-JF73_RS02185	86	26.6667	0	0
rna-JF73_RS02190	74	33.7981	0	0
rna-JF73_RS02195	74	33.7981	0	0
rna-JF73_RS02200	74	33.7981	0	0
rna-JF73_RS02205	74	33.7981	0	0
rna-JF73_RS02210	74	33.7981	0	0
rna-JF73_RS02215	74	33.7981	0	0
rna-JF73_RS02220	73	34.8061	0	0
rna-JF73_RS02225	71	34.2128	0	0
rna-JF73_RS02230	74	33.7981	2	10.8065
rna-JF73_RS02235	90	23.2463	0	0
rna-JF73_RS02240	72	34.1546	0	0
rna-JF73_RS02245	87	26.0237	0	0
rna-JF73_RS02250	74	33.7981	0	0
rna-JF73_RS02255	74	33.7981	0	0
rna-JF73_RS02260	76	33.0619	0	0
rna-JF73_RS02265	82	28.9745	0	0
rna-JF73_RS02270	71	34.2128	0	0
rna-JF73_RS02275	76	33.0619	0	0
rna-JF73_RS02280	72	34.1546	0	0
rna-JF73_RS02285	71	34.2128	0	0
rna-JF73_RS02290	85	27.0319	0	0
gene-JF73_RS02295	1173	936.148	0	0
gene-JF73_RS02300	1044	807.148	0	0
gene-JF73_RS02305	1026	789.148	0	0
gene-JF73_RS02310	2061	1824.15	0	0
gene-JF73_RS02315	234	80.3412	0	0
gene-JF73_RS02320	2325	2088.15	1	0.0874551
gene-JF73_RS02325	459	242.039	0	0
gene-JF73_RS02330	657	423.677	0	0
gene-JF73_RS02335	1347	1110.15	0	0
gene-JF73_RS02340	570	340.278	0	0
gene-JF73_RS02345	1083	846.148	0	0
gene-JF73_RS02350	579	348.788	0	0
gene-JF73_RS02355	642	409.052	1	0.446444
gene-JF73_RS02360	336	146.093	1	1.25002
gene-JF73_RS02365	372	173.403	1	1.05315
gene-JF73_RS02370	1446	1209.15	2	0.302063
gene-JF73_RS02375	582	351.575	1	0.519432
gene-JF73_RS02380	471	251.746	6	4.35246
gene-JF73_RS02385	693	458.704	1	0.398119
gene-JF73_RS02390	924	687.652	0	0
gene-JF73_RS02395	726	491.327	0	0
gene-JF73_RS02400	369	170.944	0	0
gene-JF73_RS02405	765	529.66	0	0
gene-JF73_RS02410	2403	2166.15	6	0.505836
gene-JF73_RS02415	2670	2433.15	3	0.225164
gene-JF73_RS02420	450	234.736	0	0
gene-JF73_RS02425	738	503.227	1	0.362896
gene-JF73_RS02430	816	580.22	1	0.314741
gene-JF73_RS02435	639	406.134	1	0.449652
gene-JF73_RS02440	654	420.762	0	0
gene-JF73_RS02445	540	312.253	1	0.584843
gene-JF73_RS09300	741	506.126	1	0.360817
gene-JF73_RS02455	849	613.102	2	0.595722
gene-JF73_RS09305	654	420.762	0	0
gene-JF73_RS02465	1143	906.148	0	0
gene-JF73_RS02470	1431	1194.15	0	0
gene-JF73_RS02475	699	464.566	1	0.393097
gene-JF73_RS02480	474	254.347	0	0
gene-JF73_RS02485	684	449.977	2	0.811683
gene-JF73_RS02490	1752	1515.15	0	0
rna-JF73_RS02495	86	26.6667	0	0
gene-JF73_RS02500	648	414.804	0	0
gene-JF73_RS02505	2244	2007.15	3	0.272953
gene-JF73_RS02510	2016	1779.15	4	0.410577
gene-JF73_RS02515	1140	903.148	6	1.21322
gene-JF73_RS02520	303	122.716	0	0
gene-JF73_RS02525	1440	1203.15	3	0.455354
gene-JF73_RS02530	1431	1194.15	10	1.52928
gene-JF73_RS02535	921	684.652	1	0.266733
gene-JF73_RS02540	801	565.277	0	0
gene-JF73_RS02545	1836	1599.15	1	0.114198
gene-JF73_RS02550	507	283.041	1	0.645204
gene-JF73_RS02555	552	323.12	0	0
gene-JF73_RS02560	1002	765.148	4	0.954687
gene-JF73_RS02565	366	168.799	0	0
gene-JF73_RS02570	711	476.425	0	0
gene-JF73_RS02575	1353	1116.15	0	0
gene-JF73_RS02580	606	374.341	0	0
gene-JF73_RS02585	522	296.313	0	0
gene-JF73_RS09405	208	64.688	0	0
gene-JF73_RS02595	459	242.039	0	0
gene-JF73_RS02600	435	222.584	0	0
gene-JF73_RS02605	535	307.95	0	0
gene-JF73_RS02610	1533	1296.15	5	0.704469
gene-JF73_RS02615	666	432.418	0	0
gene-JF73_RS09490	645	411.887	0	0
gene-JF73_RS02625	972	735.297	2	0.496722
gene-JF73_RS02630	573	343.139	1	0.532201
gene-JF73_RS09495	1083	846.148	0	0
gene-JF73_RS02640	3117	2880.15	7	0.443843
gene-JF73_RS02645	885	648.786	6	1.68887
gene-JF73_RS02650	486	264.853	0	0
gene-JF73_RS02655	1185	948.148	0	0
gene-JF73_RS02660	372	173.403	0	0
gene-JF73_RS02665	1002	765.148	2	0.477344
gene-JF73_RS02670	708	473.425	0	0
gene-JF73_RS02675	1236	999.148	0	0
gene-JF73_RS02680	1329	1092.15	0	0
rna-JF73_RS02685	73	34.8061	0	0
gene-JF73_RS02690	237	82.3177	5	11.0923
gene-JF73_RS02695	492	269.905	2	1.35321
gene-JF73_RS02700	801	565.277	0	0
gene-JF73_RS02705	795	559.277	0	0
gene-JF73_RS02710	438	224.858	0	0
gene-JF73_RS02715	885	648.786	0	0
gene-JF73_RS02720	876	639.915	0	0
gene-JF73_RS02725	189	53.2657	0	0
gene-JF73_RS02730	1143	906.148	0	0
gene-JF73_RS02735	510	285.63	0	0
gene-JF73_RS02740	447	232.186	0	0
gene-JF73_RS02745	828	592.102	1	0.308425
gene-JF73_RS02750	918	681.652	0	0
gene-JF73_RS02755	894	657.786	2	0.555254
gene-JF73_RS02760	1149	912.148	1	0.200208
gene-JF73_RS02765	1227	990.148	0	0
gene-JF73_RS02770	1164	927.148	0	0
gene-JF73_RS02775	285	112.337	0	0
gene-JF73_RS02780	957	720.37	0	0
gene-JF73_RS02785	1377	1140.15	2	0.320343
gene-JF73_RS02790	816	580.22	1	0.314741
gene-JF73_RS02795	480	259.538	0	0
gene-JF73_RS02800	462	244.394	1	0.747232
gene-JF73_RS02805	873	636.915	2	0.573449
gene-JF73_RS02810	1572	1335.15	1	0.136778
gene-JF73_RS09310	231	78.702	0	0
gene-JF73_RS02820	345	153.15	0	0
gene-JF73_RS02825	351	157.502	0	0
gene-JF73_RS02830	846	610.102	0	0
gene-JF73_RS09500	1227	990.148	0	0
gene-JF73_RS02840	360	164.089	0	0
gene-JF73_RS02845	282	110.248	2	3.31288
gene-JF73_RS02850	2202	1965.15	47	4.36766
gene-JF73_RS02855	183	49.9191	0	0
gene-JF73_RS02860	267	101.144	0	0
gene-JF73_RS02865	1734	1497.15	3	0.365934
gene-JF73_RS02870	399	193.785	0	0
gene-JF73_RS02875	708	473.425	1	0.385741
gene-JF73_RS02880	840	604.102	0	0
gene-JF73_RS02885	621	388.575	1	0.469972
gene-JF73_RS02890	627	394.456	0	0
gene-JF73_RS02895	630	397.376	2	0.919124
gene-JF73_RS02900	807	571.277	0	0
gene-JF73_RS02905	894	657.786	0	0
gene-JF73_RS02910	1032	795.148	2	0.459334
gene-JF73_RS02915	2757	2520.15	0	0
gene-JF73_RS02920	381	179.973	0	0
gene-JF73_RS02925	1227	990.148	0	0
gene-JF73_RS02930	558	328.755	2	1.11097
gene-JF73_RS02935	393	189.447	0	0
gene-JF73_RS02940	2460	2223.15	1	0.0821444
gene-JF73_RS02945	729	494.327	2	0.73886
gene-JF73_RS02950	1119	882.148	2	0.414033
gene-JF73_RS02955	561	331.688	0	0
gene-JF73_RS02960	1179	942.148	1	0.193833
gene-JF73_RS02965	624	391.496	1	0.466465
gene-JF73_RS02970	936	699.582	0	0
gene-JF73_RS02975	666	432.418	0	0
gene-JF73_RS02980	1113	876.148	4	0.833737
gene-JF73_RS02985	1632	1395.15	5	0.65448
gene-JF73_RS02990	1155	918.148	0	0
gene-JF73_RS02995	663	429.548	0	0
gene-JF73_RS03000	1284	1047.15	0	0
gene-JF73_RS03005	690	455.704	0	0
gene-JF73_RS03010	549	320.48	4	2.27932
gene-JF73_RS03015	2400	2163.15	7	0.59096
gene-JF73_RS03020	1116	879.148	2	0.415446
gene-JF73_RS03025	273	105.037	0	0
gene-JF73_RS03030	963	726.297	2	0.502877
gene-JF73_RS03035	837	601.102	0	0
gene-JF73_RS03040	1020	783.148	2	0.466372
gene-JF73_RS03045	936	699.582	4	1.04416
gene-JF73_RS03050	1725	1488.15	3	0.368147
gene-JF73_RS03055	2043	1806.15	15	1.51665
gene-JF73_RS03060	2853	2616.15	9	0.628242
gene-JF73_RS03065	543	314.965	0	0
gene-JF73_RS03070	879	642.851	3	0.852231
gene-JF73_RS03075	1026	789.148	0	0
gene-JF73_RS03080	936	699.582	1	0.26104
gene-JF73_RS03085	585	354.218	2	1.03111
gene-JF73_RS03090	1716	1479.15	0	0
gene-JF73_RS03095	966	729.297	2	0.500809
gene-JF73_RS03100	456	239.474	2	1.52517
gene-JF73_RS03105	1443	1206.15	0	0
gene-JF73_RS03110	1527	1290.15	1	0.141549
gene-JF73_RS03115	705	470.425	0	0
gene-JF73_RS03120	729	494.327	0	0
gene-JF73_RS03125	732	497.278	0	0
gene-JF73_RS03130	1035	798.148	2	0.457607
gene-JF73_RS03135	321	135.439	0	0
gene-JF73_RS03140	408	201.092	0	0
gene-JF73_RS03145	492	269.905	0	0
gene-JF73_RS03150	750	514.922	0	0
gene-JF73_RS03155	822	586.162	0	0
gene-JF73_RS03160	1098	861.148	0	0
gene-JF73_RS03165	743	508.076	0	0
gene-JF73_RS03170	756	520.871	0	0
gene-JF73_RS03175	828	592.102	0	0
gene-JF73_RS03180	1338	1101.15	0	0
gene-JF73_RS03185	1032	795.148	6	1.378
gene-JF73_RS03190	1017	780.148	5.64445	1.32127
gene-JF73_RS03195	1212	975.148	3	0.56182
gene-JF73_RS03200	756	520.871	3	1.05181
gene-JF73_RS03205	579	348.788	2	1.04716
gene-JF73_RS03210	639	406.134	2	0.899305
gene-JF73_RS03215	606	374.341	0	0
gene-JF73_RS03220	579	348.788	0	0
gene-JF73_RS03225	1569	1332.15	0	0
gene-JF73_RS09615	207	64.019	1	2.85258
gene-JF73_RS03235	876	639.915	1	0.28538
gene-JF73_RS03240	696	461.658	1	0.395572
gene-JF73_RS03245	999	762.148	2	0.479223
gene-JF73_RS03250	483	262.155	0	0
gene-JF73_RS03255	534	307.013	0	0
gene-JF73_RS03260	900	663.72	0	0
gene-JF73_RS03265	846	610.102	0	0
gene-JF73_RS03270	978	741.224	1	0.246375
gene-JF73_RS03275	1353	1116.15	4	0.654462
gene-JF73_RS03280	1812	1575.15	0	0
gene-JF73_RS03285	816	580.22	0	0
gene-JF73_RS03290	438	224.858	2	1.62431
gene-JF73_RS03295	711	476.425	0	0
gene-JF73_RS03300	1524	1287.15	1	0.141879
gene-JF73_RS03305	1398	1161.15	0	0
gene-JF73_RS03310	426	215.129	0	0
gene-JF73_RS03315	1146	909.148	0	0
gene-JF73_RS03320	978	741.224	0	0
gene-JF73_RS09505	798	562.277	0	0
gene-JF73_RS03330	783	547.388	0	0
gene-JF73_RS03335	204	62.0897	0	0
gene-JF73_RS03340	372	173.403	15	15.7972
gene-JF73_RS03345	1908	1671.15	55	6.01027
gene-JF73_RS03350	720	485.425	6	2.25723
gene-JF73_RS03355	732	497.278	3	1.10171
gene-JF73_RS03360	765	529.66	0	0
gene-JF73_RS03365	2793	2556.15	9	0.642988
gene-JF73_RS03370	702	467.519	0	0
gene-JF73_RS03375	813	577.22	0	0
gene-JF73_RS03380	1662	1425.15	0	0
gene-JF73_RS03385	729	494.327	1	0.36943
gene-JF73_RS03390	342	150.555	0	0
gene-JF73_RS03395	975	738.297	0	0
gene-JF73_RS03400	1005	768.148	0	0
gene-JF73_RS03405	348	155.386	0	0
gene-JF73_RS03410	435	222.584	0	0
gene-JF73_RS03415	279	108.464	0	0
gene-JF73_RS03420	522	296.313	0	0
gene-JF73_RS03425	1002	765.148	2	0.477344
gene-JF73_RS03430	1185	948.148	1	0.192606
rna-JF73_RS09415	366	168.799	186.9	202.203
gene-JF73_RS03435	243	86.2978	0	0
gene-JF73_RS03440	1194	957.148	0	0
gene-JF73_RS03445	876	639.915	0	0
gene-JF73_RS03450	1512	1275.15	5	0.716071
gene-JF73_RS03455	1746	1509.15	7	0.847057
gene-JF73_RS03460	969	732.297	0	0
gene-JF73_RS03465	396	191.63	0	0
gene-JF73_RS03470	720	485.425	0	0
gene-JF73_RS03475	1452	1215.15	0	0
gene-JF73_RS03480	876	639.915	1	0.28538
gene-JF73_RS03485	2193	1956.15	0	0
gene-JF73_RS03490	624	391.496	0	0
gene-JF73_RS03495	1350	1113.15	0	0
gene-JF73_RS03500	1395	1158.15	0	0
gene-JF73_RS03505	1089	852.148	0	0
gene-JF73_RS03510	1011	774.148	0	0
gene-JF73_RS03515	969	732.297	0	0
gene-JF73_RS03520	1011	774.148	0	0
gene-JF73_RS09510	780	544.553	0	0
rna-JF73_RS03535	72	34.1546	0	0
rna-JF73_RS03540	72	34.1546	0	0
gene-JF73_RS03545	873	636.915	0	0
gene-JF73_RS03550	624	391.496	0	0
gene-JF73_RS03555	1716	1479.15	0	0
gene-JF73_RS09515	279	108.464	0	0
gene-JF73_RS03565	489	267.38	0	0
gene-JF73_RS03570	309	127.008	0	0
gene-JF73_RS03575	1251	1014.15	0	0
gene-JF73_RS03580	648	414.804	0	0
gene-JF73_RS03585	570	340.278	0	0
gene-JF73_RS03590	750	514.922	0	0
gene-JF73_RS03595	381	179.973	0	0
gene-JF73_RS03600	366	168.799	1	1.08187
gene-JF73_RS03605	1353	1116.15	0	0
gene-JF73_RS03610	600	368.453	1	0.495638
gene-JF73_RS03615	1089	852.148	1	0.214305
gene-JF73_RS03620	849	613.102	0	0
gene-JF73_RS03625	1005	768.148	1	0.23774
gene-JF73_RS03630	630	397.376	0	0
gene-JF73_RS03635	714	479.425	0	0
gene-JF73_RS03640	225	75.4231	0	0
gene-JF73_RS03645	513	288.215	0	0
gene-JF73_RS03650	549	320.48	1	0.56983
gene-JF73_RS03655	1512	1275.15	1	0.143214
gene-JF73_RS03660	963	726.297	2.15385	0.54156
gene-JF73_RS03665	1440	1203.15	0	0
gene-JF73_RS03670	438	224.858	1	0.812155
gene-JF73_RS03675	231	78.702	0	0
gene-JF73_RS03680	990	753.224	1	0.24245
gene-JF73_RS03685	294	117.242	0	0
gene-JF73_RS03690	228	77.1541	0	0
gene-JF73_RS03695	1194	957.148	1	0.190795
gene-JF73_RS03700	675	441.199	0	0
gene-JF73_RS03705	1128	891.148	0	0
gene-JF73_RS03710	456	239.474	2	1.52517
gene-JF73_RS03715	282	110.248	0	0
gene-JF73_RS03720	10449	10212.1	18.2556	0.326456
gene-JF73_RS03725	10173	9936.15	14.8794	0.273473
gene-JF73_RS03730	1451	1214.15	0	0
gene-JF73_RS03735	8640	8403.15	22.4745	0.488422
gene-JF73_RS03740	13974	13737.1	5.33398	0.070909
gene-JF73_RS03745	1308	1071.15	0	0
gene-JF73_RS03750	468	249.142	0	0
gene-JF73_RS03755	612	379.885	0	0
gene-JF73_RS03760	1716	1479.15	3	0.370387
gene-JF73_RS03765	1158	921.148	0	0
gene-JF73_RS03770	1218	981.148	2	0.372256
gene-JF73_RS03775	2640	2403.15	0	0
gene-JF73_RS03780	1278	1041.15	0	0
gene-JF73_RS03785	681	446.977	1	0.408565
gene-JF73_RS03790	624	391.496	0	0
gene-JF73_RS03795	1005	768.148	0	0
gene-JF73_RS03800	852	616.102	1	0.29641
gene-JF73_RS03805	531	304.451	0	0
gene-JF73_RS09520	132	25.191	2	14.4988
gene-JF73_RS03810	327	139.697	0	0
gene-JF73_RS03815	432	220.183	1	0.829397
gene-JF73_RS03820	948	711.441	4	1.02676
gene-JF73_RS03825	363	166.29	0	0
gene-JF73_RS03830	2166	1929.15	2	0.189326
gene-JF73_RS03835	963	726.297	0	0
gene-JF73_RS03840	1380	1143.15	4	0.639005
gene-JF73_RS03845	1107	870.148	0	0
gene-JF73_RS03850	858	622.04	1	0.293581
gene-JF73_RS03855	1359	1122.15	2	0.325482
gene-JF73_RS03860	1338	1101.15	3	0.497533
gene-JF73_RS03865	441	227.347	2	1.60653
gene-JF73_RS03870	306	124.664	0	0
gene-JF73_RS03875	753	517.871	3	1.0579
gene-JF73_RS03880	756	520.871	2	0.701207
gene-JF73_RS03885	2790	2553.15	0	0
gene-JF73_RS03890	207	64.019	1	2.85258
gene-JF73_RS03895	573	343.139	0	0
gene-JF73_RS03900	333	144.04	1	1.26784
gene-JF73_RS03905	696	461.658	0	0
gene-JF73_RS03910	1152	915.148	1	0.199552
gene-JF73_RS03915	342	150.555	1	1.21298
gene-JF73_RS03920	1092	855.148	6	1.28132
gene-JF73_RS03925	657	423.677	0	0
gene-JF73_RS03930	648	414.804	1	0.440254
gene-JF73_RS03935	2379	2142.15	1	0.0852505
gene-JF73_RS03940	396	191.63	0	0
gene-JF73_RS09525	78	32.0645	0	0
gene-JF73_RS03945	951	714.441	1	0.255611
gene-JF73_RS03950	1680	1443.15	0	0
gene-JF73_RS03955	225	75.4231	0	0
gene-JF73_RS03960	555	325.955	0	0
gene-JF73_RS03965	1845	1608.15	0	0
gene-JF73_RS03970	1182	945.148	0	0
gene-JF73_RS03975	342	150.555	0	0
gene-JF73_RS03980	552	323.12	0	0
gene-JF73_RS03985	495	272.68	1	0.669721
gene-JF73_RS03990	1050	813.148	0	0
gene-JF73_RS03995	717	482.425	0	0
gene-JF73_RS04000	2289	2052.15	0	0
gene-JF73_RS04005	987	750.224	1	0.24342
gene-JF73_RS04010	252	91.7168	2	3.98224
gene-JF73_RS04015	270	103.079	0	0
gene-JF73_RS04020	1785	1548.15	0	0
gene-JF73_RS04025	834	598.102	0	0
gene-JF73_RS04030	1191	954.148	3.09375	0.592129
gene-JF73_RS04035	1326	1089.15	1	0.167672
gene-JF73_RS04040	1281	1044.15	0	0
gene-JF73_RS04045	585	354.218	0	0
gene-JF73_RS04050	1803	1566.15	2	0.233208
gene-JF73_RS04055	1305	1068.15	2	0.341936
gene-JF73_RS04060	1920	1683.15	0	0
gene-JF73_RS04065	942	705.582	0	0
gene-JF73_RS04070	795	559.277	0	0
gene-JF73_RS04075	222	73.7674	0	0
gene-JF73_RS04080	192	55.1582	0	0
gene-JF73_RS04085	1548	1311.15	0	0
gene-JF73_RS04090	207	64.019	0	0
gene-JF73_RS04095	3129	2892.15	17	1.07343
gene-JF73_RS04100	960	723.297	6	1.51489
gene-JF73_RS04105	1770	1533.15	0	0
gene-JF73_RS04110	885	648.786	0	0
gene-JF73_RS04115	900	663.72	1	0.275145
gene-JF73_RS04120	357	161.939	0	0
gene-JF73_RS04125	741	506.126	0	0
gene-JF73_RS04130	609	377.075	0	0
gene-JF73_RS04135	720	485.425	0	0
gene-JF73_RS04140	681	446.977	0	0
gene-JF73_RS04145	540	312.253	1	0.584843
gene-JF73_RS04150	675	441.199	1	0.413915
gene-JF73_RS04155	1206	969.148	7	1.31903
gene-JF73_RS04160	1311	1074.15	3	0.510039
gene-JF73_RS04165	276	106.499	6	10.2885
gene-JF73_RS04170	1260	1023.15	0	0
gene-JF73_RS04175	888	651.786	0	0
gene-JF73_RS04180	1200	963.148	0	0
gene-JF73_RS04185	666	432.418	0	0
gene-JF73_RS04190	861	624.978	3	0.876603
gene-JF73_RS04195	231	78.702	1	2.32039
gene-JF73_RS04200	840	604.102	0	0
gene-JF73_RS04205	756	520.871	1	0.350604
gene-JF73_RS04210	852	616.102	0	0
gene-JF73_RS04215	2112	1875.15	6	0.584335
gene-JF73_RS04220	1317	1080.15	1	0.169069
gene-JF73_RS04225	930	693.652	2	0.526544
gene-JF73_RS04230	525	298.977	0	0
gene-JF73_RS04235	1410	1173.15	0	0
gene-JF73_RS04240	891	654.786	0	0
gene-JF73_RS04245	636	403.175	0	0
gene-JF73_RS04250	1959	1722.15	2	0.212083
gene-JF73_RS04255	2454	2217.15	1	0.0823667
gene-JF73_RS04260	933	696.652	2	0.524277
gene-JF73_RS04265	930	693.652	0	0
gene-JF73_RS04270	360	164.089	0	0
gene-JF73_RS04275	843	607.102	1	0.300805
gene-JF73_RS04280	1563	1326.15	3	0.41312
gene-JF73_RS04285	906	669.72	0	0
gene-JF73_RS04290	1110	873.148	1	0.20915
gene-JF73_RS04295	636	403.175	0	0
gene-JF73_RS04300	879	642.851	1	0.284077
gene-JF73_RS04305	414	205.808	0	0
gene-JF73_RS04310	1689	1452.15	0	0
gene-JF73_RS04315	3177	2940.15	2	0.124224
gene-JF73_RS04320	1056	819.148	0	0
gene-JF73_RS04325	906	669.72	1	0.27268
gene-JF73_RS04330	465	246.848	0	0
gene-JF73_RS04335	1677	1440.15	3	0.380418
gene-JF73_RS04340	333	144.04	0	0
gene-JF73_RS04345	1230	993.148	2	0.367758
gene-JF73_RS04350	1134	897.148	0	0
rna-JF73_RS09420	413	204.967	68	60.5858
gene-JF73_RS04355	441	227.347	1	0.803264
gene-JF73_RS04360	567	337.416	0	0
gene-JF73_RS04365	633	400.256	0	0
gene-JF73_RS04370	2376	2139.15	3	0.25611
gene-JF73_RS04375	201	60.3796	0	0
gene-JF73_RS04380	630	397.376	0	0
gene-JF73_RS04385	642	409.052	0	0
gene-JF73_RS04390	1299	1062.15	1	0.171934
gene-JF73_RS04395	483	262.155	0	0
gene-JF73_RS04400	2787	2550.15	0	0
gene-JF73_RS04405	3627	3390.15	0	0
gene-JF73_RS04410	3480	3243.15	2	0.112618
gene-JF73_RS04415	909	672.72	0	0
gene-JF73_RS04420	960	723.297	0	0
gene-JF73_RS04425	1083	846.148	2	0.431648
gene-JF73_RS04430	1014	777.148	0	0
gene-JF73_RS04435	786	550.388	2	0.663601
gene-JF73_RS04440	1386	1149.15	0	0
gene-JF73_RS04445	975	738.297	0	0
gene-JF73_RS04450	753	517.871	0	0
gene-JF73_RS04455	579	348.788	0	0
gene-JF73_RS04460	192	55.1582	0	0
gene-JF73_RS04465	840	604.102	0	0
gene-JF73_RS04470	708	473.425	1	0.385741
gene-JF73_RS04475	372	173.403	0	0
gene-JF73_RS04480	846	610.102	0	0
gene-JF73_RS04485	840	604.102	0	0
gene-JF73_RS04490	822	586.162	0	0
gene-JF73_RS04495	705	470.425	0	0
gene-JF73_RS04500	354	159.705	2	2.28695
gene-JF73_RS04510	1242	1005.15	1	0.181684
gene-JF73_RS04515	798	562.277	3	0.974355
gene-JF73_RS04520	684	449.977	1	0.405841
gene-JF73_RS09620	240	84.4063	0	0
gene-JF73_RS04530	441	227.347	0	0
gene-JF73_RS04535	1233	996.148	0	0
gene-JF73_RS04540	1122	885.148	3	0.618945
gene-JF73_RS04545	1809	1572.15	6	0.696954
gene-JF73_RS04550	2067	1830.15	0	0
gene-JF73_RS04555	918	681.652	0	0
gene-JF73_RS04560	756	520.871	0	0
gene-JF73_RS04565	906	669.72	1	0.27268
gene-JF73_RS04570	525	298.977	0	0
gene-JF73_RS04575	957	720.37	1	0.253508
gene-JF73_RS04580	444	229.732	0	0
gene-JF73_RS04585	177	46.825	0	0
gene-JF73_RS04590	828	592.102	3	0.925275
gene-JF73_RS04595	1608	1371.15	3	0.399561
gene-JF73_RS04600	537	309.666	2	1.17946
gene-JF73_RS04605	879	642.851	0	0
gene-JF73_RS04610	432	220.183	3	2.48819
gene-JF73_RS04615	1185	948.148	0	0
gene-JF73_RS04620	495	272.68	0	0
gene-JF73_RS04625	500	276.853	0	0
gene-JF73_RS04630	1842	1605.15	0	0
gene-JF73_RS04635	1287	1050.15	0	0
gene-JF73_RS04640	438	224.858	0	0
gene-JF73_RS04645	2241	2004.15	6	0.546724
gene-JF73_RS04650	363	166.29	0	0
gene-JF73_RS04655	945	708.441	0	0
gene-JF73_RS04660	501	277.795	0	0
gene-JF73_RS04665	945	708.441	1	0.257776
gene-JF73_RS04670	558	328.755	0	0
gene-JF73_RS04675	1539	1302.15	0	0
gene-JF73_RS04680	915	678.72	0	0
gene-JF73_RS04685	297	119.014	0	0
gene-JF73_RS04690	1056	819.148	0	0
gene-JF73_RS04695	795	559.277	0	0
gene-JF73_RS04700	1467	1230.15	0	0
gene-JF73_RS04705	705	470.425	0	0
gene-JF73_RS04710	930	693.652	0	0
gene-JF73_RS04715	1395	1158.15	2	0.315364
gene-JF73_RS04720	1404	1167.15	1	0.156466
gene-JF73_RS04725	2031	1794.15	2	0.203572
gene-JF73_RS04730	1374	1137.15	0	0
gene-JF73_RS04735	1386	1149.15	0	0
gene-JF73_RS04740	639	406.134	0	0
gene-JF73_RS04745	909	672.72	0	0
gene-JF73_RS04750	1416	1179.15	0	0
gene-JF73_RS04755	1836	1599.15	0	0
gene-JF73_RS04760	1785	1548.15	1	0.11796
gene-JF73_RS04765	894	657.786	0	0
gene-JF73_RS04770	720	485.425	5	1.88102
gene-JF73_RS04775	372	173.403	1	1.05315
gene-JF73_RS04780	585	354.218	5	2.57778
gene-JF73_RS04785	996	759.148	6	1.44335
gene-JF73_RS04790	483	262.155	1	0.696607
gene-JF73_RS04795	714	479.425	5	1.90456
gene-JF73_RS04800	855	619.102	2	0.589948
gene-JF73_RS04805	282	110.248	0	0
gene-JF73_RS04810	702	467.519	0	0
gene-JF73_RS04815	1062	825.148	0	0
gene-JF73_RS04820	849	613.102	1	0.297861
gene-JF73_RS09625	189	53.2657	1	3.42846
gene-JF73_RS04825	534	307.013	10	5.94826
gene-JF73_RS04830	324	137.442	0	0
gene-JF73_RS04835	708	473.425	0	0
gene-JF73_RS04840	1155	918.148	0	0
gene-JF73_RS04845	324	137.442	0	0
gene-JF73_RS04850	708	473.425	0	0
gene-JF73_RS04855	408	201.092	0	0
gene-JF73_RS04860	369	170.944	0	0
rna-JF73_RS04865	89	24.3347	0	0
gene-JF73_RS04870	831	595.102	0	0
gene-JF73_RS04875	705	470.425	0	0
gene-JF73_RS04880	921	684.652	0	0
gene-JF73_RS04885	585	354.218	0	0
gene-JF73_RS04890	1554	1317.15	0	0
gene-JF73_RS04895	831	595.102	1	0.30687
gene-JF73_RS04900	1287	1050.15	0	0
gene-JF73_RS04905	333	144.04	0	0
gene-JF73_RS04910	2274	2037.15	1	0.0896445
gene-JF73_RS04915	519	293.616	1	0.621965
gene-JF73_RS04920	942	705.582	5	1.2941
gene-JF73_RS04925	528	301.637	1	0.605426
gene-JF73_RS04930	2277	2040.15	2	0.179025
gene-JF73_RS04935	1833	1596.15	2	0.228825
gene-JF73_RS04940	936	699.582	0	0
gene-JF73_RS04945	297	119.014	0	0
gene-JF73_RS04950	1329	1092.15	0	0
gene-JF73_RS04955	1404	1167.15	2	0.312932
gene-JF73_RS04960	342	150.555	0	0
gene-JF73_RS04965	1884	1647.15	0	0
gene-JF73_RS04970	1143	906.148	8	1.61227
gene-JF73_RS04975	1863	1626.15	18	2.02143
gene-JF73_RS04980	588	357.074	4	2.04573
gene-JF73_RS04985	1050	813.148	6	1.3475
gene-JF73_RS04990	933	696.652	2	0.524277
gene-JF73_RS04995	894	657.786	1	0.277627
gene-JF73_RS05000	363	166.29	0	0
gene-JF73_RS05005	2637	2400.15	7	0.532607
gene-JF73_RS05010	312	129.046	0	0
gene-JF73_RS05015	297	119.014	0	0
gene-JF73_RS05020	1245	1008.15	4	0.724573
gene-JF73_RS05025	474	254.347	0	0
gene-JF73_RS05030	4308	4071.15	2	0.0897139
gene-JF73_RS05035	1701	1464.15	1	0.124727
gene-JF73_RS05040	1257	1020.15	6	1.07407
gene-JF73_RS05045	798	562.277	0	0
gene-JF73_RS05050	735	500.227	1	0.365072
gene-JF73_RS05055	558	328.755	0	0
gene-JF73_RS05060	735	500.227	0	0
gene-JF73_RS05065	912	675.72	0	0
gene-JF73_RS05070	1137	900.148	0	0
gene-JF73_RS05075	183	49.9191	0	0
gene-JF73_RS05080	876	639.915	0	0
gene-JF73_RS05085	804	568.277	1	0.321356
gene-JF73_RS05090	1032	795.148	2	0.459334
gene-JF73_RS05095	615	382.808	0	0
gene-JF73_RS05100	1176	939.148	3	0.583356
gene-JF73_RS05105	1401	1164.15	6	0.941217
gene-JF73_RS05110	1791	1554.15	0	0
gene-JF73_RS05115	1755	1518.15	0	0
gene-JF73_RS05120	216	69.8915	0	0
gene-JF73_RS05125	249	89.949	0	0
gene-JF73_RS05130	624	391.496	6	2.79879
gene-JF73_RS05135	375	175.674	0	0
gene-JF73_RS05140	300	120.861	0	0
gene-JF73_RS05145	765	529.66	0	0
gene-JF73_RS05150	348	155.386	1	1.17526
gene-JF73_RS05155	726	491.327	0	0
gene-JF73_RS05160	516	290.887	0	0
gene-JF73_RS05165	273	105.037	1	1.73862
gene-JF73_RS05170	1428	1191.15	3	0.459941
gene-JF73_RS05175	342	150.555	1	1.21298
gene-JF73_RS05180	1416	1179.15	0	0
gene-JF73_RS05185	1482	1245.15	1	0.146665
gene-JF73_RS05190	1884	1647.15	4	0.44348
gene-JF73_RS05195	873	636.915	2	0.573449
gene-JF73_RS05200	1425	1188.15	2	0.307401
gene-JF73_RS05205	1215	978.148	4	0.746796
gene-JF73_RS05210	3564	3327.15	13	0.713539
gene-JF73_RS05215	687	452.796	0	0
gene-JF73_RS05220	1770	1533.15	2	0.238228
gene-JF73_RS05225	1767	1530.15	4	0.47739
gene-JF73_RS05230	1761	1524.15	0	0
gene-JF73_RS05235	918	681.652	1	0.267907
gene-JF73_RS05240	960	723.297	1	0.252481
gene-JF73_RS05245	978	741.224	2	0.492751
gene-JF73_RS05250	1011	774.148	0	0
gene-JF73_RS05255	243	86.2978	0	0
gene-JF73_RS05260	999	762.148	0	0
gene-JF73_RS05265	2037	1800.15	2	0.202894
gene-JF73_RS05270	1659	1422.15	1	0.128411
gene-JF73_RS05275	363	166.29	0	0
gene-JF73_RS05280	186	51.5528	1	3.54237
gene-JF73_RS05285	687	452.796	0	0
gene-JF73_RS05290	663	429.548	0	0
gene-JF73_RS05295	894	657.786	2	0.555254
gene-JF73_RS05300	1986	1749.15	2	0.208809
gene-JF73_RS05305	750	514.922	1	0.354654
gene-JF73_RS05310	1326	1089.15	1	0.167672
gene-JF73_RS05315	945	708.441	0	0
gene-JF73_RS05320	2400	2163.15	3	0.253269
gene-JF73_RS05325	219	71.7234	0	0
gene-JF73_RS05330	615	382.808	1	0.477052
gene-JF73_RS05335	291	115.736	1	1.5779
gene-JF73_RS05340	885	648.786	0	0
gene-JF73_RS05345	1689	1452.15	5	0.62879
gene-JF73_RS05350	813	577.22	0	0
gene-JF73_RS05355	867	630.915	2	0.578903
gene-JF73_RS05360	243	86.2978	0	0
gene-JF73_RS05365	1368	1131.15	1	0.161446
gene-JF73_RS05370	849	613.102	0	0
gene-JF73_RS05375	399	193.785	0	0
gene-JF73_RS05380	459	242.039	1	0.754503
gene-JF73_RS05385	570	340.278	1	0.536676
gene-JF73_RS05390	1110	873.148	3	0.627451
gene-JF73_RS05395	294	117.242	0	0
gene-JF73_RS05400	315	131.376	1	1.39005
gene-JF73_RS05405	840	604.102	0	0
gene-JF73_RS05410	1329	1092.15	0	0
gene-JF73_RS05415	1764	1527.15	2	0.239164
rna-JF73_RS05420	74	33.7981	0	0
gene-JF73_RS05425	233	79.8091	0	0
gene-JF73_RS05430	180	48.1736	0	0
gene-JF73_RS05435	393	189.447	0	0
gene-JF73_RS05440	402	196.065	1	0.931423
gene-JF73_RS05445	1038	801.148	0	0
gene-JF73_RS05450	357	161.939	0	0
gene-JF73_RS05455	2403	2166.15	2	0.168612
gene-JF73_RS05460	3183	2946.15	0	0
gene-JF73_RS05465	1086	849.148	0	0
gene-JF73_RS05470	1278	1041.15	0	0
gene-JF73_RS05475	957	720.37	0	0
gene-JF73_RS05480	543	314.965	0	0
gene-JF73_RS05485	924	687.652	0	0
gene-JF73_RS05490	708	473.425	0	0
gene-JF73_RS05495	636	403.175	0	0
gene-JF73_RS05500	1338	1101.15	0	0
gene-JF73_RS05505	1248	1011.15	0	0
gene-JF73_RS05510	921	684.652	2	0.533466
gene-JF73_RS05515	405	198.514	2	1.83986
gene-JF73_RS05520	219	71.7234	0	0
gene-JF73_RS05525	681	446.977	1	0.408565
gene-JF73_RS05530	576	345.999	0	0
gene-JF73_RS09535	150	33.4675	1	5.45661
gene-JF73_RS05535	2100	1863.15	0	0
gene-JF73_RS05540	915	678.72	1	0.269064
gene-JF73_RS05545	477	256.972	0	0
gene-JF73_RS05550	2418	2181.15	0	0
gene-JF73_RS05555	1050	813.148	0	0
gene-JF73_RS05560	351	157.502	1	1.15947
gene-JF73_RS05565	771	535.607	0	0
gene-JF73_RS05570	333	144.04	0	0
gene-JF73_RS05575	960	723.297	0	0
gene-JF73_RS05580	1578	1341.15	1	0.136166
gene-JF73_RS05585	714	479.425	3	1.14274
gene-JF73_RS05590	573	343.139	1	0.532201
gene-JF73_RS05595	1155	918.148	1	0.1989
gene-JF73_RS05600	348	155.386	1	1.17526
gene-JF73_RS05605	597	365.527	0	0
gene-JF73_RS05610	642	409.052	0	0
gene-JF73_RS05615	1116	879.148	1	0.207723
gene-JF73_RS05620	525	298.977	0	0
gene-JF73_RS05625	357	161.939	0	0
gene-JF73_RS05630	201	60.3796	0	0
gene-JF73_RS05635	513	288.215	0	0
gene-JF73_RS05640	654	420.762	0	0
gene-JF73_RS05645	639	406.134	0	0
gene-JF73_RS05650	819	583.162	0	0
gene-JF73_RS05655	738	503.227	0	0
gene-JF73_RS05660	1935	1698.15	0	0
gene-JF73_RS05665	903	666.72	0	0
gene-JF73_RS05670	1362	1125.15	6	0.973841
gene-JF73_RS05675	468	249.142	2	1.46599
gene-JF73_RS05680	603	371.341	0	0
gene-JF73_RS05685	831	595.102	2	0.61374
gene-JF73_RS05690	2676	2439.15	5	0.37435
gene-JF73_RS05695	1314	1077.15	0	0
gene-JF73_RS05700	648	414.804	1	0.440254
gene-JF73_RS05705	321	135.439	4	5.39341
gene-JF73_RS05710	660	426.634	1	0.428046
gene-JF73_RS05715	1200	963.148	0	0
gene-JF73_RS05720	741	506.126	0	0
gene-JF73_RS05725	432	220.183	1	0.829397
gene-JF73_RS05730	342	150.555	0	0
gene-JF73_RS05735	900	663.72	2	0.55029
gene-JF73_RS05740	978	741.224	1	0.246375
gene-JF73_RS05745	2502	2265.15	4	0.322485
gene-JF73_RS05750	1212	975.148	1	0.187273
gene-JF73_RS05755	357	161.939	1	1.1277
gene-JF73_RS05760	2058	1821.15	3	0.300831
gene-JF73_RS05765	876	639.915	0	0
gene-JF73_RS05770	915	678.72	0	0
gene-JF73_RS05775	1767	1530.15	0	0
gene-JF73_RS05780	1377	1140.15	1	0.160172
gene-JF73_RS05785	780	544.553	0	0
gene-JF73_RS05790	873	636.915	7	2.00707
gene-JF73_RS05795	915	678.72	0	0
gene-JF73_RS05800	1686	1449.15	0	0
gene-JF73_RS05805	645	411.887	2	0.886744
gene-JF73_RS05810	843	607.102	0	0
gene-JF73_RS05815	1230	993.148	0	0
rna-JF73_RS05820	84	27.3408	0	0
gene-JF73_RS05825	225	75.4231	2	4.84253
gene-JF73_RS05830	1644	1407.15	3	0.389339
gene-JF73_RS05835	2415	2178.15	1	0.0838415
gene-JF73_RS05840	663	429.548	1	0.425142
gene-JF73_RS05845	489	267.38	0	0
gene-JF73_RS05850	747	511.974	0	0
gene-JF73_RS05855	1455	1218.15	0	0
gene-JF73_RS05860	1200	963.148	1	0.189607
rna-JF73_RS05865	73	34.8061	0	0
rna-JF73_RS05870	72	34.1546	0	0
rna-JF73_RS05875	73	34.8061	0	0
gene-JF73_RS05880	198	58.6161	0	0
gene-JF73_RS05885	711	476.425	0	0
gene-JF73_RS05890	696	461.658	0	0
rna-JF73_RS05895	93	21.4895	0	0
gene-JF73_RS05900	1362	1125.15	0	0
gene-JF73_RS05905	957	720.37	0	0
gene-JF73_RS05910	1233	996.148	1	0.183325
gene-JF73_RS05915	1449	1212.15	3	0.451973
gene-JF73_RS05920	495	272.68	1	0.669721
gene-JF73_RS05925	1014	777.148	2	0.469973
gene-JF73_RS05930	585	354.218	0	0
gene-JF73_RS05935	1881	1644.15	1	0.111072
gene-JF73_RS05940	2577	2340.15	3	0.234112
gene-JF73_RS05945	648	414.804	1	0.440254
gene-JF73_RS05950	924	687.652	0	0
gene-JF73_RS05955	669	435.331	0	0
gene-JF73_RS05960	1632	1395.15	14	1.83254
gene-JF73_RS05965	285	112.337	10.125	16.4596
gene-JF73_RS05970	639	406.134	0	0
gene-JF73_RS05975	1926	1689.15	0	0
gene-JF73_RS05980	405	198.514	0	0
gene-JF73_RS09630	1377	1140.15	0	0
gene-JF73_RS05995	1158	921.148	0	0
gene-JF73_RS06000	2943	2706.15	0	0
gene-JF73_RS06005	198	58.6161	0	0
gene-JF73_RS06010	1626	1389.15	1	0.131461
gene-JF73_RS06015	987	750.224	0	0
gene-JF73_RS06020	258	95.3596	0	0
gene-JF73_RS06025	1050	813.148	3	0.673749
gene-JF73_RS06030	552	323.12	1	0.565175
gene-JF73_RS06035	747	511.974	1	0.356696
gene-JF73_RS06040	519	293.616	0	0
gene-JF73_RS06045	738	503.227	2	0.725792
gene-JF73_RS06050	855	619.102	0	0
gene-JF73_RS06055	336	146.093	0	0
gene-JF73_RS06060	858	622.04	1	0.293581
gene-JF73_RS06065	324	137.442	0	0
gene-JF73_RS06070	648	414.804	0	0
gene-JF73_RS06075	231	78.702	0	0
gene-JF73_RS06080	597	365.527	0	0
gene-JF73_RS06085	330	141.889	1	1.28706
gene-JF73_RS06090	1806	1569.15	1	0.116381
rna-JF73_RS09425	94	20.6055	0.5	4.43133
gene-JF73_RS06095	510	285.63	0	0
gene-JF73_RS06100	621	388.575	1	0.469972
gene-JF73_RS09320	1113	876.148	0	0
gene-JF73_RS06110	1017	780.148	1	0.234083
gene-JF73_RS06115	270	103.079	0	0
gene-JF73_RS06120	525	298.977	0	0
gene-JF73_RS06125	366	168.799	2	2.16375
gene-JF73_RS06130	510	285.63	3	1.91807
gene-JF73_RS06135	669	435.331	1	0.419495
gene-JF73_RS06140	756	520.871	0	0
gene-JF73_RS06145	801	565.277	1	0.323061
gene-JF73_RS06150	894	657.786	0	0
gene-JF73_RS06155	996	759.148	0	0
gene-JF73_RS06160	867	630.915	0	0
gene-JF73_RS06165	693	458.704	0	0
gene-JF73_RS06170	426	215.129	0	0
gene-JF73_RS06175	549	320.48	0	0
gene-JF73_RS06180	171	43.4896	0	0
gene-JF73_RS09540	150	33.4675	0	0
gene-JF73_RS06185	219	71.7234	3	7.63848
gene-JF73_RS06190	576	345.999	0	0
gene-JF73_RS06195	756	520.871	2	0.701207
gene-JF73_RS06200	444	229.732	1	0.794924
gene-JF73_RS06205	1425	1188.15	0	0
gene-JF73_RS06210	1500	1263.15	2	0.289149
gene-JF73_RS06215	1377	1140.15	1	0.160172
gene-JF73_RS06220	552	323.12	0	0
gene-JF73_RS06225	315	131.376	0	0
gene-JF73_RS06230	1347	1110.15	1	0.1645
gene-JF73_RS06235	1479	1242.15	1	0.147019
gene-JF73_RS06240	1167	930.148	0	0
gene-JF73_RS06245	936	699.582	0	0
gene-JF73_RS06250	675	441.199	0	0
gene-JF73_RS09635	180	48.1736	0	0
gene-JF73_RS06255	888	651.786	0	0
gene-JF73_RS06260	681	446.977	0	0
gene-JF73_RS06265	639	406.134	0	0
gene-JF73_RS06270	279	108.464	0	0
gene-JF73_RS06275	657	423.677	0	0
gene-JF73_RS06280	585	354.218	1	0.515556
gene-JF73_RS06285	1041	804.148	0	0
gene-JF73_RS09330	771	535.607	0	0
gene-JF73_RS06295	1308	1071.15	3	0.511468
gene-JF73_RS06300	858	622.04	0	0
gene-JF73_RS06305	2598	2361.15	2	0.154687
gene-JF73_RS06315	867	630.915	0	0
gene-JF73_RS06320	624	391.496	0	0
gene-JF73_RS06325	324	137.442	0	0
gene-JF73_RS06330	684	449.977	0	0
gene-JF73_RS06335	1266	1029.15	0	0
gene-JF73_RS06340	357	161.939	0	0
gene-JF73_RS06345	396	191.63	0	0
gene-JF73_RS06350	444	229.732	0	0
gene-JF73_RS06355	786	550.388	0	0
gene-JF73_RS06360	798	562.277	0	0
gene-JF73_RS06365	846	610.102	1	0.299325
gene-JF73_RS06370	852	616.102	1	0.29641
gene-JF73_RS06375	384	182.393	0	0
gene-JF73_RS06380	939	702.582	2.4	0.623822
gene-JF73_RS06385	384	182.393	0	0
gene-JF73_RS06390	351	157.502	0	0
gene-JF73_RS06395	117	20.3514	0	0
gene-JF73_RS06400	222	73.7674	0	0
gene-JF73_RS06405	657	423.677	1	0.431034
gene-JF73_RS06410	1296	1059.15	1	0.172421
gene-JF73_RS06415	441	227.347	0	0
gene-JF73_RS06420	186	51.5528	1	3.54237
gene-JF73_RS06425	507	283.041	1	0.645204
gene-JF73_RS06430	360	164.089	1	1.11293
gene-JF73_RS06435	531	304.451	0	0
gene-JF73_RS06440	399	193.785	0	0
gene-JF73_RS06445	186	51.5528	0	0
gene-JF73_RS06450	543	314.965	3	1.73942
gene-JF73_RS06455	264	99.2773	6	11.0369
gene-JF73_RS06460	369	170.944	2	2.13659
gene-JF73_RS06465	267	101.144	0	0
gene-JF73_RS06470	198	58.6161	1	3.11551
gene-JF73_RS06475	441	227.347	0.5	0.401632
gene-JF73_RS06480	672	438.199	0	0
gene-JF73_RS06485	354	159.705	0	0
gene-JF73_RS06490	282	110.248	0	0
gene-JF73_RS06495	837	601.102	1	0.303807
gene-JF73_RS06500	312	129.046	0	0
gene-JF73_RS06505	633	400.256	1	0.456256
gene-JF73_RS06510	630	397.376	0	0
gene-JF73_RS06515	309	127.008	1	1.43786
gene-JF73_RS06520	2094	1857.15	2	0.196666
gene-JF73_RS06525	471	251.746	0	0
gene-JF73_RS06530	408	201.092	0	0
gene-JF73_RS06535	690	455.704	0	0
gene-JF73_RS06540	3660	3423.15	10	0.533483
gene-JF73_RS06545	3639	3402.15	2	0.107355
gene-JF73_RS06550	2496	2259.15	3	0.242506
gene-JF73_RS06555	189	53.2657	0	0
rna-JF73_RS06560	77	33.2069	0	0
rna-JF73_RS06565	72	34.1546	0	0
gene-JF73_RS09335	450	234.736	0	0
gene-JF73_RS06575	468	249.142	0	0
gene-JF73_RS06580	1542	1305.15	1	0.139922
gene-JF73_RS06585	1020	783.148	2	0.466372
gene-JF73_RS06590	678	444.021	0	0
gene-JF73_RS06595	1602	1365.15	0	0
gene-JF73_RS06600	873	636.915	0	0
gene-JF73_RS06605	2262	2025.15	2	0.180351
gene-JF73_RS06610	1257	1020.15	1	0.179012
gene-JF73_RS06615	369	170.944	0	0
gene-JF73_RS06620	375	175.674	1	1.03953
gene-JF73_RS06625	243	86.2978	0	0
gene-JF73_RS06630	3495	3258.15	3	0.16815
gene-JF73_RS06635	567	337.416	0	0
gene-JF73_RS06640	708	473.425	0	0
gene-JF73_RS06645	1128	891.148	0	0
gene-JF73_RS06650	354	159.705	1	1.14348
gene-JF73_RS06655	1485	1248.15	0	0
gene-JF73_RS06660	1368	1131.15	0	0
gene-JF73_RS06665	249	89.949	0	0
gene-JF73_RS06670	846	610.102	3	0.897976
gene-JF73_RS06675	741	506.126	0	0
gene-JF73_RS06680	678	444.021	0	0
gene-JF73_RS06685	660	426.634	0	0
gene-JF73_RS06690	777	541.553	0	0
gene-JF73_RS06695	1458	1221.15	0	0
gene-JF73_RS06700	1422	1185.15	1	0.15409
gene-JF73_RS06705	909	672.72	0	0
gene-JF73_RS06710	915	678.72	1	0.269064
gene-JF73_RS06715	1320	1083.15	0	0
gene-JF73_RS06720	1299	1062.15	0	0
gene-JF73_RS06725	846	610.102	0	0
gene-JF73_RS06730	906	669.72	4.32641	1.17973
gene-JF73_RS09640	819	583.162	0	0
gene-JF73_RS06740	390	187.171	0	0
gene-JF73_RS06745	453	236.93	1	0.770772
gene-JF73_RS06750	846	610.102	0	0
gene-JF73_RS06755	855	619.102	0	0
gene-JF73_RS06760	1536	1299.15	0	0
gene-JF73_RS06765	1578	1341.15	4	0.544665
gene-JF73_RS06770	1602	1365.15	0	0
gene-JF73_RS06775	1107	870.148	0	0
gene-JF73_RS06780	711	476.425	0	0
gene-JF73_RS06785	507	283.041	0	0
gene-JF73_RS06790	1113	876.148	0	0
gene-JF73_RS06795	1551	1314.15	0	0
gene-JF73_RS06800	579	348.788	0	0
gene-JF73_RS06805	1314	1077.15	0	0
gene-JF73_RS06810	885	648.786	0	0
gene-JF73_RS06815	252	91.7168	0	0
gene-JF73_RS06820	1416	1179.15	0	0
gene-JF73_RS09430	1278	1041.15	0	0
gene-JF73_RS06830	2001	1764.15	0	0
gene-JF73_RS06835	1368	1131.15	0	0
gene-JF73_RS06840	306	124.664	0	0
gene-JF73_RS06845	2040	1803.15	1	0.101278
gene-JF73_RS06850	873	636.915	0	0
gene-JF73_RS06855	627	394.456	1	0.462964
gene-JF73_RS06860	1275	1038.15	0	0
gene-JF73_RS06865	1620	1383.15	0	0
gene-JF73_RS06870	555	325.955	0	0
gene-JF73_RS06875	405	198.514	0	0
gene-JF73_RS09645	174	44.8866	0	0
gene-JF73_RS06880	1605	1368.15	0	0
gene-JF73_RS09345	831	595.102	0	0
gene-JF73_RS06890	1359	1122.15	0	0
gene-JF73_RS06895	1593	1356.15	3	0.403981
gene-JF73_RS06900	1590	1353.15	0	0
gene-JF73_RS06905	1602	1365.15	0	0
gene-JF73_RS06910	975	738.297	2.33228	0.576893
gene-JF73_RS06915	897	660.786	0	0
gene-JF73_RS06920	1437	1200.15	1	0.152164
gene-JF73_RS06925	894	657.786	0	0
gene-JF73_RS06930	1071	834.148	1	0.218929
gene-JF73_RS06935	1098	861.148	9	1.90858
gene-JF73_RS06940	1356	1119.15	8	1.30542
gene-JF73_RS06945	1557	1320.15	5	0.691662
gene-JF73_RS06950	1344	1107.15	0	0
gene-JF73_RS06955	4023	3786.15	0	0
gene-JF73_RS06960	6621	6384.15	2	0.0572102
gene-JF73_RS06965	1386	1149.15	0	0
gene-JF73_RS06970	831	595.102	0	0
gene-JF73_RS06975	234	80.3412	0	0
gene-JF73_RS06980	894	657.786	0	0
gene-JF73_RS06985	570	340.278	2	1.07335
gene-JF73_RS06990	768	532.607	1	0.342878
gene-JF73_RS06995	1977	1740.15	4	0.419779
gene-JF73_RS07000	2691	2454.15	4	0.29765
gene-JF73_RS07005	600	368.453	0	0
gene-JF73_RS07010	480	259.538	0	0
gene-JF73_RS07015	1020	783.148	1	0.233186
gene-JF73_RS07020	606	374.341	0	0
rna-JF73_RS07025	71	34.2128	0	0
gene-JF73_RS07030	663	429.548	0	0
gene-JF73_RS07035	357	161.939	0	0
gene-JF73_RS07040	1314	1077.15	4	0.678158
gene-JF73_RS07045	462	244.394	0	0
gene-JF73_RS07050	423	212.807	24.8889	21.3583
gene-JF73_RS09545	168	42.0811	2	8.67939
gene-JF73_RS07055	1317	1080.15	0	0
gene-JF73_RS07060	939	702.582	1	0.259926
gene-JF73_RS07065	957	720.37	0	0
gene-JF73_RS07070	1146	909.148	1	0.200869
gene-JF73_RS07075	1536	1299.15	0	0
gene-JF73_RS07080	1071	834.148	0	0
gene-JF73_RS07085	1092	855.148	0	0
gene-JF73_RS07090	681	446.977	0	0
gene-JF73_RS07095	534	307.013	0	0
gene-JF73_RS07100	654	420.762	0	0
gene-JF73_RS07105	447	232.186	0	0
gene-JF73_RS07110	846	610.102	1	0.299325
rna-JF73_RS07115	73	34.8061	0	0
gene-JF73_RS07120	339	148.373	0	0
gene-JF73_RS07125	390	187.171	0	0
gene-JF73_RS07130	1266	1029.15	0	0
gene-JF73_RS07135	2973	2736.15	2	0.133486
gene-JF73_RS07140	621	388.575	0	0
gene-JF73_RS07145	1122	885.148	0	0
gene-JF73_RS07150	567	337.416	2	1.08246
gene-JF73_RS07155	288	114.117	4	6.40113
gene-JF73_RS07160	1437	1200.15	0	0
gene-JF73_RS07165	1350	1113.15	0	0
gene-JF73_RS07170	1101	864.148	0	0
gene-JF73_RS07175	1569	1332.15	1	0.137086
gene-JF73_RS07180	1281	1044.15	0	0
gene-JF73_RS07185	921	684.652	6	1.6004
gene-JF73_RS07190	723	488.376	4	1.49573
gene-JF73_RS07195	492	269.905	0	0
gene-JF73_RS07200	549	320.48	0	0
gene-JF73_RS07205	315	131.376	2	2.78009
gene-JF73_RS07210	1506	1269.15	0	0
gene-JF73_RS07215	621	388.575	0	0
gene-JF73_RS07220	567	337.416	2	1.08246
gene-JF73_RS07225	1578	1341.15	8	1.08933
gene-JF73_RS07230	711	476.425	0	0
gene-JF73_RS07235	477	256.972	0	0
gene-JF73_RS07240	780	544.553	0	0
gene-JF73_RS07245	1548	1311.15	0	0
gene-JF73_RS07250	360	164.089	0	0
gene-JF73_RS07255	1182	945.148	0	0
gene-JF73_RS07260	1806	1569.15	2	0.232762
gene-JF73_RS07265	1143	906.148	2	0.403067
gene-JF73_RS07270	750	514.922	1	0.354654
gene-JF73_RS07275	1491	1254.15	0	0
gene-JF73_RS07280	1230	993.148	4	0.735517
gene-JF73_RS07285	798	562.277	1	0.324785
gene-JF73_RS07290	621	388.575	1	0.469972
gene-JF73_RS07295	1143	906.148	1	0.201534
gene-JF73_RS07300	888	651.786	0	0
gene-JF73_RS07305	726	491.327	0	0
gene-JF73_RS07310	435	222.584	0	0
gene-JF73_RS07315	738	503.227	0	0
gene-JF73_RS07320	1746	1509.15	0	0
gene-JF73_RS07325	1971	1734.15	2	0.210615
gene-JF73_RS07330	915	678.72	0	0
gene-JF73_RS07335	756	520.871	1	0.350604
gene-JF73_RS07340	1386	1149.15	0	0
gene-JF73_RS07345	528	301.637	0	0
gene-JF73_RS07350	1356	1119.15	0	0
gene-JF73_RS07355	1020	783.148	0	0
gene-JF73_RS07360	1446	1209.15	1	0.151031
gene-JF73_RS07365	1866	1629.15	3	0.336285
gene-JF73_RS07370	1218	981.148	0	0
gene-JF73_RS07375	1485	1248.15	0	0
gene-JF73_RS07380	906	669.72	0	0
gene-JF73_RS07385	1806	1569.15	1	0.116381
gene-JF73_RS07390	414	205.808	0	0
gene-JF73_RS07395	318	133.428	0	0
gene-JF73_RS07400	969	732.297	3	0.748135
gene-JF73_RS07405	666	432.418	0	0
gene-JF73_RS07410	1815	1578.15	0	0
gene-JF73_RS07415	666	432.418	0	0
gene-JF73_RS07420	603	371.341	0	0
gene-JF73_RS07425	1488	1251.15	0	0
gene-JF73_RS07430	888	651.786	0	0
gene-JF73_RS07435	693	458.704	1	0.398119
gene-JF73_RS07440	798	562.277	0	0
gene-JF73_RS07445	747	511.974	0	0
gene-JF73_RS07450	849	613.102	0	0
gene-JF73_RS07455	1005	768.148	3	0.713219
gene-JF73_RS07460	1662	1425.15	2	0.256281
gene-JF73_RS07465	444	229.732	2	1.58985
gene-JF73_RS07470	471	251.746	1	0.72541
gene-JF73_RS07475	762	526.713	4	1.38686
gene-JF73_RS09550	384	182.393	0	0
gene-JF73_RS07480	621	388.575	1	0.469972
gene-JF73_RS07485	771	535.607	0	0
gene-JF73_RS07490	771	535.607	0	0
gene-JF73_RS07495	972	735.297	2	0.496722
gene-JF73_RS07500	780	544.553	0	0
gene-JF73_RS07505	1779	1542.15	0	0
gene-JF73_RS07510	1143	906.148	3	0.604601
gene-JF73_RS07515	1218	981.148	2	0.372256
gene-JF73_RS07520	492	269.905	2	1.35321
gene-JF73_RS07525	840	604.102	0	0
gene-JF73_RS07530	1782	1545.15	8.37016	0.989259
gene-JF73_RS07535	249	89.949	0	0
gene-JF73_RS07540	222	73.7674	0	0
gene-JF73_RS07545	864	627.915	3	0.872503
gene-JF73_RS07550	444	229.732	1	0.794924
gene-JF73_RS07555	2031	1794.15	0	0
gene-JF73_RS07560	579	348.788	0	0
gene-JF73_RS07565	201	60.3796	0	0
gene-JF73_RS07570	1950	1713.15	0.5	0.0532993
gene-JF73_RS07575	1221	984.148	1	0.185561
gene-JF73_RS07580	1470	1233.15	0	0
gene-JF73_RS07585	837	601.102	0	0
gene-JF73_RS07590	1266	1029.15	1	0.177447
gene-JF73_RS07595	1950	1713.15	1	0.106599
gene-JF73_RS07600	1398	1161.15	2	0.314549
gene-JF73_RS07605	486	264.853	0	0
gene-JF73_RS07610	567	337.416	1	0.541229
gene-JF73_RS07615	678	444.021	2	0.822569
gene-JF73_RS07620	615	382.808	0	0
gene-JF73_RS07625	288	114.117	0	0
gene-JF73_RS07630	1332	1095.15	1	0.166753
gene-JF73_RS07635	519	293.616	0	0
gene-JF73_RS07640	687	452.796	0	0
gene-JF73_RS07645	828	592.102	0	0
gene-JF73_RS07650	405	198.514	0	0
gene-JF73_RS07655	420	210.479	1	0.867636
gene-JF73_RS07660	1461	1224.15	0	0
gene-JF73_RS07665	813	577.22	0	0
gene-JF73_RS07670	804	568.277	0	0
gene-JF73_RS07675	774	538.607	0	0
gene-JF73_RS07680	927	690.652	0	0
gene-JF73_RS07685	927	690.652	0	0
gene-JF73_RS07690	492	269.905	0	0
gene-JF73_RS07695	801	565.277	0	0
gene-JF73_RS07700	477	256.972	0	0
gene-JF73_RS09555	93	21.4895	0	0
gene-JF73_RS07705	666	432.418	0	0
gene-JF73_RS07710	1665	1428.15	0	0
gene-JF73_RS07715	342	150.555	0	0
gene-JF73_RS07720	1401	1164.15	0	0
gene-JF73_RS07725	264	99.2773	0	0
gene-JF73_RS09560	147	31.9566	0	0
gene-JF73_RS07730	852	616.102	2	0.592821
gene-JF73_RS07735	312	129.046	0	0
gene-JF73_RS09350	2298	2061.15	0	0
gene-JF73_RS07750	1353	1116.15	1	0.163616
gene-JF73_RS07765	1461	1224.15	0	0
gene-JF73_RS07770	657	423.677	0	0
gene-JF73_RS07775	228	77.1541	0	0
gene-JF73_RS07780	744	509.025	0	0
gene-JF73_RS07785	378	177.878	1	1.02665
gene-JF73_RS07790	267	101.144	0	0
gene-JF73_RS07795	1605	1368.15	0	0
gene-JF73_RS07800	2622	2385.15	0	0
gene-JF73_RS07805	1038	801.148	0	0
gene-JF73_RS07810	438	224.858	0	0
gene-JF73_RS07815	966	729.297	0	0
gene-JF73_RS07820	1644	1407.15	9	1.16802
gene-JF73_RS07825	1155	918.148	1	0.1989
gene-JF73_RS07830	2991	2754.15	1	0.066307
gene-JF73_RS07835	930	693.652	1	0.263272
gene-JF73_RS07840	1239	1002.15	0	0
gene-JF73_RS07845	252	91.7168	0	0
gene-JF73_RS07850	333	144.04	0	0
gene-JF73_RS07855	903	666.72	0	0
gene-JF73_RS07860	1242	1005.15	1	0.181684
gene-JF73_RS07865	1440	1203.15	0	0
gene-JF73_RS07870	1734	1497.15	0	0
gene-JF73_RS09565	207	64.019	0	0
gene-JF73_RS07880	1446	1209.15	0	0
gene-JF73_RS07885	1962	1725.15	0	0
gene-JF73_RS07890	870	633.915	0	0
gene-JF73_RS07895	954	717.37	1	0.254568
gene-JF73_RS07900	1869	1632.15	13	1.45456
gene-JF73_RS07905	1071	834.148	9	1.97036
gene-JF73_RS07910	2496	2259.15	7	0.565848
gene-JF73_RS09360	1239	1002.15	3	0.546683
gene-JF73_RS09365	3708	3471.15	12	0.631327
gene-JF73_RS07925	3576	3339.15	5	0.273452
gene-JF73_RS09370	3414	3177.15	8	0.459832
gene-JF73_RS09375	1704	1467.15	4	0.497889
gene-JF73_RS07940	1965	1728.15	0	0
gene-JF73_RS07945	1074	837.148	0	0
gene-JF73_RS07950	1605	1368.15	0	0
gene-JF73_RS07955	993	756.224	2	0.482977
gene-JF73_RS07960	717	482.425	1	0.378544
gene-JF73_RS07965	1680	1443.15	0	0
gene-JF73_RS07970	426	215.129	2	1.69776
gene-JF73_RS07975	486	264.853	0	0
gene-JF73_RS07980	507	283.041	2	1.29041
gene-JF73_RS07985	1536	1299.15	0	0
gene-JF73_RS07990	1230	993.148	0	0
gene-JF73_RS07995	960	723.297	0	0
gene-JF73_RS08000	999	762.148	1	0.239611
gene-JF73_RS08005	858	622.04	8	2.34865
gene-JF73_RS08010	1479	1242.15	2	0.294038
gene-JF73_RS08015	396	191.63	0	0
gene-JF73_RS08020	927	690.652	5	1.32208
gene-JF73_RS08025	1449	1212.15	2	0.301315
gene-JF73_RS08030	1017	780.148	0	0
gene-JF73_RS08035	834	598.102	0	0
gene-JF73_RS08040	945	708.441	0	0
gene-JF73_RS08045	1470	1233.15	0	0
gene-JF73_RS08050	996	759.148	0	0
gene-JF73_RS08055	1653	1416.15	1	0.128955
gene-JF73_RS08060	1341	1104.15	1	0.165394
gene-JF73_RS08065	771	535.607	0	0
gene-JF73_RS08070	1503	1266.15	0	0
gene-JF73_RS08075	816	580.22	0	0
gene-JF73_RS08080	672	438.199	0	0
gene-JF73_RS08085	975	738.297	0	0
gene-JF73_RS08090	312	129.046	0	0
gene-JF73_RS08095	1293	1056.15	1	0.172911
gene-JF73_RS08100	1095	858.148	1	0.212806
gene-JF73_RS08105	339	148.373	0	0
gene-JF73_RS08110	1227	990.148	0	0
gene-JF73_RS08115	258	95.3596	0	0
gene-JF73_RS08120	789	553.388	0	0
gene-JF73_RS08125	804	568.277	1	0.321356
gene-JF73_RS08130	663	429.548	0	0
gene-JF73_RS08135	1020	783.148	4.30769	1.00449
gene-JF73_RS08140	747	511.974	0	0
gene-JF73_RS08145	840	604.102	1	0.302298
gene-JF73_RS08150	420	210.479	0	0
gene-JF73_RS08155	762	526.713	0	0
gene-JF73_RS08160	462	244.394	0	0
gene-JF73_RS08165	273	105.037	0	0
gene-JF73_RS08170	318	133.428	0	0
gene-JF73_RS08175	1296	1059.15	0	0
gene-JF73_RS08180	1290	1053.15	0	0
gene-JF73_RS08185	993	756.224	0	0
gene-JF73_RS08190	1902	1665.15	0	0
gene-JF73_RS08195	1059	822.148	0	0
gene-JF73_RS08200	492	269.905	0	0
gene-JF73_RS08205	444	229.732	0	0
gene-JF73_RS08210	837	601.102	0	0
gene-JF73_RS08215	819	583.162	0	0
gene-JF73_RS09380	411	203.419	0	0
gene-JF73_RS09385	279	108.464	0	0
gene-JF73_RS08230	1026	789.148	3	0.69424
gene-JF73_RS08235	651	417.762	0	0
gene-JF73_RS08240	1020	783.148	1	0.233186
gene-JF73_RS08245	1062	825.148	0	0
gene-JF73_RS08250	1191	954.148	0	0
gene-JF73_RS08255	759	523.871	0	0
gene-JF73_RS08260	924	687.652	1	0.265569
gene-JF73_RS08265	1140	903.148	0	0
gene-JF73_RS08270	711	476.425	0	0
gene-JF73_RS08275	1314	1077.15	0	0
gene-JF73_RS08280	1353	1116.15	0	0
gene-JF73_RS08285	987	750.224	0	0
gene-JF73_RS08290	897	660.786	0	0
gene-JF73_RS08295	879	642.851	0	0
gene-JF73_RS08300	1179	942.148	0	0
gene-JF73_RS08305	1404	1167.15	2.66667	0.417243
gene-JF73_RS08310	729	494.327	2	0.73886
gene-JF73_RS08315	801	565.277	0	0
gene-JF73_RS08320	336	146.093	0	0
gene-JF73_RS08325	1566	1329.15	1	0.137396
gene-JF73_RS08330	444	229.732	0	0
gene-JF73_RS08335	321	135.439	0	0
gene-JF73_RS08340	486	264.853	0	0
gene-JF73_RS08345	888	651.786	3	0.840548
gene-JF73_RS08350	366	168.799	0	0
gene-JF73_RS08355	1266	1029.15	0	0
gene-JF73_RS08360	819	583.162	0	0
gene-JF73_RS08365	486	264.853	0	0
gene-JF73_RS08370	201	60.3796	0	0
gene-JF73_RS08375	276	106.499	0	0
gene-JF73_RS08380	1167	930.148	0	0
gene-JF73_RS08385	891	654.786	0	0
gene-JF73_RS08390	1953	1716.15	0	0
gene-JF73_RS08395	297	119.014	0	0
gene-JF73_RS08400	1275	1038.15	0	0
gene-JF73_RS08405	1983	1746.15	4	0.418336
gene-JF73_RS08410	1029	792.148	0	0
gene-JF73_RS08415	1023	786.148	0	0
gene-JF73_RS08420	2103	1866.15	65.7465	6.43388
gene-JF73_RS08425	2526	2289.15	1	0.0797761
gene-JF73_RS08430	867	630.915	0	0
gene-JF73_RS08435	1296	1059.15	0	0
gene-JF73_RS08440	237	82.3177	0	0
gene-JF73_RS08445	236	81.5816	0	0
gene-JF73_RS08450	708	473.425	0	0
gene-JF73_RS08455	975	738.297	0	0
gene-JF73_RS08460	1308	1071.15	0	0
gene-JF73_RS08465	240	84.4063	0	0
gene-JF73_RS08470	1245	1008.15	1	0.181143
gene-JF73_RS08475	1515	1278.15	0	0
gene-JF73_RS08480	153	34.7474	0	0
gene-JF73_RS08485	318	133.428	0	0
gene-JF73_RS08490	486	264.853	0	0
gene-JF73_RS08495	570	340.278	2	1.07335
gene-JF73_RS08500	1872	1635.15	2	0.223367
gene-JF73_RS08505	678	444.021	0	0
gene-JF73_RS08510	1089	852.148	0	0
gene-JF73_RS08515	2346	2109.15	0	0
gene-JF73_RS08520	726	491.327	6	2.23011
gene-JF73_RS08525	555	325.955	0	0
gene-JF73_RS08530	183	49.9191	0	0
gene-JF73_RS08535	513	288.215	2	1.26724
gene-JF73_RS08540	1629	1392.15	2	0.262356
gene-JF73_RS08545	651	417.762	2	0.874274
gene-JF73_RS08550	690	455.704	1	0.40074
gene-JF73_RS08555	642	409.052	0	0
gene-JF73_RS08560	654	420.762	0	0
gene-JF73_RS08565	849	613.102	0	0
gene-JF73_RS08570	792	556.333	0	0
gene-JF73_RS08575	1308	1071.15	0	0
gene-JF73_RS08580	1311	1074.15	2	0.340026
gene-JF73_RS08585	291	115.736	0	0
gene-JF73_RS08590	969	732.297	0	0
gene-JF73_RS08595	1557	1320.15	0	0
gene-JF73_RS08600	1386	1149.15	0	0
gene-JF73_RS08605	1815	1578.15	3	0.347152
gene-JF73_RS08610	1899	1662.15	2	0.219739
gene-JF73_RS08615	1386	1149.15	0	0
gene-JF73_RS08620	864	627.915	1	0.290834
gene-JF73_RS08625	369	170.944	2	2.13659
gene-JF73_RS08630	141	29.1263	0	0
gene-JF73_RS08635	849	613.102	0	0
gene-JF73_RS08640	2190	1953.15	0	0
gene-JF73_RS08645	657	423.677	0	0
gene-JF73_RS08650	398	193.089	0	0
gene-JF73_RS09650	121	21.4926	0	0
gene-JF73_RS08655	552	323.12	0	0
gene-JF73_RS08665	662	428.548	0	0
gene-JF73_RS08670	678	444.021	0	0
gene-JF73_RS08675	278	107.681	0	0
rna-JF73_RS08680	117	20.3514	7.81886	70.1611
rna-JF73_RS08685	2910	2673.15	101578	6939.41
rna-JF73_RS08690	1574	1337.15	49456.1	6754.4
gene-JF73_RS08695	467	248.351	0	0
gene-JF73_RS08700	736	501.227	0	0
gene-JF73_RS08705	519	293.616	0	0
gene-JF73_RS08710	1410	1173.15	0	0
gene-JF73_RS08715	465	246.848	0	0
gene-JF73_RS08720	654	420.762	0	0
gene-JF73_RS09655	186	51.5528	0	0
gene-JF73_RS08730	1290	1053.15	0	0
gene-JF73_RS08735	2646	2409.15	0	0
gene-JF73_RS08740	750	514.922	0	0
gene-JF73_RS08745	576	345.999	0	0
gene-JF73_RS08750	858	622.04	0	0
gene-JF73_RS08755	1008	771.148	0	0
gene-JF73_RS08760	1479	1242.15	0	0
gene-JF73_RS09390	1638	1401.15	0	0
gene-JF73_RS08770	825	589.162	0	0
gene-JF73_RS08775	468	249.142	0	0
gene-JF73_RS08780	1314	1077.15	0	0
gene-JF73_RS08785	348	155.386	0	0
gene-JF73_RS08790	393	189.447	0	0
gene-JF73_RS08795	369	170.944	0	0
gene-JF73_RS08800	1461	1224.15	0	0
gene-JF73_RS08805	558	328.755	0	0
gene-JF73_RS08810	576	345.999	0	0
gene-JF73_RS08815	879	642.851	0	0
gene-JF73_RS08820	2457	2220.15	0	0
gene-JF73_RS08825	1287	1050.15	0	0
gene-JF73_RS08835	1158	921.148	0	0
gene-JF73_RS08840	1095	858.148	0	0
gene-JF73_RS08845	726	491.327	0	0
gene-JF73_RS08850	261	97.1757	0	0
gene-JF73_RS08855	336	146.093	0	0
gene-JF73_RS08860	825	589.162	0	0
gene-JF73_RS08865	639	406.134	0	0
gene-JF73_RS08870	246	88.3653	0	0
gene-JF73_RS08875	2328	2091.15	0	0
gene-JF73_RS08880	2292	2055.15	0	0
gene-JF73_RS08885	375	175.674	0	0
gene-JF73_RS08890	240	84.4063	0	0
gene-JF73_RS08895	612	379.885	0	0
gene-JF73_RS08900	390	187.171	0	0
gene-JF73_RS08905	264	99.2773	0	0
gene-JF73_RS08910	687	452.796	0	0
gene-JF73_RS08915	1053	816.148	0	0
gene-JF73_RS09440	1189	952.148	0	0
gene-JF73_RS08925	1584	1347.15	0	0
gene-JF73_RS08930	1581	1344.15	0	0
gene-JF73_RS08935	1551	1314.15	0	0
gene-JF73_RS08940	1278	1041.15	0	0
gene-JF73_RS08945	3000	2763.15	0	0
gene-JF73_RS08950	225	75.4231	0	0
gene-JF73_RS08955	396	191.63	0	0
gene-JF73_RS08960	414	205.808	0	0
gene-JF73_RS08965	372	173.403	0	0
gene-JF73_RS08970	726	491.327	0	0
gene-JF73_RS08975	654	420.762	0	0
gene-JF73_RS08980	1587	1350.15	0	0
gene-JF73_RS09570	1182	945.148	0	0
gene-JF73_RS08990	924	687.652	0	0
gene-JF73_RS08995	501	277.795	0	0
gene-JF73_RS09000	747	511.974	0	0
gene-JF73_RS09005	471	251.746	0	0
gene-JF73_RS09010	687	452.796	0	0
gene-JF73_RS09015	4632	4395.15	0	0
gene-JF73_RS09020	2262	2025.15	0	0
gene-JF73_RS09025	1011	774.148	0	0
gene-JF73_RS09030	294	117.242	0	0
gene-JF73_RS09035	405	198.514	0	0
gene-JF73_RS09040	420	210.479	0	0
gene-JF73_RS09045	243	86.2978	0	0
gene-JF73_RS09050	870	633.915	0	0
gene-JF73_RS09055	858	622.04	0	0
gene-JF73_RS09060	576	345.999	0	0
gene-JF73_RS09065	216	69.8915	0	0
gene-JF73_RS09070	318	133.428	0	0
gene-JF73_RS09075	522	296.313	0	0
gene-JF73_RS09080	264	99.2773	0	0
gene-JF73_RS09085	252	91.7168	0	0
gene-JF73_RS09090	1536	1299.15	0	0
gene-JF73_RS09095	930	693.652	0	0
gene-JF73_RS09100	327	139.697	0	0
gene-JF73_RS09105	567	337.416	0	0
gene-JF73_RS09110	1380	1143.15	0	0
gene-JF73_RS09115	459	242.039	0	0
gene-JF73_RS09120	1296	1059.15	0	0
gene-JF73_RS09125	1098	861.148	0	0
gene-JF73_RS09130	1257	1020.15	0	0
gene-JF73_RS09135	2625	2388.15	0	0
gene-JF73_RS09140	987	750.224	0	0
gene-JF73_RS09400	297	119.014	0	0
gene-JF73_RS09575	171	43.4896	0	0
gene-JF73_RS09150	504	280.361	0	0
gene-JF73_RS09155	240	84.4063	0	0
gene-JF73_RS09160	255	93.4477	0	0
gene-JF73_RS09165	804	568.277	0	0
gene-JF73_RS09170	303	122.716	0	0
gene-JF73_RS09185	1278	1041.15	0	0
gene-JF73_RS09190	3174	2937.15	0	0
gene-JF73_RS09195	1461	1224.15	0	0
gene-JF73_RS09200	945	708.441	0	0
gene-JF73_RS09205	699	464.566	0	0
gene-JF73_RS09210	456	239.474	0	0
gene-JF73_RS09215	1269	1032.15	0	0
gene-JF73_RS09220	663	429.548	0	0
gene-JF73_RS09225	615	382.808	0	0
gene-JF73_RS09230	711	476.425	0	0
gene-JF73_RS09580	1227	990.148	0	0
gene-JF73_RS09240	762	526.713	0	0
gene-JF73_RS09245	3072	2835.15	0	0
gene-JF73_RS09250	303	122.716	0	0
gene-JF73_RS09255	441	227.347	0	0
gene-JF73_RS09260	603	371.341	0	0
gene-JF73_RS09265	369	170.944	0	0
gene-JF76_RS00005	1368	1131.15	0	0
gene-JF76_RS00010	1131	894.148	0	0
gene-JF76_RS00015	210	66.0331	0	0
gene-JF76_RS00020	1140	903.148	0	0
gene-JF76_RS00025	1965	1728.15	0	0
gene-JF76_RS00030	2487	2250.15	2	0.162318
gene-JF76_RS00035	294	117.242	1	1.55763
gene-JF76_RS00040	522	296.313	0	0
gene-JF76_RS00045	243	86.2978	0	0
gene-JF76_RS00050	2022	1785.15	1	0.102299
gene-JF76_RS00055	456	239.474	0	0
gene-JF76_RS00060	1380	1143.15	2	0.319502
gene-JF76_RS10170	159	37.5282	0	0
gene-JF76_RS00065	1200	963.148	3	0.56882
gene-JF76_RS00070	702	467.519	1	0.390613
rna-JF76_RS00075	73	34.8061	0	0
gene-JF76_RS00080	324	137.442	0	0
gene-JF76_RS00085	4680	4443.15	0	0
gene-JF76_RS00090	732	497.278	0	0
gene-JF76_RS00095	480	259.538	0	0
gene-JF76_RS00100	543	314.965	0	0
gene-JF76_RS09865	777	541.553	0	0
gene-JF76_RS00110	795	559.277	0	0
gene-JF76_RS00115	441	227.347	0	0
gene-JF76_RS00125	1180	943.148	0	0
gene-JF76_RS00130	1002	765.148	0	0
gene-JF76_RS00135	291	115.736	18	28.4021
gene-JF76_RS00140	924	687.652	3	0.796707
gene-JF76_RS00145	1305	1068.15	0	0
gene-JF76_RS00150	720	485.425	0	0
gene-JF76_RS00155	549	320.48	0	0
gene-JF76_RS00160	216	69.8915	0	0
gene-JF76_RS00165	957	720.37	1	0.253508
gene-JF76_RS10045	216	69.8915	0	0
gene-JF76_RS00175	459	242.039	0	0
gene-JF76_RS00180	1899	1662.15	0	0
gene-JF76_RS00185	501	277.795	0	0
gene-JF76_RS00190	801	565.277	0	0
gene-JF76_RS00195	843	607.102	0	0
gene-JF76_RS00200	393	189.447	0	0
gene-JF76_RS00205	1125	888.148	0	0
gene-JF76_RS00210	1572	1335.15	0	0
gene-JF76_RS00215	396	191.63	0	0
gene-JF76_RS00220	492	269.905	1	0.676606
gene-JF76_RS00225	834	598.102	0	0
gene-JF76_RS00230	834	598.102	2	0.610662
gene-JF76_RS00235	1011	774.148	6	1.41538
gene-JF76_RS00240	1428	1191.15	3	0.459941
gene-JF76_RS00245	1467	1230.15	5	0.742265
gene-JF76_RS00250	1119	882.148	0	0
gene-JF76_RS00255	1263	1026.15	2	0.355932
gene-JF76_RS00260	870	633.915	0	0
gene-JF76_RS00265	846	610.102	0	0
gene-JF76_RS00270	1599	1362.15	0	0
gene-JF76_RS00275	276	106.499	0	0
gene-JF76_RS00280	1812	1575.15	0	0
gene-JF76_RS00285	1806	1569.15	1	0.116381
gene-JF76_RS00290	894	657.786	0	0
gene-JF76_RS00295	1653	1416.15	2	0.25791
gene-JF76_RS00300	735	500.227	0	0
gene-JF76_RS00305	1980	1743.15	6	0.628584
gene-JF76_RS00310	1896	1659.15	0	0
gene-JF76_RS00315	321	135.439	0	0
gene-JF76_RS00320	1239	1002.15	0	0
gene-JF76_RS00325	345	153.15	0	0
gene-JF76_RS00330	1446	1209.15	0	0
gene-JF76_RS00335	678	444.021	1	0.411285
gene-JF76_RS00340	897	660.786	0	0
gene-JF76_RS00345	1224	987.148	0	0
gene-JF76_RS00350	894	657.786	0	0
gene-JF76_RS00355	948	711.441	0	0
gene-JF76_RS00360	771	535.607	0	0
gene-JF76_RS00365	777	541.553	0	0
gene-JF76_RS00370	732	497.278	0	0
gene-JF76_RS00375	357	161.939	0	0
gene-JF76_RS00380	519	293.616	0	0
gene-JF76_RS00385	1026	789.148	0	0
gene-JF76_RS00390	378	177.878	0	0
gene-JF76_RS00395	672	438.199	0	0
gene-JF76_RS00400	840	604.102	0	0
gene-JF76_RS00405	1491	1254.15	0	0
gene-JF76_RS00410	882	645.786	0	0
gene-JF76_RS00415	354	159.705	0	0
gene-JF76_RS00420	867	630.915	0	0
gene-JF76_RS00425	1746	1509.15	0	0
gene-JF76_RS00430	864	627.915	1	0.290834
gene-JF76_RS00435	543	314.965	0	0
gene-JF76_RS00440	519	293.616	0	0
gene-JF76_RS00445	393	189.447	0	0
gene-JF76_RS00450	387	184.806	0	0
gene-JF76_RS00455	2235	1998.15	0	0
gene-JF76_RS00460	186	51.5528	0	0
gene-JF76_RS00465	711	476.425	0	0
gene-JF76_RS00470	864	627.915	2	0.581668
gene-JF76_RS00475	768	532.607	1	0.342878
gene-JF76_RS00480	1011	774.148	0	0
gene-JF76_RS00485	828	592.102	0	0
gene-JF76_RS00490	2841	2604.15	0	0
gene-JF76_RS00495	1014	777.148	0	0
rna-JF76_RS00500	73	34.8061	0	0
gene-JF76_RS00505	927	690.652	1	0.264416
gene-JF76_RS00510	1881	1644.15	0	0
gene-JF76_RS10175	168	42.0811	0	0
gene-JF76_RS00515	795	559.277	0	0
gene-JF76_RS00520	939	702.582	0	0
gene-JF76_RS00525	420	210.479	0	0
gene-JF76_RS00530	1572	1335.15	0	0
gene-JF76_RS00535	921	684.652	0	0
gene-JF76_RS00540	792	556.333	0	0
gene-JF76_RS00545	612	379.885	0	0
gene-JF76_RS00550	912	675.72	0	0
gene-JF76_RS00555	822	586.162	0	0
gene-JF76_RS00560	1206	969.148	0	0
gene-JF76_RS00565	915	678.72	0	0
gene-JF76_RS00570	915	678.72	0	0
gene-JF76_RS00575	1284	1047.15	0	0
gene-JF76_RS00580	1464	1227.15	0	0
gene-JF76_RS00585	1770	1533.15	1	0.119114
gene-JF76_RS00590	915	678.72	0	0
gene-JF76_RS00595	759	523.871	0	0
gene-JF76_RS00600	1026	789.148	0	0
gene-JF76_RS00605	321	135.439	1	1.34835
gene-JF76_RS00610	234	80.3412	0	0
gene-JF76_RS00615	231	78.702	1	2.32039
gene-JF76_RS00620	888	651.786	0	0
gene-JF76_RS00625	948	711.441	1	0.256689
gene-JF76_RS00630	840	604.102	0	0
gene-JF76_RS00635	765	529.66	1	0.344786
gene-JF76_RS00640	837	601.102	0	0
gene-JF76_RS00645	846	610.102	0	0
gene-JF76_RS00650	495	272.68	0	0
gene-JF76_RS00655	423	212.807	0	0
gene-JF76_RS00660	708	473.425	0	0
gene-JF76_RS00665	720	485.425	2	0.75241
gene-JF76_RS00670	735	500.227	0	0
gene-JF76_RS00675	891	654.786	0	0
gene-JF76_RS00680	810	574.277	0	0
gene-JF76_RS00685	645	411.887	0	0
gene-JF76_RS00690	324	137.442	0	0
gene-JF76_RS09870	1086	849.148	0	0
gene-JF76_RS00700	876	639.915	0	0
gene-JF76_RS00705	510	285.63	0	0
rna-JF76_RS00710	76	33.0619	0	0
rna-JF76_RS00715	73	34.8061	0	0
gene-JF76_RS00720	717	482.425	0	0
gene-JF76_RS00725	1854	1617.15	0	0
gene-JF76_RS00730	1335	1098.15	0	0
gene-JF76_RS00735	828	592.102	0	0
gene-JF76_RS00740	798	562.277	0	0
gene-JF76_RS00745	1206	969.148	0	0
gene-JF76_RS00750	480	259.538	0	0
gene-JF76_RS00755	1416	1179.15	1	0.154874
gene-JF76_RS00760	654	420.762	0	0
gene-JF76_RS00765	1359	1122.15	0	0
gene-JF76_RS00770	939	702.582	0	0
gene-JF76_RS00775	897	660.786	0	0
gene-JF76_RS00780	561	331.688	0	0
gene-JF76_RS00785	1101	864.148	0	0
gene-JF76_RS00790	360	164.089	0	0
gene-JF76_RS10180	141	29.1263	0	0
gene-JF76_RS00795	918	681.652	0	0
gene-JF76_RS09875	1989	1752.15	0.5	0.052113
gene-JF76_RS00805	1524	1287.15	1	0.141879
gene-JF76_RS09880	1842	1605.15	0.5	0.0568855
gene-JF76_RS00815	1521	1284.15	1	0.14221
gene-JF76_RS00820	2013	1776.15	0	0
gene-JF76_RS00825	744	509.025	0	0
gene-JF76_RS00830	1524	1287.15	2.8	0.397261
gene-JF76_RS00835	1986	1749.15	0	0
gene-JF76_RS00840	1173	936.148	0	0
gene-JF76_RS00845	1323	1086.15	5	0.840674
gene-JF76_RS00850	312	129.046	0	0
gene-JF76_RS00855	372	173.403	0	0
gene-JF76_RS00860	957	720.37	0	0
gene-JF76_RS00865	750	514.922	0	0
gene-JF76_RS00870	1626	1389.15	0	0
gene-JF76_RS00875	633	400.256	0	0
gene-JF76_RS00880	360	164.089	1	1.11293
gene-JF76_RS00885	780	544.553	0	0
gene-JF76_RS00890	755	519.871	0	0
gene-JF76_RS00895	1014	777.148	0	0
gene-JF76_RS00900	477	256.972	0	0
gene-JF76_RS00905	303	122.716	0	0
gene-JF76_RS00910	642	409.052	2	0.892889
gene-JF76_RS00915	1458	1221.15	1	0.149547
gene-JF76_RS00920	933	696.652	0	0
gene-JF76_RS00925	801	565.277	0	0
gene-JF76_RS00930	969	732.297	0	0
gene-JF76_RS00935	846	610.102	0	0
gene-JF76_RS00940	657	423.677	0	0
gene-JF76_RS00945	981	744.224	0	0
gene-JF76_RS00950	684	449.977	0	0
gene-JF76_RS00955	831	595.102	0	0
gene-JF76_RS00960	474	254.347	0	0
gene-JF76_RS00965	999	762.148	0	0
gene-JF76_RS00970	1038	801.148	1	0.227947
gene-JF76_RS00975	1086	849.148	0	0
gene-JF76_RS00980	780	544.553	0	0
gene-JF76_RS00985	1125	888.148	0	0
gene-JF76_RS00990	771	535.607	0	0
gene-JF76_RS00995	819	583.162	0	0
gene-JF76_RS01000	264	99.2773	0	0
gene-JF76_RS01005	531	304.451	0	0
gene-JF76_RS01010	588	357.074	0	0
gene-JF76_RS01015	885	648.786	0	0
gene-JF76_RS01020	360	164.089	0	0
gene-JF76_RS10055	250	90.4569	0	0
gene-JF76_RS10185	366	168.799	0	0
gene-JF76_RS01035	960	723.297	0	0
gene-JF76_RS01040	963	726.297	0	0
gene-JF76_RS01045	2532	2295.15	0	0
gene-JF76_RS01050	1212	975.148	0	0
gene-JF76_RS01055	810	574.277	7	2.22599
gene-JF76_RS01060	615	382.808	0	0
gene-JF76_RS01065	750	514.922	0	0
gene-JF76_RS01070	1806	1569.15	0	0
gene-JF76_RS01075	1815	1578.15	2	0.231435
gene-JF76_RS10190	171	43.4896	0	0
gene-JF76_RS01080	849	613.102	0	0
gene-JF76_RS01085	1593	1356.15	0	0
gene-JF76_RS01090	849	613.102	0	0
gene-JF76_RS01095	1464	1227.15	0	0
gene-JF76_RS01100	1203	966.148	0	0
gene-JF76_RS01105	879	642.851	0	0
gene-JF76_RS01110	957	720.37	0	0
gene-JF76_RS01115	783	547.388	0	0
gene-JF76_RS01120	705	470.425	0	0
gene-JF76_RS01125	1173	936.148	0	0
gene-JF76_RS01130	837	601.102	0	0
gene-JF76_RS01135	645	411.887	0	0
gene-JF76_RS01140	669	435.331	0	0
gene-JF76_RS01145	2295	2058.15	1	0.0887299
gene-JF76_RS01150	450	234.736	0	0
gene-JF76_RS01155	573	343.139	0	0
gene-JF76_RS01160	915	678.72	0	0
gene-JF76_RS01165	990	753.224	0	0
gene-JF76_RS01170	573	343.139	0	0
gene-JF76_RS01175	537	309.666	0	0
gene-JF76_RS01180	2034	1797.15	0	0
gene-JF76_RS01185	222	73.7674	0	0
gene-JF76_RS01190	372	173.403	0	0
gene-JF76_RS01195	342	150.555	0	0
gene-JF76_RS01200	186	51.5528	0	0
gene-JF76_RS01205	681	446.977	0	0
gene-JF76_RS01210	768	532.607	0	0
gene-JF76_RS01215	606	374.341	0	0
gene-JF76_RS01220	522	296.313	0	0
gene-JF76_RS01225	1062	825.148	0	0
gene-JF76_RS01230	675	441.199	0	0
gene-JF76_RS01235	222	73.7674	0	0
gene-JF76_RS01240	632	399.296	1.97396	0.902794
gene-JF76_RS01245	540	312.253	3.07317	1.79732
gene-JF76_RS01250	549	320.48	2	1.13966
gene-JF76_RS01255	792	556.333	1	0.328255
gene-JF76_RS01260	930	693.652	0	0
gene-JF76_RS01265	537	309.666	0	0
gene-JF76_RS01270	723	488.376	0	0
gene-JF76_RS01275	849	613.102	0	0
gene-JF76_RS01280	780	544.553	0	0
gene-JF76_RS01285	888	651.786	1	0.280183
gene-JF76_RS01290	276	106.499	1	1.71475
gene-JF76_RS01295	1101	864.148	4	0.845315
gene-JF76_RS01300	783	547.388	0	0
gene-JF76_RS01305	1725	1488.15	1	0.122716
gene-JF76_RS01310	1872	1635.15	0	0
gene-JF76_RS01315	1527	1290.15	0	0
gene-JF76_RS01320	969	732.297	1	0.249378
gene-JF76_RS01325	687	452.796	0	0
gene-JF76_RS01330	1155	918.148	0	0
gene-JF76_RS01335	1572	1335.15	0	0
gene-JF76_RS01340	747	511.974	0	0
gene-JF76_RS01350	1044	807.148	0	0
gene-JF76_RS01355	606	374.341	0	0
gene-JF76_RS01360	1227	990.148	1.5	0.276654
gene-JF76_RS01365	474	254.347	0	0
gene-JF76_RS09885	2559	2322.15	5.41962	0.426212
gene-JF76_RS01375	1194	957.148	0	0
gene-JF76_RS01380	771	535.607	0	0
gene-JF76_RS01385	522	296.313	0	0
gene-JF76_RS01390	1350	1113.15	0	0
gene-JF76_RS01395	285	112.337	0	0
gene-JF76_RS01400	459	242.039	0	0
gene-JF76_RS01405	600	368.453	0	0
gene-JF76_RS01410	645	411.887	0	0
gene-JF76_RS01415	459	242.039	0	0
gene-JF76_RS01420	1353	1116.15	0	0
gene-JF76_RS01425	291	115.736	0	0
gene-JF76_RS01430	525	298.977	0	0
gene-JF76_RS01435	597	365.527	0	0
gene-JF76_RS01440	543	314.965	0	0
gene-JF76_RS01445	1845	1608.15	0	0
gene-JF76_RS10195	171	43.4896	0	0
gene-JF76_RS01450	960	723.297	0	0
gene-JF76_RS01455	987	750.224	1	0.24342
gene-JF76_RS01460	657	423.677	0	0
gene-JF76_RS01465	516	290.887	1	0.627801
gene-JF76_RS01470	1146	909.148	1	0.200869
gene-JF76_RS01475	798	562.277	0	0
gene-JF76_RS01480	408	201.092	0	0
gene-JF76_RS01485	996	759.148	0	0
gene-JF76_RS01490	1290	1053.15	1	0.173403
gene-JF76_RS01495	981	744.224	9	2.20844
gene-JF76_RS01500	630	397.376	2	0.919124
gene-JF76_RS01505	555	325.955	5	2.8013
gene-JF76_RS01510	663	429.548	5	2.12571
gene-JF76_RS01515	759	523.871	1	0.348596
gene-JF76_RS01520	1860	1623.15	0	0
gene-JF76_RS01525	351	157.502	0	0
gene-JF76_RS01530	363	166.29	0	0
gene-JF76_RS01535	351	157.502	0	0
gene-JF76_RS01540	774	538.607	0	0
gene-JF76_RS01545	684	449.977	0	0
gene-JF76_RS01550	1119	882.148	0	0
gene-JF76_RS01555	1098	861.148	0	0
gene-JF76_RS01560	741	506.126	0	0
gene-JF76_RS01565	1086	849.148	0	0
gene-JF76_RS01570	1296	1059.15	0	0
gene-JF76_RS01575	270	103.079	0	0
gene-JF76_RS01580	1359	1122.15	0	0
gene-JF76_RS01585	498	275.081	0	0
gene-JF76_RS01590	804	568.277	0	0
gene-JF76_RS01595	918	681.652	0	0
gene-JF76_RS01600	969	732.297	1	0.249378
gene-JF76_RS01605	969	732.297	0	0
gene-JF76_RS01610	2562	2325.15	0	0
gene-JF76_RS01615	417	208.169	0	0
gene-JF76_RS01620	498	275.081	0	0
gene-JF76_RS01625	831	595.102	0	0
gene-JF76_RS01630	828	592.102	0	0
gene-JF76_RS01635	2148	1911.15	0	0
gene-JF76_RS01640	1116	879.148	0	0
gene-JF76_RS01645	1272	1035.15	0	0
gene-JF76_RS01650	942	705.582	0	0
gene-JF76_RS01655	909	672.72	2	0.542928
gene-JF76_RS01660	4191	3954.15	4	0.184737
gene-JF76_RS01665	912	675.72	0	0
gene-JF76_RS01670	306	124.664	0	0
gene-JF76_RS01675	668	434.375	0	0
gene-JF76_RS01680	1242	1005.15	0	0
gene-JF76_RS01685	1158	921.148	0	0
gene-JF76_RS01690	1248	1011.15	0	0
gene-JF76_RS01695	915	678.72	0	0
gene-JF76_RS01700	450	234.736	1	0.777977
gene-JF76_RS01705	642	409.052	0	0
gene-JF76_RS01710	822	586.162	0	0
gene-JF76_RS01715	954	717.37	0	0
gene-JF76_RS01720	873	636.915	1	0.286725
gene-JF76_RS01725	1086	849.148	0	0
gene-JF76_RS01730	867	630.915	0	0
gene-JF76_RS01735	825	589.162	0	0
gene-JF76_RS01740	1296	1059.15	0	0
gene-JF76_RS01745	1311	1074.15	1	0.170013
gene-JF76_RS01750	1302	1065.15	0	0
gene-JF76_RS01755	918	681.652	0	0
gene-JF76_RS01760	924	687.652	0	0
gene-JF76_RS01765	588	357.074	0	0
gene-JF76_RS01770	3033	2796.15	2	0.130622
gene-JF76_RS01775	1560	1323.15	0	0
gene-JF76_RS01780	1020	783.148	0	0
gene-JF76_RS01785	1377	1140.15	12	1.92206
gene-JF76_RS01790	783	547.388	0	0
gene-JF76_RS01795	606	374.341	1	0.487842
gene-JF76_RS01800	531	304.451	0	0
gene-JF76_RS01805	1308	1071.15	0	0
gene-JF76_RS01810	1011	774.148	1	0.235897
gene-JF76_RS01815	810	574.277	0	0
gene-JF76_RS01820	915	678.72	0	0
gene-JF76_RS01825	363	166.29	0	0
gene-JF76_RS01830	1371	1134.15	0	0
gene-JF76_RS01835	549	320.48	0	0
gene-JF76_RS01840	993	756.224	0	0
gene-JF76_RS01845	759	523.871	2	0.697192
rna-JF76_RS01850	73	34.8061	0	0
gene-JF76_RS01855	183	49.9191	0	0
gene-JF76_RS01860	258	95.3596	0	0
gene-JF76_RS01865	555	325.955	0	0
gene-JF76_RS01870	570	340.278	1	0.536676
gene-JF76_RS01875	732	497.278	0	0
gene-JF76_RS01880	1155	918.148	0	0
gene-JF76_RS01890	861	624.978	0	0
gene-JF76_RS09890	864	627.915	0	0
gene-JF76_RS01900	825	589.162	0	0
gene-JF76_RS01905	445	230.608	0	0
gene-JF76_RS01910	285	112.337	0	0
gene-JF76_RS01915	297	119.014	0	0
gene-JF76_RS01920	846	610.102	0	0
gene-JF76_RS01925	1389	1152.15	0	0
gene-JF76_RS01930	1437	1200.15	0	0
gene-JF76_RS01935	507	283.041	0	0
gene-JF76_RS01940	291	115.736	0	0
gene-JF76_RS01945	711	476.425	1.99593	0.765064
gene-JF76_RS01950	753	517.871	0	0
gene-JF76_RS01955	768	532.607	0	0
gene-JF76_RS01960	945	708.441	0	0
gene-JF76_RS01965	606	374.341	0	0
gene-JF76_RS01970	471	251.746	0	0
gene-JF76_RS01975	318	133.428	0	0
gene-JF76_RS01980	1542	1305.15	0	0
gene-JF76_RS10200	174	44.8866	0	0
gene-JF76_RS01990	765	529.66	0	0
gene-JF76_RS01995	315	131.376	0	0
gene-JF76_RS02000	1245	1008.15	0	0
gene-JF76_RS02005	357	161.939	0	0
gene-JF76_RS02010	1527	1290.15	0	0
gene-JF76_RS02015	1875	1638.15	0	0
gene-JF76_RS02020	983	746.224	0	0
gene-JF76_RS02030	852	616.102	0	0
gene-JF76_RS09895	1401	1164.15	0	0
gene-JF76_RS02040	1128	891.148	0	0
gene-JF76_RS02045	477	256.972	0	0
gene-JF76_RS02050	798	562.277	0	0
gene-JF76_RS02055	834	598.102	0	0
gene-JF76_RS02060	1020	783.148	0	0
gene-JF76_RS02065	774	538.607	0	0
gene-JF76_RS02070	684	449.977	0	0
gene-JF76_RS02075	429	217.564	0	0
gene-JF76_RS02080	930	693.652	0	0
gene-JF76_RS02085	756	520.871	2	0.701207
gene-JF76_RS02090	429	217.564	0	0
gene-JF76_RS02095	576	345.999	1	0.527802
gene-JF76_RS02100	489	267.38	12	8.19593
gene-JF76_RS02105	315	131.376	12	16.6806
gene-JF76_RS02110	1419	1182.15	4	0.617923
gene-JF76_RS02115	237	82.3177	0	0
gene-JF76_RS02120	717	482.425	2.73684	1.03602
gene-JF76_RS02125	1167	930.148	0	0
gene-JF76_RS02130	489	267.38	6	4.09796
gene-JF76_RS02135	924	687.652	0	0
gene-JF76_RS02140	819	583.162	0	0
gene-JF76_RS02145	402	196.065	0	0
gene-JF76_RS02150	1902	1665.15	0	0
gene-JF76_RS02155	1440	1203.15	0	0
gene-JF76_RS02160	786	550.388	0	0
gene-JF76_RS02165	2019	1782.15	2	0.204943
gene-JF76_RS02170	2853	2616.15	0	0
gene-JF76_RS02175	996	759.148	2	0.481116
gene-JF76_RS02180	762	526.713	0	0
gene-JF76_RS02185	930	693.652	1	0.263272
gene-JF76_RS02190	1920	1683.15	0	0
gene-JF76_RS10205	117	20.3514	0	0
gene-JF76_RS02195	696	461.658	0	0
gene-JF76_RS02200	1059	822.148	0	0
gene-JF76_RS02205	516	290.887	1	0.627801
rna-JF76_RS02210	72	34.1546	0	0
gene-JF76_RS02215	705	470.425	2	0.776401
gene-JF76_RS02220	1182	945.148	1	0.193218
rna-JF76_RS02225	82	28.9745	0	0
rna-JF76_RS02230	72	34.1546	0	0
gene-JF76_RS02235	1755	1518.15	0	0
gene-JF76_RS02240	1116	879.148	0	0
gene-JF76_RS02245	699	464.566	2	0.786193
gene-JF76_RS02250	387	184.806	1	0.988166
gene-JF76_RS02255	732	497.278	0	0
gene-JF76_RS02260	1092	855.148	0	0
gene-JF76_RS02265	1479	1242.15	0	0
gene-JF76_RS02270	831	595.102	0	0
gene-JF76_RS02275	2640	2403.15	0	0
gene-JF76_RS02280	258	95.3596	0	0
gene-JF76_RS02285	429	217.564	0	0
gene-JF76_RS02290	306	124.664	0	0
gene-JF76_RS02295	2355	2118.15	0	0
gene-JF76_RS02300	312	129.046	0	0
gene-JF76_RS02305	372	173.403	0	0
gene-JF76_RS02310	420	210.479	0	0
gene-JF76_RS02315	789	553.388	0	0
gene-JF76_RS02320	615	382.808	0	0
gene-JF76_RS02325	816	580.22	0	0
gene-JF76_RS02330	426	215.129	1	0.848881
gene-JF76_RS02335	417	208.169	2	1.75453
gene-JF76_RS02340	1101	864.148	0	0
gene-JF76_RS02345	1002	765.148	0	0
gene-JF76_RS02355	846	610.102	0	0
gene-JF76_RS02360	333	144.04	0	0
gene-JF76_RS02365	1392	1155.15	0	0
gene-JF76_RS02370	579	348.788	1	0.523582
gene-JF76_RS02375	777	541.553	0	0
gene-JF76_RS02380	609	377.075	0	0
gene-JF76_RS02385	651	417.762	0	0
gene-JF76_RS02390	936	699.582	0	0
rna-JF76_RS02395	73	34.8061	0	0
rna-JF76_RS02400	73	34.8061	0	0
rna-JF76_RS02405	82	28.9745	0	0
rna-JF76_RS02410	73	34.8061	0	0
rna-JF76_RS02415	72	34.1546	0	0
rna-JF76_RS02420	86	26.6667	0	0
rna-JF76_RS02425	74	33.7981	0	0
rna-JF76_RS02430	74	33.7981	0	0
rna-JF76_RS02435	74	33.7981	0	0
rna-JF76_RS02440	74	33.7981	0	0
rna-JF76_RS02445	74	33.7981	0	0
rna-JF76_RS02450	74	33.7981	0	0
rna-JF76_RS02455	73	34.8061	0	0
rna-JF76_RS02460	71	34.2128	0	0
rna-JF76_RS02465	74	33.7981	2	10.8065
rna-JF76_RS02470	90	23.2463	0	0
rna-JF76_RS02475	72	34.1546	0	0
rna-JF76_RS02480	87	26.0237	0	0
rna-JF76_RS02485	74	33.7981	0	0
rna-JF76_RS02490	74	33.7981	0	0
rna-JF76_RS02495	73	34.8061	0	0
rna-JF76_RS02500	82	28.9745	0	0
rna-JF76_RS02505	71	34.2128	0	0
rna-JF76_RS02510	73	34.8061	0	0
rna-JF76_RS02515	72	34.1546	0	0
rna-JF76_RS02520	71	34.2128	0	0
rna-JF76_RS02525	85	27.0319	0	0
gene-JF76_RS02530	1173	936.148	0	0
gene-JF76_RS02535	1044	807.148	0	0
gene-JF76_RS02540	1026	789.148	1	0.231413
gene-JF76_RS02545	2061	1824.15	0	0
gene-JF76_RS02550	234	80.3412	0	0
gene-JF76_RS02555	2325	2088.15	2	0.17491
gene-JF76_RS02560	459	242.039	0	0
gene-JF76_RS02565	657	423.677	0	0
gene-JF76_RS02570	1347	1110.15	1	0.1645
gene-JF76_RS02575	570	340.278	0	0
gene-JF76_RS02580	1083	846.148	0	0
gene-JF76_RS02585	579	348.788	0	0
gene-JF76_RS02590	642	409.052	0	0
gene-JF76_RS10060	720	485.425	0	0
gene-JF76_RS02600	690	455.704	0	0
gene-JF76_RS02605	471	251.746	0	0
gene-JF76_RS02610	831	595.102	0	0
gene-JF76_RS02615	822	586.162	0	0
gene-JF76_RS02620	1068	831.148	0	0
gene-JF76_RS02625	996	759.148	1	0.240558
gene-JF76_RS02630	414	205.808	0	0
gene-JF76_RS02635	219	71.7234	0	0
gene-JF76_RS02640	228	77.1541	2	4.73388
gene-JF76_RS02645	336	146.093	0	0
gene-JF76_RS02650	378	177.878	1	1.02665
gene-JF76_RS02655	942	705.582	0	0
gene-JF76_RS02660	1446	1209.15	0	0
gene-JF76_RS02665	501	277.795	0	0
gene-JF76_RS02670	1366	1129.15	0	0
gene-JF76_RS02675	471	251.746	1	0.72541
gene-JF76_RS02680	693	458.704	0	0
gene-JF76_RS02685	924	687.652	0	0
gene-JF76_RS02690	726	491.327	0	0
gene-JF76_RS02695	372	173.403	0	0
gene-JF76_RS02700	765	529.66	0	0
gene-JF76_RS02705	2403	2166.15	2	0.168612
gene-JF76_RS02710	2670	2433.15	3	0.225164
gene-JF76_RS02715	450	234.736	0	0
gene-JF76_RS02720	732	497.278	0	0
gene-JF76_RS02725	816	580.22	0	0
gene-JF76_RS02730	639	406.134	0	0
gene-JF76_RS02735	654	420.762	0	0
gene-JF76_RS02740	978	741.224	0	0
gene-JF76_RS02745	816	580.22	0	0
gene-JF76_RS02750	1620	1383.15	0	0
gene-JF76_RS02755	933	696.652	0	0
gene-JF76_RS02760	909	672.72	0	0
gene-JF76_RS02765	1065	828.148	0	0
gene-JF76_RS02770	903	666.72	0	0
gene-JF76_RS02775	534	307.013	0	0
gene-JF76_RS02780	759	523.871	0	0
gene-JF76_RS02785	522	296.313	0	0
gene-JF76_RS09905	741	506.126	0	0
gene-JF76_RS02795	849	613.102	1	0.297861
gene-JF76_RS02800	1143	906.148	0	0
gene-JF76_RS02805	1431	1194.15	0	0
gene-JF76_RS02810	699	464.566	2	0.786193
gene-JF76_RS02815	456	239.474	0	0
gene-JF76_RS02820	675	441.199	4	1.65566
gene-JF76_RS02825	1752	1515.15	0	0
rna-JF76_RS02830	86	26.6667	0	0
gene-JF76_RS02835	648	414.804	0	0
gene-JF76_RS02840	2253	2016.15	0	0
gene-JF76_RS02845	2013	1776.15	0	0
gene-JF76_RS02850	1140	903.148	0	0
gene-JF76_RS02855	303	122.716	0	0
gene-JF76_RS02860	1440	1203.15	1	0.151785
gene-JF76_RS02865	1431	1194.15	1	0.152928
gene-JF76_RS02870	921	684.652	0	0
gene-JF76_RS02875	711	476.425	0	0
gene-JF76_RS02880	1353	1116.15	1	0.163616
gene-JF76_RS02885	540	312.253	0	0
gene-JF76_RS02890	582	351.575	0	0
gene-JF76_RS02895	753	517.871	0	0
gene-JF76_RS02900	381	179.973	1	1.0147
gene-JF76_RS02905	363	166.29	0	0
gene-JF76_RS02910	459	242.039	0	0
gene-JF76_RS02915	435	222.584	0	0
gene-JF76_RS02920	687	452.796	0	0
gene-JF76_RS02930	1284	1047.15	0	0
gene-JF76_RS02935	1584	1347.15	1	0.13556
gene-JF76_RS02940	1164	927.148	0	0
gene-JF76_RS02945	3009	2772.15	5	0.329382
gene-JF76_RS02950	885	648.786	0	0
gene-JF76_RS02955	261	97.1757	1	1.87927
gene-JF76_RS10065	141	29.1263	1	6.26992
gene-JF76_RS02960	486	264.853	0	0
gene-JF76_RS02965	822	586.162	0	0
gene-JF76_RS02970	702	467.519	0	0
gene-JF76_RS02975	2037	1800.15	0	0
gene-JF76_RS02980	1185	948.148	0	0
gene-JF76_RS02985	372	173.403	0	0
gene-JF76_RS02990	1002	765.148	0	0
gene-JF76_RS02995	708	473.425	1	0.385741
gene-JF76_RS03000	1236	999.148	0	0
gene-JF76_RS03005	1329	1092.15	0	0
rna-JF76_RS03010	73	34.8061	0	0
gene-JF76_RS03015	441	227.347	0	0
gene-JF76_RS03020	237	82.3177	0	0
gene-JF76_RS03025	1143	906.148	2	0.403067
gene-JF76_RS03030	516	290.887	0	0
gene-JF76_RS03035	447	232.186	0	0
gene-JF76_RS03040	828	592.102	0	0
gene-JF76_RS03045	918	681.652	0	0
gene-JF76_RS03050	888	651.786	0	0
gene-JF76_RS03055	1149	912.148	0	0
gene-JF76_RS03060	1227	990.148	0	0
gene-JF76_RS03065	1164	927.148	0	0
gene-JF76_RS03070	285	112.337	0	0
gene-JF76_RS03075	957	720.37	0	0
gene-JF76_RS03080	1377	1140.15	0	0
gene-JF76_RS03085	816	580.22	2	0.629483
gene-JF76_RS03090	486	264.853	2	1.37903
gene-JF76_RS03095	462	244.394	0	0
gene-JF76_RS03100	873	636.915	0	0
gene-JF76_RS03105	1572	1335.15	0	0
gene-JF76_RS03110	282	110.248	0	0
gene-JF76_RS03115	2196	1959.15	13	1.21178
gene-JF76_RS03120	183	49.9191	0	0
gene-JF76_RS03125	267	101.144	0	0
gene-JF76_RS03130	1734	1497.15	1	0.121978
gene-JF76_RS03135	399	193.785	0	0
gene-JF76_RS03140	726	491.327	0	0
gene-JF76_RS03145	843	607.102	0	0
gene-JF76_RS03150	621	388.575	0	0
gene-JF76_RS03155	624	391.496	2	0.932931
gene-JF76_RS03160	630	397.376	0	0
gene-JF76_RS03165	807	571.277	1	0.319668
gene-JF76_RS03170	891	654.786	0	0
gene-JF76_RS03175	1035	798.148	0	0
gene-JF76_RS03180	2757	2520.15	0	0
gene-JF76_RS03185	381	179.973	0	0
gene-JF76_RS03190	1227	990.148	1	0.184436
gene-JF76_RS03195	558	328.755	0	0
gene-JF76_RS03200	393	189.447	0	0
gene-JF76_RS03205	2451	2214.15	1	0.0824783
gene-JF76_RS03210	729	494.327	4	1.47772
gene-JF76_RS03215	1128	891.148	1	0.204926
gene-JF76_RS03220	561	331.688	0	0
gene-JF76_RS03225	1179	942.148	0	0
gene-JF76_RS03230	624	391.496	0	0
gene-JF76_RS03235	906	669.72	0	0
gene-JF76_RS03240	666	432.418	0	0
gene-JF76_RS03245	1113	876.148	3	0.625303
gene-JF76_RS03250	1632	1395.15	9	1.17806
gene-JF76_RS03255	1008	771.148	1	0.236815
gene-JF76_RS03260	1806	1569.15	2	0.232762
gene-JF76_RS03265	1797	1560.15	0	0
gene-JF76_RS03270	1155	918.148	0	0
gene-JF76_RS03275	663	429.548	0	0
gene-JF76_RS03280	1284	1047.15	0	0
gene-JF76_RS03285	690	455.704	0	0
gene-JF76_RS03290	549	320.48	1	0.56983
gene-JF76_RS03295	2400	2163.15	0	0
gene-JF76_RS03300	1116	879.148	0	0
gene-JF76_RS03305	276	106.499	0	0
gene-JF76_RS03310	963	726.297	0	0
gene-JF76_RS03315	837	601.102	0	0
gene-JF76_RS03320	1020	783.148	0	0
gene-JF76_RS03325	936	699.582	7	1.82728
gene-JF76_RS03330	1725	1488.15	0	0
gene-JF76_RS03335	2043	1806.15	1	0.10111
gene-JF76_RS03340	2853	2616.15	6	0.418828
gene-JF76_RS03345	543	314.965	0	0
gene-JF76_RS03350	879	642.851	3	0.852231
gene-JF76_RS03355	1026	789.148	1	0.231413
gene-JF76_RS03360	936	699.582	0	0
gene-JF76_RS03365	783	547.388	0	0
gene-JF76_RS03370	468	249.142	0	0
gene-JF76_RS03375	318	133.428	0	0
gene-JF76_RS03380	1545	1308.15	0	0
gene-JF76_RS03385	261	97.1757	0	0
gene-JF76_RS03390	744	509.025	0	0
gene-JF76_RS03395	585	354.218	0	0
gene-JF76_RS03400	1761	1524.15	1	0.119817
gene-JF76_RS03405	975	738.297	0	0
gene-JF76_RS03410	1410	1173.15	0	0
gene-JF76_RS03415	549	320.48	0	0
gene-JF76_RS03420	429	217.564	0	0
gene-JF76_RS03425	1164	927.148	0	0
gene-JF76_RS03430	960	723.297	0	0
gene-JF76_RS03435	1053	816.148	0	0
gene-JF76_RS03440	456	239.474	0	0
gene-JF76_RS03445	1443	1206.15	0	0
gene-JF76_RS03450	1527	1290.15	0	0
gene-JF76_RS03455	993	756.224	0	0
gene-JF76_RS03460	1032	795.148	2	0.459334
gene-JF76_RS03465	1017	780.148	1.17193	0.274328
gene-JF76_RS03470	1212	975.148	0	0
gene-JF76_RS03475	756	520.871	0	0
gene-JF76_RS03480	579	348.788	0	0
gene-JF76_RS03485	642	409.052	0	0
gene-JF76_RS03490	606	374.341	0	0
gene-JF76_RS03495	570	340.278	0	0
gene-JF76_RS03500	855	619.102	0	0
gene-JF76_RS03505	366	168.799	0	0
gene-JF76_RS03510	1569	1332.15	0	0
gene-JF76_RS03515	522	296.313	0	0
gene-JF76_RS03520	876	639.915	0	0
gene-JF76_RS03525	696	461.658	0	0
gene-JF76_RS03530	999	762.148	0	0
gene-JF76_RS03535	474	254.347	0	0
gene-JF76_RS03540	534	307.013	0	0
gene-JF76_RS03545	900	663.72	0	0
gene-JF76_RS03550	846	610.102	0	0
gene-JF76_RS03555	978	741.224	0	0
gene-JF76_RS03560	1353	1116.15	1	0.163616
gene-JF76_RS03565	1812	1575.15	0	0
gene-JF76_RS03570	816	580.22	0	0
gene-JF76_RS03575	438	224.858	0	0
gene-JF76_RS03580	714	479.425	0	0
gene-JF76_RS03585	1524	1287.15	0	0
gene-JF76_RS03590	1397	1160.15	0	0
gene-JF76_RS03595	426	215.129	1	0.848881
gene-JF76_RS03600	1146	909.148	0	0
gene-JF76_RS03605	1026	789.148	0	0
gene-JF76_RS03610	996	759.148	0	0
gene-JF76_RS03615	798	562.277	0	0
gene-JF76_RS03620	783	547.388	0	0
gene-JF76_RS03625	204	62.0897	0	0
gene-JF76_RS03630	372	173.403	2	2.1063
gene-JF76_RS03635	1908	1671.15	29.4677	3.22017
gene-JF76_RS03640	720	485.425	6	2.25723
gene-JF76_RS03645	732	497.278	3	1.10171
gene-JF76_RS03650	765	529.66	3	1.03436
gene-JF76_RS03655	2793	2556.15	1	0.0714431
gene-JF76_RS03660	702	467.519	0	0
gene-JF76_RS03665	813	577.22	0	0
gene-JF76_RS03670	1659	1422.15	0	0
gene-JF76_RS03675	729	494.327	1	0.36943
gene-JF76_RS03680	342	150.555	0	0
gene-JF76_RS10210	174	44.8866	0	0
gene-JF76_RS03685	975	738.297	0	0
gene-JF76_RS03690	1005	768.148	0	0
gene-JF76_RS03695	273	105.037	0	0
gene-JF76_RS03700	423	212.807	0	0
gene-JF76_RS03705	276	106.499	0	0
gene-JF76_RS03710	567	337.416	0	0
gene-JF76_RS03715	1002	765.148	0	0
gene-JF76_RS03720	1185	948.148	0	0
gene-JF76_RS03725	807	571.277	0	0
rna-JF76_RS10070	364	167.133	101.09	110.457
gene-JF76_RS03730	1113	876.148	0	0
gene-JF76_RS03735	201	60.3796	0	0
gene-JF76_RS03740	408	201.092	1	0.908136
gene-JF76_RS03745	363	166.29	0	0
gene-JF76_RS03750	216	69.8915	0	0
gene-JF76_RS03755	279	108.464	0	0
gene-JF76_RS03760	351	157.502	0	0
gene-JF76_RS03765	480	259.538	0	0
gene-JF76_RS03770	273	105.037	0	0
gene-JF76_RS03775	246	88.3653	0	0
gene-JF76_RS03780	1386	1149.15	0	0
gene-JF76_RS03785	732	497.278	0	0
gene-JF76_RS03790	570	340.278	2	1.07335
gene-JF76_RS03795	195	56.8308	0	0
gene-JF76_RS03800	792	556.333	0	0
gene-JF76_RS03805	1299	1062.15	1	0.171934
gene-JF76_RS03810	225	75.4231	0	0
gene-JF76_RS03820	240	84.4063	0	0
gene-JF76_RS03825	339	148.373	0	0
gene-JF76_RS03830	483	262.155	0	0
gene-JF76_RS09910	540	312.253	2	1.16969
gene-JF76_RS03840	642	409.052	0	0
gene-JF76_RS03845	339	148.373	0	0
gene-JF76_RS03850	552	323.12	0	0
gene-JF76_RS03855	792	556.333	0	0
gene-JF76_RS03860	1251	1014.15	0	0
gene-JF76_RS03865	1437	1200.15	4	0.608656
gene-JF76_RS03870	1419	1182.15	1	0.154481
gene-JF76_RS03875	213	67.9168	0	0
gene-JF76_RS03880	330	141.889	0	0
gene-JF76_RS03885	546	317.643	1	0.57492
gene-JF76_RS03890	954	717.37	0	0
gene-JF76_RS09915	360	164.089	0	0
gene-JF76_RS03900	366	168.799	0	0
gene-JF76_RS03905	441	227.347	0	0
gene-JF76_RS03910	405	198.514	0	0
gene-JF76_RS03915	1404	1167.15	0	0
gene-JF76_RS03920	489	267.38	0	0
gene-JF76_RS03925	417	208.169	0	0
gene-JF76_RS03930	3108	2871.15	0	0
gene-JF76_RS03935	681	446.977	0	0
gene-JF76_RS03940	1092	855.148	0	0
gene-JF76_RS03945	342	150.555	0	0
gene-JF76_RS03950	414	205.808	0	0
gene-JF76_RS03955	1149	912.148	1	0.200208
gene-JF76_RS03960	549	320.48	2	1.13966
gene-JF76_RS03965	1518	1281.15	1	0.142543
gene-JF76_RS03970	417	208.169	0	0
gene-JF76_RS03975	276	106.499	0	0
gene-JF76_RS03980	405	198.514	0	0
gene-JF76_RS10215	159	37.5282	0	0
gene-JF76_RS09920	384	182.393	0	0
gene-JF76_RS03990	231	78.702	0	0
gene-JF76_RS03995	324	137.442	0	0
gene-JF76_RS09925	798	562.277	0	0
gene-JF76_RS04005	714	479.425	0	0
gene-JF76_RS04010	414	205.808	0	0
gene-JF76_RS04015	180	48.1736	0	0
gene-JF76_RS04020	294	117.242	0	0
gene-JF76_RS04025	288	114.117	0	0
gene-JF76_RS04030	360	164.089	0	0
gene-JF76_RS04035	216	69.8915	0	0
gene-JF76_RS04040	309	127.008	0	0
gene-JF76_RS04045	1203	966.148	0	0
gene-JF76_RS04050	879	642.851	0	0
gene-JF76_RS04055	1518	1281.15	0	0
gene-JF76_RS04060	1746	1509.15	2	0.242016
gene-JF76_RS04065	969	732.297	0	0
gene-JF76_RS04070	396	191.63	0	0
gene-JF76_RS04075	720	485.425	0	0
gene-JF76_RS04080	1452	1215.15	1	0.150286
gene-JF76_RS04085	867	630.915	3	0.868354
gene-JF76_RS04090	2193	1956.15	1	0.0933565
gene-JF76_RS04095	627	394.456	0	0
gene-JF76_RS04100	1350	1113.15	0	0
gene-JF76_RS04105	1389	1152.15	0	0
gene-JF76_RS04110	309	127.008	0	0
gene-JF76_RS04115	1239	1002.15	0	0
gene-JF76_RS04120	318	133.428	0	0
gene-JF76_RS04125	1458	1221.15	0	0
gene-JF76_RS04130	1887	1650.15	0	0
gene-JF76_RS04135	2592	2355.15	0	0
gene-JF76_RS04140	414	205.808	0	0
gene-JF76_RS04145	504	280.361	0	0
gene-JF76_RS04150	819	583.162	0	0
gene-JF76_RS04155	831	595.102	0	0
gene-JF76_RS04160	1377	1140.15	0	0
gene-JF76_RS04165	1089	852.148	0	0
gene-JF76_RS04170	666	432.418	0	0
gene-JF76_RS04175	2820	2583.15	0	0
gene-JF76_RS04180	1704	1467.15	0	0
gene-JF76_RS04185	1011	774.148	0	0
gene-JF76_RS04190	1275	1038.15	0	0
gene-JF76_RS04195	1419	1182.15	0	0
gene-JF76_RS04200	1011	774.148	0	0
gene-JF76_RS04205	1929	1692.15	3	0.323765
gene-JF76_RS04210	1407	1170.15	0	0
gene-JF76_RS04215	852	616.102	0	0
rna-JF76_RS04220	72	34.1546	0	0
rna-JF76_RS04225	72	34.1546	0	0
gene-JF76_RS10075	802	566.277	0	0
gene-JF76_RS04230	798	562.277	0	0
gene-JF76_RS04235	186	51.5528	0	0
gene-JF76_RS09930	432	220.183	0	0
gene-JF76_RS04245	756	520.871	0	0
gene-JF76_RS04250	237	82.3177	0	0
gene-JF76_RS04255	429	217.564	0	0
gene-JF76_RS09935	675	441.199	0	0
gene-JF76_RS04265	1872	1635.15	0	0
gene-JF76_RS04270	828	592.102	0	0
gene-JF76_RS04275	1602	1365.15	0	0
gene-JF76_RS04280	1353	1116.15	1	0.163616
gene-JF76_RS04285	600	368.453	1	0.495638
gene-JF76_RS04290	1089	852.148	0	0
gene-JF76_RS04295	849	613.102	0	0
gene-JF76_RS04300	1008	771.148	0	0
gene-JF76_RS04305	630	397.376	0	0
gene-JF76_RS04310	714	479.425	0	0
gene-JF76_RS04315	225	75.4231	0	0
gene-JF76_RS04320	513	288.215	0	0
gene-JF76_RS04325	549	320.48	2	1.13966
gene-JF76_RS04330	1512	1275.15	1	0.143214
gene-JF76_RS04335	963	726.297	0	0
gene-JF76_RS04340	1440	1203.15	0	0
gene-JF76_RS04345	438	224.858	0	0
gene-JF76_RS04350	231	78.702	0	0
gene-JF76_RS04355	990	753.224	0	0
gene-JF76_RS04360	294	117.242	0	0
gene-JF76_RS04365	228	77.1541	0	0
gene-JF76_RS04370	1194	957.148	4	0.763181
gene-JF76_RS04375	456	239.474	0	0
gene-JF76_RS04380	282	110.248	0	0
gene-JF76_RS04385	10410	10173.1	9.74442	0.174923
gene-JF76_RS04390	10194	9957.15	2.1206	0.0388928
gene-JF76_RS04395	10149	9912.15	27.7255	0.510808
gene-JF76_RS04400	13977	13740.1	2.66602	0.0354339
gene-JF76_RS04405	4527	4290.15	3	0.127701
gene-JF76_RS04410	1302	1065.15	0	0
gene-JF76_RS04415	468	249.142	0	0
gene-JF76_RS04420	612	379.885	0	0
gene-JF76_RS04425	1719	1482.15	0	0
gene-JF76_RS04430	1158	921.148	0	0
gene-JF76_RS04435	1218	981.148	0	0
gene-JF76_RS04440	2640	2403.15	0	0
gene-JF76_RS04445	1278	1041.15	0	0
gene-JF76_RS04450	681	446.977	0	0
gene-JF76_RS04455	624	391.496	0	0
gene-JF76_RS04460	1005	768.148	1	0.23774
gene-JF76_RS04465	852	616.102	0	0
gene-JF76_RS04470	534	307.013	0	0
gene-JF76_RS10085	141	29.1263	0	0
gene-JF76_RS04475	327	139.697	0	0
gene-JF76_RS04480	432	220.183	0	0
gene-JF76_RS04485	948	711.441	4	1.02676
gene-JF76_RS04490	363	166.29	1	1.0982
gene-JF76_RS04495	2166	1929.15	1	0.0946631
gene-JF76_RS04500	969	732.297	0	0
gene-JF76_RS04505	1380	1143.15	1	0.159751
gene-JF76_RS04510	1107	870.148	0	0
gene-JF76_RS04515	855	619.102	1	0.294974
gene-JF76_RS04520	1359	1122.15	2	0.325482
gene-JF76_RS04525	1335	1098.15	1	0.166297
gene-JF76_RS04530	441	227.347	5	4.01632
gene-JF76_RS04535	306	124.664	0	0
gene-JF76_RS04540	816	580.22	3	0.944224
gene-JF76_RS04545	801	565.277	1	0.323061
gene-JF76_RS04550	2790	2553.15	0	0
gene-JF76_RS04555	207	64.019	0	0
gene-JF76_RS04560	564	334.587	0	0
gene-JF76_RS04565	339	148.373	0	0
gene-JF76_RS04570	696	461.658	0	0
gene-JF76_RS04575	1152	915.148	0	0
gene-JF76_RS04580	342	150.555	0	0
gene-JF76_RS04585	1125	888.148	1	0.205618
gene-JF76_RS04590	657	423.677	3	1.2931
gene-JF76_RS04595	648	414.804	0	0
gene-JF76_RS04600	2379	2142.15	3	0.255752
gene-JF76_RS04605	393	189.447	0	0
gene-JF76_RS04610	714	479.425	0	0
gene-JF76_RS04615	792	556.333	2	0.65651
gene-JF76_RS04620	423	212.807	0	0
gene-JF76_RS04625	1695	1458.15	5	0.626203
gene-JF76_RS04630	1770	1533.15	0	0
gene-JF76_RS04635	951	714.441	0	0
gene-JF76_RS04640	1680	1443.15	0	0
gene-JF76_RS04645	225	75.4231	0	0
gene-JF76_RS04650	555	325.955	0	0
gene-JF76_RS04655	1842	1605.15	1	0.113771
gene-JF76_RS04660	1188	951.148	0	0
gene-JF76_RS04665	342	150.555	0	0
gene-JF76_RS04670	552	323.12	0	0
gene-JF76_RS04675	495	272.68	0	0
gene-JF76_RS04680	1047	810.148	2	0.450829
gene-JF76_RS04685	726	491.327	1	0.371685
gene-JF76_RS04690	2289	2052.15	0	0
gene-JF76_RS04695	987	750.224	0	0
gene-JF76_RS04700	252	91.7168	0	0
gene-JF76_RS04705	270	103.079	0	0
gene-JF76_RS04710	1782	1545.15	0	0
gene-JF76_RS04715	834	598.102	0	0
gene-JF76_RS04720	1191	954.148	1	0.191395
gene-JF76_RS04725	1326	1089.15	0	0
gene-JF76_RS04730	1278	1041.15	0	0
gene-JF76_RS04735	585	354.218	0	0
gene-JF76_RS04740	1803	1566.15	2	0.233208
gene-JF76_RS04745	1305	1068.15	0	0
gene-JF76_RS04750	1920	1683.15	0	0
gene-JF76_RS04755	942	705.582	0	0
gene-JF76_RS04760	795	559.277	0	0
gene-JF76_RS04765	222	73.7674	0	0
gene-JF76_RS04770	192	55.1582	0.5	1.65541
gene-JF76_RS04775	1548	1311.15	0	0
gene-JF76_RS04780	207	64.019	0	0
gene-JF76_RS04785	3141	2904.15	4	0.251529
gene-JF76_RS04790	960	723.297	0	0
gene-JF76_RS04795	1770	1533.15	3	0.357342
gene-JF76_RS04800	888	651.786	0	0
gene-JF76_RS04805	900	663.72	0	0
gene-JF76_RS04810	360	164.089	0	0
gene-JF76_RS04815	738	503.227	0	0
gene-JF76_RS04820	609	377.075	0	0
gene-JF76_RS04825	720	485.425	0	0
gene-JF76_RS04830	687	452.796	0	0
gene-JF76_RS04835	540	312.253	2	1.16969
gene-JF76_RS04840	675	441.199	0	0
gene-JF76_RS04845	1206	969.148	7.1	1.33787
gene-JF76_RS04850	1311	1074.15	0	0
gene-JF76_RS04855	276	106.499	2.18182	3.74127
gene-JF76_RS04860	1254	1017.15	0	0
gene-JF76_RS04865	888	651.786	0	0
gene-JF76_RS04870	1200	963.148	0	0
gene-JF76_RS04875	666	432.418	0	0
gene-JF76_RS04880	861	624.978	0	0
gene-JF76_RS04885	231	78.702	0	0
gene-JF76_RS04890	840	604.102	0	0
gene-JF76_RS04895	756	520.871	0	0
gene-JF76_RS04900	852	616.102	0	0
gene-JF76_RS04905	2112	1875.15	1	0.0973892
gene-JF76_RS04910	1317	1080.15	1	0.169069
gene-JF76_RS04915	930	693.652	0	0
gene-JF76_RS04920	525	298.977	0	0
gene-JF76_RS04925	1410	1173.15	0	0
gene-JF76_RS04930	891	654.786	0	0
gene-JF76_RS04935	636	403.175	1	0.452953
gene-JF76_RS04940	1959	1722.15	3	0.318125
gene-JF76_RS04945	2454	2217.15	2	0.164733
gene-JF76_RS04950	936	699.582	1	0.26104
gene-JF76_RS04955	930	693.652	1	0.263272
gene-JF76_RS04960	360	164.089	5	5.56465
gene-JF76_RS04965	1089	852.148	1	0.214305
gene-JF76_RS04970	636	403.175	0	0
gene-JF76_RS04975	879	642.851	0	0
gene-JF76_RS04980	414	205.808	0	0
gene-JF76_RS04985	1689	1452.15	0	0
gene-JF76_RS04990	3177	2940.15	0	0
gene-JF76_RS04995	1056	819.148	0	0
gene-JF76_RS05000	912	675.72	2	0.540517
gene-JF76_RS05005	465	246.848	0	0
gene-JF76_RS05010	1677	1440.15	1	0.126806
gene-JF76_RS05015	342	150.555	0	0
gene-JF76_RS05020	1230	993.148	0	0
gene-JF76_RS05025	1125	888.148	0	0
rna-JF76_RS10090	370	171.805	21	22.3219
gene-JF76_RS05030	441	227.347	1	0.803264
gene-JF76_RS05035	567	337.416	0	0
gene-JF76_RS05040	630	397.376	0	0
gene-JF76_RS05045	2367	2130.15	0	0
gene-JF76_RS05050	210	66.0331	0	0
gene-JF76_RS05055	630	397.376	0	0
gene-JF76_RS05060	642	409.052	0	0
gene-JF76_RS05065	1299	1062.15	0	0
gene-JF76_RS05070	483	262.155	0	0
gene-JF76_RS05075	2790	2553.15	0	0
gene-JF76_RS05080	3645	3408.15	2	0.107166
gene-JF76_RS05085	3474	3237.15	1	0.0564136
gene-JF76_RS05090	909	672.72	0	0
gene-JF76_RS05095	960	723.297	0	0
gene-JF76_RS05100	1083	846.148	1	0.215824
gene-JF76_RS05105	1017	780.148	0	0
gene-JF76_RS05110	786	550.388	0	0
gene-JF76_RS05115	1383	1146.15	0	0
gene-JF76_RS05120	975	738.297	0	0
gene-JF76_RS05125	753	517.871	0	0
gene-JF76_RS05130	579	348.788	0	0
gene-JF76_RS05135	192	55.1582	0	0
gene-JF76_RS05140	840	604.102	0	0
gene-JF76_RS05145	708	473.425	0	0
gene-JF76_RS05150	366	168.799	0	0
gene-JF76_RS05155	840	604.102	0	0
gene-JF76_RS05160	837	601.102	1	0.303807
gene-JF76_RS05165	810	574.277	1	0.317998
gene-JF76_RS05170	705	470.425	0	0
gene-JF76_RS05175	354	159.705	0	0
gene-JF76_RS05180	765	529.66	0	0
gene-JF76_RS05185	756	520.871	0	0
gene-JF76_RS05190	888	651.786	0	0
gene-JF76_RS05195	1242	1005.15	1	0.181684
gene-JF76_RS05200	798	562.277	0	0
gene-JF76_RS05205	684	449.977	0	0
gene-JF76_RS05210	1584	1347.15	0	0
gene-JF76_RS05215	441	227.347	0	0
gene-JF76_RS05220	1206	969.148	0	0
gene-JF76_RS05225	1221	984.148	0	0
gene-JF76_RS05230	1122	885.148	0	0
gene-JF76_RS05235	1806	1569.15	2	0.232762
gene-JF76_RS05240	2067	1830.15	0	0
gene-JF76_RS05245	918	681.652	0	0
gene-JF76_RS05250	756	520.871	0	0
gene-JF76_RS05255	909	672.72	0	0
gene-JF76_RS05260	522	296.313	0	0
gene-JF76_RS05265	951	714.441	2	0.511223
gene-JF76_RS05270	444	229.732	0	0
gene-JF76_RS05275	177	46.825	0	0
gene-JF76_RS05280	828	592.102	0	0
gene-JF76_RS05285	1155	918.148	0	0
gene-JF76_RS09940	417	208.169	0	0
gene-JF76_RS05290	537	309.666	0	0
gene-JF76_RS05295	879	642.851	0	0
gene-JF76_RS05300	432	220.183	0	0
gene-JF76_RS05305	1185	948.148	0	0
gene-JF76_RS05310	495	272.68	2	1.33944
gene-JF76_RS05315	501	277.795	0	0
gene-JF76_RS05320	1491	1254.15	0	0
gene-JF76_RS05325	726	491.327	0	0
gene-JF76_RS05330	990	753.224	0	0
gene-JF76_RS05335	1089	852.148	0	0
gene-JF76_RS05340	315	131.376	0	0
gene-JF76_RS05345	456	239.474	0	0
gene-JF76_RS05350	945	708.441	0	0
gene-JF76_RS05355	474	254.347	0	0
gene-JF76_RS05360	1485	1248.15	0	0
gene-JF76_RS05365	1842	1605.15	0	0
gene-JF76_RS05370	1287	1050.15	0	0
gene-JF76_RS05375	438	224.858	0	0
gene-JF76_RS05380	2241	2004.15	0	0
gene-JF76_RS05390	945	708.441	0	0
gene-JF76_RS05395	501	277.795	0	0
gene-JF76_RS05400	945	708.441	0	0
gene-JF76_RS05405	549	320.48	0	0
gene-JF76_RS05410	1539	1302.15	0	0
gene-JF76_RS05415	915	678.72	0	0
gene-JF76_RS05420	297	119.014	1	1.53444
gene-JF76_RS05425	1056	819.148	0	0
gene-JF76_RS05430	795	559.277	0	0
gene-JF76_RS05435	1467	1230.15	2	0.296906
gene-JF76_RS05440	711	476.425	0	0
gene-JF76_RS05445	930	693.652	0	0
gene-JF76_RS05450	1398	1161.15	0	0
gene-JF76_RS05455	1404	1167.15	3	0.469399
gene-JF76_RS05460	2034	1797.15	0	0
gene-JF76_RS05465	1374	1137.15	0	0
gene-JF76_RS10220	177	46.825	0	0
gene-JF76_RS05475	897	660.786	0	0
gene-JF76_RS05480	1752	1515.15	0	0
gene-JF76_RS05485	639	406.134	0	0
gene-JF76_RS05490	957	720.37	0	0
gene-JF76_RS05495	1416	1179.15	0	0
gene-JF76_RS05500	1785	1548.15	0	0
gene-JF76_RS05505	882	645.786	0	0
gene-JF76_RS05510	720	485.425	0	0
gene-JF76_RS05515	372	173.403	0	0
gene-JF76_RS05520	585	354.218	0	0
gene-JF76_RS05525	996	759.148	1	0.240558
gene-JF76_RS05530	483	262.155	0	0
gene-JF76_RS05535	729	494.327	0	0
gene-JF76_RS05540	861	624.978	1	0.292201
gene-JF76_RS05545	273	105.037	0	0
gene-JF76_RS05550	702	467.519	0	0
gene-JF76_RS05555	1065	828.148	0	0
gene-JF76_RS05560	852	616.102	0	0
gene-JF76_RS05565	189	53.2657	1	3.42846
gene-JF76_RS05570	510	285.63	0	0
gene-JF76_RS05575	309	127.008	0	0
gene-JF76_RS05580	714	479.425	0	0
gene-JF76_RS05585	1164	927.148	0	0
gene-JF76_RS05590	327	139.697	0	0
gene-JF76_RS05595	708	473.425	0	0
gene-JF76_RS05600	408	201.092	0	0
gene-JF76_RS05605	369	170.944	0	0
rna-JF76_RS05610	90	23.2463	0	0
gene-JF76_RS09945	675	441.199	0	0
gene-JF76_RS05620	1134	897.148	0	0
gene-JF76_RS10225	549	320.48	0	0
gene-JF76_RS05630	321	135.439	0	0
gene-JF76_RS05635	231	78.702	0	0
gene-JF76_RS05640	207	64.019	0	0
gene-JF76_RS05645	585	354.218	0	0
gene-JF76_RS05650	375	175.674	0	0
gene-JF76_RS05655	1102	865.148	0	0
gene-JF76_RS09950	831	595.102	1	0.30687
gene-JF76_RS05665	324	137.442	0	0
gene-JF76_RS05670	708	473.425	0	0
gene-JF76_RS05675	540	312.253	0	0
gene-JF76_RS05680	186	51.5528	0	0
gene-JF76_RS05685	477	256.972	0	0
gene-JF76_RS05690	921	684.652	0	0
gene-JF76_RS05695	582	351.575	0	0
gene-JF76_RS05700	1548	1311.15	0	0
gene-JF76_RS05705	831	595.102	0	0
gene-JF76_RS05710	1287	1050.15	0	0
gene-JF76_RS05715	336	146.093	1	1.25002
gene-JF76_RS05720	330	141.889	1	1.28706
gene-JF76_RS05725	2274	2037.15	0	0
gene-JF76_RS05730	519	293.616	0	0
gene-JF76_RS05735	528	301.637	0	0
gene-JF76_RS05740	2277	2040.15	0	0
gene-JF76_RS05745	1839	1602.15	0	0
gene-JF76_RS05750	1587	1350.15	0	0
gene-JF76_RS05755	1602	1365.15	0	0
gene-JF76_RS05760	1143	906.148	2	0.403067
gene-JF76_RS05765	1863	1626.15	8	0.898414
gene-JF76_RS05770	588	357.074	2	1.02287
gene-JF76_RS05775	1050	813.148	2	0.449166
gene-JF76_RS05780	933	696.652	0	0
gene-JF76_RS05785	894	657.786	0	0
gene-JF76_RS05790	363	166.29	0	0
gene-JF76_RS05795	2643	2406.15	1	0.0758969
gene-JF76_RS05800	312	129.046	0	0
gene-JF76_RS05805	297	119.014	0	0
gene-JF76_RS05810	1254	1017.15	0	0
gene-JF76_RS05815	474	254.347	0	0
gene-JF76_RS05820	4308	4071.15	1	0.0448569
gene-JF76_RS05825	1701	1464.15	0	0
gene-JF76_RS05830	1257	1020.15	1	0.179012
gene-JF76_RS05835	798	562.277	0	0
gene-JF76_RS05840	735	500.227	0	0
gene-JF76_RS05845	558	328.755	0	0
gene-JF76_RS05850	732	497.278	2	0.734476
gene-JF76_RS05855	912	675.72	0	0
gene-JF76_RS05860	1512	1275.15	0	0
gene-JF76_RS05865	1122	885.148	0	0
gene-JF76_RS05870	627	394.456	0	0
gene-JF76_RS05875	183	49.9191	0	0
gene-JF76_RS05880	876	639.915	0	0
gene-JF76_RS05885	804	568.277	0	0
gene-JF76_RS05890	1032	795.148	1	0.229667
gene-JF76_RS05895	615	382.808	0	0
gene-JF76_RS05900	1176	939.148	2	0.388904
gene-JF76_RS05905	1401	1164.15	3	0.470608
gene-JF76_RS05910	1791	1554.15	0	0
gene-JF76_RS05915	1767	1530.15	0	0
gene-JF76_RS05920	216	69.8915	0	0
gene-JF76_RS05925	249	89.949	0.5	1.01513
gene-JF76_RS05930	624	391.496	0	0
gene-JF76_RS05935	375	175.674	0	0
gene-JF76_RS05940	300	120.861	0	0
gene-JF76_RS05945	765	529.66	0	0
gene-JF76_RS05950	348	155.386	0	0
gene-JF76_RS05955	726	491.327	0	0
gene-JF76_RS05960	516	290.887	0	0
gene-JF76_RS05965	273	105.037	0	0
gene-JF76_RS05970	1428	1191.15	0	0
gene-JF76_RS05975	342	150.555	0	0
gene-JF76_RS05980	1416	1179.15	0	0
gene-JF76_RS05985	1425	1188.15	0	0
gene-JF76_RS05990	1182	945.148	3	0.579653
gene-JF76_RS05995	3564	3327.15	2	0.109775
gene-JF76_RS06000	687	452.796	0	0
gene-JF76_RS06005	1773	1536.15	1	0.118881
gene-JF76_RS10100	186	51.5528	0	0
gene-JF76_RS06010	1770	1533.15	1	0.119114
gene-JF76_RS06015	1764	1527.15	0	0
gene-JF76_RS06020	921	684.652	1	0.266733
gene-JF76_RS06025	960	723.297	0	0
gene-JF76_RS06030	978	741.224	1	0.246375
gene-JF76_RS06035	1011	774.148	0	0
gene-JF76_RS06040	243	86.2978	0	0
gene-JF76_RS06045	1005	768.148	0	0
gene-JF76_RS06050	2037	1800.15	2	0.202894
gene-JF76_RS06055	1659	1422.15	2	0.256822
gene-JF76_RS06060	363	166.29	0	0
gene-JF76_RS06065	186	51.5528	0	0
gene-JF76_RS06070	690	455.704	0	0
gene-JF76_RS06075	648	414.804	0	0
gene-JF76_RS06080	894	657.786	0	0
gene-JF76_RS06085	1986	1749.15	1	0.104405
gene-JF76_RS06090	750	514.922	1	0.354654
gene-JF76_RS06095	1326	1089.15	0	0
gene-JF76_RS06100	945	708.441	0	0
gene-JF76_RS06105	2400	2163.15	1	0.0844229
gene-JF76_RS06110	219	71.7234	0	0
gene-JF76_RS06115	615	382.808	0	0
gene-JF76_RS06120	276	106.499	0	0
gene-JF76_RS06125	885	648.786	0	0
gene-JF76_RS06130	1689	1452.15	0	0
gene-JF76_RS06135	813	577.22	2	0.632755
gene-JF76_RS06140	867	630.915	2	0.578903
gene-JF76_RS06145	243	86.2978	0	0
gene-JF76_RS06150	1368	1131.15	1	0.161446
gene-JF76_RS06155	849	613.102	0	0
gene-JF76_RS06160	393	189.447	0	0
gene-JF76_RS06165	459	242.039	2	1.50901
gene-JF76_RS06170	570	340.278	0	0
gene-JF76_RS06175	1110	873.148	0	0
gene-JF76_RS06180	294	117.242	0	0
gene-JF76_RS06185	315	131.376	0	0
gene-JF76_RS06190	840	604.102	0	0
gene-JF76_RS06195	1332	1095.15	0	0
gene-JF76_RS06200	1764	1527.15	0	0
rna-JF76_RS06205	74	33.7981	0	0
gene-JF76_RS06210	432	220.183	0	0
gene-JF76_RS06215	1038	801.148	0	0
gene-JF76_RS06220	357	161.939	0	0
gene-JF76_RS06225	2400	2163.15	0	0
gene-JF76_RS06230	3183	2946.15	0	0
gene-JF76_RS06235	1086	849.148	0	0
gene-JF76_RS06240	1278	1041.15	0	0
gene-JF76_RS06245	957	720.37	0	0
gene-JF76_RS06250	543	314.965	1	0.579808
gene-JF76_RS06255	924	687.652	0	0
gene-JF76_RS06260	708	473.425	0	0
gene-JF76_RS06265	636	403.175	0	0
gene-JF76_RS06270	1185	948.148	0	0
gene-JF76_RS06275	1338	1101.15	2	0.331689
gene-JF76_RS06280	1251	1014.15	0	0
gene-JF76_RS06285	921	684.652	1	0.266733
gene-JF76_RS06290	405	198.514	0	0
gene-JF76_RS06295	219	71.7234	0	0
gene-JF76_RS06300	681	446.977	0	0
gene-JF76_RS06305	579	348.788	1	0.523582
gene-JF76_RS10105	150	33.4675	0	0
gene-JF76_RS06310	2100	1863.15	0	0
gene-JF76_RS06315	915	678.72	0	0
gene-JF76_RS06320	477	256.972	0	0
gene-JF76_RS06325	2418	2181.15	0	0
gene-JF76_RS06330	1050	813.148	0	0
gene-JF76_RS06335	351	157.502	0	0
gene-JF76_RS06340	771	535.607	0	0
gene-JF76_RS06345	333	144.04	0	0
gene-JF76_RS06350	966	729.297	0	0
gene-JF76_RS06355	1584	1347.15	0	0
gene-JF76_RS06360	714	479.425	0	0
gene-JF76_RS06365	555	325.955	1	0.560259
gene-JF76_RS06370	1155	918.148	0	0
gene-JF76_RS06375	348	155.386	0	0
gene-JF76_RS06380	597	365.527	0	0
gene-JF76_RS06385	642	409.052	2	0.892889
gene-JF76_RS06390	1116	879.148	3	0.623169
gene-JF76_RS06395	525	298.977	0	0
gene-JF76_RS06400	357	161.939	0	0
gene-JF76_RS06405	201	60.3796	1	3.02452
gene-JF76_RS06410	513	288.215	1	0.63362
gene-JF76_RS06415	654	420.762	0	0
gene-JF76_RS06420	639	406.134	0	0
gene-JF76_RS06425	819	583.162	0	0
gene-JF76_RS06430	732	497.278	0	0
gene-JF76_RS06435	1935	1698.15	0	0
gene-JF76_RS06440	900	663.72	1	0.275145
gene-JF76_RS06445	1365	1128.15	0	0
gene-JF76_RS06450	468	249.142	0	0
gene-JF76_RS06455	618	385.73	0	0
gene-JF76_RS06460	831	595.102	0	0
gene-JF76_RS06465	2685	2448.15	1	0.0745948
gene-JF76_RS06470	738	503.227	0	0
gene-JF76_RS06475	1374	1137.15	0	0
gene-JF76_RS06480	930	693.652	0	0
gene-JF76_RS06485	1311	1074.15	0	0
gene-JF76_RS06490	648	414.804	0	0
gene-JF76_RS06495	321	135.439	0	0
gene-JF76_RS06500	660	426.634	0	0
gene-JF76_RS06505	1197	960.148	0	0
gene-JF76_RS06510	741	506.126	0	0
gene-JF76_RS06515	432	220.183	0	0
gene-JF76_RS06520	345	153.15	0	0
gene-JF76_RS06525	900	663.72	1	0.275145
gene-JF76_RS06530	978	741.224	0	0
gene-JF76_RS06535	2499	2262.15	0	0
gene-JF76_RS06540	1212	975.148	0	0
gene-JF76_RS06545	354	159.705	0	0
gene-JF76_RS06550	2058	1821.15	1	0.100277
gene-JF76_RS06555	870	633.915	2	0.576163
gene-JF76_RS06560	915	678.72	0	0
gene-JF76_RS06565	1767	1530.15	0	0
gene-JF76_RS06570	1368	1131.15	0	0
gene-JF76_RS06575	801	565.277	0	0
gene-JF76_RS06580	900	663.72	1	0.275145
gene-JF76_RS06585	1110	873.148	2	0.418301
gene-JF76_RS06590	330	141.889	1	1.28706
gene-JF76_RS06595	477	256.972	0	0
gene-JF76_RS09955	438	224.858	0	0
gene-JF76_RS06605	1491	1254.15	2	0.291224
gene-JF76_RS06610	864	627.915	0	0
gene-JF76_RS06615	615	382.808	0	0
gene-JF76_RS06620	915	678.72	0	0
gene-JF76_RS06625	1686	1449.15	0	0
gene-JF76_RS06630	648	414.804	0	0
gene-JF76_RS06635	843	607.102	0	0
gene-JF76_RS06640	1281	1044.15	0	0
rna-JF76_RS06645	84	27.3408	0	0
gene-JF76_RS06650	225	75.4231	0	0
gene-JF76_RS06655	1104	867.148	1	0.210598
gene-JF76_RS06660	1644	1407.15	0	0
gene-JF76_RS06665	2415	2178.15	0	0
gene-JF76_RS06670	693	458.704	0	0
gene-JF76_RS06675	489	267.38	0	0
gene-JF76_RS06680	747	511.974	0	0
gene-JF76_RS06685	1455	1218.15	1	0.149915
gene-JF76_RS06690	1200	963.148	0	0
rna-JF76_RS06695	73	34.8061	0	0
rna-JF76_RS06700	72	34.1546	0	0
rna-JF76_RS06705	73	34.8061	0	0
gene-JF76_RS09960	669	435.331	0	0
gene-JF76_RS10230	156	36.1805	0	0
gene-JF76_RS06725	519	293.616	0	0
gene-JF76_RS06730	1362	1125.15	1	0.162307
gene-JF76_RS06735	957	720.37	0	0
gene-JF76_RS06740	1137	900.148	2	0.405754
gene-JF76_RS06745	1449	1212.15	0	0
gene-JF76_RS06750	495	272.68	0	0
gene-JF76_RS06755	1014	777.148	1	0.234986
gene-JF76_RS06760	585	354.218	0	0
gene-JF76_RS06765	1881	1644.15	0	0
gene-JF76_RS06770	2583	2346.15	1	0.0778379
gene-JF76_RS06775	648	414.804	1	0.440254
gene-JF76_RS06780	924	687.652	0	0
gene-JF76_RS06785	669	435.331	0	0
gene-JF76_RS06790	1629	1392.15	4	0.524712
gene-JF76_RS06795	285	112.337	11	17.8821
gene-JF76_RS06800	636	403.175	0	0
gene-JF76_RS06805	1923	1686.15	0	0
gene-JF76_RS06810	405	198.514	0	0
gene-JF76_RS06815	1170	933.148	1	0.195702
gene-JF76_RS06820	1170	933.148	1	0.195702
gene-JF76_RS06825	621	388.575	0	0
gene-JF76_RS06830	1050	813.148	2	0.449166
gene-JF76_RS06835	651	417.762	0	0
gene-JF76_RS06840	747	511.974	1	0.356696
gene-JF76_RS06845	519	293.616	0	0
gene-JF76_RS06850	738	503.227	0	0
gene-JF76_RS06855	855	619.102	1	0.294974
gene-JF76_RS06860	336	146.093	0	0
gene-JF76_RS06865	861	624.978	1	0.292201
gene-JF76_RS06870	324	137.442	0	0
gene-JF76_RS06875	648	414.804	0	0
gene-JF76_RS06880	231	78.702	0	0
gene-JF76_RS06885	600	368.453	0	0
gene-JF76_RS06890	330	141.889	0	0
gene-JF76_RS06895	1806	1569.15	1	0.116381
rna-JF76_RS10110	94	20.6055	0.5	4.43133
gene-JF76_RS06900	510	285.63	0	0
gene-JF76_RS06905	621	388.575	0	0
gene-JF76_RS06910	771	535.607	0	0
gene-JF76_RS06915	945	708.441	0	0
gene-JF76_RS09965	1098	861.148	0	0
gene-JF76_RS10235	567	337.416	0	0
gene-JF76_RS09975	948	711.441	2	0.513378
gene-JF76_RS06935	570	340.278	0	0
gene-JF76_RS06940	603	371.341	0	0
gene-JF76_RS09980	327	139.697	0	0
gene-JF76_RS09985	1140	903.148	0	0
gene-JF76_RS06950	366	168.799	0	0
gene-JF76_RS06955	510	285.63	0	0
gene-JF76_RS06960	669	435.331	1	0.419495
gene-JF76_RS06965	756	520.871	0	0
gene-JF76_RS06970	801	565.277	0	0
gene-JF76_RS06975	894	657.786	0	0
gene-JF76_RS06980	993	756.224	0	0
gene-JF76_RS06985	867	630.915	0	0
gene-JF76_RS06990	693	458.704	0	0
gene-JF76_RS06995	426	215.129	0	0
gene-JF76_RS07000	549	320.48	0	0
gene-JF76_RS07005	171	43.4896	0	0
gene-JF76_RS10120	150	33.4675	0	0
gene-JF76_RS07010	219	71.7234	0	0
gene-JF76_RS07015	576	345.999	0	0
gene-JF76_RS07020	756	520.871	0	0
gene-JF76_RS07025	444	229.732	0	0
gene-JF76_RS07030	1425	1188.15	0	0
gene-JF76_RS07035	1500	1263.15	1	0.144575
gene-JF76_RS07040	1377	1140.15	0	0
gene-JF76_RS07045	552	323.12	0	0
gene-JF76_RS07050	315	131.376	0	0
gene-JF76_RS07055	1347	1110.15	1	0.1645
gene-JF76_RS07060	600	368.453	0	0
gene-JF76_RS07065	585	354.218	0	0
gene-JF76_RS07070	828	592.102	0	0
gene-JF76_RS07075	1479	1242.15	1	0.147019
gene-JF76_RS07080	1164	927.148	0	0
gene-JF76_RS07085	936	699.582	0	0
gene-JF76_RS07090	681	446.977	0	0
gene-JF76_RS07095	186	51.5528	0	0
gene-JF76_RS07100	888	651.786	0	0
gene-JF76_RS07105	681	446.977	0	0
gene-JF76_RS07110	762	526.713	0	0
gene-JF76_RS07115	639	406.134	0	0
gene-JF76_RS07120	279	108.464	0	0
gene-JF76_RS07125	657	423.677	0	0
gene-JF76_RS07130	585	354.218	3	1.54667
gene-JF76_RS07135	1035	798.148	0	0
gene-JF76_RS07140	648	414.804	0	0
gene-JF76_RS07145	2604	2367.15	0	0
gene-JF76_RS07150	1350	1113.15	0	0
gene-JF76_RS07155	261	97.1757	0	0
gene-JF76_RS07165	1074	837.148	0	0
gene-JF76_RS07170	684	449.977	0	0
gene-JF76_RS07175	1266	1029.15	0	0
gene-JF76_RS07180	357	161.939	0	0
gene-JF76_RS10240	165	40.5458	1	4.50402
gene-JF76_RS07185	405	198.514	0	0
gene-JF76_RS07190	249	89.949	0	0
gene-JF76_RS07195	865	628.915	0	0
gene-JF76_RS07200	396	191.63	0	0
gene-JF76_RS07205	444	229.732	1	0.794924
gene-JF76_RS07210	786	550.388	1	0.331801
gene-JF76_RS07215	798	562.277	0	0
gene-JF76_RS07220	846	610.102	0	0
gene-JF76_RS07225	852	616.102	0	0
gene-JF76_RS07230	384	182.393	1	1.00124
gene-JF76_RS07235	939	702.582	4	1.0397
gene-JF76_RS07240	384	182.393	2	2.00248
gene-JF76_RS07245	351	157.502	2	2.31895
gene-JF76_RS07250	117	20.3514	2	17.9466
gene-JF76_RS07255	222	73.7674	0	0
gene-JF76_RS07260	657	423.677	1	0.431034
gene-JF76_RS07265	1296	1059.15	0	0
gene-JF76_RS07270	441	227.347	0	0
gene-JF76_RS07275	186	51.5528	0	0
gene-JF76_RS07280	507	283.041	0	0
gene-JF76_RS07285	360	164.089	0	0
gene-JF76_RS07290	531	304.451	0	0
gene-JF76_RS07295	399	193.785	1	0.94238
gene-JF76_RS07300	186	51.5528	0	0
gene-JF76_RS07305	543	314.965	0	0
gene-JF76_RS07310	264	99.2773	5	9.19743
gene-JF76_RS07315	369	170.944	1	1.0683
gene-JF76_RS07320	267	101.144	1	1.80553
gene-JF76_RS07325	198	58.6161	1	3.11551
gene-JF76_RS07330	441	227.347	0.5	0.401632
gene-JF76_RS07335	672	438.199	2	0.833498
gene-JF76_RS07340	354	159.705	0	0
gene-JF76_RS07345	282	110.248	0	0
gene-JF76_RS07350	837	601.102	3	0.911421
gene-JF76_RS07355	312	129.046	0	0
gene-JF76_RS07360	633	400.256	1	0.456256
gene-JF76_RS07365	630	397.376	3	1.37869
gene-JF76_RS07370	309	127.008	0	0
gene-JF76_RS07375	2094	1857.15	0	0
gene-JF76_RS07380	471	251.746	0	0
gene-JF76_RS07385	408	201.092	0	0
gene-JF76_RS07390	690	455.704	0	0
gene-JF76_RS07395	513	288.215	0	0
gene-JF76_RS07400	3660	3423.15	0	0
gene-JF76_RS07405	3639	3402.15	1	0.0536776
gene-JF76_RS07410	2499	2262.15	0	0
gene-JF76_RS09990	744	509.025	1	0.358763
gene-JF76_RS10245	165	40.5458	0	0
gene-JF76_RS10125	819	583.162	0	0
gene-JF76_RS07425	750	514.922	4.67359	1.65751
rna-JF76_RS07430	74	33.7981	0	0
rna-JF76_RS07435	72	34.1546	0	0
gene-JF76_RS07440	897	660.786	0	0
gene-JF76_RS07445	1542	1305.15	1	0.139922
gene-JF76_RS07450	1020	783.148	2	0.466372
gene-JF76_RS07455	627	394.456	0	0
gene-JF76_RS07460	1581	1344.15	0	0
gene-JF76_RS07465	876	639.915	0	0
gene-JF76_RS07470	2259	2022.15	0	0
gene-JF76_RS07475	1257	1020.15	0	0
gene-JF76_RS07480	366	168.799	0	0
gene-JF76_RS07485	375	175.674	1	1.03953
gene-JF76_RS07490	243	86.2978	0	0
gene-JF76_RS07495	3495	3258.15	3	0.16815
gene-JF76_RS07500	567	337.416	0	0
gene-JF76_RS07505	708	473.425	0	0
gene-JF76_RS07510	1128	891.148	1	0.204926
gene-JF76_RS07515	354	159.705	0	0
gene-JF76_RS07520	1482	1245.15	0	0
gene-JF76_RS07525	1368	1131.15	0	0
gene-JF76_RS07530	249	89.949	0	0
gene-JF76_RS07535	846	610.102	0	0
gene-JF76_RS07540	741	506.126	0	0
gene-JF76_RS07545	678	444.021	0	0
gene-JF76_RS07550	660	426.634	0	0
gene-JF76_RS07555	909	672.72	0	0
gene-JF76_RS07560	915	678.72	0	0
gene-JF76_RS07565	471	251.746	0	0
gene-JF76_RS07570	1713	1476.15	0	0
gene-JF76_RS07575	1446	1209.15	0	0
gene-JF76_RS07580	864	627.915	0	0
gene-JF76_RS07585	1308	1071.15	0	0
gene-JF76_RS07590	390	187.171	0	0
gene-JF76_RS07595	453	236.93	0	0
gene-JF76_RS07600	846	610.102	0	0
gene-JF76_RS07605	855	619.102	0	0
gene-JF76_RS07610	1578	1341.15	0	0
gene-JF76_RS07615	1602	1365.15	0	0
gene-JF76_RS09995	1029	792.148	0	0
gene-JF76_RS07625	711	476.425	0	0
gene-JF76_RS07630	753	517.871	2	0.705269
gene-JF76_RS07635	1551	1314.15	1	0.138964
gene-JF76_RS07640	579	348.788	0	0
gene-JF76_RS07645	1314	1077.15	0	0
gene-JF76_RS07650	885	648.786	0	0
gene-JF76_RS10130	207	64.019	0	0
gene-JF76_RS07655	1416	1179.15	0	0
gene-JF76_RS07660	714	479.425	0	0
gene-JF76_RS07665	1092	855.148	0	0
gene-JF76_RS07670	834	598.102	0	0
gene-JF76_RS07675	762	526.713	0	0
gene-JF76_RS07680	486	264.853	0	0
gene-JF76_RS07685	867	630.915	0	0
gene-JF76_RS07690	999	762.148	0	0
gene-JF76_RS07695	834	598.102	0	0
gene-JF76_RS07700	789	553.388	0	0
gene-JF76_RS07705	471	251.746	0	0
gene-JF76_RS07710	429	217.564	0	0
gene-JF76_RS07715	1014	777.148	0	0
gene-JF76_RS07720	459	242.039	0	0
gene-JF76_RS07725	741	506.126	0	0
gene-JF76_RS07730	813	577.22	0	0
gene-JF76_RS07735	711	476.425	0	0
gene-JF76_RS07740	873	636.915	0	0
gene-JF76_RS07745	1362	1125.15	0	0
gene-JF76_RS07750	420	210.479	0	0
gene-JF76_RS07755	477	256.972	0	0
gene-JF76_RS07760	801	565.277	0	0
gene-JF76_RS07765	777	541.553	0	0
gene-JF76_RS07770	2739	2502.15	0	0
gene-JF76_RS07775	1275	1038.15	0	0
gene-JF76_RS07780	1620	1383.15	0	0
gene-JF76_RS07785	555	325.955	0	0
gene-JF76_RS07790	405	198.514	0	0
gene-JF76_RS07795	1191	954.148	0	0
gene-JF76_RS07800	771	535.607	0	0
gene-JF76_RS07805	855	619.102	0	0
gene-JF76_RS07810	1398	1161.15	0	0
gene-JF76_RS07815	447	232.186	0	0
gene-JF76_RS07820	459	242.039	0	0
gene-JF76_RS07825	1233	996.148	0	0
gene-JF76_RS07830	735	500.227	0	0
gene-JF76_RS07835	951	714.441	0	0
gene-JF76_RS07840	954	717.37	0	0
gene-JF76_RS07845	249	89.949	0	0
gene-JF76_RS07850	975	738.297	0	0
gene-JF76_RS07855	474	254.347	0	0
gene-JF76_RS10000	765	529.66	0	0
gene-JF76_RS07865	1604	1367.15	0	0
gene-JF76_RS07870	831	595.102	0	0
gene-JF76_RS07875	1359	1122.15	0	0
gene-JF76_RS07880	828	592.102	0	0
gene-JF76_RS07885	792	556.333	0	0
gene-JF76_RS07890	459	242.039	0	0
gene-JF76_RS07895	435	222.584	0	0
gene-JF76_RS07900	1059	822.148	0	0
gene-JF76_RS07905	825	589.162	0	0
gene-JF76_RS07910	1098	861.148	0	0
gene-JF76_RS07915	633	400.256	0	0
gene-JF76_RS07920	831	595.102	0	0
gene-JF76_RS07925	747	511.974	0	0
gene-JF76_RS07930	489	267.38	0	0
gene-JF76_RS07935	408	201.092	0	0
gene-JF76_RS07940	714	479.425	0	0
gene-JF76_RS07945	813	577.22	0	0
gene-JF76_RS07950	807	571.277	0	0
gene-JF76_RS07955	504	280.361	0	0
gene-JF76_RS07960	417	208.169	0	0
gene-JF76_RS07965	792	556.333	0	0
gene-JF76_RS07970	2574	2337.15	0	0
gene-JF76_RS07975	1605	1368.15	2	0.266958
gene-JF76_RS07980	1584	1347.15	0	0
gene-JF76_RS07985	1602	1365.15	0	0
gene-JF76_RS07990	972	735.297	0	0
gene-JF76_RS07995	1389	1152.15	0	0
gene-JF76_RS08000	1287	1050.15	0	0
gene-JF76_RS08005	900	663.72	0	0
gene-JF76_RS08010	1965	1728.15	1	0.105673
gene-JF76_RS08015	1062	825.148	0	0
gene-JF76_RS08020	1098	861.148	0	0
gene-JF76_RS08025	1365	1128.15	4	0.647501
gene-JF76_RS08030	399	193.785	0	0
gene-JF76_RS08035	1325	1088.15	0	0
gene-JF76_RS08040	1323	1086.15	0	0
gene-JF76_RS08045	984	747.224	0	0
gene-JF76_RS08050	882	645.786	1	0.282786
gene-JF76_RS08055	1377	1140.15	0	0
gene-JF76_RS08060	1560	1323.15	1	0.138019
gene-JF76_RS08065	10941	10704.1	2	0.0341212
gene-JF76_RS08070	1386	1149.15	5	0.794585
gene-JF76_RS08075	831	595.102	0	0
gene-JF76_RS08080	246	88.3653	0	0
gene-JF76_RS08085	894	657.786	0	0
gene-JF76_RS08090	567	337.416	0	0
gene-JF76_RS08095	768	532.607	0	0
gene-JF76_RS08100	1977	1740.15	1	0.104945
gene-JF76_RS08105	2691	2454.15	1	0.0744125
gene-JF76_RS08110	552	323.12	1	0.565175
gene-JF76_RS08115	480	259.538	0	0
gene-JF76_RS08120	1020	783.148	0	0
gene-JF76_RS08125	606	374.341	0	0
rna-JF76_RS08130	71	34.2128	0	0
gene-JF76_RS08135	663	429.548	0	0
gene-JF76_RS08140	357	161.939	0	0
gene-JF76_RS08145	1314	1077.15	2	0.339079
gene-JF76_RS08150	462	244.394	0	0
gene-JF76_RS08155	423	212.807	3.11111	2.66979
gene-JF76_RS08160	612	379.885	0	0
gene-JF76_RS08165	1317	1080.15	0	0
gene-JF76_RS08170	939	702.582	0	0
gene-JF76_RS08175	957	720.37	0	0
gene-JF76_RS08180	1149	912.148	0	0
gene-JF76_RS08185	1536	1299.15	0	0
gene-JF76_RS08190	1071	834.148	0	0
gene-JF76_RS08195	1092	855.148	0	0
gene-JF76_RS08200	531	304.451	0	0
gene-JF76_RS08205	654	420.762	0	0
gene-JF76_RS08210	834	598.102	0	0
rna-JF76_RS08215	73	34.8061	0	0
gene-JF76_RS08220	339	148.373	0	0
gene-JF76_RS08225	396	191.63	0	0
gene-JF76_RS08230	1266	1029.15	0	0
gene-JF76_RS08235	2973	2736.15	0	0
gene-JF76_RS08240	621	388.575	0	0
gene-JF76_RS08245	1122	885.148	1	0.206315
gene-JF76_RS08250	567	337.416	0	0
gene-JF76_RS08255	288	114.117	0	0
gene-JF76_RS08260	1434	1197.15	0	0
gene-JF76_RS10250	242	85.6966	0	0
gene-JF76_RS08270	1039	802.148	1	0.227663
gene-JF76_RS08275	915	678.72	2	0.538128
gene-JF76_RS08280	732	497.278	0	0
gene-JF76_RS08285	558	328.755	0	0
gene-JF76_RS08290	555	325.955	0	0
gene-JF76_RS08295	315	131.376	0	0
gene-JF76_RS08300	1536	1299.15	0	0
gene-JF76_RS08305	621	388.575	1	0.469972
gene-JF76_RS08310	543	314.965	0	0
gene-JF76_RS08315	1578	1341.15	3	0.408499
gene-JF76_RS08320	711	476.425	0	0
gene-JF76_RS08325	477	256.972	0	0
gene-JF76_RS08330	777	541.553	0	0
gene-JF76_RS08335	1548	1311.15	0	0
gene-JF76_RS08340	375	175.674	0	0
gene-JF76_RS08345	1185	948.148	0	0
gene-JF76_RS08350	1806	1569.15	0	0
gene-JF76_RS08355	1143	906.148	0	0
gene-JF76_RS08360	750	514.922	0	0
gene-JF76_RS08365	1497	1260.15	0	0
gene-JF76_RS08370	1230	993.148	3	0.551638
gene-JF76_RS08375	798	562.277	0	0
gene-JF76_RS08380	621	388.575	0	0
gene-JF76_RS08385	1128	891.148	0	0
gene-JF76_RS08390	900	663.72	0	0
gene-JF76_RS08395	726	491.327	0	0
gene-JF76_RS08400	456	239.474	0	0
gene-JF76_RS08405	738	503.227	0	0
gene-JF76_RS08410	1779	1542.15	0	0
gene-JF76_RS08415	600	368.453	0	0
gene-JF76_RS08420	1971	1734.15	0	0
gene-JF76_RS08425	915	678.72	0	0
gene-JF76_RS08430	756	520.871	1	0.350604
gene-JF76_RS08435	1386	1149.15	0	0
gene-JF76_RS08440	450	234.736	0	0
gene-JF76_RS08445	1356	1119.15	0	0
gene-JF76_RS08450	1020	783.148	0	0
gene-JF76_RS08455	1446	1209.15	0	0
gene-JF76_RS08460	1866	1629.15	0	0
gene-JF76_RS08465	1221	984.148	0	0
gene-JF76_RS08470	1485	1248.15	0	0
gene-JF76_RS08475	912	675.72	0	0
gene-JF76_RS08480	1272	1035.15	0	0
gene-JF76_RS08485	891	654.786	0	0
gene-JF76_RS10135	105	18.7868	0	0
gene-JF76_RS08490	534	307.013	0	0
gene-JF76_RS08495	1803	1566.15	4	0.466416
gene-JF76_RS08500	414	205.808	0	0
gene-JF76_RS08505	318	133.428	1	1.36867
gene-JF76_RS08510	969	732.297	0	0
gene-JF76_RS08515	666	432.418	0	0
gene-JF76_RS08520	1815	1578.15	1	0.115717
gene-JF76_RS08525	759	523.871	0	0
gene-JF76_RS08530	543	314.965	0	0
gene-JF76_RS10255	173	44.3471	0	0
gene-JF76_RS08535	258	95.3596	0	0
gene-JF76_RS08540	693	458.704	0	0
gene-JF76_RS08545	798	562.277	0	0
gene-JF76_RS08550	771	535.607	1	0.340958
gene-JF76_RS08555	972	735.297	1	0.248361
gene-JF76_RS10005	825	589.162	0	0
gene-JF76_RS08565	1830	1593.15	0	0
gene-JF76_RS08570	1185	948.148	0	0
gene-JF76_RS08575	1218	981.148	4	0.744512
gene-JF76_RS08580	492	269.905	0	0
gene-JF76_RS08585	843	607.102	0	0
gene-JF76_RS08590	1839	1602.15	9.62984	1.09765
gene-JF76_RS08595	249	89.949	0	0
gene-JF76_RS08600	219	71.7234	0	0
gene-JF76_RS08605	864	627.915	1	0.290834
gene-JF76_RS08610	447	232.186	0	0
gene-JF76_RS08615	2031	1794.15	0	0
gene-JF76_RS08620	1950	1713.15	0.5	0.0532993
gene-JF76_RS08625	1221	984.148	1	0.185561
gene-JF76_RS08630	1257	1020.15	2	0.358025
gene-JF76_RS08635	1950	1713.15	0	0
gene-JF76_RS08640	1398	1161.15	5	0.786374
gene-JF76_RS08645	486	264.853	0	0
gene-JF76_RS08650	567	337.416	0	0
gene-JF76_RS08655	813	577.22	0	0
gene-JF76_RS08660	804	568.277	0	0
gene-JF76_RS08665	774	538.607	0	0
gene-JF76_RS08670	927	690.652	0	0
gene-JF76_RS08675	933	696.652	0	0
gene-JF76_RS08680	492	269.905	2	1.35321
gene-JF76_RS08685	801	565.277	0	0
gene-JF76_RS08690	477	256.972	0	0
gene-JF76_RS10260	93	21.4895	0	0
gene-JF76_RS08695	666	432.418	0	0
gene-JF76_RS08700	339	148.373	0	0
gene-JF76_RS08705	1389	1152.15	0	0
gene-JF76_RS08710	279	108.464	0	0
gene-JF76_RS08715	363	166.29	0	0
gene-JF76_RS08720	894	657.786	0	0
gene-JF76_RS10265	162	39.1658	0	0
gene-JF76_RS10140	150	33.4675	0	0
gene-JF76_RS08725	2031	1794.15	2	0.203572
gene-JF76_RS08730	654	420.762	1	0.43402
gene-JF76_RS08735	255	93.4477	0	0
gene-JF76_RS08740	201	60.3796	0	0
gene-JF76_RS08745	825	589.162	0	0
gene-JF76_RS10145	2253	2016.15	0	0
gene-JF76_RS08755	1245	1008.15	1	0.181143
gene-JF76_RS10150	123	22.1462	0	0
gene-JF76_RS08760	852	616.102	0	0
gene-JF76_RS08765	903	666.72	0	0
gene-JF76_RS08770	948	711.441	0	0
gene-JF76_RS08775	312	129.046	0	0
gene-JF76_RS08780	1110	873.148	0	0
gene-JF76_RS08785	1146	909.148	0	0
gene-JF76_RS08790	1086	849.148	0	0
gene-JF76_RS08795	1110	873.148	0	0
gene-JF76_RS08800	188	52.7556	4	13.8464
gene-JF76_RS08805	381	179.973	26	26.3822
gene-JF76_RS10010	2301	2064.15	9	0.796248
gene-JF76_RS08815	732	497.278	0	0
gene-JF76_RS08820	729	494.327	0	0
gene-JF76_RS08825	705	470.425	0	0
gene-JF76_RS10270	115	20.258	0	0
gene-JF76_RS08830	1353	1116.15	0	0
gene-JF76_RS08835	1587	1350.15	0	0
gene-JF76_RS08845	1095	858.148	2	0.425612
gene-JF76_RS08850	405	198.514	1	0.919932
gene-JF76_RS10015	984	747.224	0	0
gene-JF76_RS08860	1587	1350.15	0	0
gene-JF76_RS08865	1446	1209.15	8	1.20825
gene-JF76_RS08870	684	449.977	0	0
gene-JF76_RS08875	933	696.652	0	0
gene-JF76_RS10155	153	34.7474	0	0
gene-JF76_RS08880	657	423.677	0	0
gene-JF76_RS08885	735	500.227	0	0
gene-JF76_RS08890	525	298.977	0	0
gene-JF76_RS08895	636	403.175	0	0
gene-JF76_RS08900	705	470.425	0	0
gene-JF76_RS08905	615	382.808	0	0
gene-JF76_RS08910	438	224.858	0	0
gene-JF76_RS08915	966	729.297	2	0.500809
gene-JF76_RS08920	1644	1407.15	1	0.12978
gene-JF76_RS08925	1155	918.148	2	0.397799
gene-JF76_RS08930	2988	2751.15	0	0
gene-JF76_RS08935	258	95.3596	0	0
gene-JF76_RS08940	369	170.944	3	3.20489
gene-JF76_RS08945	324	137.442	0	0
gene-JF76_RS08950	930	693.652	0	0
gene-JF76_RS08955	1239	1002.15	1	0.182228
gene-JF76_RS08960	252	91.7168	0	0
gene-JF76_RS08965	333	144.04	0	0
gene-JF76_RS08975	1245	1008.15	0	0
gene-JF76_RS08980	849	613.102	0	0
gene-JF76_RS08985	1446	1209.15	0	0
gene-JF76_RS08990	1974	1737.15	0	0
gene-JF76_RS08995	870	633.915	2	0.576163
gene-JF76_RS09000	954	717.37	0	0
gene-JF76_RS09005	1863	1626.15	0	0
gene-JF76_RS09010	1131	894.148	7	1.42967
gene-JF76_RS09015	2688	2451.15	1	0.0745035
gene-JF76_RS09020	3159	2922.15	0	0
gene-JF76_RS10020	3819	3582.15	0	0
gene-JF76_RS09030	2991	2754.15	0	0
gene-JF76_RS09035	1398	1161.15	0	0
gene-JF76_RS09040	585	354.218	0	0
gene-JF76_RS10025	1800	1563.15	0	0
gene-JF76_RS10030	1842	1605.15	4	0.455084
gene-JF76_RS10035	1959	1722.15	0	0
gene-JF76_RS09060	1074	837.148	0	0
gene-JF76_RS09065	1617	1380.15	0	0
gene-JF76_RS09070	1257	1020.15	0	0
gene-JF76_RS09075	510	285.63	0	0
gene-JF76_RS09080	1293	1056.15	3	0.518732
gene-JF76_RS09085	903	666.72	13	3.56079
gene-JF76_RS09090	858	622.04	0	0
gene-JF76_RS09095	1359	1122.15	0	0
gene-JF76_RS09100	1224	987.148	2	0.369994
gene-JF76_RS09105	1107	870.148	4	0.839486
gene-JF76_RS09110	678	444.021	0	0
gene-JF76_RS09115	2274	2037.15	0	0
gene-JF76_RS09120	1725	1488.15	0	0
gene-JF76_RS09125	1668	1431.15	2	0.255207
gene-JF76_RS09130	951	714.441	0	0
gene-JF76_RS09135	774	538.607	3	1.01718
gene-JF76_RS09140	1503	1266.15	13	1.87502
gene-JF76_RS09145	813	577.22	1	0.316377
gene-JF76_RS09150	678	444.021	0	0
gene-JF76_RS09155	327	139.697	0	0
gene-JF76_RS10275	156	36.1805	0	0
gene-JF76_RS09160	687	452.796	10.2983	4.15345
gene-JF76_RS10160	450	234.736	0	0
gene-JF76_RS09170	345	153.15	0	0
gene-JF76_RS09175	417	208.169	0	0
gene-JF76_RS09185	663	429.548	0	0
gene-JF76_RS09190	789	553.388	0	0
gene-JF76_RS09195	804	568.277	1	0.321356
gene-JF76_RS09200	663	429.548	0	0
gene-JF76_RS09205	1020	783.148	23.6923	5.52472
gene-JF76_RS09210	747	511.974	0	0
gene-JF76_RS09215	642	409.052	0	0
gene-JF76_RS09220	336	146.093	1	1.25002
gene-JF76_RS09225	762	526.713	1	0.346715
gene-JF76_RS09230	462	244.394	3	2.2417
gene-JF76_RS09235	273	105.037	0	0
gene-JF76_RS09240	318	133.428	0	0
gene-JF76_RS09245	1812	1575.15	1.5	0.173907
gene-JF76_RS09250	1296	1059.15	0	0
gene-JF76_RS09255	1290	1053.15	0	0
gene-JF76_RS09260	993	756.224	0	0
gene-JF76_RS09265	546	317.643	0	0
gene-JF76_RS09270	603	371.341	0	0
gene-JF76_RS10165	1014	777.148	0	0
gene-JF76_RS09280	1701	1464.15	0	0
gene-JF76_RS09285	1056	819.148	0	0
gene-JF76_RS09290	1053	816.148	0	0
gene-JF76_RS09295	1044	807.148	0	0
gene-JF76_RS09300	789	553.388	0	0
gene-JF76_RS09305	831	595.102	0	0
gene-JF76_RS09310	1065	828.148	0	0
gene-JF76_RS09315	1188	951.148	1	0.191999
gene-JF76_RS09320	759	523.871	0	0
gene-JF76_RS09325	921	684.652	0	0
gene-JF76_RS09330	1140	903.148	0	0
gene-JF76_RS09335	711	476.425	0	0
gene-JF76_RS09340	1314	1077.15	1	0.16954
gene-JF76_RS09345	1350	1113.15	0	0
gene-JF76_RS09350	987	750.224	0	0
gene-JF76_RS09355	894	657.786	0	0
gene-JF76_RS09360	1464	1227.15	0	0
gene-JF76_RS09365	897	660.786	0	0
gene-JF76_RS09370	1404	1167.15	1.33333	0.208622
gene-JF76_RS09375	729	494.327	0	0
gene-JF76_RS09380	1122	885.148	0	0
gene-JF76_RS09385	1554	1317.15	0	0
gene-JF76_RS09390	444	229.732	0	0
gene-JF76_RS09395	393	189.447	0	0
gene-JF76_RS09400	474	254.347	0	0
gene-JF76_RS09405	888	651.786	0	0
gene-JF76_RS09410	366	168.799	0	0
gene-JF76_RS09415	645	411.887	0	0
gene-JF76_RS09425	1266	1029.15	0	0
gene-JF76_RS09430	819	583.162	0	0
gene-JF76_RS09435	486	264.853	0	0
gene-JF76_RS09440	1167	930.148	0	0
gene-JF76_RS09445	891	654.786	0	0
gene-JF76_RS09450	996	759.148	0	0
gene-JF76_RS09455	1464	1227.15	0	0
gene-JF76_RS09460	1851	1614.15	0	0
gene-JF76_RS09465	906	669.72	0	0
gene-JF76_RS09470	858	622.04	0	0
gene-JF76_RS09475	417	208.169	0	0
gene-JF76_RS09480	822	586.162	0	0
gene-JF76_RS09485	798	562.277	0	0
gene-JF76_RS09490	495	272.68	0	0
gene-JF76_RS09495	1104	867.148	1.4987	0.315623
gene-JF76_RS09500	819	583.162	1	0.313154
gene-JF76_RS09505	558	328.755	0	0
gene-JF76_RS09510	1023	786.148	4	0.929185
gene-JF76_RS09515	2097	1860.15	22.2535	2.18473
gene-JF76_RS09520	2532	2295.15	0	0
gene-JF76_RS09525	867	630.915	0	0
gene-JF76_RS09530	1296	1059.15	0	0
gene-JF76_RS09535	234	80.3412	0	0
gene-JF76_RS09540	708	473.425	0	0
gene-JF76_RS09545	417	208.169	0	0
gene-JF76_RS09550	828	592.102	0	0
gene-JF76_RS09555	792	556.333	0	0
gene-JF76_RS09560	480	259.538	0	0
gene-JF76_RS09565	2124	1887.15	0	0
gene-JF76_RS09570	489	267.38	0	0
gene-JF76_RS09575	2670	2433.15	0	0
gene-JF76_RS09580	975	738.297	0	0
gene-JF76_RS09585	1308	1071.15	0	0
gene-JF76_RS09590	240	84.4063	0	0
gene-JF76_RS09595	1245	1008.15	0	0
gene-JF76_RS09600	1515	1278.15	0	0
gene-JF76_RS09605	153	34.7474	0	0
gene-JF76_RS09610	318	133.428	0	0
gene-JF76_RS09615	486	264.853	0	0
gene-JF76_RS09620	573	343.139	2.2	1.17084
gene-JF76_RS09625	1869	1632.15	0	0
gene-JF76_RS09630	678	444.021	0	0
gene-JF76_RS09635	1089	852.148	0	0
gene-JF76_RS09640	2346	2109.15	2	0.173169
gene-JF76_RS09645	726	491.327	0	0
gene-JF76_RS09650	555	325.955	1	0.560259
gene-JF76_RS09655	198	58.6161	1	3.11551
gene-JF76_RS09660	522	296.313	0	0
gene-JF76_RS09665	408	201.092	1	0.908136
gene-JF76_RS09670	1227	990.148	0	0
gene-JF76_RS09675	1629	1392.15	1	0.131178
gene-JF76_RS09680	651	417.762	0	0
gene-JF76_RS09685	690	455.704	0	0
gene-JF76_RS09690	642	409.052	0	0
gene-JF76_RS09695	654	420.762	0	0
gene-JF76_RS09700	855	619.102	1	0.294974
gene-JF76_RS09705	792	556.333	2	0.65651
gene-JF76_RS09710	1308	1071.15	0	0
gene-JF76_RS09715	1446	1209.15	0	0
gene-JF76_RS09720	1311	1074.15	0	0
gene-JF76_RS09725	291	115.736	0	0
gene-JF76_RS10280	372	173.403	0	0
gene-JF76_RS09735	1557	1320.15	0	0
gene-JF76_RS09740	1406	1169.15	0	0
gene-JF76_RS09745	1812	1575.15	5	0.579689
gene-JF76_RS09750	1899	1662.15	0	0
gene-JF76_RS09755	1386	1149.15	0	0
gene-JF76_RS09760	864	627.915	0	0
gene-JF76_RS09765	369	170.944	0	0
gene-JF76_RS09770	141	29.1263	0	0
gene-JF76_RS09775	282	110.248	0	0
gene-JF76_RS09780	1026	789.148	0	0
gene-JF76_RS09785	1287	1050.15	0	0
gene-JF76_RS09790	327	139.697	0	0
gene-JF76_RS09795	321	135.439	0	0
gene-JF76_RS09800	744	509.025	0	0
gene-JF76_RS09805	738	503.227	0	0
gene-JF76_RS09810	1260	1023.15	0	0
gene-JF76_RS09815	348	155.386	0	0
gene-JF76_RS09820	474	254.347	0	0
gene-JF76_RS09825	1650	1413.15	0	0
rna-JF76_RS09830	108	19.1937	1.12618	10.7151
rna-JF76_RS09835	3400	3163.15	27208.5	1570.84
rna-JF76_RS09840	1574	1337.15	21899.1	2990.84
gene-JF76_RS09845	942	705.582	0	0
gene-JF76_RS09850	525	298.977	0	0
gene-JF76_RS10040	1278	1041.15	0	0
gene-JF76_RS09860	610	377.961	0	0
gene-APS55_RS00010	237	82.3177	0	0
gene-APS55_RS00015	501	277.795	0	0
gene-APS55_RS07685	380	179.344	0	0
gene-APS55_RS00020	825	589.162	0	0
gene-APS55_RS00025	693	458.704	0	0
gene-APS55_RS00030	1035	798.148	0	0
gene-APS55_RS00035	1203	966.148	0	0
gene-APS55_RS00040	225	75.4231	0	0
gene-APS55_RS07690	276	106.499	0	0
gene-APS55_RS00045	996	759.148	0	0
gene-APS55_RS00050	1308	1071.15	0	0
gene-APS55_RS07850	216	69.8915	0	0
gene-APS55_RS00060	423	212.807	0	0
gene-APS55_RS00065	1407	1170.15	0	0
gene-APS55_RS00070	903	666.72	0	0
gene-APS55_RS00075	1530	1293.15	0	0
gene-APS55_RS00080	543	314.965	0	0
gene-APS55_RS00085	537	309.666	0	0
gene-APS55_RS00090	213	67.9168	0	0
gene-APS55_RS00095	717	482.425	0	0
gene-APS55_RS07855	633	400.256	0	0
gene-APS55_RS00105	1242	1005.15	0	0
gene-APS55_RS00110	1020	783.148	0	0
gene-APS55_RS00115	843	607.102	0	0
gene-APS55_RS00120	1083	846.148	0	0
gene-APS55_RS00125	585	354.218	0	0
gene-APS55_RS00130	1350	1113.15	0	0
gene-APS55_RS00135	711	476.425	0	0
gene-APS55_RS00140	999	762.148	0	0
gene-APS55_RS00145	1827	1590.15	0	0
gene-APS55_RS00150	1734	1497.15	0	0
gene-APS55_RS00155	330	141.889	0	0
gene-APS55_RS00160	354	159.705	0	0
gene-APS55_RS00165	552	323.12	0	0
gene-APS55_RS00175	378	177.878	0	0
gene-APS55_RS00180	315	131.376	0	0
gene-APS55_RS00185	825	589.162	0	0
gene-APS55_RS00190	522	296.313	0	0
gene-APS55_RS00195	465	246.848	0	0
gene-APS55_RS00200	417	208.169	0	0
gene-APS55_RS00205	198	58.6161	0	0
gene-APS55_RS00210	468	249.142	0	0
gene-APS55_RS00215	1191	954.148	0	0
gene-APS55_RS00220	621	388.575	0	0
gene-APS55_RS00225	1143	906.148	0	0
gene-APS55_RS00230	366	168.799	0	0
gene-APS55_RS00235	369	170.944	0	0
gene-APS55_RS00240	1239	1002.15	0	0
gene-APS55_RS00245	447	232.186	0	0
gene-APS55_RS00250	891	654.786	0	0
gene-APS55_RS07860	2634	2397.15	0	0
gene-APS55_RS07865	276	106.499	0	0
gene-APS55_RS00260	480	259.538	0	0
gene-APS55_RS00265	423	212.807	0	0
gene-APS55_RS00270	1080	843.148	0	0
gene-APS55_RS00275	501	277.795	0	0
gene-APS55_RS00280	408	201.092	0	0
gene-APS55_RS00285	606	374.341	0	0
gene-APS55_RS00290	354	159.705	0	0
gene-APS55_RS00295	237	82.3177	0	0
gene-APS55_RS00300	957	720.37	0	0
gene-APS55_RS00305	396	191.63	0	0
gene-APS55_RS00310	615	382.808	0	0
gene-APS55_RS00315	906	669.72	0	0
gene-APS55_RS00320	1620	1383.15	0	0
gene-APS55_RS00325	1275	1038.15	0	0
gene-APS55_RS00330	273	105.037	0	0
gene-APS55_RS00335	831	595.102	0	0
rna-APS55_RS00345	73	34.8061	0	0
gene-APS55_RS00350	693	458.704	0	0
rna-APS55_RS00355	73	34.8061	0	0
gene-APS55_RS00360	411	203.419	0	0
gene-APS55_RS00365	204	62.0897	0	0
gene-APS55_RS00370	684	449.977	0	0
gene-APS55_RS00375	492	269.905	0	0
gene-APS55_RS00380	513	288.215	0	0
gene-APS55_RS00390	192	55.1582	0	0
gene-APS55_RS00395	180	48.1736	0	0
gene-APS55_RS00400	804	568.277	0	0
gene-APS55_RS00405	759	523.871	0	0
gene-APS55_RS00410	417	208.169	0	0
gene-APS55_RS00415	750	514.922	0	0
gene-APS55_RS00420	903	666.72	0	0
gene-APS55_RS00425	183	49.9191	0	0
gene-APS55_RS00430	324	137.442	0	0
gene-APS55_RS00435	192	55.1582	0	0
gene-APS55_RS00440	567	337.416	0	0
gene-APS55_RS00445	201	60.3796	0	0
gene-APS55_RS00450	723	488.376	0	0
gene-APS55_RS00455	210	66.0331	0	0
gene-APS55_RS00460	234	80.3412	0	0
gene-APS55_RS00465	645	411.887	0	0
gene-APS55_RS00470	249	89.949	0	0
gene-APS55_RS00475	654	420.762	0	0
gene-APS55_RS00480	405	198.514	0	0
gene-APS55_RS00485	1227	990.148	0	0
gene-APS55_RS00490	228	77.1541	0	0
gene-APS55_RS00495	537	309.666	0	0
gene-APS55_RS00500	1146	909.148	0	0
rna-APS55_RS00505	73	34.8061	0	0
rna-APS55_RS00510	74	33.7981	0	0
gene-APS55_RS00515	660	426.634	0	0
rna-APS55_RS00520	371	172.604	0	0
gene-APS55_RS00525	387	184.806	0	0
gene-APS55_RS00530	477	256.972	0	0
gene-APS55_RS00535	2850	2613.15	0	0
gene-APS55_RS00540	591	359.748	0	0
gene-APS55_RS00545	489	267.38	0	0
gene-APS55_RS00550	933	696.652	0	0
gene-APS55_RS00555	870	633.915	0	0
gene-APS55_RS00560	1206	969.148	0	0
gene-APS55_RS00565	1008	771.148	0	0
gene-APS55_RS00570	393	189.447	0	0
gene-APS55_RS00575	1389	1152.15	0	0
gene-APS55_RS00580	549	320.48	0	0
gene-APS55_RS00585	903	666.72	0	0
gene-APS55_RS00590	510	285.63	0	0
gene-APS55_RS00595	327	139.697	0	0
gene-APS55_RS00600	507	283.041	0	0
gene-APS55_RS00605	870	633.915	0	0
gene-APS55_RS00610	891	654.786	0	0
gene-APS55_RS00615	1362	1125.15	0	0
gene-APS55_RS00620	786	550.388	0	0
gene-APS55_RS00625	1101	864.148	0	0
gene-APS55_RS00630	2037	1800.15	0	0
gene-APS55_RS00635	1188	951.148	0	0
gene-APS55_RS00645	309	127.008	0	0
gene-APS55_RS00650	1158	921.148	0	0
gene-APS55_RS00655	1590	1353.15	0	0
gene-APS55_RS00660	1824	1587.15	0	0
gene-APS55_RS00665	1353	1116.15	0	0
gene-APS55_RS00670	960	723.297	0	0
gene-APS55_RS00675	846	610.102	0	0
gene-APS55_RS00680	660	426.634	0	0
gene-APS55_RS00685	1962	1725.15	0	0
gene-APS55_RS00690	885	648.786	0	0
gene-APS55_RS00695	537	309.666	0	0
gene-APS55_RS00700	501	277.795	0	0
gene-APS55_RS00705	477	256.972	0	0
gene-APS55_RS00710	966	729.297	0	0
gene-APS55_RS00715	690	455.704	0	0
gene-APS55_RS00720	474	254.347	0	0
gene-APS55_RS00725	2352	2115.15	0	0
gene-APS55_RS00730	240	84.4063	0	0
gene-APS55_RS00735	1530	1293.15	0	0
gene-APS55_RS00740	1320	1083.15	0	0
gene-APS55_RS00745	762	526.713	0	0
gene-APS55_RS00750	1215	978.148	0	0
gene-APS55_RS00755	1014	777.148	0	0
rna-APS55_RS00760	72	34.1546	0	0
gene-APS55_RS00765	594	362.675	0	0
gene-APS55_RS00770	939	702.582	0	0
gene-APS55_RS00775	987	750.224	0	0
gene-APS55_RS00780	2856	2619.15	0	0
gene-APS55_RS00785	2055	1818.15	0	0
gene-APS55_RS00790	924	687.652	0	0
gene-APS55_RS00795	876	639.915	0	0
gene-APS55_RS00800	1017	780.148	0	0
gene-APS55_RS00805	822	586.162	0	0
gene-APS55_RS00810	939	702.582	0	0
gene-APS55_RS00815	336	146.093	0	0
gene-APS55_RS00820	273	105.037	0	0
gene-APS55_RS00825	1155	918.148	0	0
gene-APS55_RS00830	1116	879.148	0	0
gene-APS55_RS00835	2364	2127.15	0	0
gene-APS55_RS00840	678	444.021	0	0
gene-APS55_RS00845	1332	1095.15	0	0
gene-APS55_RS00850	651	417.762	0	0
gene-APS55_RS00855	1059	822.148	0	0
gene-APS55_RS00860	1614	1377.15	3	0.39782
gene-APS55_RS00865	285	112.337	0	0
gene-APS55_RS00870	636	403.175	0	0
gene-APS55_RS00875	1947	1710.15	0	0
gene-APS55_RS00880	1047	810.148	0	0
gene-APS55_RS00885	600	368.453	0	0
gene-APS55_RS00890	729	494.327	0	0
gene-APS55_RS00895	759	523.871	0	0
gene-APS55_RS00900	879	642.851	1	0.284077
gene-APS55_RS00905	336	146.093	0	0
gene-APS55_RS00910	1011	774.148	0	0
gene-APS55_RS00915	327	139.697	0	0
gene-APS55_RS00920	645	411.887	0	0
gene-APS55_RS00925	249	89.949	0	0
gene-APS55_RS00930	600	368.453	0	0
gene-APS55_RS00935	318	133.428	0	0
gene-APS55_RS00940	1812	1575.15	0	0
rna-APS55_RS00945	97	20.1399	0	0
gene-APS55_RS00950	498	275.081	0	0
gene-APS55_RS00955	606	374.341	0	0
gene-APS55_RS00960	228	77.1541	0	0
gene-APS55_RS00965	2166	1929.15	0	0
gene-APS55_RS00970	975	738.297	0	0
gene-APS55_RS00975	2553	2316.15	0	0
gene-APS55_RS00980	363	166.29	0	0
gene-APS55_RS00985	507	283.041	0	0
gene-APS55_RS00990	693	458.704	0	0
gene-APS55_RS00995	426	215.129	0	0
gene-APS55_RS01000	546	317.643	0	0
gene-APS55_RS01005	174	44.8866	0	0
gene-APS55_RS01010	150	33.4675	0	0
gene-APS55_RS01015	621	388.575	0	0
gene-APS55_RS01020	525	298.977	0	0
gene-APS55_RS01025	756	520.871	0	0
gene-APS55_RS01030	420	210.479	0	0
gene-APS55_RS01035	1407	1170.15	0	0
gene-APS55_RS01040	1491	1254.15	0	0
gene-APS55_RS01045	1092	855.148	0	0
gene-APS55_RS01050	1377	1140.15	0	0
gene-APS55_RS01055	537	309.666	0	0
gene-APS55_RS01060	690	455.704	0	0
gene-APS55_RS01065	1341	1104.15	0	0
gene-APS55_RS01070	669	435.331	0	0
gene-APS55_RS01075	954	717.37	0	0
gene-APS55_RS01080	1095	858.148	0	0
rna-APS55_RS01085	72	34.1546	0	0
rna-APS55_RS01090	73	34.8061	0	0
rna-APS55_RS01095	86	26.6667	0	0
gene-APS55_RS01100	885	648.786	0	0
gene-APS55_RS01105	447	232.186	0	0
gene-APS55_RS01110	2169	1932.15	0	0
gene-APS55_RS01115	417	208.169	0	0
gene-APS55_RS01120	828	592.102	0	0
gene-APS55_RS01125	1473	1236.15	0	0
gene-APS55_RS01130	732	497.278	0	0
gene-APS55_RS01135	720	485.425	0	0
gene-APS55_RS01140	777	541.553	0	0
rna-APS55_RS01145	72	34.1546	0	0
rna-APS55_RS01150	83	28.4036	0	0
gene-APS55_RS01155	1602	1365.15	0	0
rna-APS55_RS01160	73	34.8061	0	0
rna-APS55_RS01165	73	34.8061	0	0
rna-APS55_RS01170	117	20.3514	0	0
rna-APS55_RS01175	2921	2684.15	8865.2	603.154
rna-APS55_RS01180	73	34.8061	3	15.7403
rna-APS55_RS01185	75	33.5463	0	0
rna-APS55_RS01190	1583	1346.15	3435.42	466.051
gene-APS55_RS01195	1509	1272.15	1	0.143552
gene-APS55_RS01200	1011	774.148	0	0
gene-APS55_RS01205	891	654.786	0	0
gene-APS55_RS01210	1989	1752.15	2	0.208452
gene-APS55_RS01215	543	314.965	0	0
gene-APS55_RS01220	1368	1131.15	0	0
gene-APS55_RS01225	459	242.039	0	0
gene-APS55_RS01230	378	177.878	0	0
gene-APS55_RS01235	273	105.037	0	0
gene-APS55_RS01240	1578	1341.15	0	0
gene-APS55_RS01245	3501	3264.15	0	0
gene-APS55_RS01250	558	328.755	0	0
gene-APS55_RS01255	951	714.441	1	0.255611
gene-APS55_RS01260	642	409.052	0	0
gene-APS55_RS01265	354	159.705	0	0
gene-APS55_RS01275	1119	882.148	0	0
gene-APS55_RS01280	1527	1290.15	0	0
gene-APS55_RS01285	1371	1134.15	0	0
gene-APS55_RS07695	135	26.4765	0	0
gene-APS55_RS01290	324	137.442	0	0
gene-APS55_RS01295	246	88.3653	0	0
gene-APS55_RS01300	1275	1038.15	0	0
gene-APS55_RS01305	1617	1380.15	0	0
gene-APS55_RS01310	582	351.575	0	0
gene-APS55_RS01315	441	227.347	0	0
gene-APS55_RS01320	1347	1110.15	0	0
gene-APS55_RS01325	813	577.22	0	0
gene-APS55_RS01330	351	157.502	0	0
gene-APS55_RS01335	981	744.224	0	0
gene-APS55_RS01340	1374	1137.15	0	0
gene-APS55_RS01345	846	610.102	0	0
gene-APS55_RS01350	849	613.102	0	0
gene-APS55_RS01355	252	91.7168	0	0
gene-APS55_RS07700	1443	1206.15	0	0
gene-APS55_RS01370	768	532.607	0	0
gene-APS55_RS01375	2037	1800.15	0	0
gene-APS55_RS01380	852	616.102	0	0
gene-APS55_RS01385	708	473.425	0	0
gene-APS55_RS01390	963	726.297	0	0
gene-APS55_RS01395	1269	1032.15	0	0
gene-APS55_RS01400	933	696.652	0	0
gene-APS55_RS01405	1020	783.148	0	0
gene-APS55_RS01410	2307	2070.15	0	0
gene-APS55_RS01415	2154	1917.15	0	0
gene-APS55_RS01420	1392	1155.15	0	0
rna-APS55_RS01425	73	34.8061	0	0
rna-APS55_RS01430	117	20.3514	0	0
rna-APS55_RS01435	2921	2684.15	3267.01	222.275
rna-APS55_RS01440	1583	1346.15	5373.71	729.001
gene-APS55_RS01445	1257	1020.15	0	0
gene-APS55_RS01450	765	529.66	0	0
gene-APS55_RS01455	1446	1209.15	0	0
gene-APS55_RS01460	465	246.848	0	0
gene-APS55_RS01465	1218	981.148	0	0
gene-APS55_RS01470	312	129.046	0	0
gene-APS55_RS01475	912	675.72	0	0
gene-APS55_RS01480	693	458.704	0	0
gene-APS55_RS01485	1047	810.148	0	0
gene-APS55_RS01490	1179	942.148	0	0
gene-APS55_RS01495	1092	855.148	0	0
gene-APS55_RS01500	1071	834.148	0	0
gene-APS55_RS01505	333	144.04	0	0
gene-APS55_RS01510	738	503.227	0	0
gene-APS55_RS01515	1416	1179.15	0	0
gene-APS55_RS01520	1209	972.148	0	0
gene-APS55_RS01525	690	455.704	0	0
gene-APS55_RS01530	1137	900.148	0	0
gene-APS55_RS01535	729	494.327	0	0
gene-APS55_RS01540	1101	864.148	0	0
gene-APS55_RS01545	189	53.2657	0	0
gene-APS55_RS01550	882	645.786	0	0
gene-APS55_RS01555	768	532.607	0	0
gene-APS55_RS01560	738	503.227	0	0
gene-APS55_RS01565	1320	1083.15	0	0
gene-APS55_RS01570	1248	1011.15	0	0
gene-APS55_RS01575	816	580.22	0	0
gene-APS55_RS01580	609	377.075	0	0
gene-APS55_RS01585	723	488.376	0	0
gene-APS55_RS01590	1803	1566.15	0	0
gene-APS55_RS01595	1767	1530.15	0	0
gene-APS55_RS01600	822	586.162	0	0
gene-APS55_RS01605	903	666.72	0	0
gene-APS55_RS01610	615	382.808	0	0
gene-APS55_RS01615	1365	1128.15	0	0
gene-APS55_RS01620	258	95.3596	0	0
gene-APS55_RS01630	894	657.786	0	0
gene-APS55_RS01635	246	88.3653	0	0
gene-APS55_RS01640	201	60.3796	0	0
gene-APS55_RS01645	504	280.361	0	0
gene-APS55_RS01650	435	222.584	0	0
gene-APS55_RS01655	564	334.587	0	0
gene-APS55_RS01660	1800	1563.15	0	0
gene-APS55_RS01665	1404	1167.15	0	0
gene-APS55_RS01670	438	224.858	0	0
gene-APS55_RS01675	231	78.702	0	0
gene-APS55_RS01680	1635	1398.15	0	0
gene-APS55_RS01685	1515	1278.15	0	0
gene-APS55_RS01690	9294	9057.15	0	0
gene-APS55_RS01695	16938	16701.1	0	0
gene-APS55_RS01700	25011	24774.1	6	0.0442282
gene-APS55_RS01705	13797	13560.1	2	0.0269347
gene-APS55_RS01710	22608	22371.1	2	0.0163263
gene-APS55_RS01715	786	550.388	0	0
gene-APS55_RS01720	939	702.582	0	0
gene-APS55_RS01725	489	267.38	0	0
gene-APS55_RS01730	933	696.652	0	0
gene-APS55_RS01735	585	354.218	0	0
gene-APS55_RS01740	549	320.48	0	0
gene-APS55_RS01745	1296	1059.15	0	0
gene-APS55_RS01750	1293	1056.15	0	0
gene-APS55_RS01755	966	729.297	0	0
gene-APS55_RS01760	660	426.634	0	0
gene-APS55_RS01765	945	708.441	0	0
gene-APS55_RS01770	3177	2940.15	0	0
gene-APS55_RS01775	1080	843.148	0	0
gene-APS55_RS01780	1269	1032.15	0	0
gene-APS55_RS01785	939	702.582	0	0
gene-APS55_RS01790	660	426.634	0	0
gene-APS55_RS01795	555	325.955	0	0
gene-APS55_RS01800	1383	1146.15	0	0
gene-APS55_RS01805	321	135.439	0	0
gene-APS55_RS01810	735	500.227	0	0
gene-APS55_RS01815	681	446.977	0	0
gene-APS55_RS01820	450	234.736	0	0
gene-APS55_RS01825	468	249.142	0	0
gene-APS55_RS01830	666	432.418	0	0
gene-APS55_RS01835	267	101.144	0	0
gene-APS55_RS01840	2124	1887.15	0	0
gene-APS55_RS01845	762	526.713	0	0
gene-APS55_RS01850	990	753.224	0	0
gene-APS55_RS01855	780	544.553	0	0
gene-APS55_RS01860	963	726.297	0	0
gene-APS55_RS01865	804	568.277	0	0
gene-APS55_RS01870	399	193.785	0	0
gene-APS55_RS01875	1560	1323.15	0	0
gene-APS55_RS01880	1620	1383.15	0	0
gene-APS55_RS01885	954	717.37	0	0
gene-APS55_RS01890	432	220.183	0	0
gene-APS55_RS01895	1329	1092.15	0	0
gene-APS55_RS01900	843	607.102	0	0
gene-APS55_RS01905	534	307.013	0	0
gene-APS55_RS01910	381	179.973	0	0
gene-APS55_RS01915	891	654.786	0	0
gene-APS55_RS01920	2391	2154.15	0	0
gene-APS55_RS01925	720	485.425	0	0
gene-APS55_RS01930	330	141.889	0	0
gene-APS55_RS01935	564	334.587	0	0
gene-APS55_RS01940	498	275.081	0	0
gene-APS55_RS01945	642	409.052	0	0
gene-APS55_RS01950	498	275.081	0	0
gene-APS55_RS01955	2352	2115.15	0	0
gene-APS55_RS01960	858	622.04	0	0
gene-APS55_RS01965	285	112.337	0	0
gene-APS55_RS01970	1233	996.148	0	0
gene-APS55_RS01975	477	256.972	0	0
gene-APS55_RS01980	183	49.9191	0	0
gene-APS55_RS01985	549	320.48	0	0
gene-APS55_RS01990	3774	3537.15	0	0
gene-APS55_RS01995	312	129.046	0	0
gene-APS55_RS02000	426	215.129	0	0
gene-APS55_RS02005	405	198.514	0	0
gene-APS55_RS07705	351	157.502	0	0
gene-APS55_RS02015	954	717.37	0	0
gene-APS55_RS07710	597	365.527	0	0
gene-APS55_RS02025	381	179.973	0	0
gene-APS55_RS02030	864	627.915	0	0
gene-APS55_RS02035	771	535.607	0	0
gene-APS55_RS02040	966	729.297	0	0
gene-APS55_RS02045	264	99.2773	0	0
gene-APS55_RS02050	546	317.643	0	0
gene-APS55_RS02055	837	601.102	0	0
gene-APS55_RS02060	201	60.3796	0	0
gene-APS55_RS07715	612	379.885	0	0
gene-APS55_RS02070	1353	1116.15	0	0
gene-APS55_RS02075	1041	804.148	0	0
gene-APS55_RS02080	903	666.72	0	0
gene-APS55_RS02085	510	285.63	0	0
gene-APS55_RS02095	5190	4953.15	0	0
gene-APS55_RS02100	1158	921.148	0	0
gene-APS55_RS02105	288	114.117	0	0
gene-APS55_RS02110	882	645.786	0	0
gene-APS55_RS02115	615	382.808	0	0
gene-APS55_RS02120	306	124.664	0	0
gene-APS55_RS02125	1407	1170.15	1	0.156065
gene-APS55_RS02130	897	660.786	0	0
gene-APS55_RS02135	1356	1119.15	0	0
gene-APS55_RS02140	891	654.786	0	0
gene-APS55_RS02145	192	55.1582	0	0
gene-APS55_RS07870	10059	9822.15	0	0
gene-APS55_RS02155	1329	1092.15	0	0
gene-APS55_RS02160	405	198.514	0	0
gene-APS55_RS02165	270	103.079	0	0
gene-APS55_RS02170	504	280.361	0	0
gene-APS55_RS02175	510	285.63	0	0
gene-APS55_RS02180	282	110.248	0	0
gene-APS55_RS02185	345	153.15	0	0
gene-APS55_RS02190	669	435.331	0	0
gene-APS55_RS02195	201	60.3796	0	0
gene-APS55_RS02200	933	696.652	0	0
gene-APS55_RS02205	489	267.38	0	0
gene-APS55_RS02210	828	592.102	0	0
gene-APS55_RS02215	1764	1527.15	0	0
gene-APS55_RS02220	1737	1500.15	0	0
gene-APS55_RS02225	348	155.386	0	0
gene-APS55_RS02230	228	77.1541	0	0
gene-APS55_RS02235	195	56.8308	0	0
gene-APS55_RS02240	861	624.978	0	0
gene-APS55_RS02245	711	476.425	0	0
gene-APS55_RS02250	750	514.922	0	0
gene-APS55_RS02255	237	82.3177	0	0
gene-APS55_RS02260	678	444.021	0	0
gene-APS55_RS02265	420	210.479	0	0
gene-APS55_RS02270	429	217.564	3	2.51815
gene-APS55_RS02275	1392	1155.15	0	0
gene-APS55_RS02280	1311	1074.15	0	0
gene-APS55_RS02285	690	455.704	0	0
gene-APS55_RS02290	402	196.065	0	0
gene-APS55_RS02295	2157	1920.15	0	0
gene-APS55_RS02300	966	729.297	0	0
gene-APS55_RS07790	180	48.1736	0	0
gene-APS55_RS02305	1173	936.148	0	0
gene-APS55_RS02310	939	702.582	0	0
gene-APS55_RS02315	1713	1476.15	0	0
gene-APS55_RS02320	1392	1155.15	0	0
gene-APS55_RS02325	456	239.474	0	0
gene-APS55_RS02330	1176	939.148	0	0
gene-APS55_RS02335	1482	1245.15	0	0
gene-APS55_RS02340	1440	1203.15	0	0
gene-APS55_RS02345	1548	1311.15	0	0
gene-APS55_RS02350	1020	783.148	0	0
gene-APS55_RS02355	1149	912.148	0	0
gene-APS55_RS02360	726	491.327	0	0
gene-APS55_RS07875	1191	954.148	0	0
gene-APS55_RS07880	1029	792.148	0	0
gene-APS55_RS02375	1074	837.148	0	0
gene-APS55_RS02380	3060	2823.15	0	0
gene-APS55_RS02385	1272	1035.15	0	0
rna-APS55_RS02390	117	20.3514	0	0
rna-APS55_RS02395	2921	2684.15	3464.38	235.703
rna-APS55_RS02400	1583	1346.15	16907	2293.61
gene-APS55_RS02405	1179	942.148	0	0
gene-APS55_RS02410	534	307.013	0	0
gene-APS55_RS02415	192	55.1582	0	0
gene-APS55_RS02420	591	359.748	0	0
gene-APS55_RS07885	141	29.1263	0	0
gene-APS55_RS02430	765	529.66	0	0
gene-APS55_RS02435	708	473.425	0	0
gene-APS55_RS02440	813	577.22	0	0
gene-APS55_RS02445	642	409.052	0	0
gene-APS55_RS02450	777	541.553	0	0
gene-APS55_RS02455	954	717.37	0	0
gene-APS55_RS02460	666	432.418	0	0
gene-APS55_RS02465	2202	1965.15	0	0
gene-APS55_RS02470	1332	1095.15	0	0
gene-APS55_RS02475	975	738.297	0	0
gene-APS55_RS02480	774	538.607	0	0
gene-APS55_RS02485	1338	1101.15	0	0
gene-APS55_RS02490	1341	1104.15	0	0
gene-APS55_RS02495	792	556.333	0	0
gene-APS55_RS02500	438	224.858	0	0
gene-APS55_RS02505	1560	1323.15	0	0
gene-APS55_RS02510	1674	1437.15	0	0
gene-APS55_RS02515	1263	1026.15	0	0
gene-APS55_RS02520	1194	957.148	1	0.190795
gene-APS55_RS02525	822	586.162	0	0
gene-APS55_RS02530	885	648.786	0	0
gene-APS55_RS02535	1215	978.148	0	0
gene-APS55_RS02540	813	577.22	0	0
gene-APS55_RS02545	828	592.102	0	0
gene-APS55_RS02550	1299	1062.15	0	0
gene-APS55_RS02555	1857	1620.15	0	0
gene-APS55_RS02560	708	473.425	0	0
rna-APS55_RS02565	73	34.8061	0	0
gene-APS55_RS02570	2226	1989.15	0	0
gene-APS55_RS02575	1761	1524.15	0	0
gene-APS55_RS02580	522	296.313	0	0
gene-APS55_RS02585	1140	903.148	0	0
gene-APS55_RS02590	411	203.419	0	0
gene-APS55_RS07890	573	343.139	0	0
gene-APS55_RS07895	207	64.019	0	0
gene-APS55_RS07900	111	19.2054	0	0
gene-APS55_RS02605	1161	924.148	0	0
gene-APS55_RS02610	702	467.519	0	0
gene-APS55_RS02615	2175	1938.15	0	0
gene-APS55_RS02620	573	343.139	0	0
gene-APS55_RS02625	774	538.607	0	0
gene-APS55_RS02630	1158	921.148	0	0
gene-APS55_RS02635	1215	978.148	0	0
gene-APS55_RS02640	423	212.807	0	0
gene-APS55_RS02645	1410	1173.15	0	0
gene-APS55_RS02650	1368	1131.15	0	0
gene-APS55_RS02655	321	135.439	0	0
gene-APS55_RS02660	513	288.215	0	0
gene-APS55_RS02665	450	234.736	0	0
gene-APS55_RS02670	990	753.224	0	0
gene-APS55_RS02675	1167	930.148	0	0
gene-APS55_RS02680	1653	1416.15	0	0
gene-APS55_RS02685	1191	954.148	0	0
gene-APS55_RS02690	1182	945.148	0	0
gene-APS55_RS02695	1389	1152.15	0	0
gene-APS55_RS02700	453	236.93	0	0
gene-APS55_RS02705	2037	1800.15	0	0
gene-APS55_RS02710	237	82.3177	0	0
gene-APS55_RS02715	498	275.081	0	0
gene-APS55_RS02720	291	115.736	0	0
gene-APS55_RS02725	1089	852.148	0	0
gene-APS55_RS02730	1290	1053.15	0	0
gene-APS55_RS02735	2538	2301.15	2	0.15872
gene-APS55_RS02740	1947	1710.15	0	0
gene-APS55_RS02745	1116	879.148	0	0
gene-APS55_RS02750	231	78.702	0	0
gene-APS55_RS02755	1095	858.148	0	0
gene-APS55_RS02760	1137	900.148	0	0
gene-APS55_RS02765	1344	1107.15	0	0
gene-APS55_RS02770	135	26.4765	0	0
gene-APS55_RS02775	363	166.29	0	0
gene-APS55_RS02780	834	598.102	0	0
gene-APS55_RS02785	729	494.327	0	0
gene-APS55_RS02790	1392	1155.15	0	0
gene-APS55_RS02795	1929	1692.15	0	0
gene-APS55_RS02805	642	409.052	0	0
gene-APS55_RS02810	687	452.796	0	0
gene-APS55_RS02815	741	506.126	0	0
gene-APS55_RS02820	1338	1101.15	0	0
gene-APS55_RS02825	1317	1080.15	0	0
gene-APS55_RS02830	1326	1089.15	0	0
gene-APS55_RS02835	1302	1065.15	0	0
gene-APS55_RS02840	1401	1164.15	3	0.470608
gene-APS55_RS02845	1479	1242.15	0	0
gene-APS55_RS02850	735	500.227	2	0.730145
gene-APS55_RS02855	183	49.9191	0	0
gene-APS55_RS02860	318	133.428	0	0
gene-APS55_RS02865	909	672.72	0	0
gene-APS55_RS02870	2259	2022.15	0	0
gene-APS55_RS02875	783	547.388	0	0
gene-APS55_RS02880	1272	1035.15	0	0
gene-APS55_RS02885	1185	948.148	0	0
gene-APS55_RS02890	1194	957.148	0	0
gene-APS55_RS02895	390	187.171	0	0
gene-APS55_RS02900	933	696.652	0	0
gene-APS55_RS02905	489	267.38	0	0
gene-APS55_RS02910	963	726.297	0	0
gene-APS55_RS02915	1452	1215.15	0	0
gene-APS55_RS02920	627	394.456	0	0
gene-APS55_RS02925	720	485.425	0	0
gene-APS55_RS02930	1221	984.148	0	0
gene-APS55_RS07905	1380	1143.15	0	0
gene-APS55_RS02940	903	666.72	0	0
gene-APS55_RS02945	303	122.716	0	0
gene-APS55_RS02960	864	627.915	0	0
gene-APS55_RS02965	666	432.418	0	0
gene-APS55_RS02970	795	559.277	0	0
gene-APS55_RS02975	702	467.519	0	0
gene-APS55_RS02980	1335	1098.15	0	0
gene-APS55_RS02985	645	411.887	0	0
gene-APS55_RS02990	1794	1557.15	0	0
gene-APS55_RS02995	393	189.447	0	0
gene-APS55_RS03000	1002	765.148	0	0
gene-APS55_RS03005	885	648.786	0	0
gene-APS55_RS03010	384	182.393	0	0
gene-APS55_RS03015	351	157.502	0	0
gene-APS55_RS03020	489	267.38	0	0
gene-APS55_RS03025	453	236.93	0	0
gene-APS55_RS03030	1311	1074.15	0	0
gene-APS55_RS03035	933	696.652	0	0
gene-APS55_RS03040	576	345.999	0	0
gene-APS55_RS03045	357	161.939	0	0
gene-APS55_RS03050	1386	1149.15	0	0
gene-APS55_RS03055	1380	1143.15	0	0
gene-APS55_RS03060	582	351.575	0	0
gene-APS55_RS03065	1200	963.148	0	0
gene-APS55_RS03070	351	157.502	0	0
gene-APS55_RS03075	807	571.277	0	0
gene-APS55_RS03080	3567	3330.15	0	0
gene-APS55_RS03085	3726	3489.15	0	0
gene-APS55_RS03090	1278	1041.15	0	0
gene-APS55_RS03095	897	660.786	0	0
gene-APS55_RS03100	1359	1122.15	0	0
gene-APS55_RS03105	690	455.704	0	0
gene-APS55_RS03110	1023	786.148	0	0
gene-APS55_RS03115	240	84.4063	0	0
gene-APS55_RS03120	1380	1143.15	0	0
gene-APS55_RS03125	423	212.807	0	0
gene-APS55_RS03130	738	503.227	0	0
gene-APS55_RS03135	1446	1209.15	0	0
gene-APS55_RS03140	2097	1860.15	3	0.294524
gene-APS55_RS03145	486	264.853	0	0
gene-APS55_RS07805	259	95.9165	0	0
gene-APS55_RS03150	546	317.643	0	0
gene-APS55_RS03155	768	532.607	0	0
gene-APS55_RS03160	1629	1392.15	0	0
gene-APS55_RS03165	882	645.786	0	0
gene-APS55_RS03170	3132	2895.15	1	0.0630777
gene-APS55_RS03175	3033	2796.15	0	0
gene-APS55_RS03180	933	696.652	0	0
gene-APS55_RS03185	489	267.38	0	0
gene-APS55_RS03190	813	577.22	0	0
gene-APS55_RS03195	744	509.025	0	0
gene-APS55_RS03200	702	467.519	0	0
gene-APS55_RS03205	873	636.915	0	0
gene-APS55_RS03210	867	630.915	0	0
gene-APS55_RS03220	585	354.218	0	0
gene-APS55_RS03225	1914	1677.15	0	0
gene-APS55_RS03230	1056	819.148	0	0
rna-APS55_RS03235	72	34.1546	0	0
rna-APS55_RS03240	72	34.1546	0	0
rna-APS55_RS03245	72	34.1546	0	0
gene-APS55_RS03250	747	511.974	0	0
gene-APS55_RS03255	1362	1125.15	0	0
gene-APS55_RS03260	588	357.074	0	0
gene-APS55_RS03265	1068	831.148	0	0
gene-APS55_RS03270	696	461.658	0	0
gene-APS55_RS03275	456	239.474	0	0
gene-APS55_RS03280	909	672.72	0	0
gene-APS55_RS03285	276	106.499	0	0
gene-APS55_RS03290	489	267.38	0	0
gene-APS55_RS03295	711	476.425	0	0
gene-APS55_RS03300	696	461.658	0	0
gene-APS55_RS03305	489	267.38	0	0
gene-APS55_RS03310	933	696.652	0	0
gene-APS55_RS03315	243	86.2978	0	0
gene-APS55_RS03320	225	75.4231	0	0
gene-APS55_RS03325	228	77.1541	0	0
gene-APS55_RS03330	435	222.584	0	0
gene-APS55_RS03335	867	630.915	0	0
gene-APS55_RS03340	1509	1272.15	0	0
gene-APS55_RS03345	1014	777.148	0	0
gene-APS55_RS03350	954	717.37	0	0
gene-APS55_RS03355	489	267.38	0	0
gene-APS55_RS03360	231	78.702	0	0
gene-APS55_RS03365	1446	1209.15	0	0
gene-APS55_RS03370	951	714.441	0	0
gene-APS55_RS03375	480	259.538	0	0
gene-APS55_RS03380	204	62.0897	0	0
gene-APS55_RS03385	498	275.081	0	0
gene-APS55_RS03390	486	264.853	0	0
gene-APS55_RS03395	636	403.175	0	0
gene-APS55_RS03400	669	435.331	0	0
gene-APS55_RS03405	2244	2007.15	0	0
gene-APS55_RS03410	2523	2286.15	1	0.0798807
gene-APS55_RS03415	936	699.582	0	0
gene-APS55_RS03420	483	262.155	0	0
gene-APS55_RS03425	1122	885.148	0	0
gene-APS55_RS03430	708	473.425	0	0
gene-APS55_RS03435	255	93.4477	0	0
gene-APS55_RS03440	666	432.418	0	0
gene-APS55_RS03445	2223	1986.15	0	0
gene-APS55_RS03450	1464	1227.15	0	0
gene-APS55_RS03455	1035	798.148	0	0
gene-APS55_RS03460	576	345.999	0	0
gene-APS55_RS03465	1533	1296.15	0	0
gene-APS55_RS03470	1251	1014.15	0	0
gene-APS55_RS03475	438	224.858	0	0
gene-APS55_RS03480	1227	990.148	0	0
gene-APS55_RS03485	249	89.949	0	0
gene-APS55_RS03490	438	224.858	0	0
gene-APS55_RS03495	855	619.102	0	0
gene-APS55_RS03500	630	397.376	0	0
gene-APS55_RS03505	438	224.858	0	0
gene-APS55_RS03510	387	184.806	0	0
gene-APS55_RS03515	1674	1437.15	0	0
gene-APS55_RS03520	414	205.808	0	0
gene-APS55_RS03525	747	511.974	0	0
gene-APS55_RS03530	489	267.38	0	0
gene-APS55_RS03535	933	696.652	0	0
gene-APS55_RS03540	1026	789.148	0	0
gene-APS55_RS03545	1023	786.148	0	0
gene-APS55_RS03550	222	73.7674	0	0
gene-APS55_RS03555	1260	1023.15	0	0
gene-APS55_RS03560	255	93.4477	0	0
gene-APS55_RS03565	1035	798.148	0	0
gene-APS55_RS03570	282	110.248	0	0
gene-APS55_RS03575	603	371.341	0	0
gene-APS55_RS03580	513	288.215	0	0
gene-APS55_RS03585	489	267.38	0	0
gene-APS55_RS03590	933	696.652	0	0
gene-APS55_RS03595	570	340.278	0	0
gene-APS55_RS03600	723	488.376	0	0
gene-APS55_RS03605	714	479.425	0	0
gene-APS55_RS03610	1158	921.148	0	0
gene-APS55_RS03615	507	283.041	0	0
gene-APS55_RS03620	753	517.871	0	0
gene-APS55_RS03625	558	328.755	0	0
gene-APS55_RS03630	705	470.425	0	0
gene-APS55_RS03635	729	494.327	0	0
gene-APS55_RS03640	1623	1386.15	0	0
gene-APS55_RS03645	1623	1386.15	0	0
gene-APS55_RS03650	1686	1449.15	0	0
gene-APS55_RS03655	882	645.786	0	0
gene-APS55_RS03660	858	622.04	0	0
gene-APS55_RS03665	456	239.474	0	0
gene-APS55_RS03670	414	205.808	0	0
gene-APS55_RS03675	798	562.277	0	0
gene-APS55_RS03680	717	482.425	0	0
gene-APS55_RS03685	705	470.425	0	0
gene-APS55_RS03690	1371	1134.15	0	0
gene-APS55_RS03700	753	517.871	0	0
gene-APS55_RS03705	1173	936.148	0	0
gene-APS55_RS03710	903	666.72	0	0
gene-APS55_RS03715	612	379.885	0	0
gene-APS55_RS03720	645	411.887	0	0
gene-APS55_RS03725	1383	1146.15	0	0
gene-APS55_RS03730	636	403.175	0	0
gene-APS55_RS03735	1377	1140.15	0	0
gene-APS55_RS03740	315	131.376	0	0
gene-APS55_RS03745	1299	1062.15	2	0.343868
gene-APS55_RS03750	327	139.697	0	0
gene-APS55_RS03755	360	164.089	0	0
gene-APS55_RS03760	1368	1131.15	0	0
gene-APS55_RS03765	1281	1044.15	0	0
gene-APS55_RS03770	912	675.72	0	0
gene-APS55_RS03775	729	494.327	0	0
gene-APS55_RS03780	720	485.425	0	0
gene-APS55_RS03785	792	556.333	0	0
gene-APS55_RS03790	630	397.376	0	0
gene-APS55_RS03795	1086	849.148	0	0
gene-APS55_RS03800	768	532.607	0	0
gene-APS55_RS03805	861	624.978	0	0
gene-APS55_RS03810	885	648.786	0	0
gene-APS55_RS03815	1086	849.148	0	0
gene-APS55_RS03820	1245	1008.15	0	0
gene-APS55_RS03825	1410	1173.15	0	0
gene-APS55_RS03830	348	155.386	0	0
gene-APS55_RS03835	1638	1401.15	0	0
gene-APS55_RS03840	801	565.277	0	0
gene-APS55_RS03845	6474	6237.15	0	0
gene-APS55_RS03850	4278	4041.15	0	0
gene-APS55_RS03855	813	577.22	0	0
gene-APS55_RS03860	1338	1101.15	0	0
gene-APS55_RS03865	1515	1278.15	0	0
gene-APS55_RS03870	933	696.652	0	0
gene-APS55_RS03875	489	267.38	0	0
gene-APS55_RS03880	1461	1224.15	0	0
gene-APS55_RS03885	1323	1086.15	0	0
gene-APS55_RS03890	1323	1086.15	0	0
gene-APS55_RS03895	447	232.186	0	0
gene-APS55_RS03900	759	523.871	0	0
gene-APS55_RS03905	744	509.025	0	0
gene-APS55_RS03910	915	678.72	0	0
gene-APS55_RS03915	573	343.139	0	0
gene-APS55_RS03920	690	455.704	0	0
gene-APS55_RS03925	324	137.442	0	0
gene-APS55_RS03930	603	371.341	0	0
gene-APS55_RS07810	978	741.224	1	0.246375
gene-APS55_RS03940	528	301.637	0	0
gene-APS55_RS03945	489	267.38	0	0
gene-APS55_RS03950	468	249.142	0	0
gene-APS55_RS03955	1470	1233.15	1	0.148092
gene-APS55_RS03960	345	153.15	0	0
gene-APS55_RS03965	663	429.548	0	0
gene-APS55_RS03970	1623	1386.15	0	0
gene-APS55_RS03975	882	645.786	0	0
gene-APS55_RS03980	1806	1569.15	0	0
gene-APS55_RS03985	1212	975.148	0	0
gene-APS55_RS03990	798	562.277	0	0
gene-APS55_RS03995	1734	1497.15	1	0.121978
gene-APS55_RS04000	657	423.677	0	0
gene-APS55_RS04005	975	738.297	0	0
gene-APS55_RS04010	243	86.2978	0	0
gene-APS55_RS04015	900	663.72	0	0
gene-APS55_RS04020	741	506.126	0	0
gene-APS55_RS04025	438	224.858	0	0
gene-APS55_RS04030	414	205.808	0	0
gene-APS55_RS04035	1374	1137.15	0	0
gene-APS55_RS04040	774	538.607	0	0
gene-APS55_RS04045	768	532.607	0	0
gene-APS55_RS04050	762	526.713	0	0
gene-APS55_RS04055	591	359.748	0	0
gene-APS55_RS04060	444	229.732	0	0
gene-APS55_RS04065	1239	1002.15	0	0
gene-APS55_RS04070	990	753.224	0	0
gene-APS55_RS04075	909	672.72	0	0
gene-APS55_RS04080	975	738.297	0	0
gene-APS55_RS04085	612	379.885	0	0
gene-APS55_RS04090	2691	2454.15	0	0
gene-APS55_RS04095	924	687.652	0	0
gene-APS55_RS04100	1392	1155.15	0	0
gene-APS55_RS04105	939	702.582	0	0
gene-APS55_RS04110	942	705.582	0	0
gene-APS55_RS04115	1740	1503.15	0	0
gene-APS55_RS04120	489	267.38	0	0
gene-APS55_RS04125	954	717.37	0	0
gene-APS55_RS04130	654	420.762	0	0
gene-APS55_RS04135	312	129.046	0	0
gene-APS55_RS04140	228	77.1541	1	2.36694
gene-APS55_RS04145	525	298.977	0	0
gene-APS55_RS04150	198	58.6161	0	0
gene-APS55_RS04155	1002	765.148	0	0
gene-APS55_RS04160	966	729.297	0	0
gene-APS55_RS04165	960	723.297	0	0
gene-APS55_RS04170	918	681.652	0	0
gene-APS55_RS04175	1791	1554.15	0	0
gene-APS55_RS04180	705	470.425	0	0
gene-APS55_RS04185	180	48.1736	0	0
gene-APS55_RS04190	669	435.331	0	0
gene-APS55_RS04195	903	666.72	0	0
gene-APS55_RS04200	801	565.277	0	0
gene-APS55_RS07815	1380	1143.15	0	0
gene-APS55_RS04210	552	323.12	0	0
gene-APS55_RS04215	1590	1353.15	0	0
gene-APS55_RS04220	939	702.582	0	0
gene-APS55_RS04225	795	559.277	0	0
gene-APS55_RS04230	912	675.72	0	0
gene-APS55_RS04235	1410	1173.15	0	0
gene-APS55_RS04240	1923	1686.15	0	0
gene-APS55_RS04245	909	672.72	0	0
gene-APS55_RS04250	861	624.978	0	0
gene-APS55_RS04255	1200	963.148	0	0
gene-APS55_RS04260	1065	828.148	0	0
gene-APS55_RS04265	765	529.66	0	0
gene-APS55_RS04270	1929	1692.15	0	0
gene-APS55_RS04275	492	269.905	0	0
gene-APS55_RS04280	825	589.162	0	0
gene-APS55_RS04285	1071	834.148	0	0
gene-APS55_RS04290	693	458.704	0	0
gene-APS55_RS04295	1164	927.148	0	0
gene-APS55_RS04300	693	458.704	0	0
gene-APS55_RS04305	684	449.977	0	0
gene-APS55_RS04310	1176	939.148	0	0
gene-APS55_RS04315	1512	1275.15	0	0
gene-APS55_RS04320	1407	1170.15	0	0
gene-APS55_RS04325	591	359.748	0	0
gene-APS55_RS07820	300	120.861	0	0
gene-APS55_RS04330	972	735.297	0	0
gene-APS55_RS04335	1368	1131.15	0	0
gene-APS55_RS04340	1317	1080.15	0	0
gene-APS55_RS04345	705	470.425	0	0
gene-APS55_RS04350	1146	909.148	0	0
gene-APS55_RS04355	915	678.72	0	0
gene-APS55_RS04360	759	523.871	0	0
gene-APS55_RS04365	1182	945.148	0	0
gene-APS55_RS04370	1077	840.148	0	0
gene-APS55_RS04375	450	234.736	0	0
gene-APS55_RS04380	420	210.479	0	0
gene-APS55_RS04385	921	684.652	0	0
gene-APS55_RS04390	1374	1137.15	0	0
gene-APS55_RS04395	1035	798.148	0	0
gene-APS55_RS04400	2364	2127.15	0	0
gene-APS55_RS04405	474	254.347	0	0
gene-APS55_RS04410	849	613.102	0	0
gene-APS55_RS04415	717	482.425	0	0
gene-APS55_RS04420	261	97.1757	0	0
gene-APS55_RS04425	1500	1263.15	0	0
gene-APS55_RS04430	372	173.403	0	0
gene-APS55_RS04435	1230	993.148	0	0
gene-APS55_RS04440	978	741.224	0	0
gene-APS55_RS04445	1161	924.148	0	0
gene-APS55_RS04450	696	461.658	0	0
gene-APS55_RS04455	729	494.327	0	0
gene-APS55_RS04460	735	500.227	0	0
gene-APS55_RS04465	933	696.652	0	0
gene-APS55_RS04470	489	267.38	0	0
gene-APS55_RS04475	183	49.9191	0	0
gene-APS55_RS04480	636	403.175	0	0
gene-APS55_RS04485	1317	1080.15	0	0
gene-APS55_RS04490	555	325.955	0	0
gene-APS55_RS04495	1011	774.148	0	0
gene-APS55_RS04500	576	345.999	0	0
gene-APS55_RS04505	1401	1164.15	0	0
gene-APS55_RS04510	870	633.915	0	0
gene-APS55_RS04515	639	406.134	0	0
gene-APS55_RS04520	903	666.72	0	0
gene-APS55_RS04525	1890	1653.15	0	0
gene-APS55_RS04530	330	141.889	0	0
gene-APS55_RS04535	510	285.63	0	0
gene-APS55_RS04540	462	244.394	0	0
gene-APS55_RS04545	864	627.915	0	0
gene-APS55_RS04550	771	535.607	0	0
gene-APS55_RS04555	897	660.786	0	0
gene-APS55_RS04560	996	759.148	0	0
gene-APS55_RS04565	1641	1404.15	1	0.130057
gene-APS55_RS04570	375	175.674	0	0
gene-APS55_RS04575	1554	1317.15	0	0
gene-APS55_RS04580	810	574.277	0	0
gene-APS55_RS04585	912	675.72	0	0
gene-APS55_RS04590	2421	2184.15	0	0
gene-APS55_RS04595	417	208.169	0	0
gene-APS55_RS04600	555	325.955	0	0
gene-APS55_RS04605	324	137.442	0	0
gene-APS55_RS04610	708	473.425	0	0
gene-APS55_RS04615	1272	1035.15	0	0
gene-APS55_RS04620	1626	1389.15	0	0
gene-APS55_RS04625	930	693.652	0	0
gene-APS55_RS04630	1020	783.148	0	0
gene-APS55_RS04635	1047	810.148	0	0
gene-APS55_RS04640	942	705.582	0	0
gene-APS55_RS04645	666	432.418	0	0
gene-APS55_RS04650	2301	2064.15	0	0
gene-APS55_RS04655	924	687.652	0	0
gene-APS55_RS04660	1548	1311.15	0	0
gene-APS55_RS04665	1329	1092.15	0	0
gene-APS55_RS04670	822	586.162	0	0
gene-APS55_RS04675	906	669.72	0	0
gene-APS55_RS04680	1017	780.148	0	0
gene-APS55_RS04685	1806	1569.15	0	0
gene-APS55_RS04690	1389	1152.15	0	0
gene-APS55_RS04695	357	161.939	0	0
gene-APS55_RS04700	633	400.256	0	0
gene-APS55_RS04705	810	574.277	0	0
gene-APS55_RS04710	762	526.713	0	0
gene-APS55_RS04715	399	193.785	0	0
gene-APS55_RS04720	543	314.965	0	0
gene-APS55_RS04725	915	678.72	0	0
gene-APS55_RS04730	345	153.15	0	0
gene-APS55_RS04735	657	423.677	0	0
gene-APS55_RS04740	756	520.871	0	0
gene-APS55_RS04745	465	246.848	0	0
gene-APS55_RS04750	369	170.944	0	0
gene-APS55_RS04755	834	598.102	0	0
gene-APS55_RS04760	669	435.331	0	0
gene-APS55_RS04765	810	574.277	0	0
gene-APS55_RS04770	504	280.361	0	0
gene-APS55_RS04775	1458	1221.15	0	0
gene-APS55_RS04780	642	409.052	0	0
gene-APS55_RS04785	1284	1047.15	0	0
rna-APS55_RS04790	73	34.8061	0	0
rna-APS55_RS04795	73	34.8061	0	0
rna-APS55_RS04800	84	27.3408	0	0
rna-APS55_RS04805	74	33.7981	0	0
rna-APS55_RS04810	72	34.1546	0	0
rna-APS55_RS04815	86	26.6667	0	0
rna-APS55_RS04820	74	33.7981	0	0
rna-APS55_RS04825	74	33.7981	0	0
gene-APS55_RS04830	468	249.142	0	0
gene-APS55_RS04835	2499	2262.15	1	0.0807282
gene-APS55_RS04840	3600	3363.15	1	0.0543001
gene-APS55_RS04845	3663	3426.15	0	0
gene-APS55_RS04850	660	426.634	0	0
gene-APS55_RS04855	414	205.808	0	0
gene-APS55_RS04860	471	251.746	0	0
gene-APS55_RS04865	2091	1854.15	1	0.0984923
gene-APS55_RS04870	309	127.008	0	0
gene-APS55_RS04875	636	403.175	2	0.905905
gene-APS55_RS04880	624	391.496	0	0
gene-APS55_RS04885	288	114.117	0	0
gene-APS55_RS04890	840	604.102	1	0.302298
gene-APS55_RS04895	276	106.499	0	0
gene-APS55_RS04900	348	155.386	0	0
gene-APS55_RS04905	672	438.199	0	0
gene-APS55_RS04910	435	222.584	0	0
gene-APS55_RS04915	195	56.8308	0	0
gene-APS55_RS04920	261	97.1757	0	0
gene-APS55_RS04925	369	170.944	0	0
gene-APS55_RS04930	309	127.008	0	0
gene-APS55_RS04935	543	314.965	0	0
gene-APS55_RS04940	186	51.5528	0	0
gene-APS55_RS04945	399	193.785	0	0
gene-APS55_RS04950	540	312.253	0	0
gene-APS55_RS04955	357	161.939	0	0
gene-APS55_RS04960	504	280.361	0	0
gene-APS55_RS04965	183	49.9191	0	0
gene-APS55_RS04970	432	220.183	0	0
gene-APS55_RS04975	1317	1080.15	0	0
gene-APS55_RS04980	660	426.634	0	0
gene-APS55_RS04985	219	71.7234	1	2.54616
gene-APS55_RS04990	117	20.3514	0	0
gene-APS55_RS04995	366	168.799	0	0
gene-APS55_RS05000	390	187.171	0	0
gene-APS55_RS05005	951	714.441	0	0
gene-APS55_RS05010	384	182.393	0	0
gene-APS55_RS05015	828	592.102	0	0
gene-APS55_RS05020	876	639.915	0	0
gene-APS55_RS05025	795	559.277	0	0
gene-APS55_RS05030	801	565.277	0	0
gene-APS55_RS05035	531	304.451	0	0
gene-APS55_RS05040	393	189.447	0	0
gene-APS55_RS05045	600	368.453	0	0
gene-APS55_RS05050	285	112.337	0	0
gene-APS55_RS05055	567	337.416	0	0
gene-APS55_RS05060	576	345.999	0	0
gene-APS55_RS05065	2262	2025.15	0	0
gene-APS55_RS05070	2019	1782.15	0	0
gene-APS55_RS05075	1101	864.148	0	0
gene-APS55_RS05080	306	124.664	0	0
gene-APS55_RS05085	1461	1224.15	0	0
gene-APS55_RS05090	1422	1185.15	0	0
gene-APS55_RS05095	981	744.224	0	0
gene-APS55_RS05100	1368	1131.15	0	0
gene-APS55_RS05105	2019	1782.15	0	0
gene-APS55_RS05110	2991	2754.15	0	0
gene-APS55_RS05115	1293	1056.15	0	0
gene-APS55_RS05120	1878	1641.15	0	0
gene-APS55_RS05125	876	639.915	0	0
gene-APS55_RS05130	672	438.199	0	0
gene-APS55_RS05135	1329	1092.15	0	0
gene-APS55_RS05140	1551	1314.15	0	0
gene-APS55_RS05145	750	514.922	0	0
gene-APS55_RS05150	1320	1083.15	0	0
rna-APS55_RS05155	73	34.8061	0	0
gene-APS55_RS05160	864	627.915	0	0
gene-APS55_RS05165	858	622.04	0	0
gene-APS55_RS05170	915	678.72	0	0
gene-APS55_RS05175	888	651.786	0	0
gene-APS55_RS05180	795	559.277	0	0
gene-APS55_RS05185	756	520.871	0	0
gene-APS55_RS05190	708	473.425	0	0
gene-APS55_RS05195	708	473.425	0	0
gene-APS55_RS05200	885	648.786	0	0
gene-APS55_RS05205	1356	1119.15	0	0
gene-APS55_RS05210	420	210.479	0	0
gene-APS55_RS05215	936	699.582	0	0
gene-APS55_RS05220	1128	891.148	0	0
gene-APS55_RS05225	891	654.786	0	0
gene-APS55_RS05230	462	244.394	0	0
gene-APS55_RS05235	828	592.102	0	0
gene-APS55_RS05240	1110	873.148	0	0
gene-APS55_RS05245	411	203.419	0	0
gene-APS55_RS05250	1578	1341.15	0	0
gene-APS55_RS05255	1038	801.148	0	0
gene-APS55_RS05260	2172	1935.15	0	0
gene-APS55_RS07825	201	60.3796	0	0
gene-APS55_RS05265	267	101.144	0	0
gene-APS55_RS05270	1188	951.148	0	0
gene-APS55_RS05275	1023	786.148	0	0
gene-APS55_RS05280	1014	777.148	0	0
gene-APS55_RS05285	2061	1824.15	0	0
rna-APS55_RS05290	1583	1346.15	12132.2	1645.86
rna-APS55_RS05295	75	33.5463	0	0
rna-APS55_RS05300	73	34.8061	3	15.7403
rna-APS55_RS05305	2921	2684.15	3464.38	235.703
rna-APS55_RS05310	117	20.3514	0	0
rna-APS55_RS05315	73	34.8061	0	0
rna-APS55_RS05320	73	34.8061	0	0
rna-APS55_RS05325	73	34.8061	0	0
rna-APS55_RS05330	72	34.1546	0	0
rna-APS55_RS05335	89	24.3347	0	0
rna-APS55_RS05340	74	33.7981	0	0
rna-APS55_RS05345	74	33.7981	0	0
rna-APS55_RS05350	74	33.7981	0	0
rna-APS55_RS05355	74	33.7981	0	0
rna-APS55_RS05360	88	25.2965	0	0
rna-APS55_RS05365	74	33.7981	0	0
rna-APS55_RS05370	75	33.5463	0	0
rna-APS55_RS05375	73	34.8061	0	0
rna-APS55_RS05380	71	34.2128	0	0
rna-APS55_RS05385	75	33.5463	0	0
rna-APS55_RS05390	88	25.2965	0	0
rna-APS55_RS05395	73	34.8061	0	0
rna-APS55_RS05400	74	33.7981	0	0
rna-APS55_RS05405	75	33.5463	0	0
rna-APS55_RS05410	73	34.8061	0	0
rna-APS55_RS05415	88	25.2965	0	0
gene-APS55_RS05420	432	220.183	0	0
gene-APS55_RS05425	2205	1968.15	0	0
gene-APS55_RS05430	453	236.93	0	0
gene-APS55_RS05435	762	526.713	0	0
gene-APS55_RS05440	1062	825.148	0	0
gene-APS55_RS05445	1155	918.148	0	0
gene-APS55_RS05450	1800	1563.15	0	0
gene-APS55_RS05455	687	452.796	0	0
gene-APS55_RS05460	633	400.256	0	0
gene-APS55_RS05465	810	574.277	0	0
gene-APS55_RS05470	888	651.786	0	0
gene-APS55_RS05475	852	616.102	0	0
gene-APS55_RS05480	513	288.215	0	0
gene-APS55_RS05485	2373	2136.15	0	0
gene-APS55_RS07830	120	21.1455	0	0
gene-APS55_RS07835	357	161.939	0	0
gene-APS55_RS05490	426	215.129	0	0
gene-APS55_RS05495	948	711.441	0	0
gene-APS55_RS05500	378	177.878	0	0
gene-APS55_RS05505	2154	1917.15	0	0
gene-APS55_RS05510	957	720.37	0	0
gene-APS55_RS05515	1380	1143.15	0	0
gene-APS55_RS05520	1092	855.148	0	0
gene-APS55_RS05525	888	651.786	0	0
gene-APS55_RS05530	1362	1125.15	0	0
gene-APS55_RS05535	1233	996.148	0	0
gene-APS55_RS05540	405	198.514	0	0
gene-APS55_RS05545	783	547.388	0	0
gene-APS55_RS05550	642	409.052	0	0
gene-APS55_RS05555	2799	2562.15	0	0
gene-APS55_RS05560	204	62.0897	0	0
gene-APS55_RS05565	555	325.955	0	0
gene-APS55_RS05570	252	91.7168	0	0
gene-APS55_RS05575	693	458.704	0	0
gene-APS55_RS05580	1155	918.148	0	0
gene-APS55_RS05585	339	148.373	0	0
gene-APS55_RS05590	1128	891.148	0	0
gene-APS55_RS05595	657	423.677	0	0
gene-APS55_RS05600	714	479.425	0	0
gene-APS55_RS05605	2559	2322.15	0	0
gene-APS55_RS05610	957	720.37	0	0
gene-APS55_RS05615	987	750.224	0	0
gene-APS55_RS05620	1428	1191.15	0	0
gene-APS55_RS05625	909	672.72	0	0
gene-APS55_RS05630	1683	1446.15	0	0
gene-APS55_RS05635	216	69.8915	0	0
gene-APS55_RS05640	447	232.186	0	0
gene-APS55_RS05645	564	334.587	0	0
gene-APS55_RS05650	918	681.652	0	0
gene-APS55_RS05655	282	110.248	0	0
gene-APS55_RS05660	792	556.333	0	0
gene-APS55_RS05665	1839	1602.15	0	0
gene-APS55_RS05670	1176	939.148	0	0
gene-APS55_RS05675	279	108.464	0	0
gene-APS55_RS05680	558	328.755	0	0
gene-APS55_RS05685	477	256.972	0	0
gene-APS55_RS05690	1050	813.148	0	0
gene-APS55_RS05695	666	432.418	0	0
gene-APS55_RS05700	480	259.538	0	0
gene-APS55_RS05705	2118	1881.15	0	0
gene-APS55_RS05710	1029	792.148	0	0
gene-APS55_RS05715	249	89.949	0	0
gene-APS55_RS05720	270	103.079	1	1.77164
gene-APS55_RS05725	1692	1455.15	0	0
gene-APS55_RS05730	915	678.72	0	0
gene-APS55_RS05735	1188	951.148	0	0
gene-APS55_RS05740	1305	1068.15	0	0
gene-APS55_RS05745	1236	999.148	0	0
gene-APS55_RS05750	591	359.748	0	0
gene-APS55_RS05755	273	105.037	0	0
gene-APS55_RS05760	1788	1551.15	0	0
gene-APS55_RS05765	1293	1056.15	1	0.172911
gene-APS55_RS05770	936	699.582	0	0
gene-APS55_RS05775	2304	2067.15	0	0
gene-APS55_RS05780	519	293.616	0	0
rna-APS55_RS05785	87	26.0237	0	0
gene-APS55_RS05790	285	112.337	0	0
gene-APS55_RS05795	1146	909.148	0	0
gene-APS55_RS05800	1167	930.148	0	0
gene-APS55_RS05805	441	227.347	0	0
gene-APS55_RS05810	636	403.175	0	0
gene-APS55_RS05815	258	95.3596	0	0
gene-APS55_RS05820	219	71.7234	0	0
gene-APS55_RS05825	624	391.496	0	0
gene-APS55_RS05830	753	517.871	0	0
gene-APS55_RS05835	285	112.337	0	0
gene-APS55_RS05840	999	762.148	0	0
gene-APS55_RS05845	747	511.974	0	0
gene-APS55_RS05850	876	639.915	0	0
gene-APS55_RS05855	723	488.376	0	0
gene-APS55_RS05860	564	334.587	0	0
gene-APS55_RS05865	399	193.785	0	0
gene-APS55_RS05870	759	523.871	0	0
gene-APS55_RS05875	789	553.388	0	0
gene-APS55_RS05880	1272	1035.15	0	0
gene-APS55_RS05885	1710	1473.15	0	0
gene-APS55_RS05890	4332	4095.15	0	0
gene-APS55_RS05895	474	254.347	0	0
gene-APS55_RS05900	1089	852.148	0	0
gene-APS55_RS05905	300	120.861	0	0
gene-APS55_RS05910	303	122.716	0	0
gene-APS55_RS05915	2241	2004.15	1	0.0911206
gene-APS55_RS05920	354	159.705	0	0
gene-APS55_RS05925	912	675.72	0	0
gene-APS55_RS05930	939	702.582	0	0
gene-APS55_RS05935	1041	804.148	1	0.227097
gene-APS55_RS05940	579	348.788	0	0
gene-APS55_RS05945	1860	1623.15	2	0.225019
gene-APS55_RS05950	1158	921.148	0	0
gene-APS55_RS05955	1839	1602.15	0	0
gene-APS55_RS05960	1251	1014.15	0	0
gene-APS55_RS05965	5040	4803.15	0	0
gene-APS55_RS05970	741	506.126	0	0
gene-APS55_RS05975	330	141.889	0	0
gene-APS55_RS05980	885	648.786	0	0
gene-APS55_RS05985	744	509.025	0	0
gene-APS55_RS05990	2229	1992.15	0	0
gene-APS55_RS05995	447	232.186	0	0
gene-APS55_RS06000	630	397.376	0	0
gene-APS55_RS06005	849	613.102	0	0
gene-APS55_RS06010	1290	1053.15	0	0
gene-APS55_RS06015	1782	1545.15	1	0.118189
gene-APS55_RS06020	903	666.72	0	0
gene-APS55_RS06025	510	285.63	0	0
gene-APS55_RS06030	879	642.851	0	0
gene-APS55_RS06035	1152	915.148	0	0
gene-APS55_RS06040	810	574.277	0	0
gene-APS55_RS06045	1215	978.148	0	0
gene-APS55_RS06050	906	669.72	0	0
gene-APS55_RS06055	813	577.22	0	0
gene-APS55_RS06060	195	56.8308	0	0
gene-APS55_RS06065	444	229.732	0	0
gene-APS55_RS06070	969	732.297	0	0
gene-APS55_RS06075	480	259.538	0	0
gene-APS55_RS06080	396	191.63	0	0
gene-APS55_RS06085	909	672.72	0	0
gene-APS55_RS06090	762	526.713	0	0
gene-APS55_RS06095	933	696.652	0	0
gene-APS55_RS06100	2079	1842.15	0	0
gene-APS55_RS06105	1839	1602.15	0	0
gene-APS55_RS06110	1113	876.148	0	0
gene-APS55_RS06115	696	461.658	0	0
gene-APS55_RS06120	804	568.277	0	0
gene-APS55_RS06125	1236	999.148	0	0
gene-APS55_RS06130	2583	2346.15	0	0
gene-APS55_RS06135	189	53.2657	0	0
gene-APS55_RS06140	3378	3141.15	0	0
gene-APS55_RS06145	1761	1524.15	0	0
gene-APS55_RS06150	885	648.786	0	0
gene-APS55_RS06155	888	651.786	0	0
gene-APS55_RS06160	369	170.944	0	0
gene-APS55_RS06165	756	520.871	0	0
gene-APS55_RS06170	561	331.688	0	0
gene-APS55_RS06175	726	491.327	0	0
gene-APS55_RS06180	582	351.575	0	0
gene-APS55_RS06185	1038	801.148	0	0
gene-APS55_RS06190	1443	1206.15	0	0
gene-APS55_RS06195	567	337.416	0	0
gene-APS55_RS06200	681	446.977	0	0
gene-APS55_RS06205	1206	969.148	0	0
gene-APS55_RS06210	1308	1071.15	0	0
gene-APS55_RS06215	276	106.499	0	0
gene-APS55_RS06220	1263	1026.15	0	0
gene-APS55_RS06225	846	610.102	0	0
gene-APS55_RS06230	1209	972.148	0	0
gene-APS55_RS06235	1905	1668.15	0	0
gene-APS55_RS06240	951	714.441	0	0
gene-APS55_RS06245	492	269.905	0	0
gene-APS55_RS06250	924	687.652	0	0
gene-APS55_RS06255	591	359.748	0	0
gene-APS55_RS06260	219	71.7234	0	0
gene-APS55_RS06265	858	622.04	0	0
gene-APS55_RS06270	765	529.66	0	0
gene-APS55_RS06275	879	642.851	0	0
gene-APS55_RS06280	2109	1872.15	0	0
gene-APS55_RS06285	912	675.72	0	0
gene-APS55_RS06290	873	636.915	0	0
gene-APS55_RS06295	930	693.652	0	0
gene-APS55_RS06300	276	106.499	0	0
gene-APS55_RS06305	771	535.607	0	0
gene-APS55_RS06310	528	301.637	0	0
gene-APS55_RS06315	348	155.386	0	0
gene-APS55_RS06320	1041	804.148	0	0
gene-APS55_RS06325	2412	2175.15	0	0
gene-APS55_RS06330	1140	903.148	0	0
gene-APS55_RS06335	675	441.199	0	0
gene-APS55_RS06340	477	256.972	0	0
gene-APS55_RS06345	489	267.38	0	0
gene-APS55_RS06350	933	696.652	0	0
gene-APS55_RS06355	2598	2361.15	0	0
gene-APS55_RS06360	2052	1815.15	0	0
gene-APS55_RS06365	150	33.4675	0	0
gene-APS55_RS06370	543	314.965	0	0
gene-APS55_RS06375	627	394.456	0	0
gene-APS55_RS06380	198	58.6161	0	0
gene-APS55_RS06385	969	732.297	0	0
gene-APS55_RS06390	381	179.973	0	0
gene-APS55_RS06395	489	267.38	0	0
gene-APS55_RS06400	933	696.652	0	0
gene-APS55_RS07840	177	46.825	0	0
gene-APS55_RS06405	930	693.652	0	0
gene-APS55_RS06410	369	170.944	0	0
gene-APS55_RS06415	1344	1107.15	0	0
gene-APS55_RS06420	513	288.215	0	0
rna-APS55_RS06425	74	33.7981	0	0
gene-APS55_RS06430	309	127.008	0	0
gene-APS55_RS06435	345	153.15	0	0
gene-APS55_RS06440	297	119.014	0	0
gene-APS55_RS06445	564	334.587	0	0
gene-APS55_RS06450	438	224.858	0	0
gene-APS55_RS06455	402	196.065	0	0
gene-APS55_RS06460	858	622.04	0	0
gene-APS55_RS06465	1341	1104.15	0	0
gene-APS55_RS06470	231	78.702	0	0
gene-APS55_RS06475	894	657.786	0	0
gene-APS55_RS06480	807	571.277	0	0
gene-APS55_RS06485	1692	1455.15	0	0
gene-APS55_RS06490	618	385.73	0	0
gene-APS55_RS06495	204	62.0897	0	0
gene-APS55_RS06500	1191	954.148	0	0
gene-APS55_RS06505	2415	2178.15	0	0
gene-APS55_RS06510	957	720.37	0	0
gene-APS55_RS06515	1338	1101.15	0	0
gene-APS55_RS06520	732	497.278	0	0
gene-APS55_RS06525	1896	1659.15	0	0
gene-APS55_RS06530	900	663.72	0	0
gene-APS55_RS06535	651	417.762	0	0
gene-APS55_RS06540	648	414.804	0	0
gene-APS55_RS06545	186	51.5528	0	0
gene-APS55_RS06550	360	164.089	0	0
gene-APS55_RS06555	1638	1401.15	0	0
gene-APS55_RS06560	2031	1794.15	0	0
gene-APS55_RS06565	1041	804.148	0	0
gene-APS55_RS06570	249	89.949	0	0
gene-APS55_RS06575	693	458.704	0	0
gene-APS55_RS06580	3558	3321.15	0	0
gene-APS55_RS06585	1224	987.148	0	0
gene-APS55_RS06590	342	150.555	0	0
gene-APS55_RS06595	1479	1242.15	0	0
gene-APS55_RS06600	1101	864.148	0	0
gene-APS55_RS06605	1230	993.148	0	0
gene-APS55_RS06610	288	114.117	0	0
gene-APS55_RS06615	276	106.499	0	0
gene-APS55_RS06620	258	95.3596	0	0
gene-APS55_RS06625	525	298.977	0	0
gene-APS55_RS06630	747	511.974	0	0
gene-APS55_RS06635	357	161.939	0	0
gene-APS55_RS06640	1431	1194.15	0	0
gene-APS55_RS06645	189	53.2657	0	0
gene-APS55_RS06650	1506	1269.15	0	0
gene-APS55_RS06655	807	571.277	0	0
gene-APS55_RS06660	1344	1107.15	0	0
gene-APS55_RS06665	810	574.277	0	0
gene-APS55_RS06670	1488	1251.15	0	0
gene-APS55_RS06675	1038	801.148	0	0
gene-APS55_RS06680	1065	828.148	0	0
gene-APS55_RS06685	969	732.297	0	0
gene-APS55_RS06690	885	648.786	0	0
gene-APS55_RS06695	2724	2487.15	0	0
gene-APS55_RS06700	504	280.361	0	0
gene-APS55_RS06705	735	500.227	0	0
gene-APS55_RS06710	2319	2082.15	0	0
gene-APS55_RS06715	612	379.885	0	0
gene-APS55_RS06720	567	337.416	0	0
gene-APS55_RS06725	387	184.806	0	0
rna-APS55_RS06730	376	176.369	18	18.6379
gene-APS55_RS06735	1134	897.148	0	0
gene-APS55_RS06740	1125	888.148	0	0
gene-APS55_RS06745	390	187.171	0	0
gene-APS55_RS06750	384	182.393	0	0
gene-APS55_RS06755	1656	1419.15	0	0
gene-APS55_RS06760	447	232.186	0	0
gene-APS55_RS06765	918	681.652	0	0
gene-APS55_RS06770	528	301.637	0	0
gene-APS55_RS06775	1074	837.148	0	0
gene-APS55_RS06780	2499	2262.15	0	0
gene-APS55_RS06785	486	264.853	0	0
gene-APS55_RS06790	531	304.451	0	0
gene-APS55_RS06795	456	239.474	0	0
gene-APS55_RS06800	471	251.746	0	0
gene-APS55_RS06805	579	348.788	0	0
gene-APS55_RS06810	957	720.37	0	0
gene-APS55_RS06815	870	633.915	1	0.288081
gene-APS55_RS06820	1713	1476.15	0	0
gene-APS55_RS06825	555	325.955	0	0
gene-APS55_RS06830	957	720.37	0	0
gene-APS55_RS06835	522	296.313	0	0
gene-APS55_RS06840	438	224.858	1	0.812155
gene-APS55_RS06845	708	473.425	0	0
gene-APS55_RS06850	927	690.652	0	0
gene-APS55_RS06855	969	732.297	0	0
gene-APS55_RS06860	2466	2229.15	0	0
gene-APS55_RS06865	1971	1734.15	0	0
gene-APS55_RS06870	612	379.885	0	0
gene-APS55_RS06875	1557	1320.15	0	0
gene-APS55_RS06880	687	452.796	0	0
gene-APS55_RS06885	180	48.1736	0	0
gene-APS55_RS06890	555	325.955	0	0
gene-APS55_RS06895	1224	987.148	0	0
gene-APS55_RS06900	735	500.227	0	0
gene-APS55_RS06905	357	161.939	0	0
gene-APS55_RS06910	612	379.885	0	0
gene-APS55_RS06915	618	385.73	0	0
gene-APS55_RS06920	312	129.046	0	0
gene-APS55_RS06925	1134	897.148	0	0
gene-APS55_RS06930	537	309.666	0	0
gene-APS55_RS06935	357	161.939	0	0
gene-APS55_RS06940	189	53.2657	0	0
gene-APS55_RS06945	510	285.63	0	0
gene-APS55_RS06950	1944	1707.15	0	0
gene-APS55_RS06955	936	699.582	0	0
gene-APS55_RS06960	1386	1149.15	0	0
gene-APS55_RS06965	471	251.746	0	0
gene-APS55_RS06970	585	354.218	0	0
gene-APS55_RS06975	834	598.102	0	0
gene-APS55_RS06980	2649	2412.15	0	0
gene-APS55_RS06985	705	470.425	0	0
gene-APS55_RS06990	1332	1095.15	0	0
gene-APS55_RS06995	2256	2019.15	0	0
gene-APS55_RS07000	645	411.887	0	0
gene-APS55_RS07005	318	133.428	0	0
gene-APS55_RS07010	651	417.762	0	0
gene-APS55_RS07015	1212	975.148	0	0
gene-APS55_RS07020	738	503.227	0	0
gene-APS55_RS07025	429	217.564	0	0
gene-APS55_RS07030	312	129.046	0	0
gene-APS55_RS07035	903	666.72	0	0
gene-APS55_RS07040	2493	2256.15	0	0
gene-APS55_RS07045	1233	996.148	0	0
gene-APS55_RS07050	2094	1857.15	0	0
gene-APS55_RS07055	1692	1455.15	0	0
rna-APS55_RS07060	71	34.2128	0	0
gene-APS55_RS07065	225	75.4231	0	0
gene-APS55_RS07070	930	693.652	0	0
gene-APS55_RS07075	369	170.944	0	0
gene-APS55_RS07080	720	485.425	0	0
gene-APS55_RS07085	1251	1014.15	0	0
gene-APS55_RS07090	1539	1302.15	0	0
gene-APS55_RS07095	1884	1647.15	0	0
gene-APS55_RS07100	2262	2025.15	0	0
gene-APS55_RS07105	339	148.373	0	0
gene-APS55_RS07110	1794	1557.15	0	0
gene-APS55_RS07115	372	173.403	0	0
gene-APS55_RS07120	633	400.256	0	0
gene-APS55_RS07125	1416	1179.15	0	0
gene-APS55_RS07130	837	601.102	0	0
gene-APS55_RS07135	660	426.634	0	0
gene-APS55_RS07140	1653	1416.15	0	0
gene-APS55_RS07145	2418	2181.15	0	0
gene-APS55_RS07150	567	337.416	0	0
gene-APS55_RS07155	1464	1227.15	0	0
gene-APS55_RS07160	1188	951.148	0	0
rna-APS55_RS07165	84	27.3408	0	0
rna-APS55_RS07170	71	34.2128	0	0
rna-APS55_RS07175	72	34.1546	0	0
rna-APS55_RS07180	73	34.8061	0	0
rna-APS55_RS07185	71	34.2128	0	0
rna-APS55_RS07190	86	26.6667	0	0
rna-APS55_RS07195	73	34.8061	0	0
rna-APS55_RS07200	75	33.5463	0	0
rna-APS55_RS07205	73	34.8061	0	0
rna-APS55_RS07210	73	34.8061	0	0
rna-APS55_RS07215	92	22.2248	0	0
rna-APS55_RS07220	73	34.8061	0	0
rna-APS55_RS07225	117	20.3514	0	0
rna-APS55_RS07230	2921	2684.15	1025.33	69.7594
rna-APS55_RS07235	1583	1346.15	2595.41	352.095
gene-APS55_RS07240	591	359.748	0	0
gene-APS55_RS07245	639	406.134	0	0
gene-APS55_RS07250	489	267.38	0	0
gene-APS55_RS07255	933	696.652	0	0
gene-APS55_RS07260	645	411.887	0	0
gene-APS55_RS07265	780	544.553	0	0
gene-APS55_RS07270	555	325.955	0	0
gene-APS55_RS07275	1476	1239.15	0	0
gene-APS55_RS07280	609	377.075	0	0
gene-APS55_RS07285	1371	1134.15	0	0
gene-APS55_RS07290	1191	954.148	0	0
gene-APS55_RS07295	1035	798.148	0	0
gene-APS55_RS07300	423	212.807	0	0
gene-APS55_RS07310	399	193.785	0	0
gene-APS55_RS07315	306	124.664	0	0
gene-APS55_RS07320	978	741.224	0	0
gene-APS55_RS07325	909	672.72	0	0
gene-APS55_RS07330	735	500.227	0	0
gene-APS55_RS07335	1002	765.148	0	0
gene-APS55_RS07340	423	212.807	0	0
gene-APS55_RS07345	393	189.447	1	0.963962
gene-APS55_RS07350	591	359.748	0	0
gene-APS55_RS07355	816	580.22	0	0
gene-APS55_RS07360	492	269.905	0	0
gene-APS55_RS07365	312	129.046	4	5.6606
gene-APS55_RS07370	2358	2121.15	0	0
gene-APS55_RS07375	486	264.853	0	0
gene-APS55_RS07380	264	99.2773	0	0
gene-APS55_RS07385	315	131.376	0	0
gene-APS55_RS07390	423	212.807	0	0
gene-APS55_RS07395	273	105.037	0	0
gene-APS55_RS07400	2643	2406.15	0	0
gene-APS55_RS07405	1362	1125.15	0	0
gene-APS55_RS07410	969	732.297	0	0
gene-APS55_RS07415	315	131.376	0	0
gene-APS55_RS07420	1011	774.148	0	0
gene-APS55_RS07425	618	385.73	0	0
gene-APS55_RS07430	1941	1704.15	0	0
gene-APS55_RS07435	2622	2385.15	1	0.0765651
gene-APS55_RS07440	801	565.277	0	0
gene-APS55_RS07445	1566	1329.15	0	0
gene-APS55_RS07450	1047	810.148	4	0.901659
gene-APS55_RS07455	468	249.142	0	0
gene-APS55_RS07460	588	357.074	0	0
gene-APS55_RS07465	858	622.04	1	0.293581
gene-APS55_RS07470	1272	1035.15	0	0
gene-APS55_RS07475	1275	1038.15	0	0
gene-APS55_RS07480	864	627.915	0	0
gene-APS55_RS07485	639	406.134	0	0
gene-APS55_RS07490	639	406.134	0	0
gene-APS55_RS07495	804	568.277	0	0
gene-APS55_RS07500	672	438.199	0	0
gene-APS55_RS07505	519	293.616	0	0
gene-APS55_RS07510	852	616.102	0	0
gene-APS55_RS07515	1005	768.148	0	0
gene-APS55_RS07520	1311	1074.15	0	0
gene-APS55_RS07525	2661	2424.15	0	0
gene-APS55_RS07530	498	275.081	0	0
gene-APS55_RS07535	1218	981.148	0	0
gene-APS55_RS07540	1149	912.148	0	0
gene-APS55_RS07545	1710	1473.15	0	0
gene-APS55_RS07550	465	246.848	0	0
gene-APS55_RS07555	609	377.075	0	0
gene-APS55_RS07560	480	259.538	0	0
gene-APS55_RS07565	1254	1017.15	0	0
gene-APS55_RS07575	462	244.394	0	0
gene-APS55_RS07580	843	607.102	0	0
gene-APS55_RS07585	555	325.955	0	0
gene-APS55_RS07590	1101	864.148	0	0
gene-APS55_RS07595	759	523.871	0	0
gene-APS55_RS07600	867	630.915	0	0
gene-APS55_RS07605	384	182.393	0	0
gene-APS55_RS07610	825	589.162	0	0
gene-APS55_RS07615	693	458.704	0	0
gene-APS55_RS07620	1035	798.148	0	0
gene-APS55_RS07625	1203	966.148	0	0
gene-APS55_RS07630	225	75.4231	0	0
gene-APS55_RS07845	276	106.499	0	0
gene-APS55_RS07635	996	759.148	0	0
gene-APS55_RS07640	1308	1071.15	0	0
gene-APS55_RS07910	216	69.8915	0	0
gene-APS55_RS07650	423	212.807	0	0
gene-APS55_RS07655	1407	1170.15	0	0
gene-APS55_RS07660	903	666.72	0	0
gene-APS55_RS07665	1525	1288.15	0	0
gene-APS55_RS07915	162	39.1658	0	0
gene-APS55_RS07670	211	66.6197	0	0
gene-APS55_RS07675	622	389.575	1	0.468766
gene-APS55_RS07680	1126	889.148	0	0
gene-APS55_RS00005	40	15.7931	0	0
gene-JF74_RS00005	1368	1131.15	5	0.80723
gene-JF74_RS00010	1131	894.148	13	2.6551
gene-JF74_RS00015	210	66.0331	3	8.29671
gene-JF74_RS00020	1140	903.148	36	7.27931
gene-JF74_RS00025	1965	1728.15	28	2.95885
gene-JF74_RS00030	2487	2250.15	28	2.27245
gene-JF74_RS00035	294	117.242	10	15.5763
gene-JF74_RS00040	522	296.313	2.21007	1.36207
gene-JF74_RS00045	243	86.2978	0	0
gene-JF74_RS00050	2022	1785.15	11	1.12529
gene-JF74_RS00055	456	239.474	3	2.28776
gene-JF74_RS00060	1380	1143.15	5	0.798756
gene-JF74_RS10440	159	37.5282	6	29.1971
gene-JF74_RS00065	1200	963.148	1	0.189607
gene-JF74_RS00070	702	467.519	1	0.390613
rna-JF74_RS00075	73	34.8061	0	0
gene-JF74_RS00080	1119	882.148	1	0.207017
gene-JF74_RS00085	1242	1005.15	1	0.181684
gene-JF74_RS00090	870	633.915	0	0
gene-JF74_RS00095	261	97.1757	1	1.87927
gene-JF74_RS00100	1338	1101.15	1	0.165844
gene-JF74_RS00105	714	479.425	1	0.380913
gene-JF74_RS00110	2424	2187.15	4	0.333986
gene-JF74_RS00115	510	285.63	2	1.27871
gene-JF74_RS00120	1014	777.148	0	0
gene-JF74_RS00125	2868	2631.15	2	0.138813
gene-JF74_RS00130	1104	867.148	2	0.421195
gene-JF74_RS10445	216	69.8915	0	0
gene-JF74_RS00135	1028	791.148	4	0.923313
gene-JF74_RS00140	252	91.7168	0	0
gene-JF74_RS00145	846	610.102	0	0
gene-JF74_RS10280	1227	990.148	0	0
gene-JF74_RS10285	180	48.1736	0	0
gene-JF74_RS00160	273	105.037	0	0
gene-JF74_RS00165	1251	1014.15	1	0.180072
gene-JF74_RS00170	957	720.37	0	0
gene-JF74_RS00175	261	97.1757	0	0
gene-JF74_RS00185	752	516.871	1	0.353317
gene-JF74_RS00190	849	613.102	0	0
gene-JF74_RS00195	1239	1002.15	0	0
gene-JF74_RS00200	864	627.915	0	0
gene-JF74_RS00210	1244	1007.15	0	0
gene-JF74_RS00215	843	607.102	4	1.20322
gene-JF74_RS00220	2589	2352.15	0	0
gene-JF74_RS00225	360	164.089	0	0
gene-JF74_RS00230	312	129.046	0	0
gene-JF74_RS00235	1287	1050.15	1	0.173899
gene-JF74_RS00240	1491	1254.15	2	0.291224
gene-JF74_RS00245	417	208.169	0	0
gene-JF74_RS00250	471	251.746	0	0
gene-JF74_RS00255	783	547.388	3	1.00086
gene-JF74_RS00260	828	592.102	0	0
gene-JF74_RS00265	771	535.607	0	0
gene-JF74_RS00270	1074	837.148	0	0
gene-JF74_RS00275	474	254.347	1	0.717991
gene-JF74_RS00280	726	491.327	0	0
gene-JF74_RS00285	1947	1710.15	3	0.320357
gene-JF74_RS00290	216	69.8915	0	0
gene-JF74_RS00295	969	732.297	0	0
gene-JF74_RS00300	954	717.37	0	0
gene-JF74_RS10290	216	69.8915	0	0
gene-JF74_RS00310	459	242.039	0	0
gene-JF74_RS00315	1899	1662.15	0	0
gene-JF74_RS00320	501	277.795	0	0
gene-JF74_RS00325	801	565.277	0	0
gene-JF74_RS00330	831	595.102	0	0
gene-JF74_RS00335	393	189.447	0	0
gene-JF74_RS00340	1125	888.148	0	0
gene-JF74_RS00345	1572	1335.15	0	0
gene-JF74_RS00350	393	189.447	0	0
gene-JF74_RS00355	492	269.905	8	5.41285
gene-JF74_RS00360	834	598.102	2	0.610662
gene-JF74_RS00365	834	598.102	2	0.610662
gene-JF74_RS00370	1011	774.148	5	1.17949
gene-JF74_RS00375	1431	1194.15	9	1.37636
gene-JF74_RS00380	1119	882.148	3	0.62105
gene-JF74_RS00385	1263	1026.15	2	0.355932
gene-JF74_RS00390	870	633.915	1	0.288081
gene-JF74_RS00395	846	610.102	2	0.598651
gene-JF74_RS00400	1599	1362.15	0	0
gene-JF74_RS00405	288	114.117	0	0
gene-JF74_RS00410	759	523.871	0	0
gene-JF74_RS00415	705	470.425	0	0
gene-JF74_RS10080	555	325.955	0	0
gene-JF74_RS00425	966	729.297	0	0
gene-JF74_RS00430	1806	1569.15	1	0.116381
gene-JF74_RS00435	894	657.786	0	0
gene-JF74_RS00440	492	269.905	3	2.02982
gene-JF74_RS00445	1653	1416.15	1	0.128955
gene-JF74_RS00450	732	497.278	1	0.367238
gene-JF74_RS00455	1980	1743.15	2	0.209528
gene-JF74_RS00460	1896	1659.15	0	0
gene-JF74_RS00465	321	135.439	0	0
gene-JF74_RS00470	1227	990.148	0	0
gene-JF74_RS00475	345	153.15	0	0
gene-JF74_RS00480	1446	1209.15	0	0
gene-JF74_RS00485	678	444.021	0	0
gene-JF74_RS00490	897	660.786	1	0.276366
gene-JF74_RS00495	1224	987.148	0	0
gene-JF74_RS00500	894	657.786	0	0
gene-JF74_RS00505	948	711.441	0	0
gene-JF74_RS00510	771	535.607	0	0
gene-JF74_RS00515	777	541.553	0.5	0.168607
gene-JF74_RS00520	879	642.851	1	0.284077
gene-JF74_RS00525	354	159.705	0	0
gene-JF74_RS00530	867	630.915	4	1.15781
gene-JF74_RS00535	1746	1509.15	2	0.242016
gene-JF74_RS00540	864	627.915	9	2.61751
gene-JF74_RS00545	543	314.965	0	0
gene-JF74_RS00550	519	293.616	1	0.621965
gene-JF74_RS00555	393	189.447	0	0
gene-JF74_RS00560	387	184.806	1	0.988166
gene-JF74_RS00565	2235	1998.15	3	0.274183
gene-JF74_RS00570	186	51.5528	0	0
gene-JF74_RS00575	711	476.425	1	0.383312
gene-JF74_RS00580	864	627.915	19	5.52585
gene-JF74_RS00585	768	532.607	7	2.40015
gene-JF74_RS00590	1011	774.148	2	0.471794
gene-JF74_RS00595	828	592.102	4	1.2337
gene-JF74_RS00600	2841	2604.15	4	0.280505
gene-JF74_RS00605	252	91.7168	0	0
gene-JF74_RS10295	90	23.2463	0	0
gene-JF74_RS00610	1086	849.148	1	0.215062
gene-JF74_RS00615	843	607.102	0	0
gene-JF74_RS00620	1887	1650.15	0	0
gene-JF74_RS00625	711	476.425	0	0
gene-JF74_RS00630	1881	1644.15	5	0.555361
gene-JF74_RS00635	822	586.162	5	1.55775
gene-JF74_RS00640	915	678.72	0	0
gene-JF74_RS00645	1200	963.148	1	0.189607
gene-JF74_RS00650	1770	1533.15	0	0
gene-JF74_RS00655	915	678.72	0	0
gene-JF74_RS00660	759	523.871	1	0.348596
gene-JF74_RS00665	1002	765.148	0	0
gene-JF74_RS00670	1212	975.148	0	0
gene-JF74_RS00675	1977	1740.15	2	0.209889
gene-JF74_RS00680	1026	789.148	0	0
gene-JF74_RS00685	224	74.7765	1	2.4422
gene-JF74_RS00690	231	78.702	10	23.2039
gene-JF74_RS00695	888	651.786	1	0.280183
gene-JF74_RS00700	948	711.441	1	0.256689
gene-JF74_RS00705	840	604.102	4	1.20919
gene-JF74_RS00710	765	529.66	2	0.689572
gene-JF74_RS00715	837	601.102	0	0
gene-JF74_RS00720	846	610.102	0	0
gene-JF74_RS00725	495	272.68	0	0
gene-JF74_RS00730	423	212.807	0	0
gene-JF74_RS00735	708	473.425	5	1.9287
gene-JF74_RS00740	720	485.425	7	2.63343
gene-JF74_RS00745	741	506.126	0	0
gene-JF74_RS00750	735	500.227	3	1.09522
gene-JF74_RS00755	891	654.786	0	0
gene-JF74_RS00760	810	574.277	2	0.635997
gene-JF74_RS00765	645	411.887	1	0.443372
gene-JF74_RS00770	327	139.697	2	2.61451
gene-JF74_RS00775	1587	1350.15	0	0
gene-JF74_RS00780	1089	852.148	1	0.214305
gene-JF74_RS00785	876	639.915	0	0
gene-JF74_RS00790	522	296.313	0	0
rna-JF74_RS00795	76	33.0619	0	0
rna-JF74_RS00800	73	34.8061	0	0
gene-JF74_RS00805	717	482.425	12	4.54253
gene-JF74_RS00810	1854	1617.15	3	0.33878
gene-JF74_RS00815	1335	1098.15	0	0
gene-JF74_RS00820	828	592.102	1	0.308425
gene-JF74_RS00825	798	562.277	7	2.27349
gene-JF74_RS00830	1209	972.148	5	0.939256
gene-JF74_RS00835	480	259.538	6	4.2218
gene-JF74_RS00840	1418	1181.15	3	0.463835
gene-JF74_RS00845	654	420.762	0	0
gene-JF74_RS00850	1359	1122.15	1	0.162741
gene-JF74_RS00855	939	702.582	0	0
gene-JF74_RS00860	897	660.786	1	0.276366
gene-JF74_RS00865	561	331.688	5	2.75287
gene-JF74_RS00870	1101	864.148	4	0.845315
gene-JF74_RS00875	360	164.089	11	12.2422
gene-JF74_RS10450	141	29.1263	0	0
gene-JF74_RS00880	918	681.652	2	0.535813
gene-JF74_RS10085	1989	1752.15	0.5	0.052113
gene-JF74_RS00890	1524	1287.15	8	1.13503
gene-JF74_RS00895	1842	1605.15	0.5	0.0568855
gene-JF74_RS00900	837	601.102	0	0
gene-JF74_RS00905	1710	1473.15	0	0
gene-JF74_RS00910	1524	1287.15	17	2.41194
gene-JF74_RS00915	1323	1086.15	9	1.51321
gene-JF74_RS00920	1080	843.148	1	0.216592
gene-JF74_RS00925	999	762.148	2	0.479223
gene-JF74_RS00930	687	452.796	2	0.80663
gene-JF74_RS00935	1596	1359.15	6	0.806178
gene-JF74_RS00940	372	173.403	4	4.21259
gene-JF74_RS00945	402	196.065	1	0.931423
gene-JF74_RS00950	924	687.652	0	0
gene-JF74_RS00955	750	514.922	0	0
gene-JF74_RS00960	1626	1389.15	0	0
gene-JF74_RS00965	633	400.256	0	0
gene-JF74_RS00970	360	164.089	0	0
gene-JF74_RS00975	780	544.553	0	0
gene-JF74_RS00980	705	470.425	1	0.3882
gene-JF74_RS00985	1014	777.148	0	0
gene-JF74_RS00990	477	256.972	4	2.84263
gene-JF74_RS00995	303	122.716	0	0
gene-JF74_RS01000	642	409.052	15	6.69667
gene-JF74_RS01005	1458	1221.15	2	0.299094
gene-JF74_RS01010	933	696.652	4	1.04855
gene-JF74_RS01015	804	568.277	4	1.28542
gene-JF74_RS01020	966	729.297	3	0.751213
gene-JF74_RS01025	846	610.102	12	3.59191
gene-JF74_RS01030	657	423.677	10	4.31034
gene-JF74_RS01035	981	744.224	10	2.45382
gene-JF74_RS01040	684	449.977	4	1.62337
gene-JF74_RS01045	831	595.102	2	0.61374
gene-JF74_RS01050	474	254.347	0	0
gene-JF74_RS01055	591	359.748	0	0
gene-JF74_RS01060	285	112.337	0	0
gene-JF74_RS01065	1005	768.148	2	0.475479
gene-JF74_RS01070	1005	768.148	1	0.23774
gene-JF74_RS01075	1086	849.148	0	0
gene-JF74_RS01080	774	538.607	2	0.678117
gene-JF74_RS01085	1125	888.148	2	0.411236
gene-JF74_RS01090	771	535.607	0	0
gene-JF74_RS01095	819	583.162	3	0.939461
gene-JF74_RS01100	264	99.2773	6	11.0369
gene-JF74_RS01105	531	304.451	2	1.19966
gene-JF74_RS01110	591	359.748	1	0.507631
gene-JF74_RS01115	888	651.786	0	0
gene-JF74_RS01120	654	420.762	0	0
gene-JF74_RS01125	357	161.939	0	0
gene-JF74_RS01130	2532	2295.15	0	0
gene-JF74_RS01135	714	479.425	0	0
gene-JF74_RS01140	786	550.388	5	1.659
gene-JF74_RS01145	1629	1392.15	2	0.262356
gene-JF74_RS01150	1326	1089.15	4	0.670687
gene-JF74_RS01155	1212	975.148	1	0.187273
gene-JF74_RS01160	810	574.277	1	0.317998
gene-JF74_RS01165	615	382.808	1	0.477052
gene-JF74_RS01170	750	514.922	2	0.709308
gene-JF74_RS01175	1806	1569.15	2	0.232762
gene-JF74_RS01180	1815	1578.15	5	0.578587
gene-JF74_RS01185	1479	1242.15	5.38951	0.792359
gene-JF74_RS01190	534	307.013	1	0.594826
gene-JF74_RS01195	831	595.102	0	0
gene-JF74_RS01200	1014	777.148	1	0.234986
gene-JF74_RS01205	1086	849.148	6	1.29037
gene-JF74_RS01210	918	681.652	41	10.9842
gene-JF74_RS01215	1896	1659.15	18	1.98123
gene-JF74_RS01220	378	177.878	5	5.13326
gene-JF74_RS01225	546	317.643	1	0.57492
gene-JF74_RS01230	960	723.297	23	5.80707
gene-JF74_RS01235	315	131.376	8	11.1204
gene-JF74_RS01240	1203	966.148	2	0.378036
gene-JF74_RS01245	879	642.851	0	0
gene-JF74_RS01250	957	720.37	0	0
gene-JF74_RS01255	783	547.388	1	0.333619
gene-JF74_RS01260	711	476.425	0	0
gene-JF74_RS01265	1173	936.148	1	0.195075
gene-JF74_RS01270	723	488.376	0	0
gene-JF74_RS01275	1428	1191.15	0	0
gene-JF74_RS01280	1383	1146.15	1	0.159333
gene-JF74_RS01285	855	619.102	0	0
gene-JF74_RS01290	645	411.887	1	0.443372
gene-JF74_RS01295	639	406.134	1	0.449652
gene-JF74_RS01300	2295	2058.15	7	0.621109
gene-JF74_RS01305	450	234.736	1	0.777977
gene-JF74_RS01310	573	343.139	1	0.532201
gene-JF74_RS01315	915	678.72	0	0
gene-JF74_RS01320	990	753.224	2	0.4849
gene-JF74_RS01325	573	343.139	3	1.5966
gene-JF74_RS01330	543	314.965	3	1.73942
gene-JF74_RS01335	852	616.102	0	0
gene-JF74_RS01340	1416	1179.15	1	0.154874
gene-JF74_RS01345	765	529.66	0	0
gene-JF74_RS01350	222	73.7674	1	2.47561
gene-JF74_RS01355	420	210.479	3	2.60291
gene-JF74_RS01365	681	446.977	0	0
gene-JF74_RS01370	768	532.607	0	0
gene-JF74_RS01375	606	374.341	0	0
gene-JF74_RS01380	522	296.313	0	0
gene-JF74_RS01385	1062	825.148	3	0.663951
gene-JF74_RS01390	675	441.199	1	0.413915
gene-JF74_RS01395	222	73.7674	3	7.42683
gene-JF74_RS01400	606	374.341	11	5.36626
gene-JF74_RS01405	540	312.253	38.9268	22.7661
gene-JF74_RS01410	549	320.48	8	4.55864
gene-JF74_RS01415	792	556.333	11	3.61081
gene-JF74_RS01420	930	693.652	9	2.36945
gene-JF74_RS10455	621	388.575	6	2.81983
gene-JF74_RS01430	537	309.666	1	0.58973
gene-JF74_RS01435	723	488.376	6	2.24359
gene-JF74_RS01440	849	613.102	3	0.893583
gene-JF74_RS01445	780	544.553	1	0.335356
gene-JF74_RS01450	888	651.786	8	2.24146
gene-JF74_RS01455	276	106.499	3	5.14425
gene-JF74_RS01460	1101	864.148	15	3.16993
gene-JF74_RS01465	783	547.388	9	3.00257
gene-JF74_RS01470	1725	1488.15	3	0.368147
gene-JF74_RS01475	1869	1632.15	0	0
gene-JF74_RS01480	1527	1290.15	5	0.707745
gene-JF74_RS01485	969	732.297	1	0.249378
gene-JF74_RS01490	687	452.796	4	1.61326
gene-JF74_RS01495	1155	918.148	3	0.596699
gene-JF74_RS01500	1572	1335.15	4	0.547113
gene-JF74_RS01505	747	511.974	3	1.07009
gene-JF74_RS01510	195	56.8308	0	0
gene-JF74_RS01515	1239	1002.15	0	0
gene-JF74_RS01520	1119	882.148	0	0
gene-JF74_RS01525	888	651.786	0	0
gene-JF74_RS01530	1479	1242.15	0	0
gene-JF74_RS01535	2280	2043.15	0	0
gene-JF74_RS01540	783	547.388	0	0
gene-JF74_RS01545	1317	1080.15	0	0
gene-JF74_RS01550	879	642.851	0	0
gene-JF74_RS01555	1044	807.148	1	0.226252
gene-JF74_RS01560	606	374.341	6	2.92705
gene-JF74_RS01565	1227	990.148	9	1.65993
gene-JF74_RS01570	474	254.347	5	3.58996
gene-JF74_RS10090	2622	2385.15	36	2.75635
gene-JF74_RS01580	1203	966.148	3	0.567054
gene-JF74_RS01585	708	473.425	0	0
gene-JF74_RS01590	990	753.224	0	0
gene-JF74_RS01595	2685	2448.15	0	0
gene-JF74_RS01600	420	210.479	0	0
gene-JF74_RS01605	483	262.155	0	0
gene-JF74_RS01610	810	574.277	3	0.953995
gene-JF74_RS01615	810	574.277	0	0
gene-JF74_RS01620	1059	822.148	0	0
gene-JF74_RS01625	741	506.126	0	0
gene-JF74_RS01630	477	256.972	0	0
gene-JF74_RS01635	798	562.277	0	0
gene-JF74_RS01640	798	562.277	0	0
gene-JF74_RS01645	435	222.584	1	0.820452
gene-JF74_RS01650	1077	840.148	0	0
gene-JF74_RS01655	2043	1806.15	1	0.10111
gene-JF74_RS01660	618	385.73	0	0
gene-JF74_RS01665	474	254.347	0	0
gene-JF74_RS01670	294	117.242	0	0
gene-JF74_RS01675	1398	1161.15	0	0
gene-JF74_RS01680	1146	909.148	0	0
gene-JF74_RS01685	459	242.039	0	0
gene-JF74_RS10095	867	630.915	0	0
gene-JF74_RS01695	840	604.102	0	0
gene-JF74_RS01700	819	583.162	0	0
gene-JF74_RS01705	498	275.081	0	0
gene-JF74_RS01710	420	210.479	0	0
gene-JF74_RS01715	864	627.915	0	0
gene-JF74_RS01720	747	511.974	0	0
gene-JF74_RS01725	1359	1122.15	0	0
gene-JF74_RS01730	501	277.795	0	0
gene-JF74_RS01735	804	568.277	0	0
gene-JF74_RS01740	918	681.652	0	0
gene-JF74_RS01745	969	732.297	0	0
gene-JF74_RS01750	969	732.297	1	0.249378
gene-JF74_RS01755	1272	1035.15	4	0.705674
gene-JF74_RS01760	942	705.582	8	2.07056
gene-JF74_RS01765	909	672.72	0	0
gene-JF74_RS01770	4176	3939.15	3	0.13908
gene-JF74_RS01775	912	675.72	0	0
gene-JF74_RS01780	306	124.664	0	0
gene-JF74_RS01785	669	435.331	0	0
gene-JF74_RS01790	1236	999.148	0	0
gene-JF74_RS01795	1248	1011.15	1	0.180606
gene-JF74_RS01800	915	678.72	8	2.15251
gene-JF74_RS01805	753	517.871	2	0.705269
gene-JF74_RS01810	450	234.736	0	0
gene-JF74_RS01815	642	409.052	1	0.446444
gene-JF74_RS01820	822	586.162	0	0
gene-JF74_RS01825	954	717.37	2	0.509136
gene-JF74_RS01830	873	636.915	1	0.286725
gene-JF74_RS01835	1086	849.148	5	1.07531
gene-JF74_RS01840	867	630.915	0	0
gene-JF74_RS01845	825	589.162	2	0.619929
gene-JF74_RS01850	1296	1059.15	8	1.37937
gene-JF74_RS01855	1311	1074.15	3	0.510039
gene-JF74_RS01860	1305	1068.15	1	0.170968
gene-JF74_RS01865	918	681.652	2	0.535813
gene-JF74_RS01870	924	687.652	1	0.265569
gene-JF74_RS01875	588	357.074	0	0
gene-JF74_RS01880	3033	2796.15	1	0.065311
gene-JF74_RS01885	1560	1323.15	1	0.138019
gene-JF74_RS01890	1011	774.148	1	0.235897
gene-JF74_RS01895	1377	1140.15	40	6.40686
gene-JF74_RS01900	780	544.553	2	0.670713
gene-JF74_RS01905	606	374.341	0	0
gene-JF74_RS01910	543	314.965	0	0
gene-JF74_RS01915	1308	1071.15	0	0
rna-JF74_RS01920	1868	1631.15	51422.6	5757.14
rna-JF74_RS01925	117	20.3514	5	44.8666
rna-JF74_RS01930	76	33.0619	0	0
gene-JF74_RS01935	1011	774.148	22	5.18974
gene-JF74_RS01940	810	574.277	5	1.58999
gene-JF74_RS01945	915	678.72	6	1.61438
gene-JF74_RS01950	363	166.29	3	3.29459
gene-JF74_RS01955	1371	1134.15	1	0.161019
gene-JF74_RS01960	549	320.48	0	0
gene-JF74_RS01965	993	756.224	0	0
gene-JF74_RS01970	759	523.871	0	0
rna-JF74_RS01975	73	34.8061	0	0
gene-JF74_RS01980	1206	969.148	4	0.753731
gene-JF74_RS01985	2097	1860.15	0	0
gene-JF74_RS01990	1215	978.148	1	0.186699
gene-JF74_RS01995	1173	936.148	1	0.195075
gene-JF74_RS10100	1002	765.148	2	0.477344
gene-JF74_RS02005	765	529.66	9	3.10307
gene-JF74_RS02010	618	385.73	5	2.36719
gene-JF74_RS02015	897	660.786	3	0.829099
gene-JF74_RS02020	1221	984.148	0	0
gene-JF74_RS02025	1176	939.148	0	0
gene-JF74_RS02030	339	148.373	0	0
gene-JF74_RS02035	1140	903.148	1	0.202203
gene-JF74_RS02040	456	239.474	0	0
gene-JF74_RS02045	1041	804.148	1	0.227097
gene-JF74_RS02050	204	62.0897	0	0
gene-JF74_RS02055	1233	996.148	7	1.28328
gene-JF74_RS02060	294	117.242	0	0
gene-JF74_RS02065	2781	2544.15	0	0
gene-JF74_RS02070	1276	1039.15	2	0.351479
gene-JF74_RS02075	972	735.297	0	0
gene-JF74_RS02080	1473	1236.15	6	0.886395
gene-JF74_RS02085	1269	1032.15	2	0.353862
gene-JF74_RS02090	822	586.162	1	0.311551
gene-JF74_RS02095	762	526.713	2	0.69343
gene-JF74_RS02100	891	654.786	3	0.836697
gene-JF74_RS02105	1176	939.148	0	0
gene-JF74_RS02110	2361	2124.15	1	0.0859729
gene-JF74_RS02115	247	88.8167	0	0
gene-JF74_RS02120	339	148.373	0	0
gene-JF74_RS02125	843	607.102	0	0
gene-JF74_RS02130	1836	1599.15	0	0
gene-JF74_RS02135	1416	1179.15	0	0
gene-JF74_RS02140	765	529.66	0	0
gene-JF74_RS02145	963	726.297	0	0
gene-JF74_RS02150	930	693.652	1	0.263272
gene-JF74_RS02155	756	520.871	16	5.60966
gene-JF74_RS02160	429	217.564	6	5.0363
gene-JF74_RS02165	576	345.999	2	1.0556
gene-JF74_RS02170	651	417.762	2	0.874274
gene-JF74_RS02175	753	517.871	0	0
gene-JF74_RS02180	1179	942.148	1	0.193833
gene-JF74_RS02185	510	285.63	0	0
gene-JF74_RS02190	783	547.388	0	0
gene-JF74_RS02195	816	580.22	0	0
gene-JF74_RS02200	429	217.564	0	0
gene-JF74_RS02205	288	114.117	0	0
gene-JF74_RS02210	1890	1653.15	1	0.110468
gene-JF74_RS02215	1578	1341.15	0	0
gene-JF74_RS02220	834	598.102	4	1.22132
gene-JF74_RS02225	816	580.22	1	0.314741
gene-JF74_RS02230	975	738.297	0	0
gene-JF74_RS02235	798	562.277	0	0
gene-JF74_RS02240	717	482.425	23.2632	8.80613
gene-JF74_RS02245	1167	930.148	9	1.767
gene-JF74_RS02250	489	267.38	22	15.0259
gene-JF74_RS02255	924	687.652	9	2.39012
gene-JF74_RS02260	819	583.162	10	3.13154
gene-JF74_RS02265	402	196.065	20	18.6285
gene-JF74_RS02270	2019	1782.15	10	1.02471
gene-JF74_RS02275	2850	2613.15	4	0.279539
gene-JF74_RS02280	996	759.148	3	0.721675
gene-JF74_RS02285	762	526.713	0	0
gene-JF74_RS02290	930	693.652	3	0.789816
gene-JF74_RS02295	1920	1683.15	1	0.108499
gene-JF74_RS10460	117	20.3514	6	53.8399
gene-JF74_RS02300	669	435.331	0	0
gene-JF74_RS02305	723	488.376	0	0
gene-JF74_RS02310	996	759.148	2	0.481116
gene-JF74_RS02315	423	212.807	1	0.858146
gene-JF74_RS02320	471	251.746	0	0
gene-JF74_RS02325	795	559.277	1	0.326527
gene-JF74_RS02330	837	601.102	1	0.303807
gene-JF74_RS02335	978	741.224	1	0.246375
gene-JF74_RS02340	978	741.224	0	0
gene-JF74_RS02345	705	470.425	0	0
gene-JF74_RS02350	477	256.972	0	0
gene-JF74_RS02355	789	553.388	0	0
gene-JF74_RS02360	828	592.102	2	0.61685
gene-JF74_RS02365	1059	822.148	6	1.33275
gene-JF74_RS02370	516	290.887	1	0.627801
rna-JF74_RS02375	72	34.1546	0	0
gene-JF74_RS02380	711	476.425	0	0
gene-JF74_RS02385	1182	945.148	2	0.386435
rna-JF74_RS02390	85	27.0319	0	0
rna-JF74_RS02395	72	34.1546	0	0
gene-JF74_RS02400	1113	876.148	3	0.625303
gene-JF74_RS02405	699	464.566	3	1.17929
gene-JF74_RS02410	387	184.806	3	2.9645
gene-JF74_RS02415	732	497.278	1	0.367238
gene-JF74_RS02420	1092	855.148	2	0.427106
gene-JF74_RS02425	1479	1242.15	12	1.76423
gene-JF74_RS02430	831	595.102	9	2.76183
gene-JF74_RS02435	2640	2403.15	5	0.379958
gene-JF74_RS02440	258	95.3596	4	7.66023
gene-JF74_RS02445	429	217.564	6	5.0363
gene-JF74_RS02450	306	124.664	1	1.46489
gene-JF74_RS02455	2355	2118.15	15	1.29325
gene-JF74_RS02460	312	129.046	16	22.6424
gene-JF74_RS02465	372	173.403	13	13.6909
gene-JF74_RS02470	420	210.479	4	3.47054
gene-JF74_RS02475	789	553.388	6	1.98001
gene-JF74_RS02480	615	382.808	3	1.43116
gene-JF74_RS02485	816	580.22	2	0.629483
gene-JF74_RS02490	426	215.129	19	16.1287
gene-JF74_RS02495	414	205.808	5	4.43663
gene-JF74_RS02500	1101	864.148	4	0.845315
gene-JF74_RS02505	1002	765.148	11	2.62539
gene-JF74_RS02510	1389	1152.15	4	0.634013
gene-JF74_RS02515	336	146.093	2	2.50004
gene-JF74_RS02520	1398	1161.15	4	0.629099
gene-JF74_RS02525	579	348.788	6	3.14149
gene-JF74_RS02530	777	541.553	4	1.34886
gene-JF74_RS02535	609	377.075	0	0
gene-JF74_RS02540	651	417.762	0	0
gene-JF74_RS02545	960	723.297	2	0.504963
rna-JF74_RS02550	73	34.8061	0	0
rna-JF74_RS02555	73	34.8061	0	0
rna-JF74_RS02560	82	28.9745	0	0
rna-JF74_RS02565	73	34.8061	0	0
rna-JF74_RS02570	72	34.1546	0	0
rna-JF74_RS02575	86	26.6667	0	0
rna-JF74_RS02580	74	33.7981	0	0
rna-JF74_RS02585	74	33.7981	0	0
rna-JF74_RS02590	74	33.7981	0	0
rna-JF74_RS02595	74	33.7981	0	0
rna-JF74_RS02600	74	33.7981	0	0
rna-JF74_RS02605	74	33.7981	0	0
rna-JF74_RS02610	73	34.8061	0	0
rna-JF74_RS02615	71	34.2128	0	0
rna-JF74_RS02620	74	33.7981	2	10.8065
rna-JF74_RS02625	93	21.4895	0	0
rna-JF74_RS02630	72	34.1546	0	0
rna-JF74_RS02635	87	26.0237	0	0
rna-JF74_RS02640	74	33.7981	0	0
rna-JF74_RS02645	74	33.7981	0	0
rna-JF74_RS02650	76	33.0619	0	0
rna-JF74_RS02655	82	28.9745	0	0
rna-JF74_RS02660	71	34.2128	0	0
rna-JF74_RS02665	76	33.0619	0	0
rna-JF74_RS02670	72	34.1546	0	0
rna-JF74_RS02675	71	34.2128	0	0
rna-JF74_RS02680	85	27.0319	0	0
gene-JF74_RS02685	1173	936.148	3	0.585226
gene-JF74_RS02690	1044	807.148	1	0.226252
gene-JF74_RS02695	1026	789.148	3	0.69424
gene-JF74_RS02700	2061	1824.15	7	0.700784
gene-JF74_RS02705	234	80.3412	0	0
gene-JF74_RS02710	2325	2088.15	1	0.0874551
gene-JF74_RS02715	459	242.039	1	0.754503
gene-JF74_RS02720	657	423.677	0	0
gene-JF74_RS02725	1347	1110.15	8	1.316
gene-JF74_RS02730	570	340.278	1	0.536676
gene-JF74_RS02735	1083	846.148	1	0.215824
gene-JF74_RS02740	579	348.788	0	0
gene-JF74_RS02745	642	409.052	1	0.446444
gene-JF74_RS02750	879	642.851	2	0.568154
gene-JF74_RS02755	1488	1251.15	3	0.437884
gene-JF74_RS02760	735	500.227	1	0.365072
gene-JF74_RS02765	1443	1206.15	2	0.302814
gene-JF74_RS02770	1194	957.148	1	0.190795
gene-JF74_RS02775	219	71.7234	6	15.277
gene-JF74_RS02780	228	77.1541	18	42.605
gene-JF74_RS02785	336	146.093	31	38.7506
gene-JF74_RS02790	372	173.403	27	28.435
gene-JF74_RS02795	942	705.582	19	4.91759
gene-JF74_RS02800	1446	1209.15	13	1.96341
gene-JF74_RS02805	501	277.795	1	0.657388
gene-JF74_RS02810	1362	1125.15	11	1.78538
gene-JF74_RS02815	471	251.746	12	8.70492
gene-JF74_RS02820	693	458.704	6	2.38872
gene-JF74_RS02825	924	687.652	3	0.796707
gene-JF74_RS02830	726	491.327	2	0.743371
gene-JF74_RS02835	372	173.403	2	2.1063
gene-JF74_RS02840	765	529.66	1	0.344786
gene-JF74_RS02845	2403	2166.15	15	1.26459
gene-JF74_RS02850	2670	2433.15	4	0.300219
gene-JF74_RS02855	450	234.736	1	0.777977
gene-JF74_RS02860	732	497.278	4	1.46895
gene-JF74_RS02865	816	580.22	0	0
gene-JF74_RS02870	639	406.134	2	0.899305
gene-JF74_RS02875	654	420.762	4	1.73608
gene-JF74_RS02880	534	307.013	1	0.594826
gene-JF74_RS10105	741	506.126	1	0.360817
gene-JF74_RS02890	849	613.102	39	11.6166
gene-JF74_RS02895	1140	903.148	3	0.606609
gene-JF74_RS02900	1431	1194.15	4	0.611714
gene-JF74_RS02905	699	464.566	0	0
gene-JF74_RS02910	456	239.474	0	0
gene-JF74_RS02915	627	394.456	2	0.925929
gene-JF74_RS02920	1164	927.148	3	0.590906
gene-JF74_RS02925	681	446.977	4	1.63426
gene-JF74_RS02930	1752	1515.15	0	0
rna-JF74_RS02935	86	26.6667	0	0
gene-JF74_RS02940	648	414.804	1	0.440254
gene-JF74_RS02945	2244	2007.15	4	0.363938
gene-JF74_RS02950	2013	1776.15	14	1.43945
gene-JF74_RS02955	1140	903.148	8	1.61762
gene-JF74_RS02960	303	122.716	1	1.48814
gene-JF74_RS02965	1440	1203.15	0	0
gene-JF74_RS02970	1431	1194.15	3	0.458785
gene-JF74_RS02975	921	684.652	7	1.86713
gene-JF74_RS02980	711	476.425	2	0.766623
gene-JF74_RS02985	1353	1116.15	0	0
gene-JF74_RS02990	267	101.144	0	0
gene-JF74_RS02995	705	470.425	0	0
gene-JF74_RS03000	381	179.973	1	1.0147
gene-JF74_RS03005	366	168.799	0	0
gene-JF74_RS03010	459	242.039	0	0
gene-JF74_RS03015	435	222.584	0	0
gene-JF74_RS03020	687	452.796	0	0
gene-JF74_RS03025	1854	1617.15	0	0
gene-JF74_RS03030	1005	768.148	0	0
gene-JF74_RS03035	1908	1671.15	0	0
gene-JF74_RS03040	228	77.1541	1	2.36694
gene-JF74_RS03045	498	275.081	1	0.663873
gene-JF74_RS03050	1185	948.148	0	0
gene-JF74_RS10300	120	21.1455	0	0
gene-JF74_RS03055	1002	765.148	1	0.238672
gene-JF74_RS03060	708	473.425	8	3.08592
gene-JF74_RS03065	1230	993.148	2	0.367758
gene-JF74_RS03070	1329	1092.15	0	0
rna-JF74_RS03075	73	34.8061	0	0
gene-JF74_RS03080	237	82.3177	46	102.05
gene-JF74_RS03085	525	298.977	0	0
gene-JF74_RS03090	1194	957.148	0	0
gene-JF74_RS03095	1569	1332.15	0	0
gene-JF74_RS03100	852	616.102	5	1.48205
gene-JF74_RS10465	189	53.2657	0	0
gene-JF74_RS03110	1143	906.148	5	1.00767
gene-JF74_RS03115	516	290.887	2	1.2556
gene-JF74_RS03120	447	232.186	1	0.78652
gene-JF74_RS03125	828	592.102	1	0.308425
gene-JF74_RS03130	918	681.652	4	1.07163
gene-JF74_RS03135	894	657.786	0	0
gene-JF74_RS03140	1149	912.148	0	0
gene-JF74_RS03145	1227	990.148	0	0
gene-JF74_RS03150	1164	927.148	0	0
gene-JF74_RS03155	285	112.337	0	0
gene-JF74_RS03160	957	720.37	0	0
gene-JF74_RS03165	1377	1140.15	5	0.800858
gene-JF74_RS03170	816	580.22	4	1.25897
gene-JF74_RS03175	480	259.538	0	0
gene-JF74_RS03180	462	244.394	1	0.747232
gene-JF74_RS03185	873	636.915	5	1.43362
gene-JF74_RS03190	1572	1335.15	5	0.683891
gene-JF74_RS03195	282	110.248	7	11.5951
gene-JF74_RS03200	2205	1968.15	72	6.68069
gene-JF74_RS03205	183	49.9191	5	18.2915
gene-JF74_RS03210	267	101.144	16	28.8885
gene-JF74_RS03215	1734	1497.15	25	3.04945
gene-JF74_RS03220	399	193.785	6	5.65428
gene-JF74_RS03225	723	488.376	7	2.61752
gene-JF74_RS03230	843	607.102	2	0.601609
gene-JF74_RS03235	621	388.575	6	2.81983
gene-JF74_RS03240	624	391.496	2	0.932931
gene-JF74_RS03245	630	397.376	1	0.459562
gene-JF74_RS03250	807	571.277	3	0.959005
gene-JF74_RS03255	885	648.786	0	0
gene-JF74_RS03260	1035	798.148	3	0.686411
gene-JF74_RS03265	2757	2520.15	2	0.144927
gene-JF74_RS03270	381	179.973	6	6.08821
gene-JF74_RS03275	1212	975.148	2	0.374547
gene-JF74_RS03280	558	328.755	3	1.66646
gene-JF74_RS03285	393	189.447	2	1.92792
gene-JF74_RS03290	2451	2214.15	9	0.742305
gene-JF74_RS03295	729	494.327	10	3.6943
gene-JF74_RS03300	1119	882.148	13	2.69122
gene-JF74_RS03305	561	331.688	8	4.4046
gene-JF74_RS03310	1179	942.148	4	0.775331
gene-JF74_RS03315	624	391.496	0	0
gene-JF74_RS03320	936	699.582	6	1.56624
gene-JF74_RS03325	660	426.634	1	0.428046
gene-JF74_RS03330	1110	873.148	17	3.55556
gene-JF74_RS03335	1632	1395.15	20	2.61792
gene-JF74_RS03340	1011	774.148	2	0.471794
gene-JF74_RS03345	1806	1569.15	11	1.28019
gene-JF74_RS03350	1797	1560.15	11	1.28758
gene-JF74_RS03355	1155	918.148	2	0.397799
gene-JF74_RS03360	675	441.199	1	0.413915
gene-JF74_RS03365	1284	1047.15	0	0
gene-JF74_RS03370	690	455.704	0	0
gene-JF74_RS03375	549	320.48	28	15.9552
gene-JF74_RS03380	2400	2163.15	15	1.26634
gene-JF74_RS03385	1116	879.148	6	1.24634
gene-JF74_RS03390	282	110.248	2	3.31288
gene-JF74_RS03395	963	726.297	2	0.502877
gene-JF74_RS03400	837	601.102	2	0.607614
gene-JF74_RS03405	1020	783.148	5	1.16593
gene-JF74_RS03410	936	699.582	10	2.6104
gene-JF74_RS03415	1725	1488.15	12	1.47259
gene-JF74_RS03420	2043	1806.15	16	1.61776
gene-JF74_RS03425	2850	2613.15	37	2.58574
gene-JF74_RS03430	543	314.965	1	0.579808
gene-JF74_RS03435	879	642.851	7	1.98854
gene-JF74_RS03440	1026	789.148	5	1.15707
gene-JF74_RS03445	936	699.582	3	0.783121
gene-JF74_RS03450	585	354.218	24	12.3733
gene-JF74_RS03455	1437	1200.15	3	0.456492
gene-JF74_RS03460	471	251.746	2	1.45082
gene-JF74_RS03465	1443	1206.15	0	0
gene-JF74_RS03470	1527	1290.15	2	0.283098
gene-JF74_RS03475	1023	786.148	2	0.464593
gene-JF74_RS03480	1032	795.148	15	3.445
gene-JF74_RS03485	1017	780.148	8.18362	1.91565
gene-JF74_RS03490	1212	975.148	11	2.06001
gene-JF74_RS03495	756	520.871	1	0.350604
gene-JF74_RS03500	633	400.256	4	1.82502
gene-JF74_RS03505	606	374.341	2	0.975684
gene-JF74_RS03510	570	340.278	0	0
gene-JF74_RS03515	855	619.102	1	0.294974
gene-JF74_RS03520	393	189.447	0	0
gene-JF74_RS03525	1569	1332.15	0	0
gene-JF74_RS03535	876	639.915	2	0.570761
gene-JF74_RS03540	696	461.658	2	0.791144
gene-JF74_RS03545	999	762.148	2	0.479223
gene-JF74_RS03550	474	254.347	0	0
gene-JF74_RS03555	534	307.013	0	0
gene-JF74_RS03560	900	663.72	6	1.65087
gene-JF74_RS03565	846	610.102	6	1.79595
gene-JF74_RS03570	978	741.224	6	1.47825
gene-JF74_RS03575	1353	1116.15	4	0.654462
gene-JF74_RS10110	1014	777.148	3	0.704959
gene-JF74_RS03585	1812	1575.15	3	0.347813
gene-JF74_RS03590	816	580.22	2	0.629483
gene-JF74_RS03595	438	224.858	3	2.43646
gene-JF74_RS03600	711	476.425	1	0.383312
gene-JF74_RS03605	1524	1287.15	2	0.283758
gene-JF74_RS03610	1398	1161.15	1	0.157275
gene-JF74_RS03615	426	215.129	4	3.39553
gene-JF74_RS03620	1146	909.148	1	0.200869
gene-JF74_RS03625	987	750.224	0	0
gene-JF74_RS10305	798	562.277	0	0
gene-JF74_RS03635	783	547.388	0	0
gene-JF74_RS03640	204	62.0897	0	0
gene-JF74_RS03645	375	175.674	7	7.27674
gene-JF74_RS03650	1908	1671.15	33.5323	3.66433
gene-JF74_RS03655	720	485.425	1	0.376205
gene-JF74_RS03660	732	497.278	1	0.367238
gene-JF74_RS03665	765	529.66	1	0.344786
gene-JF74_RS03670	2793	2556.15	22	1.57175
gene-JF74_RS03675	702	467.519	4	1.56245
gene-JF74_RS03680	813	577.22	1	0.316377
gene-JF74_RS03685	1662	1425.15	1	0.128141
gene-JF74_RS03690	729	494.327	10	3.6943
gene-JF74_RS03695	330	141.889	0	0
gene-JF74_RS10120	4047	3810.15	5	0.239648
gene-JF74_RS03705	384	182.393	0	0
gene-JF74_RS03710	975	738.297	0	0
gene-JF74_RS03715	1005	768.148	0	0
gene-JF74_RS03720	339	148.373	0	0
gene-JF74_RS03725	441	227.347	0	0
gene-JF74_RS03730	276	106.499	0	0
gene-JF74_RS03735	510	285.63	0	0
gene-JF74_RS03740	1002	765.148	3	0.716015
gene-JF74_RS03745	1185	948.148	2	0.385213
gene-JF74_RS03750	807	571.277	1	0.319668
rna-JF74_RS10230	366	168.799	51.0096	55.186
gene-JF74_RS03755	210	66.0331	1	2.76557
gene-JF74_RS03760	1203	966.148	4	0.756071
gene-JF74_RS03765	879	642.851	0	0
gene-JF74_RS03770	1515	1278.15	5	0.71439
gene-JF74_RS03775	1743	1506.15	8	0.969993
gene-JF74_RS03780	963	726.297	4	1.00575
gene-JF74_RS03785	396	191.63	0	0
gene-JF74_RS03790	720	485.425	3	1.12861
gene-JF74_RS03795	1452	1215.15	2	0.300571
gene-JF74_RS03800	867	630.915	0	0
gene-JF74_RS03805	2202	1965.15	2	0.185858
gene-JF74_RS03810	627	394.456	1	0.462964
gene-JF74_RS03815	1350	1113.15	13	2.13274
gene-JF74_RS03820	1389	1152.15	1	0.158503
gene-JF74_RS03825	1089	852.148	0	0
gene-JF74_RS03830	669	435.331	1	0.419495
gene-JF74_RS03835	2820	2583.15	4	0.282786
gene-JF74_RS03840	1704	1467.15	5	0.622361
gene-JF74_RS03845	1011	774.148	0	0
gene-JF74_RS03850	1203	966.148	1	0.189018
gene-JF74_RS03855	969	732.297	3	0.748135
gene-JF74_RS03860	1479	1242.15	0	0
gene-JF74_RS03865	1119	882.148	0	0
gene-JF74_RS03870	2394	2157.15	0	0
gene-JF74_RS03875	1200	963.148	0	0
gene-JF74_RS03880	984	747.224	0	0
gene-JF74_RS03885	1473	1236.15	4	0.59093
gene-JF74_RS03890	1011	774.148	2	0.471794
rna-JF74_RS03895	72	34.1546	0	0
rna-JF74_RS03900	72	34.1546	0	0
gene-JF74_RS03905	933	696.652	0	0
gene-JF74_RS03910	1140	903.148	0	0
gene-JF74_RS03915	1305	1068.15	0	0
gene-JF74_RS10310	153	34.7474	0	0
gene-JF74_RS03920	1644	1407.15	1	0.12978
gene-JF74_RS03925	1353	1116.15	4	0.654462
gene-JF74_RS03930	600	368.453	3	1.48691
gene-JF74_RS03935	1089	852.148	0	0
gene-JF74_RS03940	849	613.102	4	1.19144
gene-JF74_RS03945	1005	768.148	3	0.713219
gene-JF74_RS03950	630	397.376	2	0.919124
gene-JF74_RS03955	714	479.425	3	1.14274
gene-JF74_RS03960	225	75.4231	0	0
gene-JF74_RS03965	513	288.215	6	3.80172
gene-JF74_RS03970	549	320.48	4	2.27932
gene-JF74_RS03975	1512	1275.15	9	1.28893
gene-JF74_RS03980	963	726.297	5.38462	1.3539
gene-JF74_RS03985	1440	1203.15	4	0.607138
gene-JF74_RS03990	438	224.858	0	0
gene-JF74_RS03995	231	78.702	0	0
gene-JF74_RS04000	990	753.224	7	1.69715
gene-JF74_RS04005	294	117.242	1	1.55763
gene-JF74_RS04010	228	77.1541	3	7.10083
gene-JF74_RS04015	1194	957.148	4	0.763181
gene-JF74_RS04020	456	239.474	12	9.15103
gene-JF74_RS04025	282	110.248	0	0
gene-JF74_RS04030	1302	1065.15	3	0.514349
gene-JF74_RS04035	468	249.142	2	1.46599
gene-JF74_RS04040	612	379.885	3	1.44217
gene-JF74_RS04045	1716	1479.15	6	0.740775
gene-JF74_RS04050	1158	921.148	2	0.396504
gene-JF74_RS04055	1218	981.148	3	0.558384
gene-JF74_RS04060	2640	2403.15	3	0.227975
gene-JF74_RS04065	1278	1041.15	0	0
gene-JF74_RS04070	681	446.977	5	2.04283
gene-JF74_RS04075	624	391.496	2	0.932931
gene-JF74_RS04080	1005	768.148	4	0.950959
gene-JF74_RS04085	852	616.102	4	1.18564
gene-JF74_RS04090	534	307.013	0	0
gene-JF74_RS10315	141	29.1263	0	0
gene-JF74_RS04095	327	139.697	0	0
gene-JF74_RS04100	432	220.183	21	17.4173
gene-JF74_RS04105	948	711.441	20	5.13378
gene-JF74_RS04110	363	166.29	6	6.58918
gene-JF74_RS04115	2166	1929.15	15	1.41995
gene-JF74_RS04120	963	726.297	3	0.754316
gene-JF74_RS04125	1380	1143.15	2	0.319502
gene-JF74_RS04130	1107	870.148	5	1.04936
gene-JF74_RS04135	858	622.04	25	7.33953
gene-JF74_RS04140	1359	1122.15	33	5.37045
gene-JF74_RS04145	1338	1101.15	34	5.63871
gene-JF74_RS04150	441	227.347	6	4.81958
gene-JF74_RS04155	306	124.664	1	1.46489
gene-JF74_RS04160	795	559.277	12	3.91833
gene-JF74_RS04165	810	574.277	30	9.53995
gene-JF74_RS04170	2790	2553.15	5	0.357635
gene-JF74_RS04175	207	64.019	0	0
gene-JF74_RS04180	564	334.587	1	0.545805
gene-JF74_RS04185	339	148.373	3	3.69244
gene-JF74_RS04190	699	464.566	5	1.96548
gene-JF74_RS04195	1152	915.148	6	1.19731
gene-JF74_RS04200	342	150.555	4	4.85191
gene-JF74_RS04205	1125	888.148	10	2.05618
gene-JF74_RS04210	657	423.677	0	0
gene-JF74_RS04215	645	411.887	1	0.443372
gene-JF74_RS04220	2376	2139.15	2	0.17074
gene-JF74_RS04225	390	187.171	1	0.975679
gene-JF74_RS04230	312	129.046	1	1.41515
gene-JF74_RS04235	792	556.333	4	1.31302
gene-JF74_RS04240	546	317.643	0	0
gene-JF74_RS04245	951	714.441	1	0.255611
gene-JF74_RS04250	1680	1443.15	8	1.01234
gene-JF74_RS04255	225	75.4231	0	0
gene-JF74_RS04260	555	325.955	0	0
gene-JF74_RS04265	1842	1605.15	9	1.02394
gene-JF74_RS04270	1179	942.148	5	0.969164
gene-JF74_RS04275	342	150.555	0	0
gene-JF74_RS04280	549	320.48	0	0
gene-JF74_RS04285	480	259.538	0	0
gene-JF74_RS04290	1050	813.148	2	0.449166
gene-JF74_RS04295	714	479.425	0	0
gene-JF74_RS04300	2289	2052.15	0	0
gene-JF74_RS04305	987	750.224	3	0.730259
gene-JF74_RS04310	252	91.7168	1	1.99112
gene-JF74_RS04315	270	103.079	5	8.85818
gene-JF74_RS04320	1785	1548.15	3	0.353879
gene-JF74_RS04325	834	598.102	2	0.610662
gene-JF74_RS04330	1191	954.148	29.9062	5.72391
gene-JF74_RS04335	1326	1089.15	4	0.670687
gene-JF74_RS04340	1278	1041.15	15	2.63103
gene-JF74_RS04345	585	354.218	3	1.54667
gene-JF74_RS04350	1803	1566.15	6	0.699624
gene-JF74_RS04355	1305	1068.15	10	1.70968
gene-JF74_RS04360	1920	1683.15	4	0.433994
gene-JF74_RS04365	942	705.582	4	1.03528
gene-JF74_RS04370	795	559.277	5	1.63264
gene-JF74_RS04375	222	73.7674	0	0
gene-JF74_RS04380	192	55.1582	0.5	1.65541
gene-JF74_RS04385	1548	1311.15	0	0
gene-JF74_RS04390	207	64.019	2	5.70516
gene-JF74_RS04395	3141	2904.15	10	0.628822
gene-JF74_RS04400	960	723.297	19	4.79715
gene-JF74_RS04405	1770	1533.15	2	0.238228
gene-JF74_RS04410	888	651.786	2	0.560365
gene-JF74_RS04415	909	672.72	3	0.814391
gene-JF74_RS04420	360	164.089	0	0
gene-JF74_RS04425	738	503.227	0	0
gene-JF74_RS04430	609	377.075	1	0.484304
gene-JF74_RS04435	717	482.425	4	1.51418
gene-JF74_RS04440	687	452.796	5	2.01657
gene-JF74_RS04445	477	256.972	1	0.710659
gene-JF74_RS04450	687	452.796	4	1.61326
gene-JF74_RS04455	1206	969.148	63.9	12.0409
gene-JF74_RS04460	1308	1071.15	29	4.94419
gene-JF74_RS04465	276	106.499	21.8182	37.4127
gene-JF74_RS04470	1257	1020.15	2	0.358025
gene-JF74_RS04475	888	651.786	1	0.280183
gene-JF74_RS04480	1200	963.148	3	0.56882
gene-JF74_RS04485	666	432.418	8	3.37857
gene-JF74_RS04490	861	624.978	13	3.79861
gene-JF74_RS04495	231	78.702	3	6.96117
gene-JF74_RS04500	840	604.102	4	1.20919
gene-JF74_RS04505	756	520.871	7	2.45423
gene-JF74_RS04510	831	595.102	0	0
gene-JF74_RS04515	2112	1875.15	7	0.681725
gene-JF74_RS04520	1317	1080.15	2	0.338137
gene-JF74_RS04525	927	690.652	13	3.4374
gene-JF74_RS04530	525	298.977	2	1.22163
gene-JF74_RS04535	1410	1173.15	2	0.311332
gene-JF74_RS04540	891	654.786	11	3.06789
gene-JF74_RS04545	636	403.175	4	1.81181
gene-JF74_RS04550	1938	1701.15	12	1.28821
gene-JF74_RS04555	2454	2217.15	15	1.2355
gene-JF74_RS04560	936	699.582	12	3.13248
gene-JF74_RS04565	930	693.652	5	1.31636
gene-JF74_RS04570	360	164.089	8	8.90344
gene-JF74_RS04575	1086	849.148	0	0
gene-JF74_RS04580	636	403.175	2	0.905905
gene-JF74_RS04585	879	642.851	4	1.13631
gene-JF74_RS04590	315	131.376	2	2.78009
gene-JF74_RS04595	1689	1452.15	2	0.251516
gene-JF74_RS04600	3177	2940.15	12	0.745347
gene-JF74_RS04605	1056	819.148	4	0.891752
gene-JF74_RS04610	912	675.72	7	1.89181
gene-JF74_RS04615	468	249.142	1	0.732993
gene-JF74_RS04620	1677	1440.15	22	2.78973
gene-JF74_RS04630	1230	993.148	1	0.183879
gene-JF74_RS04635	1134	897.148	1	0.203555
rna-JF74_RS10235	370	171.805	97	103.106
gene-JF74_RS04640	441	227.347	2	1.60653
gene-JF74_RS04645	567	337.416	0	0
gene-JF74_RS04650	633	400.256	2	0.912512
gene-JF74_RS04655	2367	2130.15	7	0.600115
gene-JF74_RS04660	201	60.3796	0	0
gene-JF74_RS04665	630	397.376	0	0
gene-JF74_RS04670	642	409.052	0	0
gene-JF74_RS04675	1299	1062.15	7	1.20354
gene-JF74_RS04680	483	262.155	3	2.08982
gene-JF74_RS04685	2790	2553.15	11	0.786798
gene-JF74_RS04690	3642	3405.15	6	0.321782
gene-JF74_RS04695	3474	3237.15	14	0.789791
gene-JF74_RS04700	909	672.72	0	0
gene-JF74_RS04705	960	723.297	1	0.252481
gene-JF74_RS04710	1083	846.148	4	0.863297
gene-JF74_RS04715	1017	780.148	2	0.468166
gene-JF74_RS04720	768	532.607	0	0
gene-JF74_RS04725	1065	828.148	0	0
gene-JF74_RS04730	996	759.148	0	0
gene-JF74_RS04735	786	550.388	3	0.995402
gene-JF74_RS04740	1386	1149.15	9	1.43025
gene-JF74_RS04745	966	729.297	1	0.250404
gene-JF74_RS04750	756	520.871	2	0.701207
gene-JF74_RS04755	579	348.788	3	1.57075
gene-JF74_RS04760	192	55.1582	3	9.93248
gene-JF74_RS04765	837	601.102	1	0.303807
gene-JF74_RS04770	708	473.425	1	0.385741
gene-JF74_RS04775	366	168.799	1	1.08187
gene-JF74_RS04780	840	604.102	2	0.604597
gene-JF74_RS04785	828	592.102	2	0.61685
gene-JF74_RS04790	810	574.277	1	0.317998
gene-JF74_RS04795	705	470.425	7	2.7174
gene-JF74_RS04800	354	159.705	0	0
gene-JF74_RS04805	765	529.66	0	0
gene-JF74_RS04810	756	520.871	0	0
gene-JF74_RS04815	888	651.786	0	0
gene-JF74_RS04820	1242	1005.15	3	0.545052
gene-JF74_RS04825	798	562.277	2	0.64957
gene-JF74_RS04830	684	449.977	3	1.21752
gene-JF74_RS04835	441	227.347	0	0
gene-JF74_RS04840	291	115.736	0	0
gene-JF74_RS04845	237	82.3177	0	0
gene-JF74_RS04850	1122	885.148	4	0.82526
gene-JF74_RS04855	1809	1572.15	29	3.36861
gene-JF74_RS04860	2067	1830.15	5	0.498919
gene-JF74_RS04865	918	681.652	2	0.535813
gene-JF74_RS04870	756	520.871	3	1.05181
gene-JF74_RS04875	909	672.72	1	0.271464
gene-JF74_RS04880	525	298.977	2	1.22163
gene-JF74_RS04885	951	714.441	1	0.255611
gene-JF74_RS04890	444	229.732	5	3.97462
gene-JF74_RS04895	177	46.825	8	31.2003
gene-JF74_RS04900	828	592.102	7	2.15898
gene-JF74_RS04905	537	309.666	17	10.0254
gene-JF74_RS04910	879	642.851	2	0.568154
gene-JF74_RS04915	432	220.183	4	3.31759
gene-JF74_RS04920	1185	948.148	4	0.770425
gene-JF74_RS04925	495	272.68	2	1.33944
gene-JF74_RS04930	501	277.795	2	1.31478
gene-JF74_RS04935	1851	1614.15	0	0
gene-JF74_RS04940	1287	1050.15	2	0.347797
gene-JF74_RS04945	438	224.858	0	0
gene-JF74_RS04950	2241	2004.15	2	0.182241
gene-JF74_RS04955	363	166.29	0	0
gene-JF74_RS04960	945	708.441	0	0
gene-JF74_RS04965	501	277.795	0	0
gene-JF74_RS04970	945	708.441	8	2.06221
gene-JF74_RS04975	558	328.755	0	0
gene-JF74_RS04980	1539	1302.15	8	1.12196
gene-JF74_RS04985	915	678.72	3	0.807192
gene-JF74_RS04990	297	119.014	1	1.53444
gene-JF74_RS04995	1056	819.148	4	0.891752
gene-JF74_RS05000	795	559.277	0	0
gene-JF74_RS05005	1467	1230.15	2	0.296906
gene-JF74_RS05010	711	476.425	0	0
gene-JF74_RS05015	930	693.652	10	2.63272
gene-JF74_RS05020	1395	1158.15	16	2.52291
gene-JF74_RS05025	1404	1167.15	2	0.312932
gene-JF74_RS05030	2034	1797.15	3	0.304848
gene-JF74_RS05035	1374	1137.15	1	0.160594
gene-JF74_RS05040	639	406.134	1	0.449652
gene-JF74_RS05045	915	678.72	1	0.269064
gene-JF74_RS05050	720	485.425	19	7.14789
gene-JF74_RS05055	372	173.403	4	4.21259
gene-JF74_RS05060	585	354.218	2	1.03111
gene-JF74_RS05065	996	759.148	23	5.53284
gene-JF74_RS05070	483	262.155	4	2.78643
gene-JF74_RS05075	645	411.887	28	12.4144
gene-JF74_RS05080	861	624.978	3	0.876603
gene-JF74_RS05085	282	110.248	0	0
gene-JF74_RS05090	702	467.519	0	0
gene-JF74_RS05095	1065	828.148	1	0.220515
gene-JF74_RS05100	852	616.102	0	0
gene-JF74_RS05105	189	53.2657	3	10.2854
gene-JF74_RS05110	510	285.63	9	5.75421
gene-JF74_RS05115	309	127.008	17	24.4436
gene-JF74_RS05120	714	479.425	2	0.761826
gene-JF74_RS05125	1161	924.148	9	1.77847
gene-JF74_RS10320	324	137.442	0	0
gene-JF74_RS05130	708	473.425	0	0
gene-JF74_RS05135	408	201.092	0	0
gene-JF74_RS05140	369	170.944	0	0
gene-JF74_RS05145	324	137.442	0	0
gene-JF74_RS05150	708	473.425	0	0
rna-JF74_RS05155	90	23.2463	0	0
gene-JF74_RS05160	384	182.393	1	1.00124
gene-JF74_RS10125	798	562.277	1	0.324785
gene-JF74_RS05170	321	135.439	0	0
gene-JF74_RS05175	231	78.702	0	0
gene-JF74_RS05180	384	182.393	0	0
gene-JF74_RS10325	195	56.8308	0	0
gene-JF74_RS05185	468	249.142	0	0
gene-JF74_RS05190	393	189.447	0	0
gene-JF74_RS10130	1263	1026.15	0	0
gene-JF74_RS05200	189	53.2657	0	0
gene-JF74_RS10135	1875	1638.15	2	0.222958
gene-JF74_RS05210	810	574.277	0	0
gene-JF74_RS05215	3186	2949.15	3	0.185768
gene-JF74_RS05220	330	141.889	0	0
gene-JF74_RS05225	363	166.29	1	1.0982
gene-JF74_RS05230	612	379.885	0	0
gene-JF74_RS10140	390	187.171	2	1.95136
gene-JF74_RS05240	381	179.973	3	3.0441
gene-JF74_RS05245	306	124.664	1	1.46489
gene-JF74_RS05250	348	155.386	1	1.17526
gene-JF74_RS05255	909	672.72	0	0
gene-JF74_RS05260	615	382.808	5	2.38526
gene-JF74_RS05265	222	73.7674	0	0
gene-JF74_RS10330	939	702.582	6	1.55955
gene-JF74_RS05275	1413	1176.15	0	0
gene-JF74_RS05280	1245	1008.15	0	0
gene-JF74_RS05285	516	290.887	3	1.8834
gene-JF74_RS05290	336	146.093	0	0
gene-JF74_RS05295	279	108.464	0	0
gene-JF74_RS10145	525	298.977	0	0
gene-JF74_RS05305	483	262.155	0	0
gene-JF74_RS05310	339	148.373	0	0
gene-JF74_RS05320	186	51.5528	0	0
gene-JF74_RS10150	774	538.607	0	0
gene-JF74_RS05330	1299	1062.15	0	0
gene-JF74_RS05335	792	556.333	0	0
gene-JF74_RS05340	570	340.278	0	0
gene-JF74_RS05345	732	497.278	0	0
gene-JF74_RS05350	1386	1149.15	1	0.158917
gene-JF74_RS10335	510	285.63	0	0
gene-JF74_RS10470	189	53.2657	0	0
gene-JF74_RS05365	273	105.037	0	0
gene-JF74_RS05370	480	259.538	0	0
gene-JF74_RS05375	351	157.502	0	0
gene-JF74_RS10475	189	53.2657	0	0
gene-JF74_RS05380	279	108.464	0	0
gene-JF74_RS05385	453	236.93	0	0
gene-JF74_RS05390	270	103.079	0	0
gene-JF74_RS05395	390	187.171	0	0
gene-JF74_RS05400	216	69.8915	0	0
gene-JF74_RS05405	351	157.502	0	0
gene-JF74_RS05410	408	201.092	1	0.908136
gene-JF74_RS05415	450	234.736	0	0
gene-JF74_RS05420	1122	885.148	1	0.206315
gene-JF74_RS05425	921	684.652	1	0.266733
gene-JF74_RS05430	582	351.575	1	0.519432
gene-JF74_RS05435	831	595.102	0	0
gene-JF74_RS05440	1287	1050.15	3.6	0.626035
gene-JF74_RS05445	336	146.093	4	5.00008
gene-JF74_RS05450	2274	2037.15	3	0.268934
gene-JF74_RS05455	519	293.616	1	0.621965
gene-JF74_RS05460	528	301.637	0	0
gene-JF74_RS05465	2277	2040.15	7	0.626589
gene-JF74_RS05470	1839	1602.15	8	0.911872
gene-JF74_RS05475	1143	906.148	4	0.806134
gene-JF74_RS05480	1857	1620.15	48	5.41045
gene-JF74_RS05485	594	362.675	5	2.51767
gene-JF74_RS05490	1050	813.148	11	2.47041
gene-JF74_RS05495	933	696.652	7	1.83497
gene-JF74_RS05500	894	657.786	0	0
gene-JF74_RS05505	363	166.29	1	1.0982
gene-JF74_RS05510	2640	2403.15	27	2.05177
gene-JF74_RS05515	312	129.046	5	7.07576
gene-JF74_RS05520	297	119.014	2	3.06888
gene-JF74_RS05525	1257	1020.15	5	0.895062
gene-JF74_RS05530	474	254.347	4	2.87196
gene-JF74_RS05535	4308	4071.15	22	0.986852
gene-JF74_RS05540	1701	1464.15	3	0.374182
gene-JF74_RS05545	1257	1020.15	2	0.358025
gene-JF74_RS05550	798	562.277	3	0.974355
gene-JF74_RS05555	735	500.227	4	1.46029
gene-JF74_RS05560	558	328.755	3	1.66646
gene-JF74_RS05565	732	497.278	6	2.20343
gene-JF74_RS05570	912	675.72	2	0.540517
gene-JF74_RS05575	1053	816.148	3	0.671273
gene-JF74_RS05580	1206	969.148	4	0.753731
gene-JF74_RS05585	837	601.102	0	0
gene-JF74_RS05590	810	574.277	1	0.317998
gene-JF74_RS05595	663	429.548	2	0.850285
gene-JF74_RS05600	1668	1431.15	37	4.72132
gene-JF74_RS05605	294	117.242	8	12.4611
gene-JF74_RS05610	1641	1404.15	21	2.7312
gene-JF74_RS05615	906	669.72	17	4.63556
gene-JF74_RS05620	873	636.915	1	0.286725
gene-JF74_RS05625	1122	885.148	5	1.03157
gene-JF74_RS05630	627	394.456	0	0
gene-JF74_RS05635	183	49.9191	11	40.2413
gene-JF74_RS05640	846	610.102	4	1.1973
gene-JF74_RS05645	2025	1788.15	6	0.612765
gene-JF74_RS05655	876	639.915	3	0.856141
gene-JF74_RS05660	804	568.277	2	0.642712
gene-JF74_RS05665	1032	795.148	3	0.689001
gene-JF74_RS05670	615	382.808	2	0.954104
gene-JF74_RS05675	1176	939.148	9	1.75007
gene-JF74_RS05680	1401	1164.15	0	0
gene-JF74_RS05685	1791	1554.15	3	0.352513
gene-JF74_RS05690	1755	1518.15	5	0.601454
gene-JF74_RS05695	216	69.8915	0	0
gene-JF74_RS05700	249	89.949	0.5	1.01513
gene-JF74_RS05705	624	391.496	5	2.33233
gene-JF74_RS05710	375	175.674	0	0
gene-JF74_RS05715	300	120.861	0	0
gene-JF74_RS05720	768	532.607	1	0.342878
gene-JF74_RS05725	348	155.386	6	7.05157
gene-JF74_RS05730	726	491.327	0	0
gene-JF74_RS05735	516	290.887	0	0
gene-JF74_RS05740	273	105.037	0	0
gene-JF74_RS05745	1428	1191.15	3	0.459941
gene-JF74_RS05750	342	150.555	1	1.21298
gene-JF74_RS05755	1416	1179.15	7	1.08412
gene-JF74_RS05760	1425	1188.15	3	0.461102
gene-JF74_RS05765	1236	999.148	10	1.82775
gene-JF74_RS05770	3564	3327.15	26	1.42708
gene-JF74_RS05775	687	452.796	4	1.61326
gene-JF74_RS05780	1773	1536.15	9	1.06993
gene-JF74_RS05785	1776	1539.15	4	0.474598
gene-JF74_RS05790	921	684.652	5	1.33366
gene-JF74_RS05795	960	723.297	6	1.51489
gene-JF74_RS05800	978	741.224	6	1.47825
gene-JF74_RS05805	1011	774.148	3	0.707691
gene-JF74_RS05810	243	86.2978	3	6.34845
gene-JF74_RS05815	1002	765.148	8	1.90937
gene-JF74_RS05820	2037	1800.15	11	1.11591
gene-JF74_RS05825	1659	1422.15	13	1.66934
gene-JF74_RS05830	363	166.29	7	7.68738
gene-JF74_RS05835	186	51.5528	6	21.2542
gene-JF74_RS05840	687	452.796	0	0
gene-JF74_RS05845	651	417.762	4	1.74855
gene-JF74_RS05850	894	657.786	2	0.555254
gene-JF74_RS05855	1980	1743.15	11	1.1524
gene-JF74_RS05860	750	514.922	4	1.41862
gene-JF74_RS05865	1326	1089.15	3	0.503015
gene-JF74_RS05870	945	708.441	7	1.80443
gene-JF74_RS05875	2400	2163.15	9	0.759806
gene-JF74_RS05880	219	71.7234	0	0
gene-JF74_RS05885	615	382.808	4	1.90821
gene-JF74_RS05890	276	106.499	0	0
gene-JF74_RS05895	888	651.786	0	0
gene-JF74_RS05900	1689	1452.15	13	1.63485
gene-JF74_RS05905	813	577.22	2	0.632755
gene-JF74_RS05910	867	630.915	0	0
gene-JF74_RS05915	243	86.2978	0	0
gene-JF74_RS05920	1359	1122.15	6	0.976445
gene-JF74_RS05925	852	616.102	2	0.592821
gene-JF74_RS05930	393	189.447	2	1.92792
gene-JF74_RS05935	459	242.039	10	7.54503
gene-JF74_RS05940	570	340.278	15	8.05015
gene-JF74_RS05945	1110	873.148	7	1.46405
gene-JF74_RS05950	294	117.242	0	0
gene-JF74_RS05955	315	131.376	1	1.39005
gene-JF74_RS05960	840	604.102	1	0.302298
gene-JF74_RS05965	1320	1083.15	6	1.0116
gene-JF74_RS05970	1764	1527.15	1	0.119582
rna-JF74_RS05975	74	33.7981	0	0
gene-JF74_RS05980	486	264.853	0	0
gene-JF74_RS05985	1038	801.148	0	0
gene-JF74_RS05990	1626	1389.15	0	0
gene-JF74_RS05995	1191	954.148	0	0
gene-JF74_RS10155	1008	771.148	1	0.236815
gene-JF74_RS06005	357	161.939	2	2.2554
gene-JF74_RS06010	2403	2166.15	10	0.84306
gene-JF74_RS06015	3183	2946.15	1	0.0619858
gene-JF74_RS06020	1086	849.148	0	0
gene-JF74_RS06025	1275	1038.15	0	0
gene-JF74_RS06030	957	720.37	1	0.253508
gene-JF74_RS06035	543	314.965	0	0
gene-JF74_RS06040	924	687.652	2	0.531138
gene-JF74_RS06045	708	473.425	0	0
gene-JF74_RS06050	636	403.175	1	0.452953
gene-JF74_RS06055	1185	948.148	1	0.192606
gene-JF74_RS06060	1338	1101.15	1	0.165844
gene-JF74_RS06065	1260	1023.15	2	0.356975
gene-JF74_RS06070	921	684.652	1	0.266733
gene-JF74_RS06075	405	198.514	0	0
gene-JF74_RS06080	219	71.7234	2	5.09232
gene-JF74_RS06085	681	446.977	0	0
gene-JF74_RS06090	573	343.139	1	0.532201
gene-JF74_RS10340	150	33.4675	0	0
gene-JF74_RS06095	2100	1863.15	7	0.686115
gene-JF74_RS06100	915	678.72	12	3.22877
gene-JF74_RS06105	480	259.538	1	0.703633
gene-JF74_RS06110	2418	2181.15	2	0.167452
gene-JF74_RS06115	1050	813.148	1	0.224583
gene-JF74_RS06120	351	157.502	10	11.5947
gene-JF74_RS06125	771	535.607	0	0
gene-JF74_RS06130	333	144.04	0	0
gene-JF74_RS06135	966	729.297	1	0.250404
gene-JF74_RS06140	1566	1329.15	19	2.61052
gene-JF74_RS06145	714	479.425	7	2.66639
gene-JF74_RS06150	573	343.139	2	1.0644
gene-JF74_RS06155	1155	918.148	0	0
gene-JF74_RS06160	348	155.386	6	7.05157
gene-JF74_RS06165	597	365.527	3	1.49881
gene-JF74_RS06170	642	409.052	3	1.33933
gene-JF74_RS06175	1116	879.148	6	1.24634
gene-JF74_RS06180	525	298.977	0	0
gene-JF74_RS06185	357	161.939	0	0
gene-JF74_RS06190	201	60.3796	1	3.02452
gene-JF74_RS06195	513	288.215	2	1.26724
gene-JF74_RS06200	654	420.762	1	0.43402
gene-JF74_RS06205	639	406.134	1	0.449652
gene-JF74_RS06210	819	583.162	1	0.313154
gene-JF74_RS06215	738	503.227	0	0
gene-JF74_RS06220	1935	1698.15	0	0
gene-JF74_RS06225	900	663.72	10	2.75145
gene-JF74_RS06230	1359	1122.15	16	2.60385
gene-JF74_RS06235	468	249.142	2	1.46599
gene-JF74_RS06240	603	371.341	2	0.983566
gene-JF74_RS06245	831	595.102	5	1.53435
gene-JF74_RS06250	2676	2439.15	8	0.598961
gene-JF74_RS06255	738	503.227	0	0
gene-JF74_RS06260	1374	1137.15	0	0
gene-JF74_RS06265	930	693.652	0	0
gene-JF74_RS06270	1311	1074.15	2	0.340026
gene-JF74_RS06275	648	414.804	4	1.76102
gene-JF74_RS06280	321	135.439	6	8.09011
gene-JF74_RS06285	660	426.634	0	0
gene-JF74_RS06290	1200	963.148	0	0
gene-JF74_RS06295	741	506.126	0	0
gene-JF74_RS06300	432	220.183	5	4.14698
gene-JF74_RS06305	342	150.555	1	1.21298
gene-JF74_RS06310	900	663.72	3	0.825434
gene-JF74_RS06315	978	741.224	8	1.971
gene-JF74_RS06320	2502	2265.15	9	0.725592
gene-JF74_RS06325	1212	975.148	2	0.374547
gene-JF74_RS06330	351	157.502	4	4.63789
gene-JF74_RS06335	2058	1821.15	10	1.00277
gene-JF74_RS06340	867	630.915	1	0.289451
gene-JF74_RS06345	1371	1134.15	0	0
gene-JF74_RS06350	780	544.553	0	0
gene-JF74_RS06355	900	663.72	0	0
gene-JF74_RS06360	1110	873.148	1	0.20915
gene-JF74_RS06365	330	141.889	0	0
gene-JF74_RS06370	468	249.142	2	1.46599
gene-JF74_RS06375	438	224.858	0	0
gene-JF74_RS06380	1491	1254.15	1	0.145612
gene-JF74_RS06385	780	544.553	0	0
gene-JF74_RS06390	1947	1710.15	0	0
gene-JF74_RS06395	822	586.162	0	0
gene-JF74_RS06400	867	630.915	19	5.49958
gene-JF74_RS06405	570	340.278	1	0.536676
gene-JF74_RS06410	915	678.72	10	2.69064
gene-JF74_RS06415	1686	1449.15	1	0.126018
gene-JF74_RS06420	648	414.804	1	0.440254
gene-JF74_RS06425	849	613.102	2	0.595722
gene-JF74_RS06430	1281	1044.15	9	1.57408
rna-JF74_RS06435	84	27.3408	0	0
gene-JF74_RS06440	225	75.4231	2	4.84253
gene-JF74_RS06445	1107	870.148	0	0
gene-JF74_RS06450	1644	1407.15	4	0.519119
gene-JF74_RS06455	2415	2178.15	2	0.167683
gene-JF74_RS06460	663	429.548	0	0
gene-JF74_RS06465	489	267.38	0	0
gene-JF74_RS06470	1194	957.148	0	0
gene-JF74_RS06475	1191	954.148	2	0.38279
gene-JF74_RS06480	612	379.885	0	0
gene-JF74_RS06485	1134	897.148	3	0.610666
gene-JF74_RS06490	747	511.974	3	1.07009
gene-JF74_RS06495	1455	1218.15	2	0.299831
gene-JF74_RS06500	1200	963.148	2	0.379213
rna-JF74_RS06505	73	34.8061	0	0
rna-JF74_RS06510	72	34.1546	0	0
rna-JF74_RS06515	73	34.8061	0	0
gene-JF74_RS06525	729	494.327	0	0
gene-JF74_RS10345	591	359.748	0	0
gene-JF74_RS06535	972	735.297	0	0
gene-JF74_RS06540	237	82.3177	0	0
gene-JF74_RS06545	345	153.15	0	0
rna-JF74_RS06550	93	21.4895	0	0
gene-JF74_RS06560	519	293.616	0	0
gene-JF74_RS06565	1362	1125.15	7	1.13615
gene-JF74_RS06570	957	720.37	5	1.26754
gene-JF74_RS06575	1227	990.148	3	0.553309
gene-JF74_RS06580	1449	1212.15	4	0.60263
gene-JF74_RS06585	486	264.853	2	1.37903
gene-JF74_RS06590	1047	810.148	3	0.676244
gene-JF74_RS06595	585	354.218	7	3.60889
gene-JF74_RS06600	1884	1647.15	2	0.22174
gene-JF74_RS06605	2583	2346.15	7	0.544865
gene-JF74_RS06610	648	414.804	0	0
gene-JF74_RS06615	924	687.652	0	0
gene-JF74_RS06620	669	435.331	0	0
gene-JF74_RS06625	1626	1389.15	15	1.97192
gene-JF74_RS06630	285	112.337	6	9.75385
gene-JF74_RS06635	636	403.175	2	0.905905
gene-JF74_RS06640	1926	1689.15	0	0
gene-JF74_RS10350	404	197.757	0	0
gene-JF74_RS06645	1170	933.148	0	0
gene-JF74_RS06650	1170	933.148	0	0
gene-JF74_RS06655	621	388.575	2	0.939944
gene-JF74_RS06660	1050	813.148	5	1.12292
gene-JF74_RS06665	651	417.762	3	1.31141
gene-JF74_RS06670	747	511.974	4	1.42679
gene-JF74_RS06675	519	293.616	9	5.59769
gene-JF74_RS06680	738	503.227	0	0
gene-JF74_RS06685	855	619.102	4	1.1799
gene-JF74_RS06690	336	146.093	3	3.75006
gene-JF74_RS06695	861	624.978	0	0
gene-JF74_RS06700	324	137.442	1	1.3287
gene-JF74_RS06705	648	414.804	5	2.20127
gene-JF74_RS06710	231	78.702	0	0
gene-JF74_RS06715	600	368.453	7	3.46946
gene-JF74_RS06720	330	141.889	11	14.1576
gene-JF74_RS06725	1806	1569.15	10	1.16381
rna-JF74_RS10245	98	20.3841	0	0
gene-JF74_RS06730	477	256.972	0	0
gene-JF74_RS06735	621	388.575	2	0.939944
gene-JF74_RS10160	930	693.652	15	3.94908
gene-JF74_RS06745	366	168.799	1	1.08187
gene-JF74_RS06750	510	285.63	1	0.639357
gene-JF74_RS06755	675	441.199	13	5.3809
gene-JF74_RS06760	756	520.871	13	4.55785
gene-JF74_RS06765	801	565.277	5	1.61531
gene-JF74_RS06770	894	657.786	1	0.277627
gene-JF74_RS06775	993	756.224	1	0.241488
gene-JF74_RS06780	867	630.915	8	2.31561
gene-JF74_RS06785	693	458.704	0	0
gene-JF74_RS06790	426	215.129	5	4.24441
gene-JF74_RS06795	549	320.48	3	1.70949
gene-JF74_RS06800	171	43.4896	0	0
gene-JF74_RS10355	150	33.4675	2	10.9132
gene-JF74_RS06805	219	71.7234	26	66.2002
gene-JF74_RS06810	576	345.999	0	0
gene-JF74_RS06815	756	520.871	0	0
gene-JF74_RS06820	444	229.732	0	0
gene-JF74_RS06825	1425	1188.15	3	0.461102
gene-JF74_RS06830	1500	1263.15	3	0.433724
gene-JF74_RS06835	1377	1140.15	1	0.160172
gene-JF74_RS06840	552	323.12	1	0.565175
gene-JF74_RS06845	315	131.376	1	1.39005
gene-JF74_RS06850	1347	1110.15	4	0.658
gene-JF74_RS06855	606	374.341	0	0
gene-JF74_RS10480	585	354.218	0	0
gene-JF74_RS06865	828	592.102	3	0.925275
gene-JF74_RS06870	1479	1242.15	8	1.17615
gene-JF74_RS06875	1164	927.148	4	0.787875
gene-JF74_RS06880	936	699.582	5	1.3052
gene-JF74_RS06885	681	446.977	3	1.2257
gene-JF74_RS10485	180	48.1736	0	0
gene-JF74_RS06890	882	645.786	0	0
gene-JF74_RS06895	681	446.977	0	0
gene-JF74_RS06900	762	526.713	3	1.04014
gene-JF74_RS06905	639	406.134	0	0
gene-JF74_RS06910	279	108.464	0	0
gene-JF74_RS06915	657	423.677	0	0
gene-JF74_RS06920	585	354.218	2	1.03111
gene-JF74_RS06925	1035	798.148	4	0.915215
gene-JF74_RS06930	309	127.008	0	0
gene-JF74_RS06935	345	153.15	0	0
gene-JF74_RS06940	2604	2367.15	2	0.154295
gene-JF74_RS06945	762	526.713	0	0
gene-JF74_RS06950	516	290.887	0	0
gene-JF74_RS06955	1359	1122.15	1	0.162741
gene-JF74_RS06960	288	114.117	0	0
gene-JF74_RS06965	447	232.186	1	0.78652
gene-JF74_RS06970	543	314.965	0	0
gene-JF74_RS06975	1932	1695.15	4	0.430922
gene-JF74_RS06980	2670	2433.15	8	0.600438
gene-JF74_RS06985	2673	2436.15	6	0.449774
gene-JF74_RS06990	1098	861.148	0	0
gene-JF74_RS06995	318	133.428	1	1.36867
gene-JF74_RS07000	450	234.736	3	2.33393
gene-JF74_RS07005	867	630.915	2	0.578903
gene-JF74_RS07010	624	391.496	1	0.466465
gene-JF74_RS10360	189	53.2657	1	3.42846
gene-JF74_RS07020	1074	837.148	0	0
gene-JF74_RS07025	684	449.977	1	0.405841
gene-JF74_RS07030	1266	1029.15	0	0
gene-JF74_RS07035	357	161.939	2	2.2554
gene-JF74_RS07040	651	417.762	0	0
gene-JF74_RS07045	858	622.04	0	0
gene-JF74_RS07050	396	191.63	0	0
gene-JF74_RS07055	444	229.732	1	0.794924
gene-JF74_RS07060	786	550.388	1	0.331801
gene-JF74_RS07065	798	562.277	0	0
gene-JF74_RS07070	846	610.102	0	0
gene-JF74_RS07075	852	616.102	1	0.29641
gene-JF74_RS07080	384	182.393	2	2.00248
gene-JF74_RS07085	939	702.582	3.6	0.935732
gene-JF74_RS07090	384	182.393	0	0
gene-JF74_RS07095	351	157.502	3	3.47842
gene-JF74_RS07100	117	20.3514	2	17.9466
gene-JF74_RS07105	222	73.7674	7	17.3293
gene-JF74_RS07110	657	423.677	0	0
gene-JF74_RS07115	562	332.688	4	2.19568
gene-JF74_RS07120	734	499.278	6	2.1946
gene-JF74_RS07125	441	227.347	2	1.60653
gene-JF74_RS07130	186	51.5528	3	10.6271
gene-JF74_RS07135	507	283.041	3	1.93561
gene-JF74_RS07140	360	164.089	1	1.11293
gene-JF74_RS07145	531	304.451	1	0.599831
gene-JF74_RS07150	399	193.785	1	0.94238
gene-JF74_RS07155	186	51.5528	1	3.54237
gene-JF74_RS07160	543	314.965	2	1.15962
gene-JF74_RS07165	264	99.2773	8	14.7159
gene-JF74_RS07170	369	170.944	1	1.0683
gene-JF74_RS07175	267	101.144	2	3.61106
gene-JF74_RS07180	198	58.6161	1	3.11551
gene-JF74_RS07185	441	227.347	1	0.803264
gene-JF74_RS07190	672	438.199	4	1.667
gene-JF74_RS07195	354	159.705	10	11.4348
gene-JF74_RS07200	282	110.248	6	9.93865
gene-JF74_RS07205	837	601.102	7	2.12665
gene-JF74_RS07210	312	129.046	2	2.8303
gene-JF74_RS07215	633	400.256	4	1.82502
gene-JF74_RS07220	630	397.376	5	2.29781
gene-JF74_RS07225	309	127.008	0	0
gene-JF74_RS07230	2094	1857.15	3	0.294999
gene-JF74_RS07235	471	251.746	1	0.72541
gene-JF74_RS07240	408	201.092	1	0.908136
gene-JF74_RS07245	690	455.704	0	0
gene-JF74_RS07250	516	290.887	3	1.8834
gene-JF74_RS07255	369	170.944	0	0
gene-JF74_RS07260	3660	3423.15	11	0.586832
gene-JF74_RS07265	3639	3402.15	8	0.429421
gene-JF74_RS07270	2496	2259.15	6	0.485013
rna-JF74_RS07275	74	33.7981	0	0
rna-JF74_RS07280	75	33.5463	0	0
gene-JF74_RS07285	819	583.162	1	0.313154
gene-JF74_RS07290	1542	1305.15	1	0.139922
gene-JF74_RS07295	1020	783.148	5	1.16593
gene-JF74_RS07300	621	388.575	1	0.469972
gene-JF74_RS07305	1587	1350.15	0	0
gene-JF74_RS07310	876	639.915	0	0
gene-JF74_RS07315	2253	2016.15	10	0.905783
gene-JF74_RS07320	1257	1020.15	2	0.358025
gene-JF74_RS07325	366	168.799	0	0
gene-JF74_RS07330	375	175.674	5	5.19767
gene-JF74_RS07335	243	86.2978	0	0
gene-JF74_RS07340	3495	3258.15	13	0.72865
gene-JF74_RS07345	567	337.416	1	0.541229
gene-JF74_RS07350	693	458.704	10	3.98119
gene-JF74_RS07355	1128	891.148	1	0.204926
gene-JF74_RS07360	354	159.705	2	2.28695
gene-JF74_RS07365	1482	1245.15	5	0.733323
gene-JF74_RS07370	1368	1131.15	4	0.645784
gene-JF74_RS07375	249	89.949	0	0
gene-JF74_RS07380	846	610.102	0	0
gene-JF74_RS07385	741	506.126	0	0
gene-JF74_RS07390	678	444.021	1	0.411285
gene-JF74_RS07395	660	426.634	0	0
gene-JF74_RS07400	909	672.72	12	3.25757
gene-JF74_RS07405	906	669.72	1	0.27268
gene-JF74_RS07410	1308	1071.15	0	0
gene-JF74_RS07415	1545	1308.15	0	0
gene-JF74_RS07420	390	187.171	0	0
gene-JF74_RS07425	453	236.93	1	0.770772
gene-JF74_RS07430	846	610.102	0	0
gene-JF74_RS07435	855	619.102	0	0
gene-JF74_RS07440	1038	801.148	2	0.455894
gene-JF74_RS07445	1425	1188.15	0	0
gene-JF74_RS07450	729	494.327	2	0.73886
gene-JF74_RS07455	1604	1367.15	2	0.267154
gene-JF74_RS07460	1080	843.148	1	0.216592
gene-JF74_RS07465	1578	1341.15	1	0.136166
gene-JF74_RS07470	1602	1365.15	0	0
gene-JF74_RS07475	711	476.425	2	0.766623
gene-JF74_RS07480	507	283.041	4	2.58082
gene-JF74_RS07485	1119	882.148	3	0.62105
gene-JF74_RS07490	1551	1314.15	0	0
gene-JF74_RS07495	579	348.788	0	0
gene-JF74_RS07500	1314	1077.15	0	0
gene-JF74_RS07505	879	642.851	0	0
gene-JF74_RS10255	156	36.1805	0	0
gene-JF74_RS07510	1416	1179.15	0	0
gene-JF74_RS07515	1476	1239.15	0	0
gene-JF74_RS07520	1299	1062.15	0	0
gene-JF74_RS07525	834	598.102	0	0
gene-JF74_RS07530	873	636.915	0	0
gene-JF74_RS07535	627	394.456	1	0.462964
gene-JF74_RS07540	1275	1038.15	7	1.23136
gene-JF74_RS07545	1620	1383.15	1	0.132032
gene-JF74_RS07550	555	325.955	2	1.12052
gene-JF74_RS07555	405	198.514	3	2.7598
gene-JF74_RS07560	1191	954.148	1	0.191395
gene-JF74_RS07565	1605	1368.15	0	0
gene-JF74_RS07570	843	607.102	0	0
gene-JF74_RS07575	1359	1122.15	13	2.11563
gene-JF74_RS07580	747	511.974	2	0.713393
gene-JF74_RS07585	738	503.227	0	0
gene-JF74_RS07590	1167	930.148	0	0
gene-JF74_RS07595	834	598.102	3	0.915993
gene-JF74_RS07600	813	577.22	2	0.632755
gene-JF74_RS07605	468	249.142	3	2.19898
gene-JF74_RS07610	420	210.479	0	0
gene-JF74_RS07615	1071	834.148	1	0.218929
gene-JF74_RS07620	1029	792.148	2	0.461074
gene-JF74_RS07625	1605	1368.15	2	0.266958
gene-JF74_RS07630	1602	1365.15	2	0.267545
gene-JF74_RS07635	972	735.297	4.66772	1.15928
gene-JF74_RS07640	897	660.786	1	0.276366
gene-JF74_RS07645	1437	1200.15	0	0
gene-JF74_RS07650	894	657.786	0	0
gene-JF74_RS07655	1056	819.148	0	0
gene-JF74_RS07660	1101	864.148	17	3.59259
gene-JF74_RS07665	1365	1128.15	20	3.2375
gene-JF74_RS07670	396	191.63	0	0
gene-JF74_RS07675	753	517.871	0	0
gene-JF74_RS07680	855	619.102	0	0
gene-JF74_RS10365	2469	2232.15	3	0.24544
gene-JF74_RS07695	1608	1371.15	0	0
gene-JF74_RS07700	1053	816.148	0	0
gene-JF74_RS07705	975	738.297	0	0
gene-JF74_RS07710	972	735.297	0	0
gene-JF74_RS07715	1557	1320.15	5	0.691662
gene-JF74_RS07720	1353	1116.15	10	1.63616
gene-JF74_RS07725	10950	10713.1	2	0.0340925
gene-JF74_RS07730	1386	1149.15	2	0.317834
gene-JF74_RS07735	831	595.102	6	1.84122
gene-JF74_RS07740	246	88.3653	0	0
gene-JF74_RS07745	894	657.786	4	1.11051
gene-JF74_RS07750	567	337.416	1	0.541229
gene-JF74_RS07755	768	532.607	6	2.05727
gene-JF74_RS07760	1977	1740.15	8	0.839557
gene-JF74_RS07765	2691	2454.15	3	0.223237
gene-JF74_RS07770	600	368.453	2	0.991275
gene-JF74_RS07775	480	259.538	0	0
gene-JF74_RS07780	1020	783.148	1	0.233186
gene-JF74_RS07785	606	374.341	0	0
rna-JF74_RS07790	71	34.2128	0	0
gene-JF74_RS07795	1878	1641.15	0	0
gene-JF74_RS07800	663	429.548	2	0.850285
gene-JF74_RS07805	357	161.939	3	3.3831
gene-JF74_RS07810	1314	1077.15	17	2.88217
gene-JF74_RS07815	462	244.394	0	0
gene-JF74_RS07820	423	212.807	49	42.0492
gene-JF74_RS07825	1317	1080.15	6	1.01441
gene-JF74_RS07830	939	702.582	0	0
gene-JF74_RS07835	795	559.277	0	0
gene-JF74_RS07840	837	601.102	0	0
gene-JF74_RS07845	744	509.025	0	0
gene-JF74_RS07850	612	379.885	0	0
gene-JF74_RS07855	996	759.148	0	0
gene-JF74_RS07860	1704	1467.15	1	0.124472
gene-JF74_RS07865	936	699.582	0	0
gene-JF74_RS07870	957	720.37	4	1.01403
gene-JF74_RS07875	1146	909.148	1	0.200869
gene-JF74_RS07880	1536	1299.15	2	0.281137
gene-JF74_RS07885	1071	834.148	4	0.875716
gene-JF74_RS07890	1092	855.148	0	0
gene-JF74_RS07895	534	307.013	1	0.594826
gene-JF74_RS07900	654	420.762	1	0.43402
rna-JF74_RS07905	73	34.8061	0	0
gene-JF74_RS07910	339	148.373	1	1.23081
gene-JF74_RS07915	396	191.63	0	0
gene-JF74_RS07920	1266	1029.15	2	0.354894
gene-JF74_RS07925	2973	2736.15	4	0.266973
gene-JF74_RS07930	633	400.256	0	0
gene-JF74_RS07935	1125	888.148	0	0
gene-JF74_RS07940	567	337.416	2	1.08246
gene-JF74_RS07945	288	114.117	3	4.80085
gene-JF74_RS07950	1434	1197.15	4	0.610181
gene-JF74_RS07955	1281	1044.15	10	1.74898
gene-JF74_RS07960	924	687.652	24	6.37366
gene-JF74_RS07965	720	485.425	2	0.75241
gene-JF74_RS07970	492	269.905	0	0
gene-JF74_RS07975	546	317.643	0	0
gene-JF74_RS07980	315	131.376	1	1.39005
gene-JF74_RS07985	1524	1287.15	0	0
gene-JF74_RS07990	1425	1188.15	3	0.461102
gene-JF74_RS07995	1746	1509.15	0	0
gene-JF74_RS08000	354	159.705	0	0
gene-JF74_RS08005	864	627.915	0	0
gene-JF74_RS08010	627	394.456	7	3.24075
gene-JF74_RS08015	546	317.643	1	0.57492
gene-JF74_RS08020	1578	1341.15	25	3.40416
gene-JF74_RS08025	711	476.425	1	0.383312
gene-JF74_RS08030	477	256.972	0	0
gene-JF74_RS08035	777	541.553	1	0.337214
gene-JF74_RS08040	1548	1311.15	1	0.139282
gene-JF74_RS08045	360	164.089	1	1.11293
gene-JF74_RS08050	1182	945.148	4	0.77287
gene-JF74_RS08055	1806	1569.15	3	0.349143
gene-JF74_RS08060	750	514.922	0	0
gene-JF74_RS08065	1497	1260.15	3	0.434757
gene-JF74_RS08070	1230	993.148	1	0.183879
gene-JF74_RS08075	798	562.277	1	0.324785
gene-JF74_RS08080	621	388.575	1	0.469972
gene-JF74_RS08085	1152	915.148	8	1.59641
gene-JF74_RS08090	900	663.72	6	1.65087
gene-JF74_RS08095	2598	2361.15	2	0.154687
gene-JF74_RS08100	1905	1668.15	2	0.218948
gene-JF74_RS08105	726	491.327	0	0
gene-JF74_RS08110	1980	1743.15	3	0.314292
gene-JF74_RS08115	915	678.72	4	1.07626
gene-JF74_RS08120	756	520.871	3	1.05181
gene-JF74_RS08125	1164	927.148	1	0.196969
gene-JF74_RS10370	258	95.3596	0	0
gene-JF74_RS08130	1074	837.148	0	0
gene-JF74_RS08135	450	234.736	1	0.777977
gene-JF74_RS08140	1356	1119.15	0	0
gene-JF74_RS08145	1020	783.148	0	0
gene-JF74_RS08150	1446	1209.15	0	0
gene-JF74_RS08155	1863	1626.15	0	0
gene-JF74_RS08160	1227	990.148	0	0
gene-JF74_RS08165	1485	1248.15	0	0
gene-JF74_RS08170	912	675.72	0	0
gene-JF74_RS08175	1803	1566.15	2	0.233208
gene-JF74_RS08180	414	205.808	4	3.54931
gene-JF74_RS08185	318	133.428	1	1.36867
gene-JF74_RS08190	969	732.297	2	0.498757
gene-JF74_RS08195	666	432.418	0	0
gene-JF74_RS08200	1815	1578.15	0	0
gene-JF74_RS08205	765	529.66	4	1.37914
gene-JF74_RS08210	543	314.965	6	3.47885
gene-JF74_RS08215	693	458.704	0	0
gene-JF74_RS08220	798	562.277	2	0.64957
gene-JF74_RS08225	765	529.66	8	2.75829
gene-JF74_RS08230	771	535.607	3	1.02287
gene-JF74_RS08235	966	729.297	9	2.25364
gene-JF74_RS10170	852	616.102	0	0
gene-JF74_RS08245	1482	1245.15	0	0
gene-JF74_RS08250	1830	1593.15	2	0.229256
gene-JF74_RS08255	1149	912.148	11	2.20229
gene-JF74_RS08260	1218	981.148	16	2.97805
gene-JF74_RS08265	492	269.905	2	1.35321
gene-JF74_RS08270	843	607.102	0	0
gene-JF74_RS10175	1806	1569.15	60	6.98287
gene-JF74_RS08280	249	89.949	0	0
gene-JF74_RS08285	219	71.7234	0	0
gene-JF74_RS08290	864	627.915	25	7.27086
gene-JF74_RS08295	459	242.039	4	3.01801
gene-JF74_RS08300	2031	1794.15	3	0.305358
gene-JF74_RS08305	201	60.3796	1	3.02452
gene-JF74_RS08310	1950	1713.15	4	0.426394
gene-JF74_RS08315	1221	984.148	0	0
gene-JF74_RS08320	1257	1020.15	4	0.71605
gene-JF74_RS08325	1950	1713.15	3	0.319796
gene-JF74_RS08330	1398	1161.15	3	0.471824
gene-JF74_RS08335	486	264.853	3	2.06854
gene-JF74_RS08340	567	337.416	2	1.08246
gene-JF74_RS08345	813	577.22	1	0.316377
gene-JF74_RS08350	804	568.277	3	0.964067
gene-JF74_RS08355	774	538.607	1	0.339058
gene-JF74_RS08360	927	690.652	2	0.528831
gene-JF74_RS08365	933	696.652	0	0
gene-JF74_RS08370	492	269.905	3	2.02982
gene-JF74_RS08375	801	565.277	0	0
gene-JF74_RS08380	477	256.972	0	0
gene-JF74_RS10375	93	21.4895	1	8.49807
gene-JF74_RS08385	666	432.418	0	0
gene-JF74_RS08390	1665	1428.15	0	0
gene-JF74_RS08395	339	148.373	3	3.69244
gene-JF74_RS08400	1401	1164.15	0	0
gene-JF74_RS08405	279	108.464	0	0
gene-JF74_RS08410	360	164.089	0	0
gene-JF74_RS08415	990	753.224	1	0.24245
gene-JF74_RS08420	255	93.4477	0	0
gene-JF74_RS08425	300	120.861	0	0
gene-JF74_RS08430	345	153.15	1	1.19242
gene-JF74_RS08435	1110	873.148	7	1.46405
gene-JF74_RS08440	1110	873.148	3	0.627451
gene-JF74_RS08445	1230	993.148	0	0
gene-JF74_RS08450	831	595.102	0	0
gene-JF74_RS08455	201	60.3796	0	0
gene-JF74_RS10180	1980	1743.15	11	1.1524
gene-JF74_RS10490	111	19.2054	0	0
gene-JF74_RS08465	1353	1116.15	0	0
gene-JF74_RS08470	1461	1224.15	0	0
gene-JF74_RS08475	258	95.3596	0	0
gene-JF74_RS08480	741	506.126	0	0
gene-JF74_RS08485	525	298.977	0	0
gene-JF74_RS08490	636	403.175	1	0.452953
gene-JF74_RS08495	705	470.425	0	0
gene-JF74_RS08500	603	371.341	0	0
gene-JF74_RS08505	378	177.878	0	0
gene-JF74_RS08510	267	101.144	1	1.80553
gene-JF74_RS08515	1587	1350.15	2	0.270517
gene-JF74_RS08520	657	423.677	0	0
gene-JF74_RS08525	483	262.155	0	0
gene-JF74_RS10380	90	23.2463	0	0
gene-JF74_RS08535	1584	1347.15	2	0.27112
gene-JF74_RS10385	90	23.2463	0	0
gene-JF74_RS10390	90	23.2463	0	0
gene-JF74_RS08540	438	224.858	0	0
gene-JF74_RS08545	285	112.337	4	6.50257
gene-JF74_RS10395	188	52.7556	0	0
gene-JF74_RS10185	238	82.9827	0	0
gene-JF74_RS08550	966	729.297	2	0.500809
gene-JF74_RS08555	1644	1407.15	4	0.519119
gene-JF74_RS08560	1155	918.148	0	0
gene-JF74_RS08565	2988	2751.15	11	0.730172
gene-JF74_RS10400	278	107.681	1	1.69593
gene-JF74_RS08570	516	290.887	7	4.3946
gene-JF74_RS08575	975	738.297	2	0.494704
gene-JF74_RS08580	676	442.199	6	2.47788
gene-JF74_RS08585	615	382.808	2	0.954104
gene-JF74_RS10495	423	212.807	6	5.14888
gene-JF74_RS08600	1254	1017.15	2	0.359081
gene-JF74_RS08605	390	187.171	3	2.92704
gene-JF74_RS08610	483	262.155	0	0
gene-JF74_RS08615	492	269.905	2	1.35321
gene-JF74_RS08620	792	556.333	1	0.328255
gene-JF74_RS08625	1641	1404.15	4	0.520228
gene-JF74_RS08630	1344	1107.15	2	0.329891
gene-JF74_RS08635	930	693.652	4	1.05309
gene-JF74_RS08640	1239	1002.15	0	0
gene-JF74_RS08645	252	91.7168	0	0
gene-JF74_RS08650	333	144.04	0	0
gene-JF74_RS08655	1245	1008.15	0	0
gene-JF74_RS08660	858	622.04	0	0
gene-JF74_RS08665	636	403.175	5	2.26476
gene-JF74_RS08670	2148	1911.15	1	0.0955547
gene-JF74_RS08675	1755	1518.15	0	0
gene-JF74_RS08680	1446	1209.15	4	0.604125
gene-JF74_RS08685	1947	1710.15	0	0
gene-JF74_RS08690	870	633.915	0	0
gene-JF74_RS08695	954	717.37	4	1.01827
gene-JF74_RS10190	2004	1767.15	6	0.620047
gene-JF74_RS08705	1074	837.148	1	0.218145
gene-JF74_RS08710	1617	1380.15	2	0.264637
gene-JF74_RS08715	513	288.215	0	0
gene-JF74_RS08720	1224	987.148	2	0.369994
gene-JF74_RS08725	1167	930.148	6	1.178
gene-JF74_RS08730	1098	861.148	2	0.42413
gene-JF74_RS08735	894	657.786	1	0.277627
gene-JF74_RS08740	1296	1059.15	1	0.172421
gene-JF74_RS08745	363	166.29	0	0
gene-JF74_RS08750	372	173.403	1	1.05315
gene-JF74_RS08755	918	681.652	0	0
gene-JF74_RS08760	306	124.664	0	0
gene-JF74_RS08765	222	73.7674	0	0
gene-JF74_RS08770	858	622.04	0	0
gene-JF74_RS08775	1359	1122.15	0	0
gene-JF74_RS08780	1224	987.148	1	0.184997
gene-JF74_RS08785	1107	870.148	0	0
gene-JF74_RS08790	678	444.021	0	0
gene-JF74_RS08795	2274	2037.15	2	0.179289
gene-JF74_RS08800	1725	1488.15	2	0.245432
gene-JF74_RS08805	1668	1431.15	0	0
gene-JF74_RS08810	1119	882.148	9	1.86315
gene-JF74_RS08815	951	714.441	11	2.81172
gene-JF74_RS08820	774	538.607	3	1.01718
gene-JF74_RS08825	1503	1266.15	46	6.63468
gene-JF74_RS08830	813	577.22	9	2.8474
gene-JF74_RS08835	669	435.331	4	1.67798
gene-JF74_RS10500	99	20.2777	0	0
gene-JF74_RS10410	225	75.4231	2	4.84253
gene-JF74_RS08845	696	461.658	24.7017	9.77131
gene-JF74_RS10415	423	212.807	15	12.8722
gene-JF74_RS08855	660	426.634	1	0.428046
gene-JF74_RS08860	789	553.388	0	0
gene-JF74_RS08865	804	568.277	0	0
gene-JF74_RS08870	663	429.548	0	0
gene-JF74_RS08875	1020	783.148	121	28.2155
gene-JF74_RS08880	747	511.974	0	0
gene-JF74_RS08885	336	146.093	1	1.25002
gene-JF74_RS08890	1187	950.148	0	0
gene-JF74_RS08895	816	580.22	2	0.629483
gene-JF74_RS08900	462	244.394	5	3.73616
gene-JF74_RS08905	273	105.037	1	1.73862
gene-JF74_RS08910	318	133.428	1	1.36867
gene-JF74_RS08915	1812	1575.15	1.5	0.173907
gene-JF74_RS08920	228	77.1541	0	0
gene-JF74_RS08925	1296	1059.15	1	0.172421
gene-JF74_RS08930	1290	1053.15	1	0.173403
gene-JF74_RS08935	993	756.224	0	0
gene-JF74_RS08940	1902	1665.15	2	0.219343
gene-JF74_RS08945	1059	822.148	0	0
gene-JF74_RS08950	492	269.905	0	0
gene-JF74_RS08955	444	229.732	0	0
gene-JF74_RS08960	837	601.102	4	1.21523
gene-JF74_RS08965	819	583.162	0	0
gene-JF74_RS08970	1071	834.148	0	0
gene-JF74_RS08975	1188	951.148	1	0.191999
gene-JF74_RS08980	759	523.871	0	0
gene-JF74_RS08985	924	687.652	0	0
gene-JF74_RS08990	1140	903.148	1	0.202203
gene-JF74_RS08995	711	476.425	0	0
gene-JF74_RS09000	1314	1077.15	0	0
gene-JF74_RS09005	231	78.702	1	2.32039
gene-JF74_RS09010	1353	1116.15	0	0
gene-JF74_RS09015	978	741.224	0	0
gene-JF74_RS09020	2994	2757.15	0	0
gene-JF74_RS09025	861	624.978	5	1.46101
gene-JF74_RS09030	879	642.851	1	0.284077
gene-JF74_RS09035	1179	942.148	0	0
gene-JF74_RS09040	1404	1167.15	4	0.625865
gene-JF74_RS09045	729	494.327	3	1.10829
gene-JF74_RS09050	1554	1317.15	0	0
gene-JF74_RS09055	444	229.732	1	0.794924
gene-JF74_RS09060	321	135.439	0	0
gene-JF74_RS09065	486	264.853	1	0.689513
gene-JF74_RS09070	888	651.786	2	0.560365
gene-JF74_RS09075	366	168.799	0	0
gene-JF74_RS09080	558	328.755	0	0
gene-JF74_RS09085	1167	930.148	4	0.785334
gene-JF74_RS09090	891	654.786	1	0.278899
gene-JF74_RS09095	1116	879.148	0	0
gene-JF74_RS09100	906	669.72	1	0.27268
gene-JF74_RS09105	789	553.388	1	0.330002
gene-JF74_RS09110	417	208.169	0	0
gene-JF74_RS09115	822	586.162	2	0.623102
gene-JF74_RS09120	798	562.277	0	0
gene-JF74_RS09125	495	272.68	0	0
gene-JF74_RS09130	1101	864.148	1.5013	0.317268
gene-JF74_RS09135	750	514.922	5	1.77327
gene-JF74_RS09140	558	328.755	1	0.555487
gene-JF74_RS09145	609	377.075	4	1.93722
gene-JF74_RS09150	1023	786.148	6	1.39378
gene-JF74_RS09155	2097	1860.15	78	7.65762
gene-JF74_RS09160	2532	2295.15	2	0.159135
gene-JF74_RS09165	867	630.915	0	0
gene-JF74_RS09170	1296	1059.15	0	0
gene-JF74_RS09175	234	80.3412	27	61.3722
gene-JF74_RS09180	708	473.425	6	2.31444
gene-JF74_RS09185	975	738.297	3	0.742055
gene-JF74_RS09190	1308	1071.15	0	0
gene-JF74_RS09195	240	84.4063	1	2.16357
gene-JF74_RS09200	1245	1008.15	1	0.181143
gene-JF74_RS09205	1515	1278.15	4	0.571512
gene-JF74_RS09210	153	34.7474	0	0
gene-JF74_RS09215	321	135.439	3	4.04505
gene-JF74_RS09220	486	264.853	0	0
gene-JF74_RS09225	573	343.139	8.8	4.68337
gene-JF74_RS09230	1881	1644.15	9	0.99965
gene-JF74_RS09235	678	444.021	0	0
gene-JF74_RS09240	1089	852.148	3	0.642914
gene-JF74_RS09245	2346	2109.15	5	0.432922
gene-JF74_RS09250	726	491.327	1	0.371685
gene-JF74_RS09255	555	325.955	18	10.0847
gene-JF74_RS09260	183	49.9191	0	0
gene-JF74_RS09265	522	296.313	13	8.01196
gene-JF74_RS09270	417	208.169	0	0
gene-JF74_RS09275	1632	1395.15	0	0
gene-JF74_RS09280	651	417.762	2	0.874274
gene-JF74_RS09285	684	449.977	2	0.811683
gene-JF74_RS09290	642	409.052	0	0
gene-JF74_RS09295	654	420.762	0	0
gene-JF74_RS09300	852	616.102	0	0
gene-JF74_RS09305	792	556.333	0	0
gene-JF74_RS09310	1308	1071.15	0	0
gene-JF74_RS09315	1446	1209.15	1	0.151031
gene-JF74_RS09320	1311	1074.15	2	0.340026
gene-JF74_RS09325	192	55.1582	0	0
gene-JF74_RS09330	258	95.3596	0	0
gene-JF74_RS09335	1323	1086.15	0	0
gene-JF74_RS09340	693	458.704	0	0
gene-JF74_RS09345	1557	1320.15	2	0.276665
gene-JF74_RS09350	1386	1149.15	14	2.22484
gene-JF74_RS09355	1455	1218.15	2	0.299831
gene-JF74_RS09360	1815	1578.15	30	3.47152
gene-JF74_RS09365	1899	1662.15	0	0
gene-JF74_RS09370	1386	1149.15	1	0.158917
gene-JF74_RS09375	864	627.915	2	0.581668
gene-JF74_RS09380	369	170.944	1	1.0683
gene-JF74_RS09385	141	29.1263	0	0
gene-JF74_RS09390	288	114.117	3	4.80085
gene-JF74_RS09395	1842	1605.15	16	1.82034
rna-JF74_RS09400	2690	2453.15	135904	10117.1
gene-JF74_RS10505	1406	1169.15	0	0
gene-JF74_RS09415	942	705.582	0	0
gene-JF74_RS09420	469	249.984	0	0
gene-JF74_RS09425	1410	1173.15	0	0
gene-JF74_RS09430	465	246.848	0	0
gene-JF74_RS10265	1278	1041.15	0	0
gene-JF74_RS09440	1290	1053.15	0	0
gene-JF74_RS09445	2673	2436.15	0	0
gene-JF74_RS09450	750	514.922	0	0
gene-JF74_RS09455	576	345.999	0	0
gene-JF74_RS09460	858	622.04	0	0
gene-JF74_RS10420	920	683.652	0	0
gene-JF74_RS09475	1623	1386.15	1	0.131746
gene-JF74_RS09480	1575	1338.15	0	0
gene-JF74_RS09485	918	681.652	0	0
gene-JF74_RS09490	1260	1023.15	0	0
gene-JF74_RS09495	441	227.347	0	0
gene-JF74_RS09500	1083	846.148	0	0
gene-JF74_RS09505	1263	1026.15	0	0
gene-JF74_RS09510	1008	771.148	0	0
gene-JF74_RS09515	1494	1257.15	0	0
gene-JF74_RS10210	1668	1431.15	0	0
gene-JF74_RS09525	825	589.162	0	0
gene-JF74_RS09530	468	249.142	0	0
gene-JF74_RS09535	1314	1077.15	0	0
gene-JF74_RS09540	348	155.386	0	0
gene-JF74_RS09545	393	189.447	0	0
gene-JF74_RS09550	369	170.944	0	0
gene-JF74_RS09555	687	452.796	0	0
gene-JF74_RS09560	837	601.102	0	0
gene-JF74_RS09565	576	345.999	0	0
gene-JF74_RS09570	879	642.851	0	0
gene-JF74_RS09575	2457	2220.15	0	0
gene-JF74_RS09580	1287	1050.15	0	0
gene-JF74_RS09590	1158	921.148	0	0
gene-JF74_RS09595	1095	858.148	0	0
gene-JF74_RS09600	726	491.327	0	0
gene-JF74_RS09605	261	97.1757	0	0
gene-JF74_RS09610	336	146.093	0	0
gene-JF74_RS09615	825	589.162	0	0
gene-JF74_RS09620	639	406.134	0	0
gene-JF74_RS09625	246	88.3653	0	0
gene-JF74_RS09630	2328	2091.15	0	0
gene-JF74_RS09635	2292	2055.15	0	0
gene-JF74_RS09640	375	175.674	0	0
gene-JF74_RS09645	240	84.4063	0	0
gene-JF74_RS09650	612	379.885	0	0
gene-JF74_RS09655	390	187.171	0	0
gene-JF74_RS09660	264	99.2773	0	0
gene-JF74_RS09665	687	452.796	0	0
gene-JF74_RS09670	1053	816.148	0	0
gene-JF74_RS10270	1189	952.148	0	0
gene-JF74_RS09680	1584	1347.15	0	0
gene-JF74_RS09685	1581	1344.15	0	0
gene-JF74_RS09690	1551	1314.15	0	0
gene-JF74_RS09695	1278	1041.15	0	0
gene-JF74_RS09700	3000	2763.15	0	0
gene-JF74_RS09705	225	75.4231	0	0
gene-JF74_RS09710	396	191.63	0	0
gene-JF74_RS09715	414	205.808	0	0
gene-JF74_RS09720	372	173.403	0	0
gene-JF74_RS09725	717	482.425	0	0
gene-JF74_RS09730	654	420.762	0	0
gene-JF74_RS09735	1587	1350.15	0	0
gene-JF74_RS10425	1182	945.148	0	0
gene-JF74_RS09745	924	687.652	0	0
gene-JF74_RS09750	501	277.795	0	0
gene-JF74_RS09755	747	511.974	0	0
gene-JF74_RS09760	471	251.746	0	0
gene-JF74_RS09765	687	452.796	0	0
gene-JF74_RS09770	4632	4395.15	0	0
gene-JF74_RS09775	2262	2025.15	0	0
gene-JF74_RS09780	1011	774.148	0	0
gene-JF74_RS09785	294	117.242	0	0
gene-JF74_RS09790	405	198.514	0	0
gene-JF74_RS09795	420	210.479	0	0
gene-JF74_RS09800	243	86.2978	0	0
gene-JF74_RS09805	870	633.915	0	0
gene-JF74_RS09810	885	648.786	0	0
gene-JF74_RS09815	576	345.999	0	0
gene-JF74_RS09820	216	69.8915	0	0
gene-JF74_RS09825	318	133.428	0	0
gene-JF74_RS09830	522	296.313	0	0
gene-JF74_RS09835	264	99.2773	0	0
gene-JF74_RS09840	252	91.7168	0	0
gene-JF74_RS09845	1536	1299.15	0	0
gene-JF74_RS09850	930	693.652	0	0
gene-JF74_RS09855	327	139.697	0	0
gene-JF74_RS09860	552	323.12	0	0
gene-JF74_RS09865	1380	1143.15	0	0
gene-JF74_RS09870	459	242.039	0	0
gene-JF74_RS09875	1296	1059.15	0	0
gene-JF74_RS09880	1098	861.148	0	0
gene-JF74_RS09885	1257	1020.15	0	0
gene-JF74_RS09890	3024	2787.15	0	0
gene-JF74_RS09895	987	750.224	0	0
gene-JF74_RS10220	297	119.014	0	0
gene-JF74_RS10430	171	43.4896	0	0
gene-JF74_RS09905	504	280.361	0	0
gene-JF74_RS09910	240	84.4063	0	0
gene-JF74_RS09915	255	93.4477	0	0
gene-JF74_RS09920	804	568.277	0	0
gene-JF74_RS09925	303	122.716	0	0
gene-JF74_RS09930	726	491.327	0	0
gene-JF74_RS09935	1278	1041.15	0	0
gene-JF74_RS09940	3174	2937.15	0	0
gene-JF74_RS09945	1461	1224.15	0	0
gene-JF74_RS09950	945	708.441	0	0
gene-JF74_RS09955	699	464.566	0	0
gene-JF74_RS09960	450	234.736	0	0
gene-JF74_RS09965	1269	1032.15	0	0
gene-JF74_RS09970	663	429.548	0	0
gene-JF74_RS09975	615	382.808	0	0
gene-JF74_RS09980	711	476.425	0	0
gene-JF74_RS10435	1227	990.148	0	0
gene-JF74_RS09990	762	526.713	0	0
gene-JF74_RS09995	3072	2835.15	0	0
gene-JF74_RS10000	303	122.716	0	0
gene-JF74_RS10005	441	227.347	0	0
gene-JF74_RS10010	603	371.341	0	0
gene-JF74_RS10015	384	182.393	0	0
gene-JF74_RS10025	235	80.9827	2	4.51008
gene-JF74_RS10030	1146	909.148	2	0.401737
gene-JF74_RS10040	613	380.885	2	0.958921
gene-JF74_RS10045	758	522.871	2	0.698525
gene-JF74_RS10050	849	613.102	17	5.06363
gene-JF74_RS10055	303	122.716	3	4.46443
gene-JF74_RS10060	609	377.075	2	0.968608
gene-JF74_RS10065	642	409.052	16	7.14311
gene-JF74_RS10070	240	84.4063	2.5	5.40893
gene-SALWKB2_RS00005	720	485.425	0	0
gene-SALWKB2_RS00010	750	514.922	3	1.06396
gene-SALWKB2_RS00015	945	708.441	0	0
gene-SALWKB2_RS00020	1053	816.148	0	0
gene-SALWKB2_RS00025	609	377.075	0	0
gene-SALWKB2_RS00030	1281	1044.15	1	0.174898
rna-SALWKB2_RS00035	74	33.7981	0	0
gene-SALWKB2_RS00040	10779	10542.1	14.433	0.25002
gene-SALWKB2_RS00045	1146	909.148	0	0
gene-SALWKB2_RS00050	1131	894.148	0	0
gene-SALWKB2_RS00055	1188	951.148	2	0.383998
gene-SALWKB2_RS00060	939	702.582	1	0.259926
gene-SALWKB2_RS00065	327	139.697	0	0
gene-SALWKB2_RS00070	1377	1140.15	0	0
gene-SALWKB2_RS00075	216	69.8915	0	0
gene-SALWKB2_RS00080	1770	1533.15	1	0.119114
gene-SALWKB2_RS00085	1020	783.148	0	0
gene-SALWKB2_RS00090	1293	1056.15	2	0.345821
gene-SALWKB2_RS00095	465	246.848	0	0
gene-SALWKB2_RS00100	258	95.3596	0	0
gene-SALWKB2_RS00105	654	420.762	0	0
gene-SALWKB2_RS00110	912	675.72	0	0
gene-SALWKB2_RS00115	1056	819.148	1	0.222938
gene-SALWKB2_RS00120	471	251.746	0	0
gene-SALWKB2_RS00125	660	426.634	0	0
gene-SALWKB2_RS00130	1104	867.148	0	0
gene-SALWKB2_RS00135	822	586.162	0	0
gene-SALWKB2_RS00140	1371	1134.15	0	0
gene-SALWKB2_RS00145	387	184.806	0	0
gene-SALWKB2_RS00150	1290	1053.15	2	0.346806
gene-SALWKB2_RS11780	1488	1251.15	1	0.145961
gene-SALWKB2_RS00160	654	420.762	0	0
gene-SALWKB2_RS00165	651	417.762	0	0
rna-SALWKB2_RS00170	85	27.0319	0	0
gene-SALWKB2_RS00175	927	690.652	0	0
gene-SALWKB2_RS00180	645	411.887	0	0
gene-SALWKB2_RS00185	630	397.376	0	0
gene-SALWKB2_RS00190	750	514.922	8	2.83723
gene-SALWKB2_RS00195	873	636.915	10	2.86725
gene-SALWKB2_RS00200	720	485.425	3	1.12861
gene-SALWKB2_RS00205	558	328.755	0	0
gene-SALWKB2_RS00210	750	514.922	0	0
gene-SALWKB2_RS00215	810	574.277	0	0
gene-SALWKB2_RS00220	1203	966.148	0	0
gene-SALWKB2_RS00225	1341	1104.15	0	0
gene-SALWKB2_RS00230	2376	2139.15	0	0
gene-SALWKB2_RS00235	498	275.081	0	0
gene-SALWKB2_RS00240	1062	825.148	0	0
gene-SALWKB2_RS00245	459	242.039	0	0
gene-SALWKB2_RS00250	777	541.553	1	0.337214
gene-SALWKB2_RS00255	417	208.169	2	1.75453
gene-SALWKB2_RS00260	666	432.418	0	0
gene-SALWKB2_RS11495	774	538.607	1	0.339058
rna-SALWKB2_RS00270	1546	1309.15	160886	22442.7
rna-SALWKB2_RS00275	77	33.2069	1.75	9.62401
rna-SALWKB2_RS00280	76	33.0619	0	0
rna-SALWKB2_RS00285	2896	2659.15	339257	23298.8
rna-SALWKB2_RS00290	114	19.877	8.75	80.3905
gene-SALWKB2_RS11785	186	51.5528	0	0
gene-SALWKB2_RS00295	405	198.514	1	0.919932
gene-SALWKB2_RS00300	270	103.079	0	0
gene-SALWKB2_RS00305	1758	1521.15	1	0.120054
gene-SALWKB2_RS00310	2640	2403.15	1	0.0759917
gene-SALWKB2_RS00315	2379	2142.15	0	0
gene-SALWKB2_RS11500	2601	2364.15	2	0.154491
gene-SALWKB2_RS00325	342	150.555	0	0
gene-SALWKB2_RS00330	753	517.871	0	0
gene-SALWKB2_RS00335	921	684.652	0	0
gene-SALWKB2_RS00340	1389	1152.15	0	0
gene-SALWKB2_RS00345	1116	879.148	1	0.207723
gene-SALWKB2_RS00350	1539	1302.15	1	0.140245
gene-SALWKB2_RS00355	309	127.008	0	0
gene-SALWKB2_RS00360	357	161.939	2	2.2554
gene-SALWKB2_RS00365	480	259.538	3	2.1109
gene-SALWKB2_RS00370	588	357.074	0	0
gene-SALWKB2_RS00375	1254	1017.15	3	0.538621
gene-SALWKB2_RS00380	474	254.347	2	1.43598
gene-SALWKB2_RS00385	1296	1059.15	0	0
gene-SALWKB2_RS00390	2253	2016.15	6	0.54347
gene-SALWKB2_RS00395	1050	813.148	2	0.449166
gene-SALWKB2_RS00400	480	259.538	0	0
gene-SALWKB2_RS00405	657	423.677	2	0.862068
gene-SALWKB2_RS00410	306	124.664	1	1.46489
gene-SALWKB2_RS00415	2025	1788.15	4	0.40851
gene-SALWKB2_RS00420	1494	1257.15	3	0.435794
gene-SALWKB2_RS00425	1443	1206.15	0	0
gene-SALWKB2_RS00430	1134	897.148	0	0
gene-SALWKB2_RS00435	348	155.386	0	0
gene-SALWKB2_RS00440	3639	3402.15	0	0
gene-SALWKB2_RS00445	687	452.796	0	0
gene-SALWKB2_RS00450	1362	1125.15	0	0
rna-SALWKB2_RS00455	76	33.0619	0	0
gene-SALWKB2_RS11505	1128	891.148	0	0
gene-SALWKB2_RS00460	324	137.442	0	0
gene-SALWKB2_RS12090	192	55.1582	0	0
gene-SALWKB2_RS00465	258	95.3596	0	0
gene-SALWKB2_RS11790	186	51.5528	0	0
gene-SALWKB2_RS00480	552	323.12	0	0
gene-SALWKB2_RS12095	90	23.2463	0	0
gene-SALWKB2_RS12100	285	112.337	0	0
gene-SALWKB2_RS12105	327	139.697	0	0
gene-SALWKB2_RS11795	179	47.6874	0	0
gene-SALWKB2_RS00490	900	663.72	0	0
gene-SALWKB2_RS00495	1608	1371.15	0	0
gene-SALWKB2_RS00500	962	725.297	0	0
gene-SALWKB2_RS00505	270	103.079	0	0
gene-SALWKB2_RS00510	369	170.944	0	0
gene-SALWKB2_RS00515	1086	849.148	0	0
gene-SALWKB2_RS00520	1053	816.148	2	0.447515
gene-SALWKB2_RS00525	1884	1647.15	1	0.11087
gene-SALWKB2_RS00530	507	283.041	2	1.29041
gene-SALWKB2_RS00535	843	607.102	3	0.902414
gene-SALWKB2_RS00540	969	732.297	2	0.498757
gene-SALWKB2_RS00545	2670	2433.15	7	0.525383
gene-SALWKB2_RS00550	552	323.12	3	1.69552
gene-SALWKB2_RS00555	1509	1272.15	9	1.29197
gene-SALWKB2_RS00560	489	267.38	11	7.51294
gene-SALWKB2_RS00565	537	309.666	6	3.53838
gene-SALWKB2_RS00570	1347	1110.15	2	0.329
gene-SALWKB2_RS00575	1350	1113.15	0	0
gene-SALWKB2_RS00580	453	236.93	0	0
gene-SALWKB2_RS00585	3930	3693.15	4	0.197792
gene-SALWKB2_RS00590	741	506.126	0	0
gene-SALWKB2_RS00595	261	97.1757	0	0
gene-SALWKB2_RS00600	2328	2091.15	1	0.0873296
gene-SALWKB2_RS00605	429	217.564	1	0.839383
gene-SALWKB2_RS00610	4410	4173.15	6.08523	0.266293
gene-SALWKB2_RS00615	276	106.499	0	0
gene-SALWKB2_RS00620	396	191.63	0	0
gene-SALWKB2_RS00625	357	161.939	0	0
gene-SALWKB2_RS11800	1290	1053.15	0	0
gene-SALWKB2_RS00640	564	334.587	0	0
gene-SALWKB2_RS12145	207	64.019	0	0
gene-SALWKB2_RS00645	564	334.587	0	0
gene-SALWKB2_RS12150	706	471.425	1	0.387377
gene-SALWKB2_RS12155	285	112.337	0	0
gene-SALWKB2_RS00660	315	131.376	0	0
gene-SALWKB2_RS11515	1146	909.148	0	0
gene-SALWKB2_RS00675	333	144.04	0	0
gene-SALWKB2_RS00680	1386	1149.15	1	0.158917
gene-SALWKB2_RS00685	342	150.555	1	1.21298
gene-SALWKB2_RS00695	708	473.425	2	0.771481
gene-SALWKB2_RS00700	612	379.885	0	0
gene-SALWKB2_RS00705	543	314.965	0	0
gene-SALWKB2_RS11520	774	538.607	0	0
gene-SALWKB2_RS11525	453	236.93	0	0
gene-SALWKB2_RS11530	543	314.965	0	0
gene-SALWKB2_RS00720	402	196.065	0	0
gene-SALWKB2_RS00725	906	669.72	0	0
gene-SALWKB2_RS00730	2481	2244.15	3	0.244127
gene-SALWKB2_RS00735	699	464.566	0	0
gene-SALWKB2_RS00740	1524	1287.15	1	0.141879
gene-SALWKB2_RS00745	459	242.039	0	0
gene-SALWKB2_RS00750	621	388.575	1	0.469972
gene-SALWKB2_RS00755	786	550.388	0	0
gene-SALWKB2_RS00760	729	494.327	0	0
gene-SALWKB2_RS00765	834	598.102	1	0.305331
gene-SALWKB2_RS00770	1272	1035.15	0	0
gene-SALWKB2_RS00775	2103	1866.15	1	0.0978589
gene-SALWKB2_RS00780	597	365.527	0	0
gene-SALWKB2_RS00785	1254	1017.15	0	0
gene-SALWKB2_RS00790	942	705.582	1	0.258821
gene-SALWKB2_RS00795	504	280.361	1	0.651372
gene-SALWKB2_RS00800	1218	981.148	3	0.558384
gene-SALWKB2_RS00805	747	511.974	0	0
gene-SALWKB2_RS00810	822	586.162	0	0
gene-SALWKB2_RS00815	357	161.939	0	0
gene-SALWKB2_RS00820	411	203.419	0	0
gene-SALWKB2_RS00825	1188	951.148	0	0
gene-SALWKB2_RS00830	891	654.786	0	0
gene-SALWKB2_RS00835	1089	852.148	0	0
gene-SALWKB2_RS00840	1416	1179.15	0	0
gene-SALWKB2_RS00845	1194	957.148	0	0
gene-SALWKB2_RS00850	894	657.786	8	2.22101
gene-SALWKB2_RS00855	726	491.327	1	0.371685
rna-SALWKB2_RS00860	1546	1309.15	160886	22442.7
rna-SALWKB2_RS00865	77	33.2069	1.75	9.62401
rna-SALWKB2_RS00870	76	33.0619	0	0
rna-SALWKB2_RS00875	2896	2659.15	339257	23298.8
rna-SALWKB2_RS00880	114	19.877	8.75	80.3905
gene-SALWKB2_RS00885	1605	1368.15	0	0
gene-SALWKB2_RS00890	1143	906.148	0	0
gene-SALWKB2_RS00895	1032	795.148	0	0
gene-SALWKB2_RS00900	594	362.675	0	0
gene-SALWKB2_RS00905	741	506.126	0	0
gene-SALWKB2_RS00910	477	256.972	0	0
gene-SALWKB2_RS00915	684	449.977	0	0
gene-SALWKB2_RS00920	1362	1125.15	0	0
gene-SALWKB2_RS00925	324	137.442	0	0
gene-SALWKB2_RS00930	639	406.134	0	0
gene-SALWKB2_RS00935	903	666.72	0	0
gene-SALWKB2_RS00940	432	220.183	0	0
gene-SALWKB2_RS00945	453	236.93	1	0.770772
gene-SALWKB2_RS00950	630	397.376	0	0
gene-SALWKB2_RS00955	1236	999.148	1	0.182775
gene-SALWKB2_RS00960	3213	2976.15	6	0.368166
gene-SALWKB2_RS00965	1500	1263.15	4	0.578299
gene-SALWKB2_RS00970	234	80.3412	2	4.54609
gene-SALWKB2_RS00975	156	36.1805	1	5.04744
gene-SALWKB2_RS00980	228	77.1541	0	0
gene-SALWKB2_RS00985	663	429.548	0	0
gene-SALWKB2_RS00990	543	314.965	0	0
gene-SALWKB2_RS01000	1350	1113.15	0	0
gene-SALWKB2_RS01005	306	124.664	0	0
gene-SALWKB2_RS01010	2229	1992.15	0	0
gene-SALWKB2_RS01015	1041	804.148	3	0.68129
gene-SALWKB2_RS01020	789	553.388	0	0
gene-SALWKB2_RS01025	1002	765.148	0	0
gene-SALWKB2_RS01030	771	535.607	0	0
gene-SALWKB2_RS01035	801	565.277	3	0.969184
gene-SALWKB2_RS01040	645	411.887	0	0
gene-SALWKB2_RS01045	756	520.871	0	0
gene-SALWKB2_RS01050	549	320.48	2	1.13966
gene-SALWKB2_RS01055	2703	2466.15	2	0.148101
gene-SALWKB2_RS01060	837	601.102	0	0
gene-SALWKB2_RS01065	873	636.915	0	0
gene-SALWKB2_RS01070	1083	846.148	0	0
gene-SALWKB2_RS01075	5178	4941.15	19	0.702218
gene-SALWKB2_RS01080	1260	1023.15	0	0
gene-SALWKB2_RS01085	249	89.949	0	0
gene-SALWKB2_RS01090	762	526.713	0	0
gene-SALWKB2_RS01095	921	684.652	0	0
gene-SALWKB2_RS01100	198	58.6161	1	3.11551
gene-SALWKB2_RS01105	753	517.871	0	0
gene-SALWKB2_RS01110	615	382.808	0	0
gene-SALWKB2_RS01115	852	616.102	1	0.29641
gene-SALWKB2_RS01120	1233	996.148	2	0.366651
gene-SALWKB2_RS01125	1680	1443.15	1	0.126542
gene-SALWKB2_RS01130	1698	1461.15	0	0
gene-SALWKB2_RS01135	975	738.297	0	0
gene-SALWKB2_RS01140	534	307.013	0	0
gene-SALWKB2_RS01145	1761	1524.15	0	0
gene-SALWKB2_RS01155	1029	792.148	2	0.461074
gene-SALWKB2_RS01160	696	461.658	0	0
gene-SALWKB2_RS01165	864	627.915	0	0
rna-SALWKB2_RS01170	78	32.0645	0	0
rna-SALWKB2_RS01175	77	33.2069	1	5.49944
rna-SALWKB2_RS01180	76	33.0619	0	0
gene-SALWKB2_RS01185	1173	936.148	0	0
gene-SALWKB2_RS01190	606	374.341	0	0
gene-SALWKB2_RS01195	417	208.169	0	0
gene-SALWKB2_RS01200	564	334.587	0	0
gene-SALWKB2_RS01205	798	562.277	0	0
gene-SALWKB2_RS01210	1755	1518.15	5	0.601454
gene-SALWKB2_RS01215	867	630.915	1	0.289451
gene-SALWKB2_RS01220	720	485.425	1	0.376205
gene-SALWKB2_RS01225	1044	807.148	0	0
gene-SALWKB2_RS01230	1230	993.148	1	0.183879
gene-SALWKB2_RS01235	702	467.519	0	0
gene-SALWKB2_RS01240	552	323.12	1	0.565175
gene-SALWKB2_RS01245	786	550.388	1	0.331801
gene-SALWKB2_RS01250	1179	942.148	3	0.581499
gene-SALWKB2_RS01255	459	242.039	2	1.50901
gene-SALWKB2_RS01260	2295	2058.15	1	0.0887299
gene-SALWKB2_RS01265	573	343.139	1	0.532201
gene-SALWKB2_RS01270	255	93.4477	0	0
rna-SALWKB2_RS01275	84	27.3408	0	0
rna-SALWKB2_RS01280	74	33.7981	4	21.613
rna-SALWKB2_RS01285	75	33.5463	1	5.4438
gene-SALWKB2_RS01290	1191	954.148	25.5	4.88057
rna-SALWKB2_RS01295	76	33.0619	0	0
gene-SALWKB2_RS01300	453	236.93	0	0
gene-SALWKB2_RS01305	534	307.013	3	1.78448
gene-SALWKB2_RS01310	432	220.183	3	2.48819
gene-SALWKB2_RS01315	693	458.704	0	0
gene-SALWKB2_RS01320	501	277.795	5	3.28694
gene-SALWKB2_RS01325	372	173.403	2	2.1063
gene-SALWKB2_RS01330	4182	3945.15	7	0.324027
gene-SALWKB2_RS01335	4176	3939.15	9	0.417241
gene-SALWKB2_RS01340	372	173.403	5	5.26574
gene-SALWKB2_RS01345	471	251.746	5	3.62705
gene-SALWKB2_RS01350	2103	1866.15	11	1.07645
gene-SALWKB2_RS01355	1191	954.148	8.5	1.62686
gene-SALWKB2_RS01360	312	129.046	0	0
gene-SALWKB2_RS01365	1221	984.148	1	0.185561
gene-SALWKB2_RS01370	1227	990.148	1	0.184436
gene-SALWKB2_RS11810	171	43.4896	0	0
gene-SALWKB2_RS01375	324	137.442	0	0
gene-SALWKB2_RS01380	900	663.72	0	0
gene-SALWKB2_RS01385	1416	1179.15	0	0
gene-SALWKB2_RS01390	963	726.297	0	0
gene-SALWKB2_RS01395	588	357.074	0	0
gene-SALWKB2_RS11535	552	323.12	0	0
gene-SALWKB2_RS01405	1419	1182.15	0	0
rna-SALWKB2_RS01410	77	33.2069	0	0
rna-SALWKB2_RS01415	75	33.5463	0	0
gene-SALWKB2_RS01420	729	494.327	1	0.36943
rna-SALWKB2_RS11815	98	20.3841	0	0
gene-SALWKB2_RS01425	1416	1179.15	0	0
gene-SALWKB2_RS01430	1050	813.148	3	0.673749
gene-SALWKB2_RS01435	1476	1239.15	0	0
gene-SALWKB2_RS01440	846	610.102	0	0
gene-SALWKB2_RS01445	1734	1497.15	0	0
gene-SALWKB2_RS01450	1833	1596.15	0	0
gene-SALWKB2_RS01455	1797	1560.15	1	0.117052
gene-SALWKB2_RS01460	438	224.858	0	0
rna-SALWKB2_RS01465	1547	1310.15	35.6121	4.9639
rna-SALWKB2_RS01470	77	33.2069	1.75	9.62401
rna-SALWKB2_RS01475	76	33.0619	0	0
rna-SALWKB2_RS01480	2896	2659.15	63643.1	4370.74
rna-SALWKB2_RS01485	114	19.877	8.75	80.3905
gene-SALWKB2_RS01490	483	262.155	0	0
gene-SALWKB2_RS12160	234	80.3412	0	0
gene-SALWKB2_RS01500	1323	1086.15	0	0
gene-SALWKB2_RS01505	1761	1524.15	2	0.239634
gene-SALWKB2_RS01510	645	411.887	1	0.443372
gene-SALWKB2_RS01515	915	678.72	0	0
gene-SALWKB2_RS01520	600	368.453	0	0
gene-SALWKB2_RS01525	831	595.102	0	0
gene-SALWKB2_RS01530	2133	1896.15	0	0
gene-SALWKB2_RS01535	429	217.564	4	3.35753
gene-SALWKB2_RS01540	393	189.447	1	0.963962
gene-SALWKB2_RS12165	207	64.019	0	0
gene-SALWKB2_RS12170	69	32.5591	0	0
gene-SALWKB2_RS01550	873	636.915	0	0
gene-SALWKB2_RS01555	1170	933.148	3	0.587107
gene-SALWKB2_RS01565	495	272.68	2	1.33944
gene-SALWKB2_RS01570	1446	1209.15	0	0
gene-SALWKB2_RS01575	1197	960.148	0	0
gene-SALWKB2_RS01580	1530	1293.15	0	0
gene-SALWKB2_RS01585	885	648.786	0	0
gene-SALWKB2_RS01590	630	397.376	0	0
gene-SALWKB2_RS01595	594	362.675	0	0
gene-SALWKB2_RS01600	195	56.8308	0	0
gene-SALWKB2_RS01605	1161	924.148	0	0
gene-SALWKB2_RS01610	324	137.442	0	0
gene-SALWKB2_RS01615	702	467.519	0	0
gene-SALWKB2_RS01620	438	224.858	0	0
gene-SALWKB2_RS01625	2280	2043.15	0	0
gene-SALWKB2_RS01630	1170	933.148	2	0.391405
gene-SALWKB2_RS01635	1935	1698.15	20	2.1508
gene-SALWKB2_RS01640	1455	1218.15	1	0.149915
gene-SALWKB2_RS01645	567	337.416	0	0
gene-SALWKB2_RS01650	564	334.587	0	0
gene-SALWKB2_RS01655	591	359.748	0	0
gene-SALWKB2_RS01660	585	354.218	2	1.03111
gene-SALWKB2_RS01665	435	222.584	0	0
gene-SALWKB2_RS01670	927	690.652	2	0.528831
gene-SALWKB2_RS01675	267	101.144	0	0
gene-SALWKB2_RS01680	816	580.22	0	0
gene-SALWKB2_RS01685	732	497.278	0	0
gene-SALWKB2_RS01690	894	657.786	0	0
rna-SALWKB2_RS01695	1547	1310.15	35.6121	4.9639
rna-SALWKB2_RS01700	77	33.2069	1.75	9.62401
rna-SALWKB2_RS01705	76	33.0619	0	0
rna-SALWKB2_RS01710	2896	2659.15	63643.1	4370.74
rna-SALWKB2_RS01715	114	19.877	8.75	80.3905
gene-SALWKB2_RS11820	321	135.439	0	0
gene-SALWKB2_RS01720	1446	1209.15	1	0.151031
gene-SALWKB2_RS01725	375	175.674	0	0
gene-SALWKB2_RS01730	975	738.297	0	0
gene-SALWKB2_RS01735	1866	1629.15	0	0
gene-SALWKB2_RS01740	1194	957.148	0	0
gene-SALWKB2_RS01745	1287	1050.15	0	0
gene-SALWKB2_RS01750	1986	1749.15	0	0
gene-SALWKB2_RS01755	303	122.716	0	0
gene-SALWKB2_RS01760	888	651.786	0	0
gene-SALWKB2_RS01765	1365	1128.15	0	0
gene-SALWKB2_RS01770	1338	1101.15	2	0.331689
gene-SALWKB2_RS01775	303	122.716	0	0
gene-SALWKB2_RS01780	654	420.762	0	0
gene-SALWKB2_RS01785	666	432.418	0	0
gene-SALWKB2_RS01790	1182	945.148	0	0
gene-SALWKB2_RS01795	471	251.746	2	1.45082
gene-SALWKB2_RS01800	420	210.479	0	0
gene-SALWKB2_RS01805	384	182.393	0	0
gene-SALWKB2_RS01810	1176	939.148	2	0.388904
gene-SALWKB2_RS01815	2409	2172.15	2	0.168146
gene-SALWKB2_RS01820	600	368.453	2	0.991275
gene-SALWKB2_RS01825	2082	1845.15	0	0
gene-SALWKB2_RS01830	1317	1080.15	0	0
gene-SALWKB2_RS01835	636	403.175	0	0
gene-SALWKB2_RS01840	402	196.065	0	0
gene-SALWKB2_RS01845	3627	3390.15	1	0.0538676
gene-SALWKB2_RS01850	3225	2988.15	1	0.0611145
gene-SALWKB2_RS01855	324	137.442	2	2.65741
gene-SALWKB2_RS01860	1827	1590.15	1	0.114844
gene-SALWKB2_RS01865	774	538.607	1	0.339058
gene-SALWKB2_RS01870	1158	921.148	3	0.594755
gene-SALWKB2_RS01875	783	547.388	0	0
gene-SALWKB2_RS01880	777	541.553	0	0
gene-SALWKB2_RS01885	417	208.169	0	0
gene-SALWKB2_RS01890	2670	2433.15	10	0.750547
gene-SALWKB2_RS01895	777	541.553	3	1.01164
gene-SALWKB2_RS01900	918	681.652	0	0
gene-SALWKB2_RS01905	429	217.564	0	0
gene-SALWKB2_RS01910	261	97.1757	0	0
gene-SALWKB2_RS01915	1269	1032.15	0	0
gene-SALWKB2_RS01920	825	589.162	0	0
gene-SALWKB2_RS01925	549	320.48	0	0
gene-SALWKB2_RS01930	1422	1185.15	0	0
gene-SALWKB2_RS01935	201	60.3796	0	0
gene-SALWKB2_RS01940	2028	1791.15	1	0.101957
gene-SALWKB2_RS01945	441	227.347	0	0
gene-SALWKB2_RS01950	1512	1275.15	4	0.572857
gene-SALWKB2_RS01955	348	155.386	0	0
gene-SALWKB2_RS01960	561	331.688	0	0
gene-SALWKB2_RS01965	918	681.652	0	0
gene-SALWKB2_RS11540	390	187.171	0	0
gene-SALWKB2_RS01975	777	541.553	0	0
gene-SALWKB2_RS01985	783	547.388	0	0
gene-SALWKB2_RS01995	777	541.553	0	0
gene-SALWKB2_RS02005	777	541.553	0	0
gene-SALWKB2_RS02015	4509	4272.15	0	0
gene-SALWKB2_RS02020	777	541.553	0	0
gene-SALWKB2_RS02025	777	541.553	0	0
gene-SALWKB2_RS02030	777	541.553	0	0
gene-SALWKB2_RS02035	777	541.553	0	0
gene-SALWKB2_RS02040	777	541.553	0	0
gene-SALWKB2_RS02045	783	547.388	0	0
gene-SALWKB2_RS02050	429	217.564	0	0
gene-SALWKB2_RS02055	1692	1455.15	2	0.250997
gene-SALWKB2_RS02060	2157	1920.15	1	0.0951068
gene-SALWKB2_RS02065	1566	1329.15	0	0
gene-SALWKB2_RS02070	948	711.441	0	0
gene-SALWKB2_RS02075	429	217.564	1	0.839383
gene-SALWKB2_RS02080	486	264.853	1	0.689513
gene-SALWKB2_RS02085	1905	1668.15	2	0.218948
gene-SALWKB2_RS02090	1023	786.148	0	0
gene-SALWKB2_RS02095	663	429.548	1	0.425142
gene-SALWKB2_RS02100	273	105.037	0	0
gene-SALWKB2_RS02105	645	411.887	0	0
gene-SALWKB2_RS02110	957	720.37	0	0
gene-SALWKB2_RS02115	4467	4230.15	10	0.431709
gene-SALWKB2_RS02120	1410	1173.15	3	0.466998
gene-SALWKB2_RS02125	1629	1392.15	1	0.131178
gene-SALWKB2_RS02130	1509	1272.15	0	0
gene-SALWKB2_RS02135	399	193.785	0	0
gene-SALWKB2_RS02140	1011	774.148	3	0.707691
gene-SALWKB2_RS02145	1839	1602.15	1	0.113984
gene-SALWKB2_RS02150	378	177.878	0	0
gene-SALWKB2_RS02155	807	571.277	0	0
gene-SALWKB2_RS02160	1131	894.148	0	0
gene-SALWKB2_RS02165	792	556.333	0	0
gene-SALWKB2_RS02170	528	301.637	0	0
gene-SALWKB2_RS02175	732	497.278	0	0
gene-SALWKB2_RS02180	849	613.102	0	0
gene-SALWKB2_RS02185	258	95.3596	0	0
gene-SALWKB2_RS02190	258	95.3596	1	1.91506
gene-SALWKB2_RS02195	549	320.48	0	0
gene-SALWKB2_RS02200	1800	1563.15	0	0
gene-SALWKB2_RS02205	741	506.126	0	0
gene-SALWKB2_RS02210	951	714.441	0	0
gene-SALWKB2_RS02215	450	234.736	0	0
gene-SALWKB2_RS02220	603	371.341	0	0
gene-SALWKB2_RS02225	2349	2112.15	0	0
gene-SALWKB2_RS02230	1254	1017.15	0	0
gene-SALWKB2_RS02235	441	227.347	0	0
gene-SALWKB2_RS02240	1221	984.148	0	0
gene-SALWKB2_RS02245	468	249.142	0	0
gene-SALWKB2_RS02250	735	500.227	1	0.365072
gene-SALWKB2_RS02255	1227	990.148	2	0.368873
gene-SALWKB2_RS02260	645	411.887	0	0
gene-SALWKB2_RS02265	426	215.129	0	0
gene-SALWKB2_RS02270	1791	1554.15	7	0.822531
gene-SALWKB2_RS02275	303	122.716	2	2.97629
gene-SALWKB2_RS02280	315	131.376	0	0
gene-SALWKB2_RS02285	1722	1485.15	3	0.368891
gene-SALWKB2_RS02290	501	277.795	0	0
gene-SALWKB2_RS02295	516	290.887	0	0
gene-SALWKB2_RS02300	720	485.425	0	0
gene-SALWKB2_RS02305	558	328.755	2	1.11097
gene-SALWKB2_RS02310	636	403.175	0	0
gene-SALWKB2_RS02315	813	577.22	0	0
gene-SALWKB2_RS02320	1110	873.148	0	0
gene-SALWKB2_RS02325	792	556.333	0	0
gene-SALWKB2_RS02330	777	541.553	0	0
gene-SALWKB2_RS02335	360	164.089	0	0
gene-SALWKB2_RS02340	990	753.224	0	0
gene-SALWKB2_RS02345	627	394.456	0	0
gene-SALWKB2_RS02350	1005	768.148	0	0
rna-SALWKB2_RS02355	76	33.0619	0	0
gene-SALWKB2_RS02360	567	337.416	0	0
gene-SALWKB2_RS02365	420	210.479	0	0
gene-SALWKB2_RS02370	600	368.453	0	0
gene-SALWKB2_RS11825	326	138.836	0	0
gene-SALWKB2_RS02375	405	198.514	0	0
gene-SALWKB2_RS02380	486	264.853	0	0
gene-SALWKB2_RS02385	402	196.065	0	0
gene-SALWKB2_RS02390	285	112.337	0	0
gene-SALWKB2_RS02395	606	374.341	0	0
gene-SALWKB2_RS02400	372	173.403	0	0
gene-SALWKB2_RS02405	312	129.046	0	0
gene-SALWKB2_RS02410	942	705.582	0	0
gene-SALWKB2_RS12110	534	307.013	0	0
gene-SALWKB2_RS02420	615	382.808	0	0
gene-SALWKB2_RS02425	636	403.175	1	0.452953
gene-SALWKB2_RS02430	1082	845.148	0	0
gene-SALWKB2_RS02440	420	210.479	0	0
gene-SALWKB2_RS02445	747	511.974	0	0
gene-SALWKB2_RS11545	723	488.376	0	0
gene-SALWKB2_RS12175	105	18.7868	0	0
gene-SALWKB2_RS02455	567	337.416	0	0
gene-SALWKB2_RS02460	258	95.3596	0	0
gene-SALWKB2_RS02465	516	290.887	0	0
gene-SALWKB2_RS02470	354	159.705	0	0
gene-SALWKB2_RS02475	348	155.386	0	0
gene-SALWKB2_RS02480	600	368.453	0	0
gene-SALWKB2_RS02485	294	117.242	0	0
gene-SALWKB2_RS02490	501	277.795	0	0
gene-SALWKB2_RS02495	432	220.183	0	0
gene-SALWKB2_RS02500	174	44.8866	0	0
gene-SALWKB2_RS02505	249	89.949	1	2.03025
gene-SALWKB2_RS02510	426	215.129	0	0
gene-SALWKB2_RS02515	183	49.9191	0	0
gene-SALWKB2_RS02520	525	298.977	0	0
gene-SALWKB2_RS02525	1344	1107.15	0	0
gene-SALWKB2_RS02530	1554	1317.15	1	0.138647
gene-SALWKB2_RS02535	804	568.277	0	0
gene-SALWKB2_RS02540	1119	882.148	0	0
gene-SALWKB2_RS02545	477	256.972	0	0
gene-SALWKB2_RS02550	999	762.148	0	0
gene-SALWKB2_RS02555	324	137.442	0	0
gene-SALWKB2_RS02560	408	201.092	0	0
gene-SALWKB2_RS02565	582	351.575	0	0
gene-SALWKB2_RS02570	378	177.878	0	0
gene-SALWKB2_RS02575	489	267.38	0	0
gene-SALWKB2_RS02580	1467	1230.15	0	0
gene-SALWKB2_RS02585	450	234.736	0	0
gene-SALWKB2_RS02590	408	201.092	0	0
gene-SALWKB2_RS02595	201	60.3796	0	0
gene-SALWKB2_RS11550	2649	2412.15	0	0
gene-SALWKB2_RS02605	387	184.806	0	0
gene-SALWKB2_RS12180	111	19.2054	0	0
gene-SALWKB2_RS02615	627	394.456	0	0
gene-SALWKB2_RS02620	279	108.464	0	0
gene-SALWKB2_RS02625	897	660.786	0	0
gene-SALWKB2_RS02630	711	476.425	0	0
gene-SALWKB2_RS02635	354	159.705	0	0
gene-SALWKB2_RS02640	1197	960.148	0	0
gene-SALWKB2_RS02645	495	272.68	0	0
gene-SALWKB2_RS12115	213	67.9168	0	0
gene-SALWKB2_RS11830	438	224.858	0	0
gene-SALWKB2_RS11560	642	409.052	0	0
gene-SALWKB2_RS02665	477	256.972	0	0
gene-SALWKB2_RS02670	333	144.04	0	0
gene-SALWKB2_RS02675	282	110.248	0	0
gene-SALWKB2_RS02680	228	77.1541	0	0
gene-SALWKB2_RS02685	339	148.373	0	0
gene-SALWKB2_RS02690	699	464.566	0	0
gene-SALWKB2_RS02695	267	101.144	0	0
gene-SALWKB2_RS02705	720	485.425	0	0
gene-SALWKB2_RS02715	1082	845.148	0	0
gene-SALWKB2_RS02720	258	95.3596	0	0
gene-SALWKB2_RS02725	219	71.7234	0	0
gene-SALWKB2_RS02730	405	198.514	0	0
gene-SALWKB2_RS02740	219	71.7234	0	0
gene-SALWKB2_RS02745	234	80.3412	0	0
gene-SALWKB2_RS02750	594	362.675	0	0
gene-SALWKB2_RS02755	564	334.587	0	0
gene-SALWKB2_RS02760	1035	798.148	5	1.14402
gene-SALWKB2_RS02765	750	514.922	0	0
gene-SALWKB2_RS02770	930	693.652	2	0.526544
gene-SALWKB2_RS02775	2787	2550.15	5	0.358056
gene-SALWKB2_RS02780	486	264.853	0	0
gene-SALWKB2_RS02785	942	705.582	1	0.258821
gene-SALWKB2_RS02790	717	482.425	4	1.51418
gene-SALWKB2_RS02795	810	574.277	1	0.317998
gene-SALWKB2_RS02800	195	56.8308	0	0
gene-SALWKB2_RS02805	342	150.555	0	0
gene-SALWKB2_RS02810	627	394.456	0	0
gene-SALWKB2_RS02815	1869	1632.15	1	0.111889
gene-SALWKB2_RS02820	504	280.361	0	0
gene-SALWKB2_RS02825	321	135.439	2	2.6967
gene-SALWKB2_RS02830	279	108.464	0	0
gene-SALWKB2_RS02835	384	182.393	0	0
gene-SALWKB2_RS02840	1215	978.148	3	0.560097
gene-SALWKB2_RS02845	471	251.746	3	2.17623
gene-SALWKB2_RS02850	942	705.582	3	0.776462
gene-SALWKB2_RS02855	843	607.102	0	0
gene-SALWKB2_RS02860	2043	1806.15	0	0
gene-SALWKB2_RS02865	324	137.442	0	0
rna-SALWKB2_RS02870	76	33.0619	0	0
gene-SALWKB2_RS02875	231	78.702	1	2.32039
gene-SALWKB2_RS02880	963	726.297	0	0
gene-SALWKB2_RS02885	534	307.013	0	0
gene-SALWKB2_RS02890	318	133.428	0	0
gene-SALWKB2_RS02900	825	589.162	0	0
gene-SALWKB2_RS02905	1365	1128.15	0	0
gene-SALWKB2_RS02910	1371	1134.15	0	0
gene-SALWKB2_RS02915	663	429.548	0	0
gene-SALWKB2_RS02920	699	464.566	1	0.393097
gene-SALWKB2_RS02925	1629	1392.15	0	0
gene-SALWKB2_RS02930	2235	1998.15	0	0
gene-SALWKB2_RS02935	1305	1068.15	0	0
gene-SALWKB2_RS02940	2430	2193.15	0	0
gene-SALWKB2_RS02945	903	666.72	0	0
gene-SALWKB2_RS02950	567	337.416	0	0
gene-SALWKB2_RS02955	345	153.15	0	0
gene-SALWKB2_RS02960	1068	831.148	0	0
gene-SALWKB2_RS02965	693	458.704	2	0.796239
gene-SALWKB2_RS02970	660	426.634	0	0
gene-SALWKB2_RS02975	429	217.564	0	0
gene-SALWKB2_RS02980	1671	1434.15	1	0.127336
gene-SALWKB2_RS02985	540	312.253	0	0
gene-SALWKB2_RS02990	216	69.8915	0	0
gene-SALWKB2_RS02995	525	298.977	0	0
gene-SALWKB2_RS03000	627	394.456	1	0.462964
gene-SALWKB2_RS03005	588	357.074	2	1.02287
gene-SALWKB2_RS03010	879	642.851	0	0
gene-SALWKB2_RS03015	936	699.582	0	0
gene-SALWKB2_RS03020	645	411.887	0	0
gene-SALWKB2_RS03025	546	317.643	0	0
gene-SALWKB2_RS03030	465	246.848	0	0
gene-SALWKB2_RS03035	549	320.48	0	0
gene-SALWKB2_RS03040	636	403.175	0	0
gene-SALWKB2_RS11565	498	275.081	0	0
gene-SALWKB2_RS03050	1164	927.148	0	0
gene-SALWKB2_RS03055	2628	2391.15	5	0.381865
gene-SALWKB2_RS03060	618	385.73	0	0
gene-SALWKB2_RS03065	252	91.7168	0	0
gene-SALWKB2_RS03070	207	64.019	1	2.85258
gene-SALWKB2_RS03075	1251	1014.15	2	0.360143
gene-SALWKB2_RS03080	1518	1281.15	0	0
gene-SALWKB2_RS03085	945	708.441	0	0
gene-SALWKB2_RS03090	891	654.786	0	0
gene-SALWKB2_RS03095	1662	1425.15	3	0.384422
gene-SALWKB2_RS03100	240	84.4063	0	0
gene-SALWKB2_RS03105	1041	804.148	0	0
gene-SALWKB2_RS03110	441	227.347	0	0
gene-SALWKB2_RS03115	222	73.7674	1	2.47561
gene-SALWKB2_RS03120	591	359.748	0	0
gene-SALWKB2_RS03125	744	509.025	1	0.358763
gene-SALWKB2_RS11570	933	696.652	0	0
gene-SALWKB2_RS03135	501	277.795	0	0
gene-SALWKB2_RS03140	870	633.915	0	0
gene-SALWKB2_RS03145	705	470.425	0	0
gene-SALWKB2_RS03150	681	446.977	0	0
gene-SALWKB2_RS03155	768	532.607	0	0
gene-SALWKB2_RS03160	3108	2871.15	4	0.25442
gene-SALWKB2_RS03165	915	678.72	0	0
gene-SALWKB2_RS03170	660	426.634	0	0
gene-SALWKB2_RS03175	801	565.277	0	0
gene-SALWKB2_RS03180	1326	1089.15	0	0
gene-SALWKB2_RS11575	930	693.652	1	0.263272
gene-SALWKB2_RS03190	564	334.587	0	0
gene-SALWKB2_RS03195	549	320.48	0	0
gene-SALWKB2_RS03200	537	309.666	0	0
gene-SALWKB2_RS03205	1068	831.148	0	0
gene-SALWKB2_RS03210	573	343.139	0	0
gene-SALWKB2_RS03215	1191	954.148	0	0
gene-SALWKB2_RS11580	678	444.021	0	0
gene-SALWKB2_RS03225	462	244.394	1	0.747232
gene-SALWKB2_RS03230	249	89.949	0	0
gene-SALWKB2_RS03235	975	738.297	0	0
gene-SALWKB2_RS03240	1644	1407.15	0	0
gene-SALWKB2_RS03245	1578	1341.15	0	0
gene-SALWKB2_RS03250	1146	909.148	2	0.401737
gene-SALWKB2_RS03255	753	517.871	0	0
gene-SALWKB2_RS03260	678	444.021	0	0
gene-SALWKB2_RS03265	1044	807.148	1	0.226252
gene-SALWKB2_RS03270	1011	774.148	0	0
gene-SALWKB2_RS03275	969	732.297	0	0
gene-SALWKB2_RS03285	1200	963.148	0	0
gene-SALWKB2_RS03290	789	553.388	0	0
gene-SALWKB2_RS03295	945	708.441	0	0
rna-SALWKB2_RS03300	77	33.2069	0	0
rna-SALWKB2_RS03305	76	33.0619	0	0
gene-SALWKB2_RS03310	1971	1734.15	0	0
gene-SALWKB2_RS11585	867	630.915	0	0
gene-SALWKB2_RS03320	432	220.183	0	0
gene-SALWKB2_RS03325	684	449.977	0	0
gene-SALWKB2_RS03330	894	657.786	0	0
gene-SALWKB2_RS03335	1743	1506.15	0	0
gene-SALWKB2_RS03340	1656	1419.15	1	0.128682
gene-SALWKB2_RS03345	1545	1308.15	4	0.558405
gene-SALWKB2_RS03350	1149	912.148	1	0.200208
gene-SALWKB2_RS11835	120	21.1455	0	0
gene-SALWKB2_RS03360	270	103.079	2	3.54327
gene-SALWKB2_RS03365	363	166.29	0	0
gene-SALWKB2_RS03370	489	267.38	0	0
gene-SALWKB2_RS03375	1371	1134.15	0	0
gene-SALWKB2_RS03380	690	455.704	0	0
gene-SALWKB2_RS03385	405	198.514	0	0
gene-SALWKB2_RS03390	894	657.786	0	0
gene-SALWKB2_RS03395	351	157.502	0	0
gene-SALWKB2_RS03400	516	290.887	0	0
gene-SALWKB2_RS03405	1188	951.148	0	0
gene-SALWKB2_RS03410	1938	1701.15	0	0
gene-SALWKB2_RS03415	1389	1152.15	2	0.317007
gene-SALWKB2_RS03420	747	511.974	0	0
gene-SALWKB2_RS03425	708	473.425	0	0
gene-SALWKB2_RS03430	483	262.155	0	0
gene-SALWKB2_RS03435	669	435.331	0	0
gene-SALWKB2_RS03440	651	417.762	1	0.437137
gene-SALWKB2_RS03445	642	409.052	0	0
gene-SALWKB2_RS03450	1473	1236.15	0	0
gene-SALWKB2_RS03455	1056	819.148	0	0
gene-SALWKB2_RS03460	1014	777.148	22	5.1697
gene-SALWKB2_RS03465	924	687.652	0	0
gene-SALWKB2_RS03470	267	101.144	0	0
gene-SALWKB2_RS03475	576	345.999	0	0
gene-SALWKB2_RS03485	2124	1887.15	3	0.29031
gene-SALWKB2_RS03490	1041	804.148	0	0
gene-SALWKB2_RS03495	417	208.169	0	0
gene-SALWKB2_RS03500	1404	1167.15	1	0.156466
gene-SALWKB2_RS03505	276	106.499	0	0
gene-SALWKB2_RS03510	678	444.021	2	0.822569
gene-SALWKB2_RS03515	1263	1026.15	0	0
gene-SALWKB2_RS03525	951	714.441	1	0.255611
gene-SALWKB2_RS03530	753	517.871	0	0
gene-SALWKB2_RS03535	510	285.63	0	0
gene-SALWKB2_RS11840	186	51.5528	0	0
gene-SALWKB2_RS11845	339	148.373	0	0
gene-SALWKB2_RS03550	1191	954.148	0	0
gene-SALWKB2_RS12185	66	30.9438	0	0
gene-SALWKB2_RS03555	636	403.175	0	0
gene-SALWKB2_RS11590	456	239.474	0	0
gene-SALWKB2_RS03565	1260	1023.15	0	0
gene-SALWKB2_RS03570	1125	888.148	3	0.616854
gene-SALWKB2_RS03575	1101	864.148	0	0
gene-SALWKB2_RS03580	804	568.277	0	0
gene-SALWKB2_RS03585	1362	1125.15	0	0
gene-SALWKB2_RS03590	843	607.102	0	0
gene-SALWKB2_RS03595	4827	4590.15	0	0
gene-SALWKB2_RS03600	891	654.786	0	0
gene-SALWKB2_RS03605	915	678.72	1	0.269064
gene-SALWKB2_RS03610	1317	1080.15	0	0
gene-SALWKB2_RS03615	369	170.944	0	0
gene-SALWKB2_RS03620	210	66.0331	0	0
gene-SALWKB2_RS03625	729	494.327	0	0
gene-SALWKB2_RS03630	480	259.538	0	0
gene-SALWKB2_RS03635	1101	864.148	0	0
gene-SALWKB2_RS03640	1899	1662.15	10	1.09869
gene-SALWKB2_RS03650	1383	1146.15	0	0
gene-SALWKB2_RS03655	1251	1014.15	0	0
gene-SALWKB2_RS03660	1335	1098.15	0	0
gene-SALWKB2_RS03665	1458	1221.15	2	0.299094
gene-SALWKB2_RS03670	1275	1038.15	0	0
gene-SALWKB2_RS03675	480	259.538	0	0
gene-SALWKB2_RS03685	1215	978.148	0	0
gene-SALWKB2_RS03690	1002	765.148	2	0.477344
gene-SALWKB2_RS03695	1389	1152.15	2	0.317007
gene-SALWKB2_RS03700	1107	870.148	1	0.209871
gene-SALWKB2_RS03705	1665	1428.15	0	0
gene-SALWKB2_RS03710	498	275.081	0	0
gene-SALWKB2_RS11595	699	464.566	0	0
gene-SALWKB2_RS03720	669	435.331	1	0.419495
gene-SALWKB2_RS03725	186	51.5528	0	0
gene-SALWKB2_RS03730	1335	1098.15	1	0.166297
gene-SALWKB2_RS03735	507	283.041	1	0.645204
gene-SALWKB2_RS03740	633	400.256	0	0
gene-SALWKB2_RS03750	792	556.333	0	0
gene-SALWKB2_RS03755	825	589.162	0	0
gene-SALWKB2_RS03760	660	426.634	0	0
gene-SALWKB2_RS03765	1998	1761.15	0	0
gene-SALWKB2_RS03770	483	262.155	0	0
gene-SALWKB2_RS03775	2694	2457.15	1	0.0743216
gene-SALWKB2_RS03780	669	435.331	1	0.419495
gene-SALWKB2_RS03785	666	432.418	0	0
gene-SALWKB2_RS03790	2271	2034.15	8	0.718214
gene-SALWKB2_RS03795	507	283.041	0	0
gene-SALWKB2_RS03800	912	675.72	2	0.540517
gene-SALWKB2_RS03805	936	699.582	0	0
gene-SALWKB2_RS03810	2001	1764.15	0	0
gene-SALWKB2_RS03815	675	441.199	3	1.24175
gene-SALWKB2_RS03820	1713	1476.15	3	0.37114
gene-SALWKB2_RS03825	648	414.804	0	0
gene-SALWKB2_RS03830	927	690.652	0	0
gene-SALWKB2_RS03835	1233	996.148	0	0
gene-SALWKB2_RS03840	1629	1392.15	1	0.131178
gene-SALWKB2_RS03845	546	317.643	1	0.57492
gene-SALWKB2_RS03850	387	184.806	0	0
gene-SALWKB2_RS03855	537	309.666	0	0
gene-SALWKB2_RS03860	756	520.871	0	0
gene-SALWKB2_RS03865	1341	1104.15	0	0
rna-SALWKB2_RS03870	77	33.2069	0	0
rna-SALWKB2_RS03875	75	33.5463	0	0
gene-SALWKB2_RS03880	2037	1800.15	1	0.101447
gene-SALWKB2_RS03885	1869	1632.15	2	0.223778
gene-SALWKB2_RS03890	300	120.861	0	0
gene-SALWKB2_RS03895	762	526.713	0	0
gene-SALWKB2_RS03900	417	208.169	0	0
gene-SALWKB2_RS03905	453	236.93	1	0.770772
gene-SALWKB2_RS03910	897	660.786	0	0
gene-SALWKB2_RS03915	1092	855.148	0	0
gene-SALWKB2_RS03920	429	217.564	0	0
gene-SALWKB2_RS03925	624	391.496	0	0
gene-SALWKB2_RS03930	498	275.081	0	0
gene-SALWKB2_RS03935	1077	840.148	1	0.217366
gene-SALWKB2_RS03940	1500	1263.15	0	0
gene-SALWKB2_RS03945	1419	1182.15	6	0.926885
gene-SALWKB2_RS03950	1131	894.148	0	0
gene-SALWKB2_RS03955	1473	1236.15	0	0
gene-SALWKB2_RS03960	810	574.277	0	0
gene-SALWKB2_RS03965	696	461.658	0	0
gene-SALWKB2_RS03970	267	101.144	0	0
gene-SALWKB2_RS03975	969	732.297	6	1.49627
gene-SALWKB2_RS03980	2676	2439.15	11	0.823571
gene-SALWKB2_RS03985	1641	1404.15	18	2.34103
gene-SALWKB2_RS03990	1752	1515.15	4	0.482116
gene-SALWKB2_RS03995	1128	891.148	1	0.204926
gene-SALWKB2_RS04000	267	101.144	0	0
gene-SALWKB2_RS04005	954	717.37	0	0
gene-SALWKB2_RS04010	471	251.746	0	0
gene-SALWKB2_RS04015	708	473.425	0	0
gene-SALWKB2_RS04020	1089	852.148	0	0
gene-SALWKB2_RS04025	1314	1077.15	0	0
gene-SALWKB2_RS04030	348	155.386	1	1.17526
gene-SALWKB2_RS04035	1416	1179.15	0	0
gene-SALWKB2_RS04040	1503	1266.15	1	0.144232
gene-SALWKB2_RS04045	939	702.582	1	0.259926
gene-SALWKB2_RS04050	1731	1494.15	0	0
gene-SALWKB2_RS04055	1356	1119.15	0	0
gene-SALWKB2_RS04060	891	654.786	5	1.39449
gene-SALWKB2_RS04065	333	144.04	0	0
gene-SALWKB2_RS04070	612	379.885	1	0.480723
gene-SALWKB2_RS04075	1986	1749.15	5	0.522023
gene-SALWKB2_RS04080	891	654.786	0	0
gene-SALWKB2_RS04085	1008	771.148	1	0.236815
gene-SALWKB2_RS04090	603	371.341	0	0
gene-SALWKB2_RS04095	756	520.871	0	0
gene-SALWKB2_RS04100	444	229.732	0	0
gene-SALWKB2_RS04105	1440	1203.15	0	0
gene-SALWKB2_RS04110	384	182.393	1	1.00124
gene-SALWKB2_RS04115	297	119.014	3	4.60331
gene-SALWKB2_RS04120	231	78.702	2	4.64078
gene-SALWKB2_RS04125	456	239.474	0	0
gene-SALWKB2_RS04130	1080	843.148	0	0
gene-SALWKB2_RS04135	1158	921.148	0	0
gene-SALWKB2_RS04140	1959	1722.15	1	0.106042
gene-SALWKB2_RS04145	342	150.555	0	0
gene-SALWKB2_RS04150	606	374.341	0	0
gene-SALWKB2_RS04155	1533	1296.15	1	0.140894
gene-SALWKB2_RS04160	1140	903.148	0	0
gene-SALWKB2_RS04165	1293	1056.15	0	0
gene-SALWKB2_RS04170	1152	915.148	0	0
gene-SALWKB2_RS04175	819	583.162	0	0
gene-SALWKB2_RS04180	696	461.658	1	0.395572
gene-SALWKB2_RS04185	705	470.425	4	1.5528
gene-SALWKB2_RS04190	1497	1260.15	0	0
gene-SALWKB2_RS04195	306	124.664	1	1.46489
gene-SALWKB2_RS04200	441	227.347	0	0
gene-SALWKB2_RS04205	792	556.333	0	0
gene-SALWKB2_RS04210	387	184.806	0	0
gene-SALWKB2_RS04215	732	497.278	0	0
gene-SALWKB2_RS04220	312	129.046	0	0
gene-SALWKB2_RS04225	1134	897.148	1	0.203555
gene-SALWKB2_RS04230	2280	2043.15	0	0
gene-SALWKB2_RS04235	507	283.041	0	0
gene-SALWKB2_RS04240	3936	3699.15	1	0.0493679
gene-SALWKB2_RS04245	339	148.373	1	1.23081
gene-SALWKB2_RS04250	588	357.074	1	0.511433
gene-SALWKB2_RS04255	1338	1101.15	2	0.331689
gene-SALWKB2_RS04260	534	307.013	1	0.594826
gene-SALWKB2_RS04265	549	320.48	6	3.41898
gene-SALWKB2_RS04270	819	583.162	0	0
gene-SALWKB2_RS04275	387	184.806	0	0
gene-SALWKB2_RS04280	1200	963.148	0	0
gene-SALWKB2_RS04285	612	379.885	0	0
gene-SALWKB2_RS04290	240	84.4063	0	0
gene-SALWKB2_RS04295	243	86.2978	0	0
gene-SALWKB2_RS04300	1149	912.148	2	0.400416
gene-SALWKB2_RS04305	876	639.915	0	0
gene-SALWKB2_RS04310	1395	1158.15	0	0
gene-SALWKB2_RS04315	1401	1164.15	0	0
gene-SALWKB2_RS04320	747	511.974	6	2.14018
gene-SALWKB2_RS04325	498	275.081	4	2.65549
gene-SALWKB2_RS04330	363	166.29	3	3.29459
gene-SALWKB2_RS04335	1977	1740.15	2	0.209889
gene-SALWKB2_RS04340	540	312.253	1	0.584843
gene-SALWKB2_RS04345	1332	1095.15	5	0.833765
gene-SALWKB2_RS04350	948	711.441	2	0.513378
gene-SALWKB2_RS11850	591	359.748	0	0
gene-SALWKB2_RS04360	1188	951.148	0	0
gene-SALWKB2_RS04365	1536	1299.15	2	0.281137
gene-SALWKB2_RS04370	1059	822.148	0	0
gene-SALWKB2_RS04375	969	732.297	0	0
gene-SALWKB2_RS04380	2778	2541.15	2	0.14373
gene-SALWKB2_RS04385	1251	1014.15	0	0
gene-SALWKB2_RS04390	696	461.658	0	0
gene-SALWKB2_RS04395	1782	1545.15	0	0
gene-SALWKB2_RS04400	729	494.327	0	0
gene-SALWKB2_RS04405	1203	966.148	0	0
gene-SALWKB2_RS04410	1770	1533.15	0	0
gene-SALWKB2_RS04415	1389	1152.15	3	0.47551
gene-SALWKB2_RS04420	435	222.584	0	0
gene-SALWKB2_RS04425	840	604.102	1	0.302298
gene-SALWKB2_RS04430	1395	1158.15	0	0
gene-SALWKB2_RS04435	1260	1023.15	0	0
gene-SALWKB2_RS04440	1734	1497.15	1	0.121978
rna-SALWKB2_RS04445	76	33.0619	0	0
gene-SALWKB2_RS04450	1209	972.148	0	0
gene-SALWKB2_RS04455	204	62.0897	6	17.6473
gene-SALWKB2_RS04460	306	124.664	0	0
gene-SALWKB2_RS04465	2295	2058.15	5	0.443649
gene-SALWKB2_RS04470	1584	1347.15	0	0
gene-SALWKB2_RS04475	1002	765.148	0	0
gene-SALWKB2_RS04480	804	568.277	1	0.321356
gene-SALWKB2_RS04485	840	604.102	1	0.302298
gene-SALWKB2_RS04490	1485	1248.15	0	0
gene-SALWKB2_RS04495	378	177.878	0	0
gene-SALWKB2_RS04500	360	164.089	0	0
gene-SALWKB2_RS12190	144	30.8586	0	0
gene-SALWKB2_RS04505	306	124.664	0	0
gene-SALWKB2_RS04510	342	150.555	0	0
gene-SALWKB2_RS04515	369	170.944	0	0
gene-SALWKB2_RS11605	1932	1695.15	0	0
gene-SALWKB2_RS04525	654	420.762	0	0
gene-SALWKB2_RS04530	1224	987.148	0	0
gene-SALWKB2_RS04535	1371	1134.15	2	0.322038
gene-SALWKB2_RS04540	3696	3459.15	4	0.211172
gene-SALWKB2_RS04545	1554	1317.15	1	0.138647
gene-SALWKB2_RS04550	636	403.175	0	0
gene-SALWKB2_RS04555	690	455.704	0	0
gene-SALWKB2_RS04560	753	517.871	0	0
gene-SALWKB2_RS04565	753	517.871	0	0
gene-SALWKB2_RS04570	753	517.871	0	0
gene-SALWKB2_RS04575	753	517.871	0	0
gene-SALWKB2_RS04580	756	520.871	0	0
gene-SALWKB2_RS04585	4404	4167.15	0	0
gene-SALWKB2_RS11610	2430	2193.15	0	0
gene-SALWKB2_RS04595	774	538.607	0	0
gene-SALWKB2_RS11615	639	406.134	0	0
gene-SALWKB2_RS04605	1122	885.148	0	0
gene-SALWKB2_RS04610	3243	3006.15	0	0
gene-SALWKB2_RS04615	1578	1341.15	0	0
gene-SALWKB2_RS04620	1770	1533.15	0	0
gene-SALWKB2_RS11620	963	726.297	0	0
gene-SALWKB2_RS04630	720	485.425	0	0
gene-SALWKB2_RS04635	408	201.092	0	0
rna-SALWKB2_RS04640	77	33.2069	0	0
gene-SALWKB2_RS04645	327	139.697	2	2.61451
gene-SALWKB2_RS04650	303	122.716	0	0
gene-SALWKB2_RS04655	2358	2121.15	3	0.258284
gene-SALWKB2_RS04660	990	753.224	0	0
gene-SALWKB2_RS04665	357	161.939	0	0
gene-SALWKB2_RS04670	198	58.6161	0	0
gene-SALWKB2_RS04675	519	293.616	0	0
gene-SALWKB2_RS04680	1908	1671.15	6	0.655666
gene-SALWKB2_RS04685	1116	879.148	0	0
gene-SALWKB2_RS04690	1383	1146.15	0	0
gene-SALWKB2_RS04695	735	500.227	0	0
gene-SALWKB2_RS04700	222	73.7674	1	2.47561
gene-SALWKB2_RS11625	678	444.021	0	0
gene-SALWKB2_RS11630	618	385.73	0	0
gene-SALWKB2_RS04715	429	217.564	0	0
gene-SALWKB2_RS11635	591	359.748	0	0
gene-SALWKB2_RS04730	903	666.72	1	0.273907
gene-SALWKB2_RS04735	489	267.38	0	0
gene-SALWKB2_RS04740	342	150.555	0	0
gene-SALWKB2_RS04745	435	222.584	0	0
rna-SALWKB2_RS11855	361	164.856	88	97.482
gene-SALWKB2_RS04750	399	193.785	0	0
gene-SALWKB2_RS04755	354	159.705	0	0
gene-SALWKB2_RS04760	357	161.939	0	0
gene-SALWKB2_RS11640	375	175.674	0	0
gene-SALWKB2_RS04765	375	175.674	0	0
gene-SALWKB2_RS04770	498	275.081	2	1.32775
gene-SALWKB2_RS04775	456	239.474	2	1.52517
rna-SALWKB2_RS04780	91	22.7832	0	0
gene-SALWKB2_RS04785	537	309.666	1	0.58973
gene-SALWKB2_RS04790	1404	1167.15	6	0.938797
gene-SALWKB2_RS04795	516	290.887	2	1.2556
gene-SALWKB2_RS04800	285	112.337	0	0
gene-SALWKB2_RS11860	207	64.019	1	2.85258
gene-SALWKB2_RS04805	2526	2289.15	8	0.638208
gene-SALWKB2_RS04810	897	660.786	2	0.552733
gene-SALWKB2_RS04815	222	73.7674	0	0
gene-SALWKB2_RS04820	1098	861.148	4	0.84826
gene-SALWKB2_RS04825	630	397.376	2	0.919124
gene-SALWKB2_RS04830	372	173.403	1	1.05315
gene-SALWKB2_RS04835	1146	909.148	2	0.401737
gene-SALWKB2_RS04840	579	348.788	2	1.04716
gene-SALWKB2_RS12120	1206	969.148	4	0.753731
gene-SALWKB2_RS04850	444	229.732	0	0
gene-SALWKB2_RS04855	1323	1086.15	3	0.504404
gene-SALWKB2_RS04860	471	251.746	1	0.72541
gene-SALWKB2_RS04865	807	571.277	0	0
gene-SALWKB2_RS04870	642	409.052	0	0
gene-SALWKB2_RS04875	675	441.199	1	0.413915
gene-SALWKB2_RS04880	1263	1026.15	1	0.177966
gene-SALWKB2_RS04885	312	129.046	0	0
gene-SALWKB2_RS04890	633	400.256	1	0.456256
gene-SALWKB2_RS04895	1395	1158.15	0	0
gene-SALWKB2_RS04900	663	429.548	0	0
gene-SALWKB2_RS11650	258	95.3596	10	19.1506
gene-SALWKB2_RS04910	1290	1053.15	0	0
gene-SALWKB2_RS12125	660	426.634	0	0
gene-SALWKB2_RS12130	357	161.939	0	0
gene-SALWKB2_RS04925	519	293.616	0	0
gene-SALWKB2_RS04930	1539	1302.15	0	0
gene-SALWKB2_RS04935	1224	987.148	0	0
gene-SALWKB2_RS04940	960	723.297	0	0
gene-SALWKB2_RS04945	873	636.915	0	0
gene-SALWKB2_RS04950	1398	1161.15	0	0
gene-SALWKB2_RS04955	1104	867.148	3	0.631793
gene-SALWKB2_RS04960	816	580.22	0	0
gene-SALWKB2_RS04965	819	583.162	3	0.939461
gene-SALWKB2_RS04970	429	217.564	0	0
gene-SALWKB2_RS04975	435	222.584	0	0
gene-SALWKB2_RS04980	336	146.093	0	0
gene-SALWKB2_RS04985	969	732.297	0	0
gene-SALWKB2_RS04990	624	391.496	0	0
gene-SALWKB2_RS04995	918	681.652	0	0
gene-SALWKB2_RS05000	2064	1827.15	0	0
gene-SALWKB2_RS05005	447	232.186	1	0.78652
gene-SALWKB2_RS05010	576	345.999	0	0
gene-SALWKB2_RS05015	762	526.713	3	1.04014
gene-SALWKB2_RS05020	699	464.566	0	0
gene-SALWKB2_RS05025	3411	3174.15	0	0
gene-SALWKB2_RS05030	489	267.38	0	0
gene-SALWKB2_RS05035	1815	1578.15	3	0.347152
gene-SALWKB2_RS05040	264	99.2773	0	0
gene-SALWKB2_RS05045	876	639.915	3	0.856141
gene-SALWKB2_RS05050	1083	846.148	0	0
gene-SALWKB2_RS05055	1263	1026.15	0	0
gene-SALWKB2_RS05060	633	400.256	0	0
gene-SALWKB2_RS05065	810	574.277	0	0
gene-SALWKB2_RS05070	828	592.102	0	0
gene-SALWKB2_RS05075	2844	2607.15	3	0.210137
gene-SALWKB2_RS05080	633	400.256	0	0
gene-SALWKB2_RS05085	849	613.102	0	0
rna-SALWKB2_RS05090	76	33.0619	0	0
rna-SALWKB2_RS05095	76	33.0619	0	0
rna-SALWKB2_RS05100	76	33.0619	0	0
gene-SALWKB2_RS05110	987	750.224	1	0.24342
gene-SALWKB2_RS05115	573	343.139	3	1.5966
gene-SALWKB2_RS05120	2331	2094.15	1	0.0872045
rna-SALWKB2_RS05125	87	26.0237	0	0
rna-SALWKB2_RS05130	87	26.0237	0	0
gene-SALWKB2_RS05135	1302	1065.15	0	0
gene-SALWKB2_RS05145	432	220.183	0	0
gene-SALWKB2_RS05150	1599	1362.15	0	0
gene-SALWKB2_RS05155	873	636.915	0	0
gene-SALWKB2_RS05160	285	112.337	0	0
gene-SALWKB2_RS05165	777	541.553	2	0.674428
gene-SALWKB2_RS05170	789	553.388	0	0
gene-SALWKB2_RS05175	525	298.977	0	0
gene-SALWKB2_RS05180	1329	1092.15	0	0
gene-SALWKB2_RS05185	489	267.38	0	0
gene-SALWKB2_RS05190	1248	1011.15	2	0.361212
gene-SALWKB2_RS05195	1905	1668.15	0	0
gene-SALWKB2_RS05200	507	283.041	0	0
gene-SALWKB2_RS05205	1314	1077.15	0	0
gene-SALWKB2_RS05210	378	177.878	0	0
gene-SALWKB2_RS05215	954	717.37	2	0.509136
gene-SALWKB2_RS05220	435	222.584	0	0
gene-SALWKB2_RS05225	744	509.025	2	0.717526
gene-SALWKB2_RS05230	666	432.418	0	0
gene-SALWKB2_RS05235	804	568.277	0	0
gene-SALWKB2_RS05240	999	762.148	3	0.718834
gene-SALWKB2_RS05245	903	666.72	0	0
gene-SALWKB2_RS05250	795	559.277	0	0
gene-SALWKB2_RS05255	573	343.139	0	0
gene-SALWKB2_RS05260	843	607.102	1	0.300805
gene-SALWKB2_RS05265	2829	2592.15	3	0.211353
gene-SALWKB2_RS05270	1314	1077.15	0	0
gene-SALWKB2_RS05275	327	139.697	0	0
gene-SALWKB2_RS05280	864	627.915	0	0
gene-SALWKB2_RS05285	1956	1719.15	5	0.531133
gene-SALWKB2_RS05290	699	464.566	0	0
gene-SALWKB2_RS05295	1389	1152.15	3	0.47551
gene-SALWKB2_RS05300	1335	1098.15	0	0
gene-SALWKB2_RS05305	771	535.607	0	0
gene-SALWKB2_RS05310	822	586.162	1	0.311551
gene-SALWKB2_RS05315	2388	2151.15	9	0.764045
gene-SALWKB2_RS05320	1563	1326.15	4	0.550826
gene-SALWKB2_RS05325	1305	1068.15	0	0
gene-SALWKB2_RS05330	1524	1287.15	2	0.283758
gene-SALWKB2_RS05335	579	348.788	0	0
gene-SALWKB2_RS05340	462	244.394	0	0
gene-SALWKB2_RS05345	915	678.72	2	0.538128
rna-SALWKB2_RS05350	76	33.0619	0	0
gene-SALWKB2_RS05355	573	343.139	1	0.532201
gene-SALWKB2_RS05360	1260	1023.15	2	0.356975
gene-SALWKB2_RS05365	741	506.126	0	0
gene-SALWKB2_RS05370	354	159.705	0	0
gene-SALWKB2_RS05375	642	409.052	3	1.33933
gene-SALWKB2_RS05380	936	699.582	1	0.26104
gene-SALWKB2_RS05385	1854	1617.15	0	0
gene-SALWKB2_RS05390	300	120.861	0	0
gene-SALWKB2_RS05395	675	441.199	0	0
gene-SALWKB2_RS05400	1476	1239.15	0	0
gene-SALWKB2_RS05405	1374	1137.15	0	0
gene-SALWKB2_RS05410	303	122.716	0	0
gene-SALWKB2_RS05415	651	417.762	1	0.437137
gene-SALWKB2_RS05420	1482	1245.15	1	0.146665
gene-SALWKB2_RS05425	960	723.297	0	0
gene-SALWKB2_RS05430	414	205.808	0	0
gene-SALWKB2_RS05435	795	559.277	0	0
gene-SALWKB2_RS05440	1014	777.148	1	0.234986
gene-SALWKB2_RS05445	669	435.331	1	0.419495
gene-SALWKB2_RS05450	813	577.22	2	0.632755
gene-SALWKB2_RS05455	585	354.218	3	1.54667
gene-SALWKB2_RS05460	1392	1155.15	1	0.158092
gene-SALWKB2_RS05465	696	461.658	2	0.791144
gene-SALWKB2_RS11655	510	285.63	0	0
gene-SALWKB2_RS05475	888	651.786	0	0
gene-SALWKB2_RS05480	582	351.575	0	0
gene-SALWKB2_RS11660	456	239.474	0	0
gene-SALWKB2_RS05490	402	196.065	0	0
gene-SALWKB2_RS05495	696	461.658	0	0
gene-SALWKB2_RS05500	2796	2559.15	0	0
gene-SALWKB2_RS05505	456	239.474	1	0.762586
gene-SALWKB2_RS05510	384	182.393	0	0
gene-SALWKB2_RS05515	582	351.575	0	0
gene-SALWKB2_RS05520	531	304.451	3	1.79949
gene-SALWKB2_RS05525	996	759.148	0	0
gene-SALWKB2_RS05530	342	150.555	0	0
rna-SALWKB2_RS05535	76	33.0619	0	0
gene-SALWKB2_RS05540	1293	1056.15	1	0.172911
gene-SALWKB2_RS05545	1044	807.148	0	0
gene-SALWKB2_RS05550	570	340.278	0	0
gene-SALWKB2_RS05555	1638	1401.15	0	0
gene-SALWKB2_RS05560	1479	1242.15	0	0
gene-SALWKB2_RS05565	576	345.999	0	0
gene-SALWKB2_RS05570	282	110.248	0	0
gene-SALWKB2_RS05575	435	222.584	0	0
gene-SALWKB2_RS05580	984	747.224	0	0
gene-SALWKB2_RS05585	486	264.853	0	0
gene-SALWKB2_RS05590	1428	1191.15	0	0
gene-SALWKB2_RS05595	1458	1221.15	1	0.149547
gene-SALWKB2_RS05600	288	114.117	0	0
gene-SALWKB2_RS05605	1038	801.148	1	0.227947
gene-SALWKB2_RS05610	891	654.786	0	0
gene-SALWKB2_RS05615	537	309.666	0	0
gene-SALWKB2_RS05620	2040	1803.15	0	0
gene-SALWKB2_RS05625	1107	870.148	0	0
gene-SALWKB2_RS05630	612	379.885	0	0
gene-SALWKB2_RS05635	1320	1083.15	1	0.1686
gene-SALWKB2_RS05640	867	630.915	0	0
gene-SALWKB2_RS05645	813	577.22	0	0
gene-SALWKB2_RS05650	792	556.333	0	0
gene-SALWKB2_RS05655	465	246.848	0	0
gene-SALWKB2_RS05660	2163	1926.15	0	0
gene-SALWKB2_RS05665	1581	1344.15	0	0
gene-SALWKB2_RS05670	729	494.327	0	0
gene-SALWKB2_RS05675	876	639.915	0	0
gene-SALWKB2_RS05680	888	651.786	0	0
gene-SALWKB2_RS05685	852	616.102	0	0
gene-SALWKB2_RS05690	456	239.474	0	0
gene-SALWKB2_RS05695	615	382.808	0	0
gene-SALWKB2_RS05700	339	148.373	0	0
gene-SALWKB2_RS05705	2268	2031.15	0	0
gene-SALWKB2_RS05710	717	482.425	0	0
gene-SALWKB2_RS05715	1809	1572.15	1	0.116159
gene-SALWKB2_RS05720	1092	855.148	1	0.213553
gene-SALWKB2_RS05725	729	494.327	1	0.36943
gene-SALWKB2_RS05730	1050	813.148	0	0
gene-SALWKB2_RS05735	732	497.278	0	0
gene-SALWKB2_RS05740	777	541.553	0	0
gene-SALWKB2_RS05745	531	304.451	0	0
gene-SALWKB2_RS05750	648	414.804	0	0
gene-SALWKB2_RS05755	768	532.607	1	0.342878
gene-SALWKB2_RS05760	192	55.1582	0	0
gene-SALWKB2_RS05765	1038	801.148	1	0.227947
gene-SALWKB2_RS05770	1353	1116.15	2	0.327231
gene-SALWKB2_RS05775	870	633.915	0	0
gene-SALWKB2_RS05780	831	595.102	0	0
gene-SALWKB2_RS05785	864	627.915	0	0
gene-SALWKB2_RS05790	561	331.688	0	0
gene-SALWKB2_RS05795	924	687.652	0	0
gene-SALWKB2_RS05800	519	293.616	0	0
gene-SALWKB2_RS05805	729	494.327	0	0
gene-SALWKB2_RS05810	990	753.224	1	0.24245
gene-SALWKB2_RS05815	1791	1554.15	0	0
gene-SALWKB2_RS05820	1131	894.148	0	0
gene-SALWKB2_RS05825	1047	810.148	1	0.225415
gene-SALWKB2_RS05830	1071	834.148	0	0
gene-SALWKB2_RS05835	1239	1002.15	2	0.364456
gene-SALWKB2_RS05840	297	119.014	0	0
gene-SALWKB2_RS05845	774	538.607	0	0
gene-SALWKB2_RS05850	1347	1110.15	0	0
gene-SALWKB2_RS05855	1533	1296.15	1	0.140894
gene-SALWKB2_RS05860	270	103.079	6	10.6298
gene-SALWKB2_RS05865	2445	2208.15	8	0.661619
gene-SALWKB2_RS05870	1668	1431.15	0	0
gene-SALWKB2_RS05875	645	411.887	0	0
gene-SALWKB2_RS05880	1923	1686.15	0	0
gene-SALWKB2_RS05885	1590	1353.15	2	0.269918
gene-SALWKB2_RS05890	807	571.277	0	0
gene-SALWKB2_RS05895	954	717.37	1	0.254568
gene-SALWKB2_RS05900	750	514.922	1	0.354654
gene-SALWKB2_RS05905	480	259.538	0	0
gene-SALWKB2_RS05910	1038	801.148	0	0
gene-SALWKB2_RS05915	591	359.748	0	0
gene-SALWKB2_RS05920	924	687.652	2	0.531138
gene-SALWKB2_RS05925	861	624.978	0	0
gene-SALWKB2_RS05930	963	726.297	0	0
gene-SALWKB2_RS05935	456	239.474	2	1.52517
gene-SALWKB2_RS05940	831	595.102	0	0
gene-SALWKB2_RS05945	468	249.142	0	0
gene-SALWKB2_RS05950	357	161.939	0	0
gene-SALWKB2_RS05955	726	491.327	2	0.743371
gene-SALWKB2_RS05960	1593	1356.15	1	0.13466
gene-SALWKB2_RS05965	1701	1464.15	1	0.124727
gene-SALWKB2_RS05970	1557	1320.15	0	0
gene-SALWKB2_RS05975	1497	1260.15	2	0.289838
gene-SALWKB2_RS05980	1128	891.148	0	0
gene-SALWKB2_RS05985	2805	2568.15	3	0.213328
gene-SALWKB2_RS05990	999	762.148	1	0.239611
gene-SALWKB2_RS05995	858	622.04	0	0
gene-SALWKB2_RS06000	1725	1488.15	6	0.736295
gene-SALWKB2_RS06005	492	269.905	0	0
gene-SALWKB2_RS06010	1017	780.148	0	0
gene-SALWKB2_RS06015	1341	1104.15	0	0
gene-SALWKB2_RS06020	447	232.186	0	0
gene-SALWKB2_RS06025	258	95.3596	0	0
gene-SALWKB2_RS06030	516	290.887	0	0
gene-SALWKB2_RS06035	534	307.013	0	0
gene-SALWKB2_RS06040	519	293.616	0	0
gene-SALWKB2_RS06045	555	325.955	0	0
gene-SALWKB2_RS11665	1014	777.148	0	0
gene-SALWKB2_RS06055	1566	1329.15	4	0.549583
gene-SALWKB2_RS11875	117	20.3514	0	0
gene-SALWKB2_RS11880	227	76.5508	0	0
gene-SALWKB2_RS06060	1500	1263.15	0	0
gene-SALWKB2_RS06065	1500	1263.15	0	0
gene-SALWKB2_RS11885	1221	984.148	0	0
gene-SALWKB2_RS06075	3063	2826.15	1	0.0646177
gene-SALWKB2_RS06080	684	449.977	1	0.405841
gene-SALWKB2_RS06085	891	654.786	0	0
gene-SALWKB2_RS06090	1185	948.148	0	0
gene-SALWKB2_RS06095	642	409.052	0	0
gene-SALWKB2_RS06100	195	56.8308	2	6.42677
gene-SALWKB2_RS06105	2571	2334.15	0	0
gene-SALWKB2_RS06110	1074	837.148	0	0
gene-SALWKB2_RS06115	795	559.277	1	0.326527
gene-SALWKB2_RS06120	501	277.795	0	0
gene-SALWKB2_RS06125	498	275.081	1	0.663873
gene-SALWKB2_RS06130	678	444.021	0	0
gene-SALWKB2_RS06135	333	144.04	0	0
gene-SALWKB2_RS06140	249	89.949	2	4.0605
gene-SALWKB2_RS06145	1452	1215.15	1	0.150286
gene-SALWKB2_RS06150	627	394.456	0	0
gene-SALWKB2_RS06155	1293	1056.15	3	0.518732
gene-SALWKB2_RS06160	1269	1032.15	0	0
gene-SALWKB2_RS06165	891	654.786	0	0
gene-SALWKB2_RS06170	765	529.66	0	0
gene-SALWKB2_RS06175	1083	846.148	1	0.215824
gene-SALWKB2_RS06180	762	526.713	1	0.346715
gene-SALWKB2_RS06185	426	215.129	1	0.848881
gene-SALWKB2_RS06190	1161	924.148	1	0.197608
gene-SALWKB2_RS06195	318	133.428	0	0
gene-SALWKB2_RS06200	1686	1449.15	7	0.882128
gene-SALWKB2_RS06205	675	441.199	0	0
gene-SALWKB2_RS06210	618	385.73	0	0
gene-SALWKB2_RS06215	1314	1077.15	0	0
gene-SALWKB2_RS06220	1041	804.148	0	0
gene-SALWKB2_RS06225	1389	1152.15	1	0.158503
gene-SALWKB2_RS06230	1263	1026.15	2	0.355932
gene-SALWKB2_RS06235	330	141.889	0	0
gene-SALWKB2_RS06240	1185	948.148	1	0.192606
gene-SALWKB2_RS06245	783	547.388	0	0
rna-SALWKB2_RS06250	91	22.7832	0	0
gene-SALWKB2_RS06255	303	122.716	0	0
gene-SALWKB2_RS12195	294	117.242	0	0
gene-SALWKB2_RS06260	303	122.716	0	0
gene-SALWKB2_RS06265	2574	2337.15	13	1.01579
gene-SALWKB2_RS06270	1314	1077.15	1	0.16954
gene-SALWKB2_RS06275	474	254.347	0	0
gene-SALWKB2_RS06280	906	669.72	0	0
gene-SALWKB2_RS06285	507	283.041	0	0
gene-SALWKB2_RS06290	513	288.215	0	0
gene-SALWKB2_RS06295	624	391.496	0	0
gene-SALWKB2_RS06300	1215	978.148	0	0
gene-SALWKB2_RS06305	729	494.327	0	0
gene-SALWKB2_RS06310	1185	948.148	0	0
gene-SALWKB2_RS06315	342	150.555	0	0
gene-SALWKB2_RS06320	924	687.652	0	0
gene-SALWKB2_RS06325	192	55.1582	0	0
gene-SALWKB2_RS06330	957	720.37	0	0
gene-SALWKB2_RS06335	810	574.277	0	0
gene-SALWKB2_RS06340	522	296.313	0	0
gene-SALWKB2_RS12200	399	193.785	0	0
gene-SALWKB2_RS06355	1082	845.148	4	0.864318
gene-SALWKB2_RS12205	258	95.3596	0	0
gene-SALWKB2_RS06360	273	105.037	0	0
gene-SALWKB2_RS06365	486	264.853	0	0
gene-SALWKB2_RS11670	959	722.37	0	0
gene-SALWKB2_RS06375	417	208.169	0	0
gene-SALWKB2_RS11675	795	559.277	0	0
gene-SALWKB2_RS06385	300	120.861	0	0
gene-SALWKB2_RS11890	891	654.786	0	0
gene-SALWKB2_RS06400	321	135.439	0	0
gene-SALWKB2_RS06405	1083	846.148	0	0
gene-SALWKB2_RS06410	267	101.144	0	0
gene-SALWKB2_RS11895	894	657.786	0	0
gene-SALWKB2_RS06425	279	108.464	1	1.68369
gene-SALWKB2_RS06430	4317	4080.15	2.46519	0.110337
gene-SALWKB2_RS06435	345	153.15	0	0
gene-SALWKB2_RS06440	450	234.736	0	0
gene-SALWKB2_RS06445	1062	825.148	0	0
gene-SALWKB2_RS06450	687	452.796	0	0
gene-SALWKB2_RS06455	849	613.102	0	0
gene-SALWKB2_RS06460	981	744.224	1	0.245382
gene-SALWKB2_RS06465	492	269.905	1	0.676606
gene-SALWKB2_RS06470	432	220.183	0	0
gene-SALWKB2_RS06475	492	269.905	0	0
gene-SALWKB2_RS06480	933	696.652	5	1.31069
gene-SALWKB2_RS06485	2586	2349.15	4	0.310954
gene-SALWKB2_RS06490	900	663.72	0	0
gene-SALWKB2_RS06495	1398	1161.15	1	0.157275
gene-SALWKB2_RS06500	1506	1269.15	0	0
gene-SALWKB2_RS06505	1869	1632.15	1	0.111889
gene-SALWKB2_RS06510	543	314.965	0	0
gene-SALWKB2_RS06515	471	251.746	1	0.72541
gene-SALWKB2_RS06520	774	538.607	0	0
gene-SALWKB2_RS06525	834	598.102	0	0
gene-SALWKB2_RS06530	480	259.538	0	0
gene-SALWKB2_RS06535	438	224.858	0	0
gene-SALWKB2_RS06540	1239	1002.15	0	0
gene-SALWKB2_RS06545	411	203.419	0	0
gene-SALWKB2_RS06550	561	331.688	0	0
gene-SALWKB2_RS06555	1413	1176.15	2	0.310538
gene-SALWKB2_RS06560	1218	981.148	0	0
gene-SALWKB2_RS06565	2823	2586.15	3	0.211843
gene-SALWKB2_RS06570	1284	1047.15	6	1.04638
gene-SALWKB2_RS06575	252	91.7168	0	0
gene-SALWKB2_RS06580	705	470.425	0	0
gene-SALWKB2_RS06585	1770	1533.15	11	1.31025
gene-SALWKB2_RS06590	348	155.386	2	2.35052
gene-SALWKB2_RS06595	381	179.973	0	0
gene-SALWKB2_RS06600	801	565.277	0	0
gene-SALWKB2_RS06605	978	741.224	1	0.246375
gene-SALWKB2_RS06610	1140	903.148	0	0
gene-SALWKB2_RS06615	597	365.527	0	0
gene-SALWKB2_RS06620	1722	1485.15	1	0.122964
rna-SALWKB2_RS06625	85	27.0319	0	0
rna-SALWKB2_RS06630	76	33.0619	0	0
rna-SALWKB2_RS06635	77	33.2069	0	0
rna-SALWKB2_RS06640	76	33.0619	0	0
gene-SALWKB2_RS06645	3360	3123.15	1	0.0584728
gene-SALWKB2_RS06650	3429	3192.15	13	0.743715
gene-SALWKB2_RS06655	624	391.496	0	0
gene-SALWKB2_RS06660	705	470.425	0	0
gene-SALWKB2_RS06665	183	49.9191	1	3.6583
gene-SALWKB2_RS06670	1329	1092.15	0	0
gene-SALWKB2_RS06675	1314	1077.15	0	0
gene-SALWKB2_RS06680	1239	1002.15	0	0
gene-SALWKB2_RS06685	2565	2328.15	0	0
gene-SALWKB2_RS06690	858	622.04	0	0
gene-SALWKB2_RS06695	699	464.566	1	0.393097
gene-SALWKB2_RS06700	654	420.762	0	0
gene-SALWKB2_RS06705	996	759.148	1	0.240558
gene-SALWKB2_RS06710	1506	1269.15	0	0
gene-SALWKB2_RS06715	1209	972.148	0	0
gene-SALWKB2_RS06720	1293	1056.15	3	0.518732
gene-SALWKB2_RS06725	741	506.126	2	0.721635
gene-SALWKB2_RS06730	600	368.453	0	0
gene-SALWKB2_RS06735	1227	990.148	0	0
gene-SALWKB2_RS06740	1332	1095.15	0	0
gene-SALWKB2_RS06745	765	529.66	0	0
gene-SALWKB2_RS06750	1116	879.148	0	0
gene-SALWKB2_RS06755	2361	2124.15	0	0
gene-SALWKB2_RS06760	852	616.102	0	0
gene-SALWKB2_RS06765	1218	981.148	2	0.372256
gene-SALWKB2_RS06770	450	234.736	0	0
gene-SALWKB2_RS06775	1188	951.148	0	0
gene-SALWKB2_RS06780	1443	1206.15	2	0.302814
gene-SALWKB2_RS06785	738	503.227	0	0
gene-SALWKB2_RS06790	360	164.089	2	2.22586
gene-SALWKB2_RS06795	792	556.333	3	0.984765
gene-SALWKB2_RS06800	1719	1482.15	2	0.246425
gene-SALWKB2_RS06805	558	328.755	0	0
gene-SALWKB2_RS06810	2688	2451.15	2	0.149007
gene-SALWKB2_RS06815	1206	969.148	0	0
gene-SALWKB2_RS06820	528	301.637	0	0
gene-SALWKB2_RS06825	1170	933.148	3	0.587107
gene-SALWKB2_RS06830	1188	951.148	0	0
gene-SALWKB2_RS06835	873	636.915	0	0
gene-SALWKB2_RS06840	738	503.227	0	0
gene-SALWKB2_RS06845	1242	1005.15	1	0.181684
gene-SALWKB2_RS06850	930	693.652	0	0
gene-SALWKB2_RS06855	1200	963.148	1	0.189607
gene-SALWKB2_RS06860	384	182.393	0	0
gene-SALWKB2_RS06865	447	232.186	1	0.78652
gene-SALWKB2_RS06870	459	242.039	0	0
gene-SALWKB2_RS06875	900	663.72	3	0.825434
gene-SALWKB2_RS06880	216	69.8915	0	0
gene-SALWKB2_RS06885	216	69.8915	0	0
gene-SALWKB2_RS06890	1194	957.148	0	0
gene-SALWKB2_RS06895	1230	993.148	1	0.183879
gene-SALWKB2_RS06900	2691	2454.15	0	0
gene-SALWKB2_RS06905	486	264.853	0	0
gene-SALWKB2_RS11685	1611	1374.15	0	0
gene-SALWKB2_RS11690	654	420.762	0	0
gene-SALWKB2_RS06920	1344	1107.15	0	0
gene-SALWKB2_RS06925	264	99.2773	0	0
gene-SALWKB2_RS06930	1533	1296.15	0	0
gene-SALWKB2_RS06935	504	280.361	0	0
gene-SALWKB2_RS06940	732	497.278	0	0
gene-SALWKB2_RS06945	1368	1131.15	0	0
gene-SALWKB2_RS06950	1008	771.148	0	0
gene-SALWKB2_RS06955	627	394.456	0	0
gene-SALWKB2_RS06960	1596	1359.15	0	0
gene-SALWKB2_RS06965	978	741.224	0	0
rna-SALWKB2_RS06970	76	33.0619	0	0
gene-SALWKB2_RS06975	516	290.887	0	0
gene-SALWKB2_RS06980	330	141.889	0	0
gene-SALWKB2_RS06985	936	699.582	1	0.26104
gene-SALWKB2_RS06990	252	91.7168	0	0
gene-SALWKB2_RS06995	1656	1419.15	0	0
gene-SALWKB2_RS07000	216	69.8915	4	10.4516
gene-SALWKB2_RS07005	555	325.955	0	0
gene-SALWKB2_RS07010	654	420.762	0	0
gene-SALWKB2_RS07015	858	622.04	0	0
gene-SALWKB2_RS07020	918	681.652	0	0
gene-SALWKB2_RS07025	933	696.652	0	0
gene-SALWKB2_RS07030	927	690.652	0	0
gene-SALWKB2_RS07035	408	201.092	1	0.908136
gene-SALWKB2_RS07040	972	735.297	0	0
gene-SALWKB2_RS07045	1011	774.148	3	0.707691
gene-SALWKB2_RS07050	1359	1122.15	1	0.162741
gene-SALWKB2_RS07055	1407	1170.15	1	0.156065
gene-SALWKB2_RS11900	126	22.9065	0	0
gene-SALWKB2_RS11695	141	29.1263	0	0
gene-SALWKB2_RS07060	642	409.052	0	0
gene-SALWKB2_RS07065	1071	834.148	0	0
gene-SALWKB2_RS07070	1338	1101.15	0	0
gene-SALWKB2_RS07075	1638	1401.15	0	0
gene-SALWKB2_RS07080	537	309.666	0	0
gene-SALWKB2_RS07085	255	93.4477	0	0
gene-SALWKB2_RS07090	1116	879.148	0	0
gene-SALWKB2_RS07095	438	224.858	0	0
gene-SALWKB2_RS07100	768	532.607	0	0
gene-SALWKB2_RS07105	1980	1743.15	0	0
rna-SALWKB2_RS07110	93	21.4895	0	0
gene-SALWKB2_RS07115	1284	1047.15	0	0
gene-SALWKB2_RS07120	321	135.439	1	1.34835
gene-SALWKB2_RS07125	378	177.878	0	0
gene-SALWKB2_RS07130	654	420.762	0	0
gene-SALWKB2_RS07135	486	264.853	0	0
gene-SALWKB2_RS07140	372	173.403	1	1.05315
gene-SALWKB2_RS07145	2922	2685.15	1	0.0680109
gene-SALWKB2_RS07150	1488	1251.15	5	0.729807
gene-SALWKB2_RS07155	483	262.155	3	2.08982
gene-SALWKB2_RS07160	1842	1605.15	0	0
gene-SALWKB2_RS07165	1047	810.148	0	0
gene-SALWKB2_RS07170	348	155.386	0	0
gene-SALWKB2_RS07175	1521	1284.15	1	0.14221
gene-SALWKB2_RS07180	6237	6000.15	1	0.0304358
gene-SALWKB2_RS07185	987	750.224	0	0
gene-SALWKB2_RS07190	990	753.224	0	0
gene-SALWKB2_RS07195	222	73.7674	0	0
gene-SALWKB2_RS07200	990	753.224	0	0
gene-SALWKB2_RS07205	2667	2430.15	6	0.450884
gene-SALWKB2_RS07210	2166	1929.15	0	0
gene-SALWKB2_RS07215	1434	1197.15	0	0
gene-SALWKB2_RS07220	1320	1083.15	0	0
gene-SALWKB2_RS07225	1089	852.148	0	0
gene-SALWKB2_RS07230	1110	873.148	0	0
gene-SALWKB2_RS07235	1410	1173.15	1	0.155666
gene-SALWKB2_RS07240	444	229.732	0	0
gene-SALWKB2_RS07245	861	624.978	0	0
gene-SALWKB2_RS07250	1143	906.148	0	0
gene-SALWKB2_RS07255	594	362.675	0	0
gene-SALWKB2_RS07260	456	239.474	0	0
gene-SALWKB2_RS07265	489	267.38	0	0
gene-SALWKB2_RS07270	984	747.224	1	0.244397
gene-SALWKB2_RS07275	573	343.139	0	0
rna-SALWKB2_RS07280	76	33.0619	0.333333	1.84118
rna-SALWKB2_RS07285	76	33.0619	0.333333	1.84118
rna-SALWKB2_RS07290	76	33.0619	0.333333	1.84118
rna-SALWKB2_RS07295	74	33.7981	0	0
rna-SALWKB2_RS12210	75	33.5463	0	0
rna-SALWKB2_RS07300	91	22.7832	0	0
gene-SALWKB2_RS07305	1164	927.148	0	0
gene-SALWKB2_RS07310	1182	945.148	1	0.193218
gene-SALWKB2_RS07315	1188	951.148	0	0
gene-SALWKB2_RS07320	483	262.155	0	0
gene-SALWKB2_RS07325	576	345.999	0	0
gene-SALWKB2_RS07330	1371	1134.15	0	0
gene-SALWKB2_RS07335	699	464.566	0	0
gene-SALWKB2_RS07340	642	409.052	0	0
gene-SALWKB2_RS07345	1116	879.148	2	0.415446
gene-SALWKB2_RS07350	2097	1860.15	0	0
gene-SALWKB2_RS07355	1494	1257.15	0	0
gene-SALWKB2_RS07360	1065	828.148	0	0
gene-SALWKB2_RS07365	1203	966.148	0	0
gene-SALWKB2_RS07370	1323	1086.15	0	0
gene-SALWKB2_RS07375	729	494.327	0	0
gene-SALWKB2_RS07380	933	696.652	0	0
gene-SALWKB2_RS07385	717	482.425	0	0
gene-SALWKB2_RS07390	1188	951.148	2	0.383998
gene-SALWKB2_RS07395	855	619.102	1	0.294974
gene-SALWKB2_RS07400	1242	1005.15	0	0
gene-SALWKB2_RS07405	927	690.652	2	0.528831
gene-SALWKB2_RS07410	2349	2112.15	2	0.172923
gene-SALWKB2_RS07415	1089	852.148	3	0.642914
gene-SALWKB2_RS07420	648	414.804	0	0
gene-SALWKB2_RS07425	651	417.762	2	0.874274
gene-SALWKB2_RS07430	540	312.253	2	1.16969
gene-SALWKB2_RS07435	2184	1947.15	1	0.093788
gene-SALWKB2_RS07440	552	323.12	0	0
gene-SALWKB2_RS07445	1083	846.148	0	0
gene-SALWKB2_RS07450	708	473.425	0	0
gene-SALWKB2_RS07455	1194	957.148	3	0.572386
gene-SALWKB2_RS07460	579	348.788	1	0.523582
gene-SALWKB2_RS07465	378	177.878	0	0
gene-SALWKB2_RS07470	1626	1389.15	1	0.131461
gene-SALWKB2_RS07475	612	379.885	1	0.480723
gene-SALWKB2_RS07480	204	62.0897	1	2.94122
gene-SALWKB2_RS07485	2529	2292.15	2	0.159343
gene-SALWKB2_RS07490	213	67.9168	1	2.68887
gene-SALWKB2_RS07495	444	229.732	0	0
gene-SALWKB2_RS07500	1785	1548.15	1	0.11796
gene-SALWKB2_RS07505	1956	1719.15	2	0.212453
rna-SALWKB2_RS07510	76	33.0619	0	0
gene-SALWKB2_RS07515	5916	5679.15	2	0.0643122
gene-SALWKB2_RS07520	1551	1314.15	3	0.416892
gene-SALWKB2_RS07525	1569	1332.15	28	3.83842
gene-SALWKB2_RS07530	567	337.416	35	18.943
gene-SALWKB2_RS07535	600	368.453	1	0.495638
gene-SALWKB2_RS07540	288	114.117	0	0
gene-SALWKB2_RS07545	450	234.736	1	0.777977
gene-SALWKB2_RS07550	606	374.341	0	0
gene-SALWKB2_RS07555	753	517.871	0	0
gene-SALWKB2_RS07560	825	589.162	0	0
gene-SALWKB2_RS07565	831	595.102	0	0
gene-SALWKB2_RS07570	3222	2985.15	0	0
gene-SALWKB2_RS07575	681	446.977	0	0
gene-SALWKB2_RS07580	1134	897.148	0	0
gene-SALWKB2_RS07585	1461	1224.15	2	0.298361
gene-SALWKB2_RS07590	447	232.186	2	1.57304
gene-SALWKB2_RS07595	1863	1626.15	3	0.336905
gene-SALWKB2_RS07610	1908	1671.15	0	0
gene-SALWKB2_RS07615	777	541.553	0	0
gene-SALWKB2_RS07620	2211	1974.15	0	0
gene-SALWKB2_RS07625	567	337.416	0	0
gene-SALWKB2_RS07630	840	604.102	0	0
gene-SALWKB2_RS07635	1884	1647.15	0	0
gene-SALWKB2_RS07640	3894	3657.15	0	0
gene-SALWKB2_RS07645	450	234.736	0	0
gene-SALWKB2_RS07650	198	58.6161	0	0
gene-SALWKB2_RS07655	399	193.785	0	0
gene-SALWKB2_RS07660	453	236.93	0	0
gene-SALWKB2_RS07665	858	622.04	0	0
gene-SALWKB2_RS07670	1269	1032.15	0	0
gene-SALWKB2_RS07675	243	86.2978	0	0
gene-SALWKB2_RS07680	2691	2454.15	0	0
gene-SALWKB2_RS07685	1074	837.148	0	0
gene-SALWKB2_RS07690	1395	1158.15	1	0.157682
gene-SALWKB2_RS07695	1191	954.148	2	0.38279
gene-SALWKB2_RS07700	2064	1827.15	3	0.299843
gene-SALWKB2_RS12135	3027	2790.15	0	0
gene-SALWKB2_RS07710	1059	822.148	0	0
gene-SALWKB2_RS07715	285	112.337	0	0
gene-SALWKB2_RS07720	1158	921.148	0	0
gene-SALWKB2_RS07725	747	511.974	1	0.356696
gene-SALWKB2_RS07730	663	429.548	0	0
gene-SALWKB2_RS07735	357	161.939	0	0
gene-SALWKB2_RS07740	687	452.796	0	0
gene-SALWKB2_RS07750	3831	3594.15	0	0
gene-SALWKB2_RS07755	3621	3384.15	1	0.0539631
gene-SALWKB2_RS07760	1233	996.148	0	0
gene-SALWKB2_RS07765	1011	774.148	2	0.471794
gene-SALWKB2_RS07770	606	374.341	0	0
gene-SALWKB2_RS07775	1758	1521.15	0	0
gene-SALWKB2_RS07780	1752	1515.15	0	0
gene-SALWKB2_RS07785	2211	1974.15	1	0.0925053
gene-SALWKB2_RS07790	207	64.019	1	2.85258
gene-SALWKB2_RS07795	408	201.092	0	0
gene-SALWKB2_RS07800	3480	3243.15	0	0
gene-SALWKB2_RS07805	1290	1053.15	0	0
gene-SALWKB2_RS07810	990	753.224	0	0
gene-SALWKB2_RS07815	462	244.394	6	4.48339
gene-SALWKB2_RS07820	462	244.394	0	0
gene-SALWKB2_RS07825	450	234.736	0	0
gene-SALWKB2_RS07830	804	568.277	0	0
gene-SALWKB2_RS07835	2229	1992.15	0	0
gene-SALWKB2_RS07840	1026	789.148	0	0
gene-SALWKB2_RS07845	807	571.277	1	0.319668
gene-SALWKB2_RS07850	759	523.871	3	1.04579
gene-SALWKB2_RS07855	969	732.297	0	0
gene-SALWKB2_RS07860	957	720.37	0	0
gene-SALWKB2_RS07865	759	523.871	0	0
gene-SALWKB2_RS07870	240	84.4063	0	0
gene-SALWKB2_RS07875	4023	3786.15	1	0.0482335
gene-SALWKB2_RS11700	423	212.807	1	0.858146
gene-SALWKB2_RS07885	702	467.519	0	0
gene-SALWKB2_RS07890	468	249.142	0	0
gene-SALWKB2_RS07895	3063	2826.15	1	0.0646177
gene-SALWKB2_RS07900	582	351.575	0	0
gene-SALWKB2_RS07905	1071	834.148	2	0.437858
gene-SALWKB2_RS07910	1536	1299.15	0	0
gene-SALWKB2_RS07915	498	275.081	0	0
gene-SALWKB2_RS07920	1179	942.148	0	0
gene-SALWKB2_RS07925	1305	1068.15	0	0
gene-SALWKB2_RS07930	486	264.853	0	0
gene-SALWKB2_RS07935	360	164.089	0	0
gene-SALWKB2_RS07940	1407	1170.15	0	0
gene-SALWKB2_RS07945	438	224.858	0	0
gene-SALWKB2_RS07950	711	476.425	0	0
gene-SALWKB2_RS07955	462	244.394	0	0
gene-SALWKB2_RS07960	828	592.102	0	0
gene-SALWKB2_RS07965	1533	1296.15	1	0.140894
gene-SALWKB2_RS07970	900	663.72	0	0
gene-SALWKB2_RS07975	1269	1032.15	4	0.707725
gene-SALWKB2_RS07980	1647	1410.15	15	1.94255
gene-SALWKB2_RS07985	288	114.117	6	9.6017
gene-SALWKB2_RS07990	597	365.527	0	0
gene-SALWKB2_RS07995	1314	1077.15	2	0.339079
gene-SALWKB2_RS08000	960	723.297	1	0.252481
gene-SALWKB2_RS08005	249	89.949	2	4.0605
gene-SALWKB2_RS08010	513	288.215	4	2.53448
gene-SALWKB2_RS08015	747	511.974	10	3.56696
gene-SALWKB2_RS08020	366	168.799	1	1.08187
gene-SALWKB2_RS08025	1035	798.148	0	0
gene-SALWKB2_RS08030	183	49.9191	0	0
gene-SALWKB2_RS08035	636	403.175	0	0
gene-SALWKB2_RS08040	336	146.093	0	0
gene-SALWKB2_RS08045	798	562.277	0	0
gene-SALWKB2_RS08050	864	627.915	0	0
gene-SALWKB2_RS08055	315	131.376	0	0
gene-SALWKB2_RS08060	417	208.169	0	0
gene-SALWKB2_RS08065	288	114.117	0	0
gene-SALWKB2_RS08070	819	583.162	2	0.626307
gene-SALWKB2_RS08075	789	553.388	0	0
gene-SALWKB2_RS08080	435	222.584	0	0
gene-SALWKB2_RS08085	360	164.089	0	0
gene-SALWKB2_RS08090	813	577.22	1	0.316377
gene-SALWKB2_RS08095	330	141.889	1	1.28706
gene-SALWKB2_RS08100	273	105.037	1	1.73862
gene-SALWKB2_RS08105	858	622.04	0	0
gene-SALWKB2_RS08110	486	264.853	0	0
gene-SALWKB2_RS08115	576	345.999	0	0
gene-SALWKB2_RS08120	1380	1143.15	0	0
gene-SALWKB2_RS08125	1536	1299.15	0	0
gene-SALWKB2_RS08130	942	705.582	1	0.258821
gene-SALWKB2_RS08135	318	133.428	0	0
gene-SALWKB2_RS08140	387	184.806	0	0
gene-SALWKB2_RS08145	1041	804.148	1	0.227097
gene-SALWKB2_RS08150	459	242.039	0	0
gene-SALWKB2_RS08155	462	244.394	1	0.747232
gene-SALWKB2_RS08160	1359	1122.15	1	0.162741
gene-SALWKB2_RS08165	897	660.786	0	0
gene-SALWKB2_RS08170	801	565.277	0	0
gene-SALWKB2_RS08175	1338	1101.15	0	0
gene-SALWKB2_RS08180	273	105.037	0	0
gene-SALWKB2_RS08185	552	323.12	0	0
gene-SALWKB2_RS08190	2061	1824.15	2	0.200224
gene-SALWKB2_RS08195	462	244.394	1	0.747232
gene-SALWKB2_RS08200	1182	945.148	0	0
gene-SALWKB2_RS08205	1131	894.148	0	0
gene-SALWKB2_RS08210	969	732.297	0	0
gene-SALWKB2_RS08215	882	645.786	0	0
gene-SALWKB2_RS08220	1317	1080.15	1	0.169069
gene-SALWKB2_RS08225	783	547.388	0	0
gene-SALWKB2_RS08230	741	506.126	0	0
gene-SALWKB2_RS08235	1386	1149.15	0	0
gene-SALWKB2_RS08240	219	71.7234	0	0
gene-SALWKB2_RS08245	624	391.496	0	0
gene-SALWKB2_RS08250	621	388.575	0	0
gene-SALWKB2_RS08255	360	164.089	1	1.11293
gene-SALWKB2_RS08260	603	371.341	1	0.491783
gene-SALWKB2_RS08265	675	441.199	0	0
gene-SALWKB2_RS08270	1344	1107.15	1	0.164946
gene-SALWKB2_RS08275	861	624.978	0	0
gene-SALWKB2_RS08280	2043	1806.15	2	0.20222
gene-SALWKB2_RS08285	621	388.575	1	0.469972
gene-SALWKB2_RS08295	555	325.955	0	0
gene-SALWKB2_RS08300	291	115.736	0	0
gene-SALWKB2_RS08305	477	256.972	1	0.710659
gene-SALWKB2_RS08310	435	222.584	0	0
gene-SALWKB2_RS08315	537	309.666	4	2.35892
gene-SALWKB2_RS08320	624	391.496	0	0
gene-SALWKB2_RS08325	363	166.29	1	1.0982
gene-SALWKB2_RS08330	921	684.652	1	0.266733
gene-SALWKB2_RS08335	285	112.337	0	0
gene-SALWKB2_RS08340	597	365.527	4	1.99842
gene-SALWKB2_RS08345	510	285.63	0	0
gene-SALWKB2_RS08350	777	541.553	0	0
gene-SALWKB2_RS08355	801	565.277	5	1.61531
gene-SALWKB2_RS08360	993	756.224	0	0
gene-SALWKB2_RS08365	960	723.297	0	0
gene-SALWKB2_RS08370	2337	2100.15	1	0.0869554
gene-SALWKB2_RS08375	1005	768.148	1	0.23774
gene-SALWKB2_RS08380	978	741.224	0	0
gene-SALWKB2_RS08385	762	526.713	1	0.346715
gene-SALWKB2_RS08390	1485	1248.15	0	0
gene-SALWKB2_RS08395	1575	1338.15	1	0.136472
gene-SALWKB2_RS08400	2319	2082.15	2	0.175414
gene-SALWKB2_RS08405	1179	942.148	3	0.581499
gene-SALWKB2_RS08410	1236	999.148	5	0.913875
gene-SALWKB2_RS08415	777	541.553	1	0.337214
gene-SALWKB2_RS08420	912	675.72	0	0
gene-SALWKB2_RS08425	1401	1164.15	0	0
gene-SALWKB2_RS08430	1068	831.148	3	0.659158
gene-SALWKB2_RS08435	1155	918.148	0	0
gene-SALWKB2_RS08440	1347	1110.15	3	0.4935
gene-SALWKB2_RS08445	1086	849.148	0	0
gene-SALWKB2_RS08450	1359	1122.15	0	0
gene-SALWKB2_RS08455	1479	1242.15	0	0
gene-SALWKB2_RS08460	1743	1506.15	0	0
gene-SALWKB2_RS08465	273	105.037	1	1.73862
gene-SALWKB2_RS08470	945	708.441	4	1.0311
gene-SALWKB2_RS08475	456	239.474	1	0.762586
gene-SALWKB2_RS08480	1149	912.148	0	0
gene-SALWKB2_RS08485	1038	801.148	0	0
gene-SALWKB2_RS08490	489	267.38	0	0
gene-SALWKB2_RS08495	360	164.089	1	1.11293
gene-SALWKB2_RS08500	1218	981.148	0	0
gene-SALWKB2_RS08505	783	547.388	0	0
gene-SALWKB2_RS08510	1176	939.148	0	0
gene-SALWKB2_RS08515	762	526.713	0	0
gene-SALWKB2_RS08520	1530	1293.15	0	0
gene-SALWKB2_RS08525	510	285.63	0	0
gene-SALWKB2_RS08530	555	325.955	1	0.560259
gene-SALWKB2_RS08535	1134	897.148	2	0.407111
gene-SALWKB2_RS08540	273	105.037	3	5.21587
gene-SALWKB2_RS08545	309	127.008	12	17.2543
gene-SALWKB2_RS08550	366	168.799	0	0
gene-SALWKB2_RS08555	975	738.297	1	0.247352
rna-SALWKB2_RS08560	75	33.5463	0	0
gene-SALWKB2_RS08565	1587	1350.15	0	0
gene-SALWKB2_RS08570	1044	807.148	0	0
gene-SALWKB2_RS08575	1164	927.148	0	0
gene-SALWKB2_RS11705	645	411.887	0	0
gene-SALWKB2_RS08585	1629	1392.15	0	0
gene-SALWKB2_RS08590	939	702.582	0	0
gene-SALWKB2_RS08595	1707	1470.15	0	0
gene-SALWKB2_RS08600	1056	819.148	0	0
gene-SALWKB2_RS08605	975	738.297	1	0.247352
gene-SALWKB2_RS08610	534	307.013	0	0
gene-SALWKB2_RS08615	585	354.218	1	0.515556
gene-SALWKB2_RS08620	504	280.361	0	0
gene-SALWKB2_RS08625	744	509.025	0	0
gene-SALWKB2_RS08630	1377	1140.15	0	0
gene-SALWKB2_RS08635	339	148.373	2	2.46162
gene-SALWKB2_RS08640	204	62.0897	4	11.7649
gene-SALWKB2_RS08645	1566	1329.15	0	0
gene-SALWKB2_RS08650	648	414.804	0	0
gene-SALWKB2_RS08655	1431	1194.15	1	0.152928
gene-SALWKB2_RS08660	684	449.977	1	0.405841
gene-SALWKB2_RS08665	1809	1572.15	0	0
gene-SALWKB2_RS08670	699	464.566	0	0
gene-SALWKB2_RS08675	477	256.972	2	1.42132
gene-SALWKB2_RS08680	201	60.3796	1	3.02452
gene-SALWKB2_RS08685	348	155.386	0	0
gene-SALWKB2_RS08690	417	208.169	2	1.75453
gene-SALWKB2_RS08695	768	532.607	2	0.685756
gene-SALWKB2_RS08700	330	141.889	0	0
gene-SALWKB2_RS08705	738	503.227	2	0.725792
gene-SALWKB2_RS08710	648	414.804	1	0.440254
gene-SALWKB2_RS08715	594	362.675	1	0.503535
gene-SALWKB2_RS08720	960	723.297	3	0.757444
gene-SALWKB2_RS08725	843	607.102	0	0
gene-SALWKB2_RS08730	621	388.575	0	0
gene-SALWKB2_RS08735	993	756.224	1	0.241488
gene-SALWKB2_RS08740	606	374.341	0	0
gene-SALWKB2_RS08745	243	86.2978	0	0
gene-SALWKB2_RS08750	624	391.496	0	0
gene-SALWKB2_RS08755	1398	1161.15	0	0
gene-SALWKB2_RS08760	1263	1026.15	0	0
gene-SALWKB2_RS08765	678	444.021	0	0
gene-SALWKB2_RS08770	1869	1632.15	3	0.335667
gene-SALWKB2_RS08775	1971	1734.15	0	0
gene-SALWKB2_RS08780	2907	2670.15	3	0.205179
gene-SALWKB2_RS08785	546	317.643	0	0
gene-SALWKB2_RS08790	1452	1215.15	0	0
gene-SALWKB2_RS08795	795	559.277	0	0
gene-SALWKB2_RS08800	3384	3147.15	0	0
gene-SALWKB2_RS08805	1203	966.148	0	0
rna-SALWKB2_RS08810	76	33.0619	0	0
rna-SALWKB2_RS08815	76	33.0619	0	0
gene-SALWKB2_RS08820	657	423.677	0	0
gene-SALWKB2_RS08825	657	423.677	0	0
gene-SALWKB2_RS08830	1347	1110.15	0	0
gene-SALWKB2_RS08835	1182	945.148	0	0
gene-SALWKB2_RS08840	1821	1584.15	0	0
gene-SALWKB2_RS08845	1395	1158.15	0	0
gene-SALWKB2_RS08850	786	550.388	0	0
gene-SALWKB2_RS08855	639	406.134	2	0.899305
gene-SALWKB2_RS08860	564	334.587	0	0
gene-SALWKB2_RS08865	1149	912.148	0	0
gene-SALWKB2_RS08870	1098	861.148	72	15.2687
gene-SALWKB2_RS08875	2751	2514.15	5	0.363183
gene-SALWKB2_RS08880	996	759.148	0	0
gene-SALWKB2_RS08885	882	645.786	0	0
gene-SALWKB2_RS08890	1650	1413.15	0	0
gene-SALWKB2_RS08895	960	723.297	0	0
gene-SALWKB2_RS08900	1071	834.148	0	0
gene-SALWKB2_RS08905	1497	1260.15	0	0
gene-SALWKB2_RS08910	795	559.277	0	0
rna-SALWKB2_RS08915	77	33.2069	0	0
gene-SALWKB2_RS08920	1092	855.148	0	0
gene-SALWKB2_RS08925	1266	1029.15	1	0.177447
gene-SALWKB2_RS08930	1353	1116.15	1	0.163616
gene-SALWKB2_RS08935	1098	861.148	0	0
gene-SALWKB2_RS08940	729	494.327	0	0
gene-SALWKB2_RS08945	798	562.277	0	0
gene-SALWKB2_RS08950	729	494.327	7	2.58601
gene-SALWKB2_RS08955	951	714.441	2	0.511223
gene-SALWKB2_RS08960	744	509.025	1	0.358763
gene-SALWKB2_RS08965	945	708.441	0	0
gene-SALWKB2_RS08970	864	627.915	0	0
gene-SALWKB2_RS08975	963	726.297	0	0
gene-SALWKB2_RS08980	1020	783.148	1	0.233186
gene-SALWKB2_RS08985	528	301.637	1	0.605426
gene-SALWKB2_RS08990	180	48.1736	0	0
gene-SALWKB2_RS08995	504	280.361	1	0.651372
gene-SALWKB2_RS09000	591	359.748	0	0
gene-SALWKB2_RS09005	714	479.425	0	0
rna-SALWKB2_RS09010	77	33.2069	0	0
gene-SALWKB2_RS09015	1287	1050.15	1	0.173899
gene-SALWKB2_RS09020	2058	1821.15	0	0
gene-SALWKB2_RS09025	564	334.587	0	0
gene-SALWKB2_RS09030	606	374.341	0	0
gene-SALWKB2_RS09035	1077	840.148	0	0
gene-SALWKB2_RS09040	1182	945.148	0	0
gene-SALWKB2_RS09045	993	756.224	0	0
gene-SALWKB2_RS09050	1146	909.148	1	0.200869
gene-SALWKB2_RS09055	1059	822.148	0	0
gene-SALWKB2_RS09060	1257	1020.15	2	0.358025
gene-SALWKB2_RS09065	465	246.848	0	0
gene-SALWKB2_RS09070	876	639.915	1	0.28538
gene-SALWKB2_RS09075	504	280.361	0	0
gene-SALWKB2_RS09080	882	645.786	0	0
gene-SALWKB2_RS09085	1209	972.148	0	0
gene-SALWKB2_RS09090	270	103.079	0	0
gene-SALWKB2_RS09095	399	193.785	0	0
gene-SALWKB2_RS09100	864	627.915	0	0
gene-SALWKB2_RS09105	798	562.277	2	0.64957
gene-SALWKB2_RS09110	855	619.102	2	0.589948
gene-SALWKB2_RS09115	348	155.386	0	0
gene-SALWKB2_RS09120	873	636.915	0	0
gene-SALWKB2_RS09125	786	550.388	1	0.331801
gene-SALWKB2_RS09130	1362	1125.15	0	0
gene-SALWKB2_RS09135	276	106.499	0	0
gene-SALWKB2_RS09140	1179	942.148	0	0
gene-SALWKB2_RS09145	1203	966.148	0	0
gene-SALWKB2_RS09155	624	391.496	0	0
gene-SALWKB2_RS09160	852	616.102	0	0
gene-SALWKB2_RS09170	2361	2124.15	6	0.515838
gene-SALWKB2_RS09175	537	309.666	0	0
gene-SALWKB2_RS09180	294	117.242	0	0
gene-SALWKB2_RS09185	276	106.499	2	3.4295
gene-SALWKB2_RS09190	867	630.915	13	3.76287
gene-SALWKB2_RS09195	762	526.713	7	2.427
gene-SALWKB2_RS09200	447	232.186	1	0.78652
gene-SALWKB2_RS09205	576	345.999	3	1.58341
gene-SALWKB2_RS09210	1314	1077.15	0	0
gene-SALWKB2_RS09215	1056	819.148	0	0
gene-SALWKB2_RS09220	321	135.439	0	0
gene-SALWKB2_RS09225	3447	3210.15	6	0.341329
rna-SALWKB2_RS11975	180	48.1736	58	219.87
gene-SALWKB2_RS09230	303	122.716	0	0
gene-SALWKB2_RS09235	333	144.04	0	0
gene-SALWKB2_RS09240	978	741.224	2	0.492751
gene-SALWKB2_RS09245	1248	1011.15	2	0.361212
gene-SALWKB2_RS09250	240	84.4063	4	8.65429
gene-SALWKB2_RS09255	2031	1794.15	0	0
gene-SALWKB2_RS09260	285	112.337	0	0
gene-SALWKB2_RS09265	1086	849.148	0	0
gene-SALWKB2_RS09270	540	312.253	0	0
gene-SALWKB2_RS09280	333	144.04	0	0
gene-SALWKB2_RS09285	477	256.972	0	0
gene-SALWKB2_RS09290	1095	858.148	0	0
gene-SALWKB2_RS09295	570	340.278	0	0
gene-SALWKB2_RS09300	567	337.416	0	0
gene-SALWKB2_RS09305	3522	3285.15	0	0
gene-SALWKB2_RS11710	858	622.04	0	0
gene-SALWKB2_RS09315	798	562.277	0	0
gene-SALWKB2_RS09320	1509	1272.15	0	0
gene-SALWKB2_RS09325	2133	1896.15	3	0.288932
gene-SALWKB2_RS11715	582	351.575	0	0
gene-SALWKB2_RS09335	192	55.1582	0	0
gene-SALWKB2_RS09340	216	69.8915	0	0
gene-SALWKB2_RS09345	351	157.502	0	0
gene-SALWKB2_RS09350	549	320.48	0	0
gene-SALWKB2_RS09355	384	182.393	0	0
gene-SALWKB2_RS11720	456	239.474	0	0
gene-SALWKB2_RS09365	357	161.939	0	0
gene-SALWKB2_RS09370	411	203.419	0	0
gene-SALWKB2_RS09375	378	177.878	0	0
gene-SALWKB2_RS09380	975	738.297	0	0
gene-SALWKB2_RS09385	747	511.974	0	0
gene-SALWKB2_RS09390	954	717.37	0	0
gene-SALWKB2_RS09395	1488	1251.15	0	0
gene-SALWKB2_RS09400	1287	1050.15	1	0.173899
gene-SALWKB2_RS09405	462	244.394	0	0
gene-SALWKB2_RS11980	447	232.186	0	0
gene-SALWKB2_RS09410	684	449.977	0	0
gene-SALWKB2_RS09415	561	331.688	0	0
gene-SALWKB2_RS09420	525	298.977	0	0
gene-SALWKB2_RS09425	294	117.242	0	0
gene-SALWKB2_RS09430	600	368.453	0	0
gene-SALWKB2_RS09435	348	155.386	0	0
gene-SALWKB2_RS09440	351	157.502	0	0
gene-SALWKB2_RS09445	261	97.1757	0	0
gene-SALWKB2_RS09450	642	409.052	0	0
gene-SALWKB2_RS09455	894	657.786	0	0
gene-SALWKB2_RS09460	213	67.9168	0	0
gene-SALWKB2_RS09465	222	73.7674	0	0
gene-SALWKB2_RS09470	735	500.227	0	0
gene-SALWKB2_RS11725	741	506.126	0	0
gene-SALWKB2_RS09480	222	73.7674	0	0
gene-SALWKB2_RS09485	351	157.502	0	0
gene-SALWKB2_RS09490	690	455.704	0	0
gene-SALWKB2_RS09495	444	229.732	0	0
gene-SALWKB2_RS09500	657	423.677	0	0
gene-SALWKB2_RS09505	318	133.428	0	0
gene-SALWKB2_RS09510	231	78.702	0	0
gene-SALWKB2_RS09515	912	675.72	0	0
gene-SALWKB2_RS09520	405	198.514	0	0
gene-SALWKB2_RS09525	885	648.786	0	0
gene-SALWKB2_RS09530	639	406.134	0	0
gene-SALWKB2_RS09535	471	251.746	0	0
gene-SALWKB2_RS09540	303	122.716	0	0
gene-SALWKB2_RS09545	681	446.977	0	0
gene-SALWKB2_RS09550	894	657.786	0	0
gene-SALWKB2_RS09555	456	239.474	0	0
gene-SALWKB2_RS09560	483	262.155	0	0
gene-SALWKB2_RS09565	270	103.079	0	0
gene-SALWKB2_RS09570	990	753.224	0	0
rna-SALWKB2_RS09575	86	26.6667	0	0
gene-SALWKB2_RS09580	363	166.29	5	5.49099
gene-SALWKB2_RS09585	756	520.871	0	0
gene-SALWKB2_RS09590	657	423.677	0	0
gene-SALWKB2_RS09595	228	77.1541	0	0
gene-SALWKB2_RS09600	324	137.442	0	0
gene-SALWKB2_RS09605	894	657.786	1	0.277627
rna-SALWKB2_RS09610	76	33.0619	0	0
gene-SALWKB2_RS09615	1071	834.148	3	0.656787
gene-SALWKB2_RS09620	1476	1239.15	0	0
gene-SALWKB2_RS09625	1665	1428.15	0	0
gene-SALWKB2_RS09630	750	514.922	0	0
gene-SALWKB2_RS09635	438	224.858	0	0
gene-SALWKB2_RS09640	924	687.652	0	0
gene-SALWKB2_RS09645	1011	774.148	1	0.235897
gene-SALWKB2_RS09650	513	288.215	1	0.63362
gene-SALWKB2_RS09655	4668	4431.15	1	0.0412126
gene-SALWKB2_RS09660	9906	9669.15	13	0.245528
gene-SALWKB2_RS09665	1767	1530.15	1	0.119347
gene-SALWKB2_RS12215	120	21.1455	0	0
gene-SALWKB2_RS09670	435	222.584	0	0
gene-SALWKB2_RS09675	237	82.3177	0	0
gene-SALWKB2_RS09680	267	101.144	0	0
gene-SALWKB2_RS11985	357	161.939	2	2.2554
gene-SALWKB2_RS09690	333	144.04	0	0
gene-SALWKB2_RS09695	186	51.5528	0	0
gene-SALWKB2_RS09705	291	115.736	0	0
gene-SALWKB2_RS11730	1584	1347.15	4	0.54224
gene-SALWKB2_RS09715	222	73.7674	0	0
gene-SALWKB2_RS09720	264	99.2773	0	0
gene-SALWKB2_RS09730	351	157.502	0	0
gene-SALWKB2_RS09735	411	203.419	0	0
gene-SALWKB2_RS11990	252	91.7168	0	0
gene-SALWKB2_RS09740	369	170.944	0	0
gene-SALWKB2_RS09750	198	58.6161	0	0
gene-SALWKB2_RS11995	555	325.955	0	0
gene-SALWKB2_RS09760	660	426.634	0	0
gene-SALWKB2_RS09765	279	108.464	0	0
gene-SALWKB2_RS09770	261	97.1757	0	0
gene-SALWKB2_RS09775	261	97.1757	0	0
gene-SALWKB2_RS09780	261	97.1757	0	0
gene-SALWKB2_RS09785	201	60.3796	0	0
gene-SALWKB2_RS09790	252	91.7168	0	0
gene-SALWKB2_RS09795	261	97.1757	0	0
gene-SALWKB2_RS09805	600	368.453	0	0
gene-SALWKB2_RS09810	303	122.716	0	0
gene-SALWKB2_RS09815	639	406.134	0	0
gene-SALWKB2_RS09820	639	406.134	0	0
gene-SALWKB2_RS09825	459	242.039	0	0
gene-SALWKB2_RS09830	840	604.102	2	0.604597
gene-SALWKB2_RS09835	993	756.224	0	0
gene-SALWKB2_RS09840	1398	1161.15	0	0
gene-SALWKB2_RS09845	801	565.277	0	0
gene-SALWKB2_RS09850	1359	1122.15	8	1.30193
gene-SALWKB2_RS12000	165	40.5458	0	0
gene-SALWKB2_RS09855	2847	2610.15	1	0.0699651
gene-SALWKB2_RS09860	450	234.736	4	3.11191
gene-SALWKB2_RS09865	531	304.451	0	0
gene-SALWKB2_RS09870	1065	828.148	1	0.220515
gene-SALWKB2_RS09875	936	699.582	0	0
gene-SALWKB2_RS09880	1551	1314.15	0	0
gene-SALWKB2_RS09885	1008	771.148	5	1.18407
gene-SALWKB2_RS09890	645	411.887	0	0
gene-SALWKB2_RS09895	270	103.079	0	0
gene-SALWKB2_RS09900	1371	1134.15	1	0.161019
gene-SALWKB2_RS09905	243	86.2978	0	0
gene-SALWKB2_RS09910	2325	2088.15	0	0
gene-SALWKB2_RS09915	273	105.037	0	0
gene-SALWKB2_RS09920	273	105.037	0	0
gene-SALWKB2_RS09925	1842	1605.15	3	0.341313
gene-SALWKB2_RS09930	1506	1269.15	0	0
gene-SALWKB2_RS09935	1083	846.148	0	0
gene-SALWKB2_RS09940	639	406.134	0	0
gene-SALWKB2_RS09945	1383	1146.15	0	0
gene-SALWKB2_RS09950	465	246.848	0	0
gene-SALWKB2_RS09955	645	411.887	0	0
gene-SALWKB2_RS09960	339	148.373	0	0
gene-SALWKB2_RS09965	783	547.388	0	0
gene-SALWKB2_RS09970	1392	1155.15	7	1.10664
gene-SALWKB2_RS09975	552	323.12	1	0.565175
gene-SALWKB2_RS09980	978	741.224	0	0
gene-SALWKB2_RS09985	477	256.972	0	0
gene-SALWKB2_RS09990	963	726.297	0	0
gene-SALWKB2_RS12005	216	69.8915	0	0
gene-SALWKB2_RS09995	1410	1173.15	1	0.155666
gene-SALWKB2_RS10000	696	461.658	0	0
gene-SALWKB2_RS10005	1656	1419.15	0	0
gene-SALWKB2_RS10010	210	66.0331	2	5.53114
gene-SALWKB2_RS10015	360	164.089	0	0
gene-SALWKB2_RS10020	135	26.4765	0	0
gene-SALWKB2_RS10025	1623	1386.15	1	0.131746
gene-SALWKB2_RS10030	1104	867.148	1	0.210598
gene-SALWKB2_RS10035	2391	2154.15	7	0.593429
gene-SALWKB2_RS10040	1233	996.148	0	0
gene-SALWKB2_RS10045	1194	957.148	0	0
rna-SALWKB2_RS10050	75	33.5463	1	5.4438
gene-SALWKB2_RS10055	1632	1395.15	0	0
gene-SALWKB2_RS10060	384	182.393	0	0
gene-SALWKB2_RS10065	405	198.514	0	0
gene-SALWKB2_RS10070	873	636.915	4	1.1469
gene-SALWKB2_RS10075	2427	2190.15	1	0.0833821
gene-SALWKB2_RS10080	1251	1014.15	1	0.180072
gene-SALWKB2_RS10085	585	354.218	0	0
rna-SALWKB2_RS10090	76	33.0619	0	0
gene-SALWKB2_RS10095	4380	4143.15	2.21763	0.0977473
gene-SALWKB2_RS10100	504	280.361	0	0
gene-SALWKB2_RS12010	762	526.713	0.231954	0.0804219
gene-SALWKB2_RS10110	381	179.973	0	0
gene-SALWKB2_RS12220	564	334.587	0	0
gene-SALWKB2_RS11740	831	595.102	0	0
gene-SALWKB2_RS10120	450	234.736	0	0
gene-SALWKB2_RS12225	201	60.3796	0	0
gene-SALWKB2_RS10125	936	699.582	0	0
gene-SALWKB2_RS10130	294	117.242	0	0
gene-SALWKB2_RS10135	294	117.242	0	0
gene-SALWKB2_RS10145	282	110.248	0	0
gene-SALWKB2_RS10150	1878	1641.15	0	0
gene-SALWKB2_RS10155	2037	1800.15	1	0.101447
gene-SALWKB2_RS10160	942	705.582	0	0
gene-SALWKB2_RS10165	945	708.441	0	0
gene-SALWKB2_RS10170	777	541.553	0	0
gene-SALWKB2_RS10175	987	750.224	0	0
gene-SALWKB2_RS10180	2142	1905.15	0	0
gene-SALWKB2_RS10185	1311	1074.15	0	0
gene-SALWKB2_RS10190	2940	2703.15	0	0
gene-SALWKB2_RS10195	1614	1377.15	1	0.132607
gene-SALWKB2_RS10200	876	639.915	0	0
gene-SALWKB2_RS10205	1602	1365.15	0	0
gene-SALWKB2_RS10210	1593	1356.15	0	0
gene-SALWKB2_RS10215	789	553.388	0	0
gene-SALWKB2_RS10220	1164	927.148	0	0
gene-SALWKB2_RS10225	768	532.607	0	0
gene-SALWKB2_RS10230	471	251.746	0	0
gene-SALWKB2_RS10235	228	77.1541	0	0
gene-SALWKB2_RS10240	642	409.052	0	0
gene-SALWKB2_RS10245	918	681.652	0	0
gene-SALWKB2_RS12140	10383	10146.1	3	0.0539966
gene-SALWKB2_RS10255	357	161.939	1	1.1277
gene-SALWKB2_RS10260	546	317.643	4	2.29968
gene-SALWKB2_RS10265	336	146.093	0	0
gene-SALWKB2_RS10270	831	595.102	0	0
gene-SALWKB2_RS10275	819	583.162	2	0.626307
gene-SALWKB2_RS10280	894	657.786	1	0.277627
gene-SALWKB2_RS10285	1290	1053.15	0	0
gene-SALWKB2_RS10290	2646	2409.15	2	0.151605
gene-SALWKB2_RS10295	1287	1050.15	0	0
gene-SALWKB2_RS10300	1401	1164.15	0	0
gene-SALWKB2_RS10305	786	550.388	0	0
gene-SALWKB2_RS10310	507	283.041	0	0
gene-SALWKB2_RS10315	648	414.804	0	0
gene-SALWKB2_RS10320	531	304.451	0	0
gene-SALWKB2_RS10325	195	56.8308	0	0
gene-SALWKB2_RS10330	1116	879.148	0	0
gene-SALWKB2_RS10335	273	105.037	0	0
gene-SALWKB2_RS10340	1698	1461.15	0	0
gene-SALWKB2_RS10345	858	622.04	0	0
gene-SALWKB2_RS10350	1416	1179.15	0	0
gene-SALWKB2_RS10355	1017	780.148	0	0
gene-SALWKB2_RS10360	654	420.762	0	0
gene-SALWKB2_RS10365	1050	813.148	0	0
gene-SALWKB2_RS10370	1386	1149.15	0	0
gene-SALWKB2_RS10375	561	331.688	2	1.10115
gene-SALWKB2_RS10380	1152	915.148	0	0
gene-SALWKB2_RS10385	2604	2367.15	2	0.154295
gene-SALWKB2_RS10390	198	58.6161	0	0
gene-SALWKB2_RS10395	642	409.052	1	0.446444
gene-SALWKB2_RS10400	411	203.419	2	1.7955
gene-SALWKB2_RS10405	525	298.977	0	0
gene-SALWKB2_RS10410	429	217.564	0	0
gene-SALWKB2_RS11750	1569	1332.15	0	0
gene-SALWKB2_RS12075	162	39.1658	0	0
gene-SALWKB2_RS10420	399	193.785	0	0
gene-SALWKB2_RS10425	327	139.697	0	0
gene-SALWKB2_RS10430	744	509.025	0	0
gene-SALWKB2_RS10435	423	212.807	0	0
gene-SALWKB2_RS10440	1398	1161.15	1	0.157275
gene-SALWKB2_RS10445	876	639.915	5	1.4269
gene-SALWKB2_RS10450	1545	1308.15	5	0.698007
gene-SALWKB2_RS10455	537	309.666	0	0
gene-SALWKB2_RS10460	471	251.746	7	5.07787
gene-SALWKB2_RS10465	231	78.702	1	2.32039
gene-SALWKB2_RS10470	861	624.978	0	0
gene-SALWKB2_RS10475	345	153.15	2	2.38484
gene-SALWKB2_RS10480	855	619.102	0	0
gene-SALWKB2_RS10485	771	535.607	0	0
gene-SALWKB2_RS10490	636	403.175	0	0
gene-SALWKB2_RS10495	1893	1656.15	5	0.551337
gene-SALWKB2_RS10500	324	137.442	4	5.31481
gene-SALWKB2_RS10505	438	224.858	1	0.812155
gene-SALWKB2_RS10510	1791	1554.15	0	0
gene-SALWKB2_RS10515	2142	1905.15	0	0
gene-SALWKB2_RS10520	471	251.746	0	0
gene-SALWKB2_RS10530	558	328.755	0	0
gene-SALWKB2_RS10535	231	78.702	0	0
gene-SALWKB2_RS10540	399	193.785	2	1.88476
gene-SALWKB2_RS10545	1167	930.148	2	0.392667
gene-SALWKB2_RS10550	225	75.4231	0	0
gene-SALWKB2_RS12080	174	44.8866	0	0
gene-SALWKB2_RS10555	837	601.102	0	0
gene-SALWKB2_RS10560	1248	1011.15	0	0
gene-SALWKB2_RS10565	1110	873.148	2	0.418301
gene-SALWKB2_RS10570	810	574.277	0	0
gene-SALWKB2_RS10575	459	242.039	0	0
gene-SALWKB2_RS10580	942	705.582	0	0
gene-SALWKB2_RS10585	2181	1944.15	0	0
gene-SALWKB2_RS10590	897	660.786	0	0
gene-SALWKB2_RS10595	996	759.148	0	0
gene-SALWKB2_RS10600	1236	999.148	0	0
gene-SALWKB2_RS10605	747	511.974	0	0
gene-SALWKB2_RS10610	573	343.139	0	0
gene-SALWKB2_RS10615	1044	807.148	0	0
gene-SALWKB2_RS10620	804	568.277	0	0
gene-SALWKB2_RS10625	624	391.496	2	0.932931
gene-SALWKB2_RS10630	852	616.102	0	0
gene-SALWKB2_RS10635	1074	837.148	0	0
gene-SALWKB2_RS10640	1788	1551.15	0	0
gene-SALWKB2_RS10645	1005	768.148	0	0
gene-SALWKB2_RS10650	213	67.9168	0	0
gene-SALWKB2_RS10655	264	99.2773	0	0
gene-SALWKB2_RS10660	330	141.889	0	0
gene-SALWKB2_RS10665	1050	813.148	0	0
gene-SALWKB2_RS10670	1074	837.148	0	0
gene-SALWKB2_RS10675	891	654.786	0	0
gene-SALWKB2_RS10680	579	348.788	0	0
gene-SALWKB2_RS10685	3828	3591.15	0	0
gene-SALWKB2_RS10690	1593	1356.15	1	0.13466
gene-SALWKB2_RS10695	1227	990.148	0	0
gene-SALWKB2_RS10700	636	403.175	0	0
gene-SALWKB2_RS10705	807	571.277	0	0
gene-SALWKB2_RS10710	1575	1338.15	0	0
gene-SALWKB2_RS10715	237	82.3177	0	0
gene-SALWKB2_RS10720	1005	768.148	1	0.23774
gene-SALWKB2_RS10725	1878	1641.15	3	0.333826
gene-SALWKB2_RS10730	471	251.746	0	0
gene-SALWKB2_RS10735	390	187.171	0	0
gene-SALWKB2_RS10740	636	403.175	0	0
gene-SALWKB2_RS10745	564	334.587	1	0.545805
gene-SALWKB2_RS10750	1314	1077.15	0	0
gene-SALWKB2_RS10755	1329	1092.15	1	0.167211
gene-SALWKB2_RS10760	387	184.806	3	2.9645
gene-SALWKB2_RS10765	384	182.393	0	0
gene-SALWKB2_RS10770	987	750.224	4	0.973679
gene-SALWKB2_RS10775	621	388.575	8	3.75978
gene-SALWKB2_RS10780	393	189.447	5	4.81981
gene-SALWKB2_RS10785	363	166.29	8	8.78558
gene-SALWKB2_RS12085	114	19.877	0	0
gene-SALWKB2_RS10790	219	71.7234	2	5.09232
gene-SALWKB2_RS10795	1317	1080.15	6	1.01441
gene-SALWKB2_RS10800	435	222.584	8	6.56362
gene-SALWKB2_RS10805	186	51.5528	3	10.6271
gene-SALWKB2_RS10810	519	293.616	9	5.59769
gene-SALWKB2_RS10815	354	159.705	1	1.14348
gene-SALWKB2_RS10820	534	307.013	8	4.75861
gene-SALWKB2_RS10825	393	189.447	3	2.89188
gene-SALWKB2_RS10830	306	124.664	3	4.39467
gene-SALWKB2_RS10835	540	312.253	6	3.50906
gene-SALWKB2_RS10840	324	137.442	2	2.65741
gene-SALWKB2_RS10845	369	170.944	6	6.40978
gene-SALWKB2_RS10850	264	99.2773	1	1.83949
gene-SALWKB2_RS10855	192	55.1582	0	0
gene-SALWKB2_RS10860	417	208.169	2	1.75453
gene-SALWKB2_RS10865	705	470.425	11	4.2702
gene-SALWKB2_RS10870	330	141.889	2	2.57412
gene-SALWKB2_RS10875	276	106.499	0	0
gene-SALWKB2_RS10880	837	601.102	2	0.607614
gene-SALWKB2_RS10885	321	135.439	1	1.34835
gene-SALWKB2_RS10890	621	388.575	3	1.40992
gene-SALWKB2_RS10895	645	411.887	6	2.66023
gene-SALWKB2_RS10900	885	648.786	0	0
gene-SALWKB2_RS10905	1287	1050.15	2	0.347797
gene-SALWKB2_RS10910	549	320.48	0	0
gene-SALWKB2_RS10915	1662	1425.15	1	0.128141
gene-SALWKB2_RS10920	474	254.347	0	0
gene-SALWKB2_RS10925	1299	1062.15	1	0.171934
gene-SALWKB2_RS10930	339	148.373	0	0
gene-SALWKB2_RS10935	843	607.102	0	0
gene-SALWKB2_RS10940	849	613.102	9	2.68075
gene-SALWKB2_RS10945	1521	1284.15	0	0
gene-SALWKB2_RS10950	837	601.102	0	0
gene-SALWKB2_RS10955	516	290.887	0	0
gene-SALWKB2_RS10960	483	262.155	0	0
gene-SALWKB2_RS10965	579	348.788	0	0
gene-SALWKB2_RS10970	366	168.799	0	0
gene-SALWKB2_RS10975	660	426.634	4	1.71219
gene-SALWKB2_RS10980	537	309.666	3	1.76919
gene-SALWKB2_RS10985	1149	912.148	3	0.600624
gene-SALWKB2_RS10990	1455	1218.15	4	0.599662
gene-SALWKB2_RS10995	1329	1092.15	0	0
gene-SALWKB2_RS11000	2613	2376.15	0	0
rna-SALWKB2_RS11005	77	33.2069	0	0
gene-SALWKB2_RS11010	693	458.704	0	0
gene-SALWKB2_RS11015	501	277.795	0	0
gene-SALWKB2_RS11020	651	417.762	0	0
gene-SALWKB2_RS11025	636	403.175	0	0
gene-SALWKB2_RS11030	609	377.075	0	0
gene-SALWKB2_RS11035	1137	900.148	0	0
gene-SALWKB2_RS11045	621	388.575	0	0
gene-SALWKB2_RS11050	657	423.677	0	0
gene-SALWKB2_RS11055	831	595.102	0	0
gene-SALWKB2_RS11060	1434	1197.15	0	0
gene-SALWKB2_RS11065	894	657.786	0	0
gene-SALWKB2_RS11070	990	753.224	0	0
gene-SALWKB2_RS11075	1701	1464.15	1	0.124727
gene-SALWKB2_RS11080	1842	1605.15	0	0
rna-SALWKB2_RS11775	361	164.856	78	86.4045
gene-SALWKB2_RS11085	543	314.965	0	0
gene-SALWKB2_RS11090	738	503.227	0	0
gene-SALWKB2_RS11095	573	343.139	0	0
gene-SALWKB2_RS11100	1311	1074.15	0	0
gene-SALWKB2_RS11105	1137	900.148	0	0
gene-SALWKB2_RS11110	1785	1548.15	0	0
gene-SALWKB2_RS11115	978	741.224	0	0
gene-SALWKB2_RS11120	861	624.978	0	0
gene-SALWKB2_RS11125	663	429.548	0	0
gene-SALWKB2_RS11130	1296	1059.15	1	0.172421
gene-SALWKB2_RS11135	603	371.341	0	0
gene-SALWKB2_RS11140	915	678.72	4	1.07626
gene-SALWKB2_RS11145	723	488.376	1	0.373931
gene-SALWKB2_RS11150	1413	1176.15	0	0
gene-SALWKB2_RS11155	474	254.347	0	0
gene-SALWKB2_RS11160	465	246.848	0	0
gene-SALWKB2_RS11165	894	657.786	1	0.277627
gene-SALWKB2_RS11170	1422	1185.15	0	0
gene-SALWKB2_RS11175	525	298.977	0	0
gene-SALWKB2_RS11180	1080	843.148	0	0
gene-SALWKB2_RS11185	1728	1491.15	0	0
gene-SALWKB2_RS11190	810	574.277	0	0
gene-SALWKB2_RS11195	1476	1239.15	0	0
gene-SALWKB2_RS11200	756	520.871	0	0
gene-SALWKB2_RS11205	1092	855.148	0	0
gene-SALWKB2_RS11210	822	586.162	1	0.311551
gene-SALWKB2_RS11215	1239	1002.15	0	0
gene-SALWKB2_RS11220	867	630.915	0	0
gene-SALWKB2_RS11225	4245	4008.15	0	0
gene-SALWKB2_RS11230	609	377.075	0	0
gene-SALWKB2_RS11755	1827	1590.15	0	0
gene-SALWKB2_RS11240	1710	1473.15	0	0
gene-SALWKB2_RS11245	1782	1545.15	0	0
gene-SALWKB2_RS11250	1479	1242.15	0	0
gene-SALWKB2_RS11255	1035	798.148	1	0.228804
gene-SALWKB2_RS11265	1452	1215.15	0	0
gene-SALWKB2_RS11270	597	365.527	1	0.499605
gene-SALWKB2_RS11280	195	56.8308	0	0
gene-SALWKB2_RS11290	528	301.637	0	0
gene-SALWKB2_RS11295	2100	1863.15	1	0.0980165
gene-SALWKB2_RS11300	1707	1470.15	1	0.124218
gene-SALWKB2_RS11305	1113	876.148	0	0
gene-SALWKB2_RS11310	534	307.013	2	1.18965
gene-SALWKB2_RS11315	1296	1059.15	2	0.344842
gene-SALWKB2_RS11320	615	382.808	0	0
gene-SALWKB2_RS11325	552	323.12	0	0
gene-SALWKB2_RS11330	582	351.575	0	0
gene-SALWKB2_RS11335	714	479.425	3	1.14274
gene-SALWKB2_RS11340	447	232.186	0	0
gene-SALWKB2_RS11345	753	517.871	0	0
gene-SALWKB2_RS11350	801	565.277	1	0.323061
gene-SALWKB2_RS11355	891	654.786	0	0
gene-SALWKB2_RS11360	660	426.634	0	0
gene-SALWKB2_RS11365	891	654.786	0	0
gene-SALWKB2_RS11760	408	201.092	0	0
gene-SALWKB2_RS11375	414	205.808	0	0
gene-SALWKB2_RS11765	411	203.419	0	0
gene-SALWKB2_RS11385	444	229.732	0	0
gene-SALWKB2_RS11770	411	203.419	0	0
gene-SALWKB2_RS11395	444	229.732	0	0
gene-SALWKB2_RS11400	861	624.978	0	0
gene-SALWKB2_RS12230	495	272.68	0	0
gene-SALWKB2_RS11410	2274	2037.15	4	0.358578
gene-SALWKB2_RS11415	933	696.652	2	0.524277
gene-SALWKB2_RS11420	2220	1983.15	0	0
gene-SALWKB2_RS11425	420	210.479	0	0
gene-SALWKB2_RS11430	1113	876.148	2	0.416868
gene-SALWKB2_RS11435	1890	1653.15	0	0
gene-SALWKB2_RS11440	228	77.1541	0	0
gene-SALWKB2_RS11445	780	544.553	0	0
gene-SALWKB2_RS11450	570	340.278	0	0
gene-SALWKB2_RS11455	774	538.607	0	0
gene-SALWKB2_RS11460	1206	969.148	0	0
gene-SALWKB2_RS11465	867	630.915	0	0
gene-SALWKB2_RS11470	10662	10425.1	25.567	0.447861
gene-SALWKB2_RS11475	360	164.089	0	0
gene-SALWKB2_RS11480	918	681.652	0	0
NM_001010975.1	1251	1014.15	466	83.9134
NM_001011562.1	863	626.978	2	0.582538
NM_001011563.1	2084	1847.15	122	12.0616
NM_001011564.2	1326	1089.15	26	4.35946
NM_001011565.1	3023	2786.15	16.1767	1.06031
NM_001011566.1	1503	1266.15	0	0
NM_001011567.1	4030	3793.15	0	0
NM_001011568.1	2077	1840.15	1.20446	0.119533
NM_001011570.1	582	351.575	218	113.236
NM_001011571.1	2093	1856.15	10.8265	1.06518
NM_001011572.1	2346	2109.15	1449	125.461
NM_001011573.1	3160	2923.15	0	0
NM_001011574.1	1940	1703.15	40	4.28898
NM_001011575.1	2163	1926.15	0	0
NM_001011576.1	1195	958.148	12	2.28715
NM_001011577.1	2389	2152.15	63.7224	5.40713
NM_001011578.1	5441	5204.15	675	23.6865
NM_001011579.1	1430	1193.15	4	0.612227
NM_001011580.1	1544	1307.15	3	0.419124
NM_001011581.1	2439	2202.15	4.79419	0.397572
NM_001011582.1	356	161.266	2	2.26482
NM_001011583.2	635	402.216	10777	4893.11
NM_001011584.1	1606	1369.15	0	0
NM_001011585.1	1638	1401.15	6.42437	0.837323
NM_001011586.1	2205	1968.15	0	0
NM_001011587.1	496	273.566	0	0
NM_001011588.1	724	489.327	1	0.373205
NM_001011589.1	624	391.496	81	37.7837
NM_001011590.1	574	344.104	1	0.530709
NM_001011591.1	584	353.218	0	0
NM_001011592.1	1590	1353.15	138.204	18.6519
NM_001011593.1	548	319.545	1	0.571497
NM_001011594.1	4195	3958.15	3.48513	0.160795
NM_001011595.1	2818	2581.15	4	0.283005
NM_001011596.1	4100	3863.15	12.6312	0.597105
NM_001011597.1	2673	2436.15	1	0.0749623
NM_001011598.1	1624	1387.15	548	72.1447
NM_001011599.1	1942	1705.15	1	0.107099
NM_001011600.1	2052	1815.15	3	0.301825
NM_001011601.1	1830	1593.15	2	0.229256
NM_001011602.1	2795	2558.15	35	2.49855
NM_001011603.1	1683	1446.15	121.526	15.3463
NM_001011604.3	685	450.886	126.178	51.1049
NM_001011605.1	1448	1211.15	11	1.6586
NM_001011606.1	1757	1520.15	1	0.120133
NM_001011607.2	381	179.973	494	501.262
NM_001011608.1	1873	1636.15	25	2.79038
NM_001011610.1	1612	1375.15	0	0
NM_001011611.2	369	170.944	1	1.0683
NM_001011612.1	304	123.215	1	1.48212
NM_001011613.1	710	475.425	5717	2196
NM_001011614.1	688	453.75	7	2.81726
NM_001011615.1	664	430.548	54	22.9044
NM_001011616.2	680	445.977	35	14.3319
NM_001011617.1	374	174.897	4396	4590.09
NM_001011618.1	523	297.191	1	0.614484
NM_001011619.1	1559	1322.15	0	0
NM_001011620.1	957	720.37	0	0
NM_001011621.1	3254	3017.15	0	0
NM_001011622.1	1529	1292.15	0	0
NM_001011623.1	3376	3139.15	0	0
NM_001011624.1	4969	4732.15	4.10293	0.158337
NM_001011625.2	1940	1703.15	4	0.428898
NM_001011626.2	755	519.871	606.314	212.985
NM_001011627.1	2520	2283.15	6	0.479914
NM_001011628.2	1386	1149.15	0	0
NM_001011629.1	14440	14203.1	1606.25	20.6527
NM_001011630.1	630	397.376	146.723	67.4285
NM_001011631.1	1741	1504.15	1.84526	0.224034
NM_001011632.2	2009	1772.15	4.20594e-05	4.33421e-06
NM_001011633.1	1533	1296.15	3.27489	0.461411
NM_001011634.2	3754	3517.15	1.1904	0.0618085
NM_001011635.1	1447	1210.15	4	0.603626
NM_001011636.1	570	340.278	95	50.9843
NM_001011637.1	1369	1132.15	0	0
NM_001011638.1	584	353.218	0	0
NM_001011639.2	1806	1569.15	0	0
NM_001011640.1	991	754.224	587	142.13
NM_001011641.1	970	733.297	17.7746	4.42655
NM_001011643.1	2378	2141.15	1	0.0852903
NM_001011644.2	1200	963.148	0	0
NM_001011650.1	2242	2005.15	0	0
NM_001011652.2	969	732.297	3	0.748135
NM_001011653.2	898	661.72	0	0
NM_001011654.2	749	513.922	52	18.4779
NM_001012429.1	672	438.199	134.641	56.1114
NM_001012615.1	1097	860.148	6	1.27387
NM_001012627.1	3153	2916.15	0	0
NM_001012962.1	3606	3369.15	4	0.216814
NM_001012963.1	502	278.68	0	0
NM_001013006.1	2991	2754.15	3.15505	0.209202
NM_001013359.2	1964	1727.15	35.8259	3.78803
NM_001013361.1	4113	3876.15	49	2.30857
NM_001014429.1	1427	1190.15	19	2.91541
NM_001014430.1	438	224.858	0	0
NM_001014983.1	3250	3013.15	1	0.0606074
NM_001014991.1	7242	7005.15	20.6068	0.537204
NM_001014992.2	2498	2261.15	23.5748	1.904
NM_001014993.1	1386	1149.15	0	0
NM_001014994.1	1892	1655.15	37.0383	4.08658
NM_001024697.1	1793	1556.15	112	13.1436
NM_001032361.1	3585	3348.15	0	0
NM_001037318.2	2515	2278.15	0	0
NM_001039968.1	1349	1112.15	4.22619	0.693957
NM_001040203.1	644	411.011	1	0.444317
NM_001040204.1	793	557.333	4.29705	1.408
NM_001040205.1	698	463.566	11	4.33339
NM_001040206.1	682	447.977	164	66.8551
NM_001040207.1	1179	942.148	248	48.0705
NM_001040208.1	582	351.575	68	35.3214
NM_001040209.1	588	357.074	63.4066	32.4282
NM_001040220.1	483	262.155	0	0
NM_001040221.1	459	242.039	0	0
NM_001040223.1	555	325.955	23	12.886
NM_001040224.1	399	193.785	0	0
NM_001040225.1	407	200.159	0.921444	0.840698
NM_001040226.1	432	220.183	2	1.65879
NM_001040227.1	724	489.327	78	29.11
NM_001040229.1	453	236.93	0	0
NM_001040230.1	13107	12870.1	24.0338	0.341024
NM_001040231.1	363	166.29	0	0
NM_001040233.1	1647	1410.15	3738.28	484.121
NM_001040234.1	1500	1263.15	19.5669	2.82888
NM_001040235.2	6077	5840.15	0	0
NM_001040236.1	1767	1530.15	3697	441.227
NM_001040237.1	5107	4870.15	36.9786	1.38661
NM_001040255.1	1893	1656.15	0	0
NM_001040256.1	767	531.607	0	0
NM_001040257.1	1554	1317.15	6.76276	0.937639
NM_001040258.1	1250	1013.15	440.024	79.314
NM_001040259.1	1743	1506.15	6015	729.314
NM_001040262.2	438	224.858	0	0
NM_001040263.1	1550	1313.15	2	0.27814
NM_001040264.1	1600	1363.15	2	0.267937
NM_001040265.1	1689	1452.15	1.87922	0.236327
NM_001040266.2	1599	1362.15	0	0
NM_001040267.1	1895	1658.15	25.7317	2.83395
NM_001040269.1	1397	1160.15	0	0
NM_001040270.1	509	284.718	1	0.641404
NM_001040277.1	2150	1913.15	1.26807	0.121044
NM_001040681.1	2499	2262.15	2	0.161456
NM_001042458.1	1737	1500.15	37.7153	4.59124
NM_001042460.1	1794	1557.15	4.84636	0.568371
NM_001077808.1	5328	5091.15	2.71152	0.097262
NM_001077809.1	1344	1107.15	0	0
NM_001077810.1	354	159.705	46	52.5999
NM_001077811.1	1287	1050.15	0	0
NM_001077812.1	1470	1233.15	0	0
NM_001077813.1	3226	2989.15	0	0
NM_001077814.1	387	184.806	7.3532	7.26619
NM_001077815.1	1855	1618.15	0	0
NM_001077816.1	1530	1293.15	0	0
NM_001077817.1	1194	957.148	1	0.190795
NM_001077818.1	1707	1470.15	0	0
NM_001077819.1	378	177.878	6.88918	7.0728
NM_001077820.1	351	157.502	79	91.5983
NM_001077821.1	4097	3860.15	0	0
NM_001077822.1	1533	1296.15	0	0
NM_001077823.2	516	290.887	60.6065	38.0488
NM_001077824.1	1842	1605.15	0	0
NM_001077825.1	1158	921.148	0	0
NM_001078661.1	315	131.376	0	0
NM_001079560.1	1607	1370.15	0	0
NM_001079561.1	1701	1464.15	0	0
NM_001080094.2	2123	1886.15	5	0.484106
NM_001080095.1	1590	1353.15	2	0.269918
NM_001080110.1	2703	2466.15	176.419	13.0639
NM_001080205.1	2713	2476.15	22	1.62253
NM_001083630.1	1713	1476.15	1.67512	0.207235
NM_001085344.1	515	290.037	3	1.88892
NM_001085345.1	1491	1254.15	5	0.728061
NM_001085346.1	509	284.718	156.752	100.541
NM_001097154.2	1766	1529.15	62	7.40438
NM_001098167.1	767	531.607	56.6857	19.4729
NM_001098214.1	1863	1626.15	0	0
NM_001098215.2	2635	2398.15	17.8223	1.35717
NM_001098217.1	2187	1950.15	0	0
NM_001098218.1	2148	1911.15	4	0.382219
NM_001098219.1	2139	1902.15	0	0
NM_001098220.1	1806	1569.15	0	0
NM_001098221.1	1763	1526.15	0	0
NM_001098223.1	1436	1199.15	1	0.152291
NM_001098224.2	1333	1096.15	23	3.83182
NM_001098228.1	1286	1049.15	2.51565	0.437885
NM_001098229.1	1284	1047.15	36	6.27828
NM_001098232.1	1146	909.148	0	0
NM_001098234.1	462	244.394	17.9389	13.4045
NM_001098717.1	2199	1962.15	1	0.0930711
NM_001101023.1	3033	2796.15	14.5264	0.948737
NM_001104949.1	3122	2885.15	8.77267	0.555278
NM_001110712.2	754	518.871	22	7.74301
NM_001110764.1	2606	2369.15	266	20.5039
NM_001111255.1	2504	2267.15	0.000994601	8.01153e-05
NM_001112670.1	3330	3093.15	62.9541	3.7168
NM_001112671.1	3001	2764.15	129.684	8.56782
NM_001112672.2	1701	1464.15	1.8134	0.226181
NM_001113285.1	2779	2542.15	0	0
NM_001113739.1	1509	1272.15	50.6552	7.27165
NM_001114188.1	1950	1713.15	0	0
NM_001114198.1	730	495.278	453.956	167.383
NM_001115078.1	2659	2422.15	17.4907	1.31872
NM_001123013.2	6157	5920.15	0	0
NM_001126243.2	2949	2712.15	67.9517	4.57545
NM_001126244.1	1674	1437.15	0	0
NM_001131037.1	1164	927.148	10.2023	2.00954
NM_001131038.1	2722	2485.15	11	0.808327
NM_001134227.1	1704	1467.15	73.8227	9.18887
NM_001134333.1	282	110.248	0	0
NM_001134371.1	591	359.748	4	2.03053
NM_001134668.1	2541	2304.15	47	3.72507
NM_001134669.1	584	353.218	0	0
NM_001134722.1	105	18.7868	0	0
NM_001134828.1	1495	1258.15	57	8.27351
NM_001134934.1	3281	3044.15	0	0
NM_001134935.1	2337	2100.15	8.31679	0.72319
NM_001134936.1	1992	1755.15	53.6493	5.58209
NM_001134940.1	1464	1227.15	0	0
NM_001134942.1	1621	1384.15	8	1.05549
NM_001134943.1	1434	1197.15	0	0
NM_001134947.1	1760	1523.15	21	2.51781
NM_001134948.1	3181	2944.15	35.8776	2.22541
NM_001134949.1	3346	3109.15	77.1056	4.52888
NM_001134950.1	2295	2058.15	20.1671	1.78942
NM_001135735.1	1032	795.148	134	30.7754
NM_001135905.1	488	266.52	141	96.6132
NM_001135909.1	320	134.61	271	367.654
NM_001136187.1	614	381.808	77	36.8292
NM_001136206.1	1002	765.148	0	0
NM_001136207.1	930	693.652	0	0
NM_001136208.1	1008	771.148	0	0
NM_001136209.1	1029	792.148	4	0.922147
NM_001141964.1	2248	2011.15	154	13.9837
NM_001142436.1	1295	1058.15	34	5.86785
NM_001142461.1	824	588.162	6	1.86295
NM_001142561.1	1943	1706.15	6.79115	0.726898
NM_001142607.1	642	409.052	1	0.446444
NM_001142609.1	1671	1434.15	29.3042	3.7315
NM_001142637.1	999	762.148	2	0.479223
NM_001142656.2	710	475.425	1	0.384118
NM_001142693.1	1386	1149.15	0	0
NM_001143878.1	1377	1140.15	0	0
NM_001143879.1	1428	1191.15	0	0
NM_001143880.1	1470	1233.15	0	0
NM_001143921.1	2102	1865.15	14.9917	1.46785
NM_001144839.2	596	364.638	135.652	67.9376
NM_001145735.2	1347	1110.15	1.59823	0.262909
NM_001145736.1	2424	2187.15	3.58179	0.299067
NM_001145737.1	2433	2196.15	0	0
NM_001145738.1	2787	2550.15	0	0
NM_001145739.1	2553	2316.15	2	0.157692
NM_001145740.1	3633	3396.15	5	0.268862
NM_001159303.1	1404	1167.15	8.26274	1.29284
NM_001159355.1	2782	2545.15	172.646	12.3877
NM_001160048.1	2747	2510.15	331	24.081
NM_001160050.1	2417	2180.15	1156	96.8319
NM_001160052.1	2920	2683.15	162	11.026
NM_001160064.1	2844	2607.15	576	40.3463
NM_001160072.1	2237	2000.15	553	50.4905
NM_001160270.1	698	463.566	65.1668	25.6721
NM_001160405.2	2980	2743.15	66.0264	4.39557
NM_001161709.2	856	620.102	6	1.76699
NM_001161787.1	927	690.652	100	26.4416
NM_001161788.1	843	607.102	0	0
NM_001161831.1	683	448.977	34	13.8293
NM_001162398.1	165	40.5458	17	76.5684
NM_001162513.1	4073	3836.15	2.02499	0.0963994
NM_001162516.1	1758	1521.15	0	0
NM_001163463.1	481	260.402	18	12.6234
NM_001163712.1	1155	918.148	3.40776e-05	6.77802e-06
NM_001163714.1	1566	1329.15	262.887	36.1195
NM_001163715.1	854	618.102	37	10.9317
NM_001163716.1	900	663.72	16	4.40232
NM_001163717.1	2152	1915.15	1.82918	0.174421
NM_001164008.1	2209	1972.15	37	3.42617
NM_001164809.1	503	279.622	12	7.83712
NM_001164810.1	871	634.915	26	7.47832
NM_001165904.1	5715	5478.15	2	0.0666719
NM_001165905.1	6135	5898.15	0	0
NM_001165906.1	3754	3517.15	41.847	2.1728
NM_001167709.1	732	497.278	3	1.10171
NM_001167720.1	599	367.49	2.01933	1.00348
NM_001167836.1	1455	1218.15	2	0.299831
NM_001167893.1	1135	898.148	0	0
NM_001168336.1	1053	816.148	8	1.79006
NM_001168425.1	1144	907.148	16	3.22098
NM_001168700.1	993	756.224	4.24543	1.02522
NM_001170972.1	1128	891.148	6	1.22955
NM_001170973.1	1131	894.148	955	195.048
NM_001170974.1	1454	1217.15	267.19	40.0888
NM_001171006.1	3549	3312.15	0	0
NM_001171051.1	4101	3864.15	0	0
NM_001171108.1	1209	972.148	0	0
NM_001171169.1	1520	1283.15	44.6814	6.35912
NM_001172378.1	1201	964.148	30	5.6823
NM_001172379.1	1114	877.148	25	5.20492
NM_001172389.1	1026	789.148	12	2.77696
NM_001172403.1	1330	1093.15	48	8.01879
NM_001172404.1	2427	2190.15	41.2141	3.43652
NM_001172405.1	228	77.1541	0	0
NM_001172406.1	908	671.72	11	2.99055
NM_001172718.1	2641	2404.15	33.3205	2.53103
NM_001174139.1	720	485.425	0	0
NM_001174140.1	599	367.49	0	0
NM_001174141.1	1037	800.148	1	0.228232
NM_001174142.1	773	537.607	0	0
NM_001174143.1	884	647.786	840	236.807
NM_001174144.1	534	307.013	1	0.594826
NM_001174145.1	871	634.915	0	0
NM_001177490.1	1091	854.148	61	13.042
NM_001177903.1	404	197.757	0	0
NM_001178021.1	842	606.102	675.409	203.501
NM_001178022.1	816	580.22	0	0
NM_001178023.1	1095	858.148	0	0
NM_001178024.1	1194	957.148	20	3.8159
NM_001178025.1	2265	2028.15	1.31264	0.118193
NM_001178026.1	2037	1800.15	256.403	26.0113
NM_001178027.1	830	594.102	292	89.7569
NM_001178028.1	1029	792.148	3.78551	0.872699
NM_001178047.1	1538	1301.15	16	2.24564
NM_001178048.1	1331	1094.15	12	2.00287
NM_001178067.1	626	393.456	6	2.78485
NM_001178069.1	1627	1390.15	4.42527	0.581333
NM_001185079.1	3029	2792.15	16	1.04647
NM_001185086.1	3029	2792.15	16	1.04647
NM_001185105.1	3075	2838.15	73.8214	4.75
NM_001185144.1	565	335.553	638	347.221
NM_001185145.1	1666	1429.15	350.089	44.7351
NM_001185146.1	1648	1411.15	782.911	101.318
NM_001190421.1	2277	2040.15	0	0
NM_001190814.1	460	242.833	31	23.3131
NM_001190920.1	1626	1389.15	0	0
NM_001190921.1	1401	1164.15	0	0
NM_001191048.2	6581	6344.15	324.628	9.34457
NM_001193290.1	1551	1314.15	0.0887203	0.0123289
NM_001202460.1	1962	1725.15	0	0
NM_001204249.1	2202	1965.15	0.357465	0.0332188
NM_001204751.1	3810	3573.15	43.5329	2.22491
NM_001205062.1	1790	1553.15	1095.39	128.797
NM_001205223.1	2006	1769.15	20	2.06449
NM_001206466.1	2688	2451.15	8.5	0.63328
NM_001206467.1	2688	2451.15	8.5	0.63328
NM_001206969.1	2536	2299.15	7	0.556004
NM_001206970.1	1154	917.148	1	0.199116
NM_001206973.1	2299	2062.15	60.9433	5.397
NM_001214904.1	3024	2787.15	0	0
NM_001220486.1	2644	2407.15	28	2.12423
NM_001220487.1	2747	2510.15	2	0.145505
NM_001242386.1	3284	3047.15	11	0.659243
NM_001242387.1	7402	7165.15	301.192	7.67653
NM_001242431.1	1343	1106.15	21	3.46699
NM_001242432.1	2433	2196.15	41.4533	3.44702
NM_001242433.1	2514	2277.15	97	7.77906
NM_001242434.1	1729	1492.15	12	1.46864
NM_001242435.1	3041	2804.15	4.04639	0.26352
NM_001242436.1	2828	2591.15	63.4313	4.47052
NM_001242437.1	2866	2629.15	0	0
NM_001242440.1	1971	1734.15	6.5	0.6845
NM_001242441.1	1971	1734.15	6.5	0.6845
NM_001242456.1	2803	2566.15	6	0.426988
NM_001242457.1	535	307.95	15.038	8.91775
NM_001242458.1	3602	3365.15	117	6.34933
NM_001242465.1	1635	1398.15	46.524	6.07673
NM_001242467.1	1154	917.148	19	3.78321
NM_001242468.1	2560	2323.15	3.9999	0.314426
NM_001242469.1	571	341.278	222.826	119.235
NM_001242470.1	1756	1519.15	14.5583	1.75007
NM_001242513.1	1263	1026.15	62	11.0339
NM_001242514.1	1790	1553.15	92	10.8174
NM_001242515.1	3238	3001.15	45.3461	2.7593
NM_001242516.1	3351	3114.15	8.03825	0.471378
NM_001242517.1	2333	2096.15	9.2714	0.807737
NM_001242518.1	5170	4933.15	61.9871	2.29469
NM_001242519.1	1741	1504.15	108.596	13.1847
NM_001242520.1	1212	975.148	16	2.99637
NM_001242522.1	2268	2031.15	26	2.33764
NM_001242523.1	2658	2421.15	7.24861	0.546739
NM_001242526.1	2334	2097.15	3	0.261239
NM_001242527.1	1268	1031.15	16	2.83365
NM_001242542.1	1798	1561.15	10	1.16978
NM_001242544.1	937	700.582	193	50.3089
NM_001242554.1	1848	1611.15	13	1.47351
NM_001242555.1	2075	1838.15	0	0
NM_001242556.1	1877	1640.15	8.10809	0.90278
NM_001242557.1	1847	1610.15	0	0
NM_001242574.1	10144	9907.15	74.9577	1.3817
NM_001242576.1	2969	2732.15	0	0
NM_001242577.1	1283	1046.15	23	4.01496
NM_001242578.1	1330	1093.15	0	0
NM_001242579.1	1701	1464.15	7.68586	0.958636
NM_001242656.1	1337	1100.15	442.238	73.4094
NM_001242657.1	1242	1005.15	24.7615	4.49877
NM_001242958.1	1544	1307.15	0	0
NM_001242959.1	1418	1181.15	0	0
NM_001242960.1	1536	1299.15	0	0
NM_001242961.1	1364	1127.15	0	0
NM_001242962.1	1569	1332.15	0	0
NM_001242963.1	1352	1115.15	0	0
NM_001242964.1	1388	1151.15	0	0
NM_001242965.1	1354	1117.15	0	0
NM_001242966.1	1269	1032.15	0	0
NM_001242967.1	1354	1117.15	0	0
NM_001242968.1	1396	1159.15	0	0
NM_001242969.1	1242	1005.15	0	0
NM_001242970.1	1355	1118.15	2	0.326646
NM_001242971.1	1446	1209.15	0	0
NM_001242972.1	1221	984.148	0	0
NM_001242973.1	1221	984.148	0	0
NM_001242975.1	1227	990.148	1	0.184436
NM_001242976.1	1231	994.148	0	0
NM_001242977.1	1221	984.148	0	0
NM_001242978.1	1239	1002.15	0	0
NM_001242980.1	1227	990.148	0	0
NM_001242981.1	1224	987.148	0	0
NM_001242982.1	1230	993.148	0	0
NM_001242983.1	5482	5245.15	0	0
NM_001242984.1	1194	957.148	0	0
NM_001242985.1	1293	1056.15	0	0
NM_001242986.1	1226	989.148	0	0
NM_001242987.1	1176	939.148	0	0
NM_001242988.1	1174	937.148	0	0
NM_001242989.1	1203	966.148	0	0
NM_001242990.1	1092	855.148	0	0
NM_001242991.1	1092	855.148	0	0
NM_001242993.1	1574	1337.15	0	0
NM_001242994.1	1611	1374.15	0	0
NM_001242997.1	1195	958.148	1	0.190596
NM_001242998.1	1492	1255.15	0	0
NM_001242999.1	2663	2426.15	0	0
NM_001246251.2	2460	2223.15	0	0
NM_001246667.1	5073	4836.15	42.3834	1.60045
NM_001252019.1	6272	6035.15	25	0.756482
NM_001252424.1	1575	1338.15	0.490697	0.0669663
NM_001252426.1	1941	1704.15	1	0.107162
NM_001252428.1	1113	876.148	2.64043	0.550356
NM_001252430.1	1077	840.148	11.3325	2.46329
NM_001252432.1	1008	771.148	0	0
NM_001256032.1	3561	3324.15	10.3582	0.569051
NM_001256034.1	7969	7732.15	83.7735	1.97858
NM_001256035.1	4018	3781.15	18.2664	0.882218
NM_001256037.1	10767	10530.1	199.056	3.45213
NM_001256038.1	2047	1810.15	6	0.605318
NM_001256039.1	6033	5796.15	1.89784	0.0597951
NM_001256040.1	10114	9877.15	39.2181	0.725106
NM_001265585.1	1302	1065.15	0	0
NM_001270813.1	928	691.652	133	35.1164
NM_001270814.1	496	273.566	83	55.4067
NM_001270815.1	989	752.224	0	0
NM_001270817.1	773	537.607	0	0
NM_001270818.1	980	743.224	5	1.22856
NM_001270819.1	1615	1378.15	2	0.265021
NM_001270820.1	885	648.786	1	0.281478
NM_001270821.1	1558	1321.15	0	0
NM_001270822.1	1840	1603.15	6	0.683477
NM_001270823.1	804	568.277	0	0
NM_001270824.1	462	244.394	0	0
NM_001270825.1	865	628.915	0	0
NM_001270826.1	1183	946.148	0	0
NM_001270827.1	1201	964.148	5	0.94705
NM_001270828.1	976	739.224	0	0
NM_001270829.1	1181	944.148	1	0.193422
NM_001270830.1	1123	886.148	46	9.47978
NM_001270831.1	750	514.922	2	0.709308
NM_001270832.1	765	529.66	4	1.37914
NM_001270833.1	606	374.341	0	0
NM_001276427.1	1431	1194.15	0	0
NM_001277299.1	5618	5381.15	36	1.22173
NM_001277300.1	1954	1717.15	19	2.02066
NM_001277301.1	7263	7026.15	67	1.74142
NM_001278325.1	2201	1964.15	17.1429	1.59388
NM_001278326.1	3007	2770.15	8.85413	0.583699
NM_001278327.1	2360	2123.15	0	0
NM_001278328.1	1954	1717.15	18.8634	2.00613
NM_001278329.1	3778	3541.15	19.9647	1.02959
NM_001278330.1	3672	3435.15	33	1.75434
NM_001278331.1	6994	6757.15	23.1675	0.626127
NM_001278332.1	505	281.158	2	1.29905
NM_001278333.1	1754	1517.15	102.392	12.3249
NM_001278334.1	2023	1786.15	0	0
NM_001278335.1	6666	6429.15	31.7949	0.90313
NM_001278336.1	2762	2525.15	0	0
NM_001278338.1	2410	2173.15	1.00757	0.0846704
NM_001278679.1	2847	2610.15	14	0.979511
NM_001278680.1	597	365.527	0	0
NM_001278681.1	3437	3200.15	131.821	7.5225
NM_001278705.1	1379	1142.15	1	0.159891
NM_001278706.1	1900	1663.15	2	0.219607
NM_001278707.1	2937	2700.15	34	2.29952
NM_001289441.1	1284	1047.15	0	0
NM_001305884.1	1870	1633.15	1.53163	0.171267
NM_001314079.1	804	568.277	0	0
NM_001318482.1	1108	871.148	487	102.09
NM_001319268.1	3782	3545.15	5.50607	0.283631
NM_001319269.1	1239	1002.15	13	2.36896
NM_001327947.1	1647	1410.15	216	27.9728
NM_001327948.1	1386	1149.15	0	0
NM_001327949.1	1341	1104.15	0	0
NM_001327950.1	1122	885.148	0	0
NM_001327951.1	6015	5778.15	29.3071	0.926256
NM_001327952.1	717	482.425	0	0
NM_001327953.1	813	577.22	1	0.316377
NM_001327954.1	3759	3522.15	0	0
NM_001327955.1	1266	1029.15	0	0
NM_001327956.1	1071	834.148	0	0
NM_001327957.1	3925	3688.15	3.97428	0.196787
NM_001327958.1	8386	8149.15	16.8031	0.376551
NM_001327959.1	1104	867.148	0	0
NM_001327960.1	1167	930.148	0	0
NM_001327961.1	1341	1104.15	3	0.496181
NM_001327962.1	891	654.786	0	0
NM_001327963.1	1296	1059.15	7.26057	1.25187
NM_001327964.1	4404	4167.15	3.51286	0.153946
NM_001327965.1	708	473.425	0	0
NM_001327966.1	1530	1293.15	0	0
NM_001327967.1	1253	1016.15	2	0.359434
NM_001331117.1	4739	4502.15	19	0.770691
NM_001365139.1	2513	2276.15	354	28.402
NM_001365140.1	1705	1468.15	9	1.11949
NM_001365199.1	1951	1714.15	96	10.2275
NM_001365200.1	1764	1527.15	26	3.10913
NR_003565.1	7091	6854.15	0	0
NR_003566.1	6861	6624.15	2372	65.393
NR_003567.1	17525	17288.1	4	0.042253
NR_024131.1	3359	3122.15	39.2584	2.29628
NR_031508.1	87	26.0237	0	0
NR_031509.1	83	28.4036	0	0
NR_031510.1	77	33.2069	0	0
NR_031511.1	107	18.9797	0	0
NR_031512.1	89	24.3347	0	0
NR_031513.1	92	22.2248	0	0
NR_031514.1	85	27.0319	0	0
NR_031515.1	102	19.1939	0	0
NR_031516.1	91	22.7832	0	0
NR_031517.1	84	27.3408	0	0
NR_031518.1	84	27.3408	0	0
NR_031519.1	92	22.2248	0	0
NR_031520.1	103	19.0667	0	0
NR_031521.1	92	22.2248	0	0
NR_031522.1	89	24.3347	0	0
NR_031523.1	84	27.3408	0	0
NR_031524.1	90	23.2463	0	0
NR_031525.1	82	28.9745	0	0
NR_031526.1	90	23.2463	0	0
NR_031527.1	87	26.0237	0	0
NR_031528.1	85	27.0319	1	6.75569
NR_031529.1	87	26.0237	1	7.01742
NR_031530.1	92	22.2248	0	0
NR_031531.1	85	27.0319	0	0
NR_034280.1	83	28.4036	2	12.8589
NR_034281.1	100	19.8236	0	0
NR_034282.1	100	19.8236	0	0
NR_034283.1	100	19.8236	1	9.21219
NR_034284.1	100	19.8236	0	0
NR_034285.1	100	19.8236	2	18.4244
NR_034286.1	100	19.8236	3	27.6366
NR_034287.1	100	19.8236	7	64.4853
NR_034288.1	100	19.8236	0	0
NR_034289.1	100	19.8236	0	0
NR_034290.1	100	19.8236	0	0
NR_034291.1	100	19.8236	0	0
NR_034292.1	100	19.8236	0	0
NR_034293.1	100	19.8236	0	0
NR_034294.1	100	19.8236	0	0
NR_034295.1	100	19.8236	0	0
NR_034296.1	100	19.8236	0	0
NR_034297.1	100	19.8236	0	0
NR_034298.1	100	19.8236	0	0
NR_034299.1	100	19.8236	1	9.21219
NR_034300.1	100	19.8236	0	0
NR_034301.1	100	19.8236	0	0
NR_034302.1	100	19.8236	0	0
NR_034303.1	100	19.8236	0	0
NR_034304.1	100	19.8236	0	0
NR_034305.1	100	19.8236	0	0
NR_034306.1	100	19.8236	0	0
NR_034307.1	79	31.1212	0	0
NR_034308.1	91	22.7832	0	0
NR_034309.1	91	22.7832	0	0
NR_034310.1	94	20.6055	0	0
NR_034312.1	85	27.0319	0	0
NR_034313.1	91	22.7832	0	0
NR_034314.1	62	30.9231	0	0
NR_034315.1	94	20.6055	0	0
NR_034316.1	89	24.3347	0	0
NR_034317.1	89	24.3347	0	0
NR_039428.1	108	19.1937	0	0
NR_039429.1	138	27.6749	1	6.59872
NR_039430.1	119	20.7774	0	0
NR_039431.1	133	25.5915	0	0
NR_039432.1	107	18.9797	0	0
NR_039433.1	93	21.4895	0	0
NR_039434.1	88	25.2965	0	0
NR_039435.1	115	20.258	0	0
NR_039437.1	67	31.9438	0	0
NR_039438.1	101	19.2661	1	9.4788
NR_039439.1	115	20.258	0	0
NR_039440.1	90	23.2463	0	0
NR_039441.1	126	22.9065	0	0
NR_039442.1	140	28.6062	0	0
NR_039443.1	137	27.317	0	0
NR_039444.1	108	19.1937	0	0
NR_039445.1	112	19.5325	1	9.34949
NR_039446.1	129	24.0373	0	0
NR_039447.1	87	26.0237	0	0
NR_039448.1	111	19.2054	0	0
NR_039449.1	136	26.7791	0	0
NR_039450.1	120	21.1455	0	0
NR_039451.1	129	24.0373	0	0
NR_039452.1	80	30.7681	0	0
NR_039453.1	135	26.4765	0	0
NR_039454.1	92	22.2248	6937	57000.8
NR_039457.1	121	21.4926	0	0
NR_039458.1	140	28.6062	19	121.294
NR_039460.1	135	26.4765	0	0
NR_039461.1	125	22.6619	0	0
NR_039462.1	88	25.2965	0	0
NR_039463.1	108	19.1937	0	0
NR_039464.1	127	23.1549	0	0
NR_039465.1	93	21.4895	0	0
NR_039466.1	105	18.7868	1	9.7206
NR_039467.1	69	32.5591	0	0
NR_039468.1	96	19.7281	1	9.25679
NR_039469.1	86	26.6667	0	0
NR_039470.1	122	21.7923	0	0
NR_039471.1	129	24.0373	0	0
NR_039472.1	126	22.9065	0	0
NR_039473.1	97	20.1399	0	0
NR_039474.1	125	22.6619	0	0
NR_039476.1	103	19.0667	0	0
NR_039477.1	87	26.0237	0	0
NR_039478.1	114	19.877	0	0
NR_039479.1	110	19.0347	0	0
NR_039480.1	135	26.4765	0	0
NR_039481.1	118	20.5765	0	0
NR_039483.1	91	22.7832	1	8.01551
NR_039484.1	126	22.9065	1	7.97236
NR_039485.1	104	18.9284	0	0
NR_039486.1	138	27.6749	0	0
NR_039487.1	113	19.6906	0	0
NR_039488.1	98	20.3841	0	0
NR_039489.1	98	20.3841	0	0
NR_039490.1	93	21.4895	0	0
NR_039491.1	127	23.1549	0	0
NR_039492.1	139	28.1099	0	0
NR_039493.1	125	22.6619	0	0
NR_039494.1	118	20.5765	0	0
NR_039495.1	137	27.317	0	0
NR_039496.1	116	20.1828	0	0
NR_039497.1	81	30.0822	0	0
NR_039498.1	93	21.4895	0	0
NR_039499.1	127	23.1549	1	7.88686
NR_039500.1	82	28.9745	0	0
NR_039501.1	125	22.6619	0	0
NR_039502.1	138	27.6749	0	0
NR_039503.1	99	20.2777	0	0
NR_039504.1	93	21.4895	0	0
NR_039505.1	83	28.4036	0	0
NR_039506.1	87	26.0237	0	0
NR_039507.1	114	19.877	0	0
NR_039508.1	140	28.6062	0	0
NR_039509.1	109	19.1126	0	0
NR_039510.1	140	28.6062	0	0
NR_039511.1	128	23.6337	0	0
NR_039513.1	129	24.0373	12	91.1679
NR_039514.1	66	30.9438	2	11.8033
NR_039515.1	119	20.7774	0	0
NR_039516.1	87	26.0237	0	0
NR_039517.1	96	19.7281	1	9.25679
NR_039518.1	94	20.6055	5	44.3133
NR_039519.1	103	19.0667	0	0
NR_039521.1	136	26.7791	0	0
NR_039522.1	103	19.0667	0	0
NR_039523.1	73	34.8061	0	0
NR_039524.1	95	19.7556	1	9.24391
NR_039525.1	107	18.9797	0	0
NR_039528.1	108	19.1937	0	0
NR_039530.1	135	26.4765	0	0
NR_039532.1	82	28.9745	0	0
NR_039533.1	135	26.4765	0	0
NR_039534.1	86	26.6667	1	6.84822
NR_039535.1	136	26.7791	1	6.81946
NR_048934.1	127	23.1549	0	0
NR_127302.1	98	20.3841	0	0
NR_127303.1	68	31.9022	0	0
NR_127304.1	80	30.7681	0	0
NR_127305.1	70	33.2128	0	0
NR_127306.1	88	25.2965	0	0
NR_127307.1	163	39.6522	0	0
NR_127308.1	89	24.3347	0	0
NR_127309.1	88	25.2965	0	0
NR_127310.1	87	26.0237	0	0
NR_127311.1	75	33.5463	0	0
NR_127312.1	88	25.2965	0	0
NR_127313.1	79	31.1212	0	0
NR_127314.1	81	30.0822	0	0
NR_127315.1	79	31.1212	0	0
NR_127316.1	79	31.1212	26	152.568
NR_127317.1	74	33.7981	0	0
NR_127318.1	78	32.0645	0	0
NR_127319.1	78	32.0645	0	0
NR_127320.1	82	28.9745	0	0
NR_127321.1	82	28.9745	7	44.1193
NR_127322.1	85	27.0319	0	0
NR_127323.1	75	33.5463	6	32.6628
NR_127324.1	95	19.7556	0	0
NR_127325.1	81	30.0822	5	30.3534
NR_127327.1	76	33.0619	0	0
NR_127328.1	88	25.2965	60	433.15
NR_127329.1	89	24.3347	0	0
NR_127330.1	78	32.0645	1	5.69537
NR_127331.1	78	32.0645	2	11.3907
NR_127332.1	75	33.5463	0	0
NR_127333.1	77	33.2069	0	0
NR_127334.1	66	30.9438	5	29.5082
NR_127335.1	71	34.2128	6	32.0265
NR_127336.1	79	31.1212	0	0
NR_127337.1	84	27.3408	0	0
NR_127338.1	73	34.8061	0	0
NR_127339.1	85	27.0319	0	0
NR_127340.1	76	33.0619	1	5.52355
NR_127341.1	84	27.3408	0	0
NR_127342.1	78	32.0645	4	22.7815
NR_127343.1	91	22.7832	0	0
NR_127344.1	82	28.9745	0	0
NR_127345.1	90	23.2463	0	0
NR_127346.1	94	20.6055	0	0
NR_127347.1	85	27.0319	1	6.75569
NR_127348.1	75	33.5463	0	0
NR_127349.1	86	26.6667	0	0
NR_127350.1	83	28.4036	0	0
NR_127351.1	77	33.2069	0	0
NR_127352.1	78	32.0645	1	5.69537
NR_127353.1	95	19.7556	0	0
NR_127354.1	82	28.9745	0	0
NR_127355.1	94	20.6055	0	0
NR_127356.1	81	30.0822	0	0
NR_127357.1	100	19.8236	0	0
NR_127358.1	73	34.8061	2	10.4935
NR_127359.1	82	28.9745	0	0
NR_127360.1	81	30.0822	0	0
NR_127361.1	94	20.6055	0	0
NR_127362.1	80	30.7681	0	0
NR_127363.1	75	33.5463	0	0
NR_127364.1	76	33.0619	5	27.6177
NR_127365.1	85	27.0319	1	6.75569
NR_127366.1	81	30.0822	0	0
NR_127367.1	81	30.0822	1	6.07067
NR_127368.1	88	25.2965	0	0
NR_127369.1	78	32.0645	0	0
NR_127370.1	79	31.1212	1	5.868
NR_127371.1	73	34.8061	10	52.4675
NR_127372.1	81	30.0822	0	0
NR_127374.1	86	26.6667	0	0
NR_127375.1	70	33.2128	0	0
NR_127376.1	89	24.3347	0	0
NR_127377.1	78	32.0645	0	0
NR_130405.1	134	26.0451	0	0
NR_130406.1	71	34.2128	0	0
NR_130407.1	85	27.0319	0	0
NR_130408.1	80	30.7681	0	0
NR_130409.1	76	33.0619	0	0
NR_130410.1	75	33.5463	0	0
XM_001119823.5	1765	1528.15	0	0
XM_001119824.5	853	617.102	94	27.8174
XM_001119826.5	629	396.376	103	47.4543
XM_001119829.5	744	509.025	0	0
XM_001119831.5	3337	3100.15	2.05846	0.121257
XM_001119836.5	5813	5576.15	38.994	1.27706
XM_001119847.5	2275	2038.15	0	0
XM_001119855.5	2011	1774.15	32	3.29387
XM_001119858.5	1062	825.148	148.975	32.9708
XM_001119871.5	3542	3305.15	0	0
XM_001119879.5	631	398.336	7	3.20918
XM_001119882.5	4002	3765.15	0	0
XM_001119883.4	963	726.297	74	18.6065
XM_001119884.5	1036	799.148	40.3627	9.22357
XM_001119885.4	1045	808.148	39	8.81293
XM_001119891.5	702	467.519	0	0
XM_001119897.5	681	446.977	2	0.817131
XM_001119898.5	1828	1591.15	9	1.03295
XM_001119899.5	641	408.052	22	9.84585
XM_001119900.5	755	519.871	37	12.9973
XM_001119904.4	2430	2193.15	5	0.41634
XM_001119906.5	8283	8046.15	64.0537	1.45379
XM_001119907.4	1311	1074.15	5	0.850066
XM_001119908.5	1654	1417.15	4	0.515456
XM_001119910.5	1974	1737.15	3	0.315378
XM_001119912.5	5482	5245.15	5	0.174084
XM_001119914.5	757	521.871	0	0
XM_001119915.5	3493	3256.15	185.319	10.3935
XM_001119916.4	1925	1688.15	44	4.7598
XM_001119919.3	831	595.102	2	0.61374
XM_001119921.5	1263	1026.15	4	0.711863
XM_001119928.5	1704	1467.15	32	3.98311
XM_001119929.5	1480	1243.15	7.98579	1.17312
XM_001119931.5	5059	4822.15	635.043	24.0497
XM_001119937.5	770	534.607	23	7.85669
XM_001119944.5	618	385.73	0	0
XM_001119946.4	685	450.886	0	0
XM_001119951.5	3716	3479.15	262.779	13.7932
XM_001119958.5	5134	4897.15	0.00082784	3.08709e-05
XM_001119959.5	1800	1563.15	6.04444	0.706159
XM_001119960.5	592	360.748	13.4378	6.80255
XM_001119962.5	7015	6778.15	755	20.3415
XM_001119963.5	2819	2582.15	0	0
XM_001119965.5	5047	4810.15	0	0
XM_001119966.5	4335	4098.15	3	0.133684
XM_001119967.5	1420	1183.15	0	0
XM_001119971.5	2709	2472.15	0	0
XM_001119973.4	1202	965.148	8	1.51371
XM_001119975.5	5073	4836.15	41	1.54821
XM_001119981.5	1804	1567.15	670	78.0749
XM_001119982.5	2172	1935.15	8	0.754957
XM_001119992.5	3683	3446.15	21.7648	1.15337
XM_001119993.5	1507	1270.15	0	0
XM_001119995.5	3198	2961.15	8	0.493374
XM_001119998.5	847	611.102	8	2.39069
XM_001120000.5	1445	1208.15	0	0
XM_001120006.5	968	731.297	60	14.9832
XM_001120007.5	1176	939.148	1	0.194452
XM_001120009.5	463	245.239	9	6.70193
XM_001120011.5	901	664.72	95	26.0994
XM_001120012.5	606	374.341	17	8.29331
XM_001120014.5	520	294.465	15	9.30259
XM_001120016.5	795	559.277	8	2.61222
XM_001120018.3	1165	928.148	16.0506	3.15806
XM_001120020.5	710	475.425	2	0.768236
XM_001120023.5	850	614.102	0	0
XM_001120025.5	1787	1550.15	43	5.06573
XM_001120029.5	1124	887.148	0	0
XM_001120030.5	4837	4600.15	2.23536	0.0887404
XM_001120032.5	1959	1722.15	26	2.75708
XM_001120034.5	526	299.977	1	0.608778
XM_001120035.5	8481	8244.15	20.0499	0.444133
XM_001120037.5	3466	3229.15	11	0.622087
XM_001120039.3	1429	1192.15	2.00693	0.307432
XM_001120040.5	1690	1453.15	2	0.251343
XM_001120043.5	1480	1243.15	4	0.587603
XM_001120045.5	6002	5765.15	3	0.0950292
XM_001120052.4	1152	915.148	0	0
XM_001120054.5	1031	794.148	4	0.919825
XM_001120056.5	514	289.067	94	59.3849
XM_001120059.5	1102	865.148	15	3.16627
XM_001120061.5	6675	6438.15	0	0
XM_001120067.5	797	561.277	8	2.60291
XM_001120069.5	827	591.162	189	58.3851
XM_001120073.5	757	521.871	0	0
XM_001120083.5	1001	764.148	0	0
XM_001120086.4	952	715.37	13	3.31863
XM_001120089.5	2896	2659.15	1.44786	0.0994331
XM_001120093.4	4140	3903.15	8	0.374301
XM_001120100.5	3017	2780.15	0	0
XM_001120105.4	2519	2282.15	1.01213	0.0809915
XM_001120110.5	896	659.786	0	0
XM_001120111.5	3287	3050.15	0	0
XM_001120112.5	1881	1644.15	1459	162.054
XM_001120114.5	2897	2660.15	1	0.06865
XM_001120116.5	1575	1338.15	9	1.22824
XM_001120132.5	635	402.216	56.7552	25.7688
XM_001120134.5	1130	893.148	10	2.04467
XM_001120137.4	1141	904.148	366	73.9244
XM_001120140.5	897	660.786	224	61.9061
XM_001120141.5	979	742.224	18	4.42878
XM_001120146.5	953	716.37	21	5.35339
XM_001120148.5	913	676.72	20.4362	5.51489
XM_001120149.5	1604	1367.15	59	7.88103
XM_001120151.3	1346	1109.15	6	0.987889
XM_001120153.5	1800	1563.15	17	1.98607
XM_001120154.5	3076	2839.15	44.1397	2.83915
XM_001120157.5	1296	1059.15	0	0
XM_001120159.5	2251	2014.15	47	4.26141
XM_001120160.5	1614	1377.15	2	0.265214
XM_001120164.5	755	519.871	3	1.05383
XM_001120165.5	7146	6909.15	0	0
XM_001120173.3	591	359.748	8	4.06105
XM_001120174.4	1763	1526.15	10	1.1966
XM_001120177.5	5273	5036.15	3.05633	0.110828
XM_001120178.5	2089	1852.15	12	1.18318
XM_001120182.5	2964	2727.15	6	0.401781
XM_001120184.5	1053	816.148	2	0.447515
XM_001120186.5	488	266.52	43	29.4636
XM_001120188.4	597	365.527	3	1.49881
XM_001120192.5	1441	1204.15	4.47665	0.678922
XM_001120194.5	878	641.851	658	187.214
XM_001120196.5	1106	869.148	8	1.6809
XM_001120198.5	2283	2046.15	102	9.10352
XM_001120202.5	2337	2100.15	12.773	1.11068
XM_001120208.5	2940	2703.15	9.98285	0.674421
XM_001120213.5	1793	1556.15	46	5.39826
XM_001120215.5	1654	1417.15	44	5.67001
XM_001120217.5	1010	773.148	0	0
XM_001120220.5	662	428.548	279.305	119.021
XM_001120222.3	1658	1421.15	0	0
XM_001120224.5	2319	2082.15	7.02098	0.61579
XM_001120227.5	1096	859.148	0	0
XM_001120232.5	1181	944.148	5	0.967111
XM_001120233.4	1448	1211.15	2	0.301564
XM_001120239.5	1636	1399.15	6	0.78313
XM_001120242.5	887	650.786	55	15.4337
XM_001120244.5	1253	1016.15	1	0.179717
XM_001120245.5	1039	802.148	9	2.04897
XM_001120246.5	721	486.376	3	1.12641
XM_001120250.5	1130	893.148	38	7.76974
XM_001120253.5	811	575.22	9	2.8573
XM_001120264.5	2296	2059.15	125	11.0858
XM_001120268.5	3574	3337.15	26	1.4228
XM_001120274.5	1548	1311.15	4	0.557128
XM_001120276.5	8926	8689.15	99.3928	2.08893
XM_001120278.5	2558	2321.15	32.0444	2.52113
XM_001120289.5	4276	4039.15	0	0
XM_001120291.5	1984	1747.15	2	0.209048
XM_001120292.5	1834	1597.15	0	0
XM_001120293.5	804	568.277	0	0
XM_001120296.5	3965	3728.15	17	0.832726
XM_001120297.5	4226	3989.15	40	1.83116
XM_001120306.5	2065	1828.15	5.38156	0.53758
XM_001120311.4	1282	1045.15	65.3822	11.4243
XM_001120319.5	1250	1013.15	0	0
XM_001120325.5	1430	1193.15	4	0.612227
XM_001120327.5	1548	1311.15	3.70566	0.516131
XM_001120328.5	4950	4713.15	0	0
XM_001120329.5	605	373.341	15	7.33723
XM_001120336.5	2182	1945.15	27	2.53488
XM_001120346.5	545	316.675	34	19.607
XM_001120347.5	2469	2232.15	17.5453	1.43543
XM_001120350.5	1151	914.148	0	0
XM_001120351.4	764	528.66	64	22.108
XM_001120353.5	2155	1918.15	7	0.666442
XM_001120355.5	1071	834.148	50.1272	10.9743
XM_001120359.5	1471	1234.15	12	1.77566
XM_001120360.5	637	404.175	314	141.875
XM_001120363.5	501	277.795	1	0.657388
XM_001120364.5	592	360.748	253	128.075
XM_001120371.4	464	246.005	0	0
XM_001120377.5	6200	5963.15	0	0
XM_001120381.5	1189	952.148	0	0
XM_001120383.5	4537	4300.15	22.4063	0.951552
XM_001120384.5	2756	2519.15	21	1.52234
XM_001120386.5	2875	2638.15	5	0.346113
XM_001120390.5	1324	1087.15	15.8443	2.66153
XM_001120391.5	5645	5408.15	113.455	3.83108
XM_001120393.5	1338	1101.15	6.2295	1.03313
XM_001120401.5	877	640.915	0	0
XM_001120403.5	484	263.018	0	0
XM_001120404.5	741	506.126	50	18.0409
XM_001120409.5	991	754.224	6	1.45277
XM_001120412.5	883	646.786	14	3.95288
XM_001120413.5	869	632.915	2	0.577073
XM_001120416.4	3397	3160.15	17	0.982399
XM_001120419.5	906	669.72	653	178.06
XM_001120425.5	2452	2215.15	430	35.4497
XM_001120426.5	5207	4970.15	32	1.17578
XM_001120432.4	975	738.297	3	0.742055
XM_001120437.5	5209	4972.15	141.944	5.21338
XM_001120439.5	1792	1555.15	0	0
XM_001120441.5	1846	1609.15	6	0.680929
XM_001120442.5	1815	1578.15	194	22.4492
XM_001120447.5	975	738.297	42	10.3888
XM_001120448.5	1752	1515.15	0	0
XM_001120449.5	1750	1513.15	12	1.44826
XM_001120450.4	3650	3413.15	10.291	0.550615
XM_001120452.5	5151	4914.15	10	0.371619
XM_001120461.5	3496	3259.15	1	0.0560328
XM_001120471.5	1309	1072.15	102	17.3737
XM_001120472.5	1302	1065.15	3	0.514349
XM_001120476.5	907	670.72	17.2505	4.69685
XM_001120478.5	1702	1465.15	1	0.124642
XM_001120479.4	613	380.885	11	5.27407
XM_001120482.5	2389	2152.15	23	1.95165
XM_001120484.5	2289	2052.15	8.46833	0.753591
XM_001120488.5	3843	3606.15	21	1.06346
XM_001120493.5	2463	2226.15	9	0.738303
XM_001120497.5	705	470.425	1	0.3882
XM_001120503.5	3566	3329.15	0	0
XM_001120510.5	2698	2461.15	1	0.0742008
XM_001120512.5	5090	4853.15	0.0939029	0.00353347
XM_001120513.5	1673	1436.15	1	0.127159
XM_001120518.5	717	482.425	0	0
XM_001120519.5	1024	787.148	109	25.2881
XM_001120520.5	845	609.102	20	5.99634
XM_001120521.4	606	374.341	259.8	126.741
XM_001120524.5	553	324.087	270	152.142
XM_001120526.5	1326	1089.15	4	0.670687
XM_001120529.4	393	189.447	6	5.78377
XM_001120530.5	376	176.369	17	17.6025
XM_001120535.5	3403	3166.15	34	1.96107
XM_001120537.5	2351	2114.15	3	0.259138
XM_001120540.5	1291	1054.15	6	1.03943
XM_001120545.4	775	539.607	0	0
XM_001120551.5	684	449.977	0	0
XM_001120555.5	1784	1547.15	0	0
XM_001120556.5	3201	2964.15	0	0
XM_001120557.5	1769	1532.15	0	0
XM_001120565.5	1474	1237.15	80.044	11.8155
XM_001120568.5	417	208.169	220	192.998
XM_001120572.5	541	313.189	19	11.0788
XM_001120574.5	1340	1103.15	39.8956	6.60447
XM_001120576.5	2443	2206.15	32.1656	2.66258
XM_001120578.5	3187	2950.15	0	0
XM_001120579.5	972	735.297	10	2.48361
XM_001120581.5	1696	1459.15	5	0.625773
XM_001120583.5	1337	1100.15	1	0.165995
XM_001120589.5	1858	1621.15	0	0
XM_001120594.5	2358	2121.15	14	1.20532
XM_001120599.5	585	354.218	3	1.54667
XM_001120601.5	1361	1124.15	5	0.812256
XM_001120606.5	1005	768.148	5	1.1887
XM_001120607.5	790	554.333	11	3.62383
XM_001120608.4	806	570.277	210.906	67.5383
XM_001120611.5	819	583.162	0	0
XM_001120612.4	978	741.224	10	2.46375
XM_001120613.5	945	708.441	1455	375.064
XM_001120618.5	5217	4980.15	17.3562	0.636443
XM_001120619.4	1852	1615.15	15	1.696
XM_001120622.5	4007	3770.15	0	0
XM_001120626.4	2311	2074.15	7.06274	0.621841
XM_001120633.5	2190	1953.15	32	2.992
XM_001120635.5	2289	2052.15	0	0
XM_001120636.5	636	403.175	30	13.5886
XM_001120644.5	2693	2456.15	8.0866e-08	6.01254e-09
XM_001120649.5	807	571.277	9	2.87701
XM_001120652.5	1413	1176.15	28	4.34753
XM_001120653.4	573	343.139	16	8.51522
XM_001120657.5	1998	1761.15	0	0
XM_001120658.5	4293	4056.15	2.00016	0.0900529
XM_001120659.5	1583	1346.15	7	0.949624
XM_001120660.5	2363	2126.15	11	0.944813
XM_001120664.5	2483	2246.15	0	0
XM_001120665.5	442	228.224	143	114.425
XM_001120666.5	650	416.804	2	0.876284
XM_001120667.5	3037	2800.15	10	0.652177
XM_001120669.5	1909	1672.15	439	47.9442
XM_001120670.5	1391	1154.15	0	0
XM_001120674.5	2929	2692.15	23.3585	1.5845
XM_001120677.5	2956	2719.15	0	0
XM_001120679.5	2352	2115.15	17	1.46776
XM_001120680.5	3111	2874.15	15.4543	0.981942
XM_001120684.5	2531	2294.15	73.03	5.81335
XM_001120685.4	634	401.216	3	1.36549
XM_001120689.5	2124	1887.15	0	0
XM_001120690.4	826	590.162	1	0.309439
XM_001120691.5	3162	2925.15	201.487	12.579
XM_001120695.5	463	245.239	92	68.5087
XM_001120697.5	1874	1637.15	11	1.22702
XM_001120698.5	2796	2559.15	1	0.0713594
XM_001120701.5	4355	4118.15	0.0279352	0.00123878
XM_001120703.5	2568	2331.15	0	0
XM_001120705.5	3251	3014.15	0	0
XM_001120710.4	2590	2353.15	14.7721	1.14641
XM_001120712.5	2930	2693.15	14	0.949324
XM_001120720.5	2851	2614.15	26	1.81631
XM_001120727.5	2527	2290.15	18	1.43534
XM_001120728.5	540	312.253	12	7.01812
XM_001120731.5	3322	3085.15	0	0
XM_001120735.5	714	479.425	0	0
XM_001120746.5	1163	926.148	0	0
XM_001120751.5	2976	2739.15	0	0
XM_001120754.5	1569	1332.15	16	2.19338
XM_001120755.5	4302	4065.15	12.2608	0.550793
XM_001120757.5	7619	7382.15	12.0005	0.296869
XM_001120760.5	1748	1511.15	0	0
XM_001120765.5	1492	1255.15	0	0
XM_001120770.5	1878	1641.15	2	0.222551
XM_001120773.4	1503	1266.15	0	0
XM_001120774.5	871	634.915	1.32048	0.379807
XM_001120779.5	1100	863.148	9	1.90416
XM_001120785.5	5222	4985.15	145.993	5.3481
XM_001120788.4	2735	2498.15	7	0.511713
XM_001120792.5	2406	2169.15	0	0
XM_001120795.5	1939	1702.15	0	0
XM_001120796.5	521	295.404	4.16088	2.57226
XM_001120800.5	607	375.303	1	0.486591
XM_001120801.4	1125	888.148	181	37.2169
XM_001120804.5	3713	3476.15	0	0
XM_001120805.5	1331	1094.15	1	0.166905
XM_001120809.5	6255	6018.15	0	0
XM_001120810.5	2699	2462.15	36.0601	2.6746
XM_001120814.5	2691	2454.15	3	0.223237
XM_001120815.5	1939	1702.15	0	0
XM_001120817.5	2315	2078.15	9	0.790883
XM_001120820.5	569	339.347	13	6.99593
XM_001120821.5	1451	1214.15	21	3.1586
XM_001120824.5	3591	3354.15	0.403053	0.0219445
XM_001120829.5	5690	5453.15	71.4592	2.39308
XM_001120831.5	1201	964.148	6	1.13646
XM_001120832.4	1614	1377.15	8	1.06085
XM_001120836.5	3664	3427.15	20	1.06572
XM_001120842.5	1448	1211.15	7	1.05547
XM_001120845.5	879	642.851	6	1.70446
XM_001120846.5	1265	1028.15	8	1.42096
XM_001120848.5	841	605.102	2	0.603598
XM_001120852.5	987	750.224	61.3653	14.9375
XM_001120853.5	2978	2741.15	0	0
XM_001120854.4	905	668.72	0	0
XM_001120855.5	574	344.104	4	2.12283
XM_001120871.5	7797	7560.15	409.649	9.89529
XM_001120874.4	1663	1426.15	0	0
XM_001120877.5	1419	1182.15	10	1.54481
XM_001120879.4	4032	3795.15	0	0
XM_001120883.5	999	762.148	0	0
XM_001120885.5	1249	1012.15	3	0.541282
XM_001120888.5	641	408.052	20.9756	9.38741
XM_001120889.5	623	390.575	37	17.2999
XM_001120892.5	547	318.61	32	18.3415
XM_001120893.5	4830	4593.15	0	0
XM_001120897.5	1475	1238.15	38	5.60477
XM_001120899.5	4275	4038.15	4	0.180894
XM_001120901.5	1485	1248.15	0	0
XM_001120910.5	3086	2849.15	0	0
XM_001120911.5	2725	2488.15	0.0871798	0.00639861
XM_001120913.5	1292	1055.15	0	0
XM_001120914.5	2392	2155.15	21	1.77946
XM_001120915.5	2754	2517.15	8	0.5804
XM_001120920.5	693	458.704	8	3.18496
XM_001120925.5	2087	1850.15	22	2.17151
XM_001120927.5	827	591.162	3.29552	1.01804
XM_001120930.5	1358	1121.15	13	2.11752
XM_001120937.5	2213	1976.15	2	0.184823
XM_001120941.5	709	474.425	5	1.92464
XM_001120943.5	2831	2594.15	1.74167	0.122608
XM_001120946.5	926	689.652	0	0
XM_001120948.5	2181	1944.15	0	0
XM_001120949.5	2734	2497.15	38	2.77898
XM_001120950.5	843	607.102	4	1.20322
XM_001120952.5	1589	1352.15	0	0
XM_001120954.5	1442	1205.15	0	0
XM_001120955.5	402	196.065	13	12.1085
XM_001120956.5	708	473.425	2	0.771481
XM_001120957.5	4781	4544.15	72	2.89352
XM_001120958.4	1223	986.148	1	0.185184
XM_001120965.4	2491	2254.15	8	0.648118
XM_001120969.5	6172	5935.15	25	0.769228
XM_001120972.5	3208	2971.15	0	0
XM_001120973.5	1758	1521.15	4	0.480214
XM_001120974.5	3751	3514.15	3	0.155901
XM_001120975.5	830	594.102	8.64791	2.65825
XM_001120980.5	3520	3283.15	24	1.33496
XM_001120981.5	3129	2892.15	37.3795	2.36026
XM_001120982.5	4424	4187.15	32.8256	1.43166
XM_001120991.5	2952	2715.15	29	1.95052
XM_001120993.5	2533	2296.15	1.43914	0.114459
XM_001120999.5	446	231.36	6	4.73597
XM_001121000.5	2081	1844.15	0	0
XM_001121007.5	2310	2073.15	1.34453	0.118437
XM_001121010.5	2317	2080.15	56	4.91632
XM_001121011.5	2450	2213.15	10	0.825156
XM_001121014.5	3651	3414.15	15.6367	0.836389
XM_001121019.5	1303	1066.15	1.24572	0.213377
XM_001121022.5	429	217.564	4	3.35753
XM_001121025.5	859	623.04	110	32.2421
XM_001121032.5	2906	2669.15	20.9762	1.43516
XM_001121035.5	1667	1430.15	0	0
XM_001121036.5	817	581.162	66	20.7393
XM_001121043.5	1011	774.148	45	10.6154
XM_001121051.5	1079	842.148	2	0.433699
XM_001121052.5	2265	2028.15	2	0.180085
XM_001121053.5	1312	1075.15	287	48.7484
XM_001121061.5	997	760.148	92	22.1022
XM_001121064.5	4400	4163.15	4	0.175463
XM_001121066.5	1702	1465.15	0	0
XM_001121067.5	4040	3803.15	13.9214	0.668477
XM_001121075.5	3124	2887.15	0	0
XM_001121076.5	861	624.978	15	4.38302
XM_001121077.5	378	177.878	276	283.356
XM_001121079.5	1665	1428.15	44	5.62634
XM_001121086.5	882	645.786	0	0
XM_001121088.5	1054	817.148	0	0
XM_001121092.5	5508	5271.15	25	0.866126
XM_001121093.5	2501	2264.15	21.3504	1.72206
XM_001121094.5	3938	3701.15	124.987	6.16703
XM_001121096.5	1492	1255.15	4	0.581985
XM_001121102.5	1529	1292.15	7	0.98931
XM_001121104.5	648	414.804	0	0
XM_001121110.5	3276	3039.15	10	0.600889
XM_001121112.5	3320	3083.15	1.00874	0.0597488
XM_001121113.5	603	371.341	1	0.491783
XM_001121117.5	2911	2674.15	64.1639	4.38179
XM_001121123.5	2691	2454.15	9	0.669712
XM_001121126.5	2393	2156.15	0	0
XM_001121130.5	1843	1606.15	24.5662	2.79318
XM_001121132.5	3028	2791.15	81	5.29967
XM_001121133.5	1029	792.148	0	0
XM_001121135.5	4194	3957.15	90.3629	4.17017
XM_001121136.5	3679	3442.15	1.77441	0.0941393
XM_001121144.4	813	577.22	1	0.316377
XM_001121147.5	1487	1250.15	4	0.584312
XM_001121151.5	1257	1020.15	0	0
XM_001121155.5	2587	2350.15	21	1.63181
XM_001121159.5	575	345.104	7	3.7042
XM_001121167.5	1467	1230.15	6.16951	0.915882
XM_001121169.5	1412	1175.15	1	0.155401
XM_001121172.5	2081	1844.15	3.18035	0.314938
XM_001121176.5	521	295.404	935	578.018
XM_001121177.5	2646	2409.15	0	0
XM_001121180.4	3099	2862.15	40	2.5522
XM_001121184.5	3459	3222.15	30.226	1.7131
XM_001121186.5	1100	863.148	0	0
XM_001121187.5	2198	1961.15	0	0
XM_001121188.5	1604	1367.15	23	3.07227
XM_001121189.5	1420	1183.15	4.67261	0.721219
XM_001121190.5	2085	1848.15	7.00125	0.691807
XM_001121195.5	2071	1834.15	2	0.199132
XM_001121210.5	2928	2691.15	6	0.407155
XM_001121212.5	584	353.218	4	2.06806
XM_001121217.5	586	355.218	4	2.05642
XM_001121218.5	1349	1112.15	35	5.74714
XM_001121220.5	982	745.224	0	0
XM_001121223.5	1496	1259.15	0	0
XM_001121229.5	1230	993.148	17	3.12595
XM_001121241.5	4702	4465.15	1207	49.3649
XM_001121244.5	3346	3109.15	143.303	8.41704
XM_001121248.5	3969	3732.15	769.196	37.6378
XM_001121250.5	1249	1012.15	28	5.05197
XM_001121251.5	1781	1544.15	18.4702	2.18439
XM_001121254.5	1655	1418.15	123.477	15.9006
XM_001121255.5	760	524.818	13	4.52357
XM_001121268.5	763	527.713	3	1.03817
XM_001121269.5	934	697.652	3	0.785288
XM_001121270.5	1757	1520.15	26	3.12345
XM_001121271.5	2001	1764.15	19.9541	2.06558
XM_001121276.5	789	553.388	1.16327	0.383881
XM_001121277.5	2031	1794.15	8	0.814288
XM_001121279.5	767	531.607	5	1.71762
XM_001121282.5	449	233.911	258	201.426
XM_001121284.5	4866	4629.15	3	0.11835
XM_001121303.5	3823	3586.15	0	0
XM_001121305.5	2191	1954.15	16.4038	1.53297
XM_001121316.5	2439	2202.15	24	1.99027
XM_001121319.5	2859	2622.15	0	0
XM_001121320.5	921	684.652	0	0
XM_001121323.5	3861	3624.15	15.0014	0.755912
XM_001121325.5	1657	1420.15	0	0
XM_001121331.5	2980	2743.15	67	4.46038
XM_001121332.5	3379	3142.15	1	0.0581192
XM_001121333.5	1738	1501.15	42	5.10943
XM_001121339.5	1619	1382.15	2	0.264254
XM_001121344.5	3435	3198.15	0	0
XM_001121347.5	2569	2332.15	17	1.33119
XM_001121355.4	3916	3679.15	10	0.496363
XM_001121362.5	2145	1908.15	0	0
XM_001121363.5	2717	2480.15	23.5335	1.73283
XM_001121365.5	1600	1363.15	0	0
XM_001121369.5	670	436.243	1	0.418618
XM_001121371.5	627	394.456	10	4.62964
XM_001121373.5	1987	1750.15	35.949	3.75109
XM_001121375.5	2299	2062.15	1.9996	0.17708
XM_001121376.5	4088	3851.15	0	0
XM_001121383.5	5847	5610.15	96	3.12495
XM_001121399.5	1912	1675.15	0	0
XM_001121406.5	915	678.72	12	3.22877
XM_001121410.5	2489	2252.15	10	0.810867
XM_001121415.5	5219	4982.15	36	1.31957
XM_001121418.5	2555	2318.15	18	1.41801
XM_001121420.5	2019	1782.15	101.706	10.422
XM_001121422.5	3624	3387.15	6.27897	0.338533
XM_001121426.5	3387	3150.15	33	1.91306
XM_001121441.5	4460	4223.15	6.5297	0.28236
XM_001121442.5	860	623.978	60.2232	17.6255
XM_001121449.5	1740	1503.15	0	0
XM_001121453.5	7540	7303.15	48.7422	1.21883
XM_001121462.4	568	338.381	5	2.69842
XM_001121463.5	4111	3874.15	26	1.22559
XM_001121467.5	1305	1068.15	12	2.05162
XM_001121471.5	1964	1727.15	0	0
XM_001121473.5	4272	4035.15	5	0.226286
XM_001121476.5	1832	1595.15	33.0377	3.78229
XM_001121481.5	735	500.227	19	6.93637
XM_001121482.5	1599	1362.15	0	0
XM_001121483.5	1438	1201.15	83	12.6191
XM_001121491.5	1007	770.148	27	6.4023
XM_001121493.5	1431	1194.15	1.53923	0.235392
XM_001121499.5	1978	1741.15	10	1.04884
XM_001121500.5	2226	1989.15	2	0.183616
XM_001121501.5	1544	1307.15	9	1.25737
XM_001121503.5	1947	1710.15	3	0.320357
XM_001121505.5	601	369.416	66.431	32.8399
XM_001121507.5	1172	935.148	0	0
XM_001121513.5	2385	2148.15	48	4.08059
XM_001121520.5	1268	1031.15	9	1.59393
XM_001121522.4	435	222.584	5	4.10226
XM_001121525.5	6041	5804.15	15.4917	0.487424
XM_001121536.5	2415	2178.15	13.488	1.13086
XM_001121539.5	1822	1585.15	1	0.115206
XM_001121541.5	1542	1305.15	1	0.139922
XM_001121546.5	840	604.102	7	2.11609
XM_001121552.5	1357	1120.15	13	2.11941
XM_001121554.5	1305	1068.15	26	4.44517
XM_001121556.5	666	432.418	2	0.844642
XM_001121559.5	1379	1142.15	5	0.799455
XM_001121565.5	2049	1812.15	93	9.37207
XM_001121566.5	1415	1178.15	1.71374	0.265638
XM_001121567.5	1577	1340.15	1	0.136268
XM_001121569.5	1769	1532.15	277.49	33.0745
XM_001121570.5	3196	2959.15	12	0.740561
XM_001121571.4	605	373.341	0	0
XM_001121573.5	1126	889.148	6	1.23232
XM_001121574.5	3716	3479.15	0	0
XM_001121575.5	1684	1447.15	0	0
XM_001121588.5	3134	2897.15	9	0.567307
XM_001121591.5	2055	1818.15	9.04264	0.908265
XM_001121593.5	1545	1308.15	87	12.1453
XM_001121596.5	1153	916.148	13	2.59134
XM_001121598.5	1146	909.148	0	0
XM_001121600.4	2483	2246.15	2	0.162607
XM_001121602.5	3252	3015.15	18.2552	1.10567
XM_001121606.5	2588	2351.15	1.34675e-07	1.04606e-08
XM_001121610.5	6316	6079.15	1.36669e-07	4.10557e-09
XM_001121619.5	1264	1027.15	16	2.84468
XM_001121625.4	1726	1489.15	0	0
XM_001121629.5	2223	1986.15	6.89306	0.633792
XM_001121634.5	1475	1238.15	43	6.34224
XM_001121636.5	2849	2612.15	0	0
XM_001121637.5	456	239.474	3	2.28776
XM_001121644.5	3434	3197.15	7.92194	0.452496
XM_001121647.5	2591	2354.15	5	0.387867
XM_001121653.5	1502	1265.15	4	0.577385
XM_001121654.4	1319	1082.15	25.4901	4.30161
XM_001121657.5	1158	921.148	10	1.98252
XM_001121659.5	1699	1462.15	0	0
XM_001121664.5	956	719.37	3	0.76158
XM_001121669.5	6808	6571.15	0.0219912	0.00061116
XM_001121670.5	813	577.22	4	1.26551
XM_001121680.5	2576	2339.15	10	0.780708
XM_001121683.5	839	603.102	1	0.3028
XM_001121685.5	3543	3306.15	0	0
XM_001121690.4	2311	2074.15	0	0
XM_001121695.5	2726	2489.15	9.98727	0.732728
XM_001121697.5	999	762.148	0	0
XM_001121698.5	782	546.498	7	2.33914
XM_001121709.5	2158	1921.15	72	6.84413
XM_001121713.5	1672	1435.15	180.688	22.9921
XM_001121716.5	6730	6493.15	50.0721	1.40827
XM_001121718.5	1289	1052.15	5	0.86784
XM_001121719.5	1588	1351.15	0	0
XM_001121733.5	462	244.394	1	0.747232
XM_001121734.5	2357	2120.15	10	0.861351
XM_001121736.4	4518	4281.15	28.9633	1.23548
XM_001121740.4	946	709.441	1	0.257413
XM_001121745.5	3751	3514.15	0	0
XM_001121746.5	2572	2335.15	1947	152.264
XM_001121747.5	753	517.871	35	12.3422
XM_001121751.5	2193	1956.15	0	0
XM_001121754.5	869	632.915	0	0
XM_001121757.5	479	258.836	0	0
XM_001121760.3	642	409.052	22	9.82178
XM_001121762.5	3560	3323.15	0	0
XM_001121774.5	2945	2708.15	18.9987	1.28114
XM_001121775.5	5445	5208.15	0.000952404	3.33952e-05
XM_001121781.5	2026	1789.15	70	7.14493
XM_001121782.5	686	451.796	0	0
XM_001121783.5	3576	3339.15	0	0
XM_001121788.5	2166	1929.15	3.97061	0.37587
XM_001121796.5	1280	1043.15	1	0.175066
XM_001121801.5	1533	1296.15	8	1.12715
XM_001121803.5	1178	941.148	11	2.13443
XM_001121804.5	1059	822.148	14.5129	3.22366
XM_001121805.5	1164	927.148	7	1.37878
XM_001121809.5	847	611.102	11	3.28719
XM_001121814.5	2716	2479.15	615	45.3022
XM_001121815.5	2250	2013.15	0	0
XM_001121817.5	635	402.216	59	26.7879
XM_001121818.5	1482	1245.15	28	4.10661
XM_001121833.5	3575	3338.15	10	0.547067
XM_001121836.5	1938	1701.15	4	0.429402
XM_001121838.5	5835	5598.15	17.1965	0.560974
XM_001121844.5	2564	2327.15	7	0.549314
XM_001121847.5	2374	2137.15	2	0.1709
XM_001121853.5	2332	2095.15	12	1.04595
XM_001121859.4	1179	942.148	7.16762	1.38932
XM_001121861.5	884	647.786	5	1.40956
XM_001121862.5	1656	1419.15	4	0.514729
XM_001121864.5	1636	1399.15	0	0
XM_001121865.5	1273	1036.15	3	0.528745
XM_001121869.5	2550	2313.15	0.0123901	0.00097818
XM_001121872.5	3329	3092.15	3	0.177177
XM_001121873.5	1345	1108.15	8	1.31837
XM_001121879.5	1722	1485.15	1	0.122964
XM_001121882.5	438	224.858	40	32.4862
XM_001121886.5	2427	2190.15	6.85446	0.571539
XM_001121888.5	1800	1563.15	36	4.2058
XM_001121891.4	818	582.162	15	4.70537
XM_001121893.5	536	308.729	1	0.591519
XM_001121896.5	3566	3329.15	10	0.548546
XM_001121900.5	1936	1699.15	5	0.537385
XM_001121910.4	3874	3637.15	3.19675	0.160507
XM_001121911.4	1180	943.148	23	4.45343
XM_001121913.5	1376	1139.15	6.23223	0.999101
XM_001121915.5	3371	3134.15	0	0
XM_001121920.5	594	362.675	1	0.503535
XM_001121922.5	2554	2317.15	0	0
XM_001121924.4	784	548.388	35	11.6554
XM_001121936.5	2671	2434.15	0	0
XM_001121937.5	5902	5665.15	6.29962	0.203072
XM_001121941.4	4299	4062.15	290	13.0373
XM_001121942.5	959	722.37	0	0
XM_001121944.5	7194	6957.15	31	0.813724
XM_001121946.5	3609	3372.15	74	4.00748
XM_001121958.5	3053	2816.15	20.9516	1.35865
XM_001121961.5	961	724.297	0	0
XM_001121969.5	1363	1126.15	13	2.10812
XM_001121977.5	712	477.425	3	1.14753
XM_001121985.5	1523	1286.15	3.26953	0.464239
XM_001121986.5	1285	1048.15	611.129	106.477
XM_001121988.4	864	627.915	2	0.581668
XM_001121996.5	2251	2014.15	0	0
XM_001121997.5	3587	3350.15	21.4412	1.16878
XM_001122002.5	2106	1869.15	0	0
XM_001122008.5	715	480.425	10	3.8012
XM_001122019.5	1220	983.148	15.1267	2.80978
XM_001122025.5	2446	2209.15	58	4.79457
XM_001122027.5	1569	1332.15	10	1.37086
XM_001122030.4	683	448.977	12	4.88094
XM_001122035.5	8705	8468.15	0.000229507	4.94941e-06
XM_001122039.5	2739	2502.15	3	0.218955
XM_001122042.5	3978	3741.15	26.1257	1.27529
XM_001122049.5	1511	1274.15	30.735	4.40514
XM_001122051.5	1017	780.148	1	0.234083
XM_001122052.5	1076	839.148	0	0
XM_001122053.4	3034	2797.15	0	0
XM_001122055.5	6788	6551.15	126.936	3.53845
XM_001122056.5	1082	845.148	7	1.51256
XM_001122059.5	1617	1380.15	7	0.92623
XM_001122061.5	1110	873.148	1	0.20915
XM_001122063.4	563	333.621	10	5.47386
XM_001122067.5	1494	1257.15	5.96198	0.866065
XM_001122074.5	3579	3342.15	0	0
XM_001122075.5	11935	11698.1	23.0669	0.360096
XM_001122081.5	2300	2063.15	34	3.0095
XM_001122083.5	2189	1952.15	12	1.12257
XM_001122084.5	7540	7303.15	4.46454e-08	1.11638e-09
XM_001122092.5	4846	4609.15	0	0
XM_001122093.5	2382	2145.15	22	1.87289
XM_001122096.5	2758	2521.15	0	0
XM_001122097.5	5881	5644.15	43	1.39129
XM_001122101.5	9057	8820.15	50	1.03524
XM_001122102.4	3122	2885.15	14	0.886148
XM_001122103.5	1296	1059.15	0	0
XM_001122104.4	944	707.441	10	2.5814
XM_001122105.5	1887	1650.15	90.797	10.0484
XM_001122107.5	1004	767.148	8	1.9044
XM_001122110.5	2289	2052.15	1	0.0889893
XM_001122113.5	4067	3830.15	0	0
XM_001122116.5	1916	1679.15	0	0
XM_001122118.5	4179	3942.15	31.1403	1.44257
XM_001122133.5	2750	2513.15	0	0
XM_001122139.5	881	644.786	2	0.566449
XM_001122142.5	2306	2069.15	10	0.882582
XM_001122154.5	1811	1574.15	4	0.464046
XM_001122155.5	2376	2139.15	56.3386	4.80963
XM_001122159.5	2901	2664.15	14	0.959657
XM_001122160.4	2974	2737.15	0	0
XM_001122164.5	679	445.021	3	1.23108
XM_001122172.5	782	546.498	3.17689	1.0616
XM_001122174.5	585	354.218	746	384.605
XM_001122176.5	1152	915.148	17	3.39238
XM_001122178.5	1050	813.148	1	0.224583
XM_001122183.4	839	603.102	0	0
XM_001122185.4	811	575.22	1	0.317477
XM_001122189.5	3538	3301.15	3	0.16596
XM_001122192.5	1386	1149.15	0	0
XM_001122195.5	995	758.224	99	23.8443
XM_001122204.5	971	734.297	1	0.248699
XM_001122210.4	3714	3477.15	12	0.630238
XM_001122212.5	567	337.416	13	7.03598
XM_001122213.5	1022	785.148	259	60.2414
XM_001122218.5	682	447.977	1	0.407653
XM_001122227.5	1392	1155.15	15.9865	2.52734
XM_001122230.5	502	278.68	8	5.24241
XM_001122237.5	3011	2774.15	65	4.27888
XM_001122238.5	2544	2307.15	4	0.316615
XM_001122241.5	1399	1162.15	6	0.942836
XM_001122242.5	3194	2957.15	1.47728	0.0912298
XM_001122245.3	2185	1948.15	0.135462	0.0126982
XM_001122247.5	916	679.72	0	0
XM_001122254.5	2524	2287.15	6.40893	0.511726
XM_001122256.5	4662	4425.15	69.4697	2.86691
XM_001122271.5	3144	2907.15	4.68844	0.294515
XM_001122272.5	1595	1358.15	0	0
XM_001122276.5	5116	4879.15	0	0
XM_001122278.4	550	321.382	4	2.27292
XM_001122287.5	1445	1208.15	0	0
XM_001122291.5	1283	1046.15	0	0
XM_001122299.4	1429	1192.15	393	60.2017
XM_001122304.5	1950	1713.15	0	0
XM_001122306.5	2995	2758.15	12	0.79453
XM_001122309.5	3679	3442.15	0	0
XM_001122316.5	1797	1560.15	20	2.34105
XM_001122321.5	2649	2412.15	0	0
XM_001122322.5	3388	3151.15	18	1.04316
XM_001122328.5	2395	2158.15	6.56113	0.555193
XM_001122332.5	754	518.871	0	0
XM_001122336.5	1008	771.148	7	1.6577
XM_001122338.5	825	589.162	0	0
XM_001122341.5	1335	1098.15	79	13.1375
XM_001122344.5	668	434.375	1	0.420419
XM_001122354.5	1695	1458.15	8	1.00192
XM_001122360.5	2710	2473.15	29.132	2.15113
XM_001122362.4	1278	1041.15	0	0
XM_001122365.5	1792	1555.15	51	5.98887
XM_001122369.5	1322	1085.15	2	0.336579
XM_001122374.5	656	422.719	20	8.64021
XM_001122377.5	3055	2818.15	0	0
XM_001122379.5	1213	976.148	2	0.374163
XM_001122385.5	2029	1792.15	20.2305	2.06148
XM_001122387.5	2103	1866.15	23	2.25075
XM_001122389.5	1309	1072.15	0	0
XM_001122391.5	700	465.519	8	3.13833
XM_001122399.5	1695	1458.15	0	0
XM_001122401.5	2256	2019.15	77	6.96416
XM_001122405.5	1954	1717.15	16.3528	1.73913
XM_001122415.5	2158	1921.15	22	2.09126
XM_001122418.5	830	594.102	18	5.53296
XM_001122422.5	4182	3945.15	0	0
XM_001122434.5	518	292.707	4	2.49559
XM_001122441.5	1113	876.148	2	0.416868
XM_001122444.5	5004	4767.15	9.0865	0.348084
XM_001122445.5	2758	2521.15	7	0.507045
XM_001122450.5	2365	2128.15	53	4.548
XM_001122452.5	912	675.72	13	3.51336
XM_001122454.4	1024	787.148	78	18.0961
XM_001122457.5	5796	5559.15	57.748	1.89703
XM_001122458.5	1403	1166.15	1	0.1566
XM_001122463.5	3155	2918.15	2	0.125161
XM_001122465.5	1406	1169.15	9	1.40579
XM_001122466.4	478	257.918	2	1.4161
XM_001122467.5	571	341.278	13	6.95635
XM_001122470.5	4690	4453.15	66.4674	2.72576
XM_001122474.5	1060	823.148	0	0
XM_001122476.5	2689	2452.15	39	2.90445
XM_001122477.5	680	445.977	7.57696	3.10262
XM_001122483.5	2235	1998.15	2.15217	0.196696
XM_001122504.5	666	432.418	51	21.5384
XM_001122505.5	1671	1434.15	7	0.891355
XM_001122506.5	2038	1801.15	9	0.912514
XM_001122509.5	1231	994.148	3	0.551083
XM_001122510.5	487	265.714	1012	695.525
XM_001122511.5	3981	3744.15	54.1836	2.64278
XM_001122512.4	4815	4578.15	10	0.398893
XM_001122514.5	1495	1258.15	0	0
XM_001122519.5	2708	2471.15	27.2779	2.01585
XM_001122522.4	2269	2032.15	1	0.0898651
XM_001122523.5	494	271.68	5.38109	3.6171
XM_001122532.5	1080	843.148	0	0
XM_001122533.5	1916	1679.15	3	0.326271
XM_001122536.4	1767	1530.15	2	0.238695
XM_001122546.5	4229	3992.15	39	1.78404
XM_001122551.5	1908	1671.15	36.1761	3.95324
XM_001122556.5	1351	1114.15	4	0.655637
XM_001122558.5	841	605.102	3	0.905396
XM_001122571.5	1388	1151.15	8855	1404.77
XM_001122573.5	1078	841.148	1	0.217107
XM_001122575.4	2066	1829.15	0	0
XM_001122583.5	2963	2726.15	20	1.33976
XM_001122585.5	2075	1838.15	10	0.993496
XM_001122586.5	1938	1701.15	19	2.03966
XM_001122611.5	3159	2922.15	7	0.437464
XM_001122612.5	5431	5194.15	9	0.316428
XM_001122615.5	2596	2359.15	0	0
XM_001122616.5	1575	1338.15	9	1.22824
XM_001122617.4	962	725.297	0	0
XM_001122620.5	3268	3031.15	13	0.783218
XM_001122623.5	3207	2970.15	14	0.860788
XM_001122632.4	2528	2291.15	1	0.0797064
XM_001122640.5	783	547.388	5	1.66809
XM_001122641.5	4448	4211.15	205.615	8.91663
XM_001122651.5	1763	1526.15	162.333	19.4249
XM_001122652.4	4077	3840.15	1	0.0475552
XM_001122664.5	2182	1945.15	19.8461	1.86324
XM_001122665.5	7037	6800.15	26.2191	0.704118
XM_001122667.5	1089	852.148	0.0895835	0.0191982
XM_001122669.5	2295	2058.15	25	2.21825
XM_001122673.5	1535	1298.15	0	0
XM_001122675.5	1635	1398.15	0	0
XM_001122678.5	1903	1666.15	7	0.767239
XM_001122688.5	6565	6328.15	56	1.61606
XM_001122696.5	901	664.72	35	9.61558
XM_001122704.5	1722	1485.15	7	0.860746
XM_001122705.5	3251	3014.15	7.66539	0.464425
XM_001122709.5	665	431.505	0	0
XM_001122713.5	1331	1094.15	31	5.17407
XM_001122715.5	1649	1412.15	2	0.25864
XM_001122721.5	2580	2343.15	115.215	8.97961
XM_001122722.5	4062	3825.15	101.682	4.85446
XM_001122724.5	1344	1107.15	0	0
XM_001122727.4	713	478.425	1.92318e-06	7.34095e-07
XM_001122734.5	1250	1013.15	0	0
XM_001122738.5	388	185.637	30	29.5122
XM_001122739.5	634	401.216	7	3.18615
XM_001122740.5	2641	2404.15	52	3.94992
XM_001122741.5	2422	2185.15	0	0
XM_001122742.5	2384	2147.15	20.449	1.73923
XM_001122763.5	1403	1166.15	2	0.313201
XM_001122788.5	819	583.162	8	2.50523
XM_001122793.5	1800	1563.15	6	0.700967
XM_001122795.5	2629	2392.15	38.7255	2.95635
XM_001122824.5	1741	1504.15	45	5.46347
XM_001122827.5	4675	4438.15	1.85819	0.07646
XM_001122830.4	1643	1406.15	28	3.63642
XM_001122835.5	2658	2421.15	90.6115	6.83453
XM_001122836.5	1477	1240.15	1	0.147256
XM_001122840.5	819	583.162	16	5.01046
XM_001122842.5	1158	921.148	0	0
XM_001122848.4	4026	3789.15	158.916	7.65901
XM_001122854.5	1458	1221.15	15.9999	2.39274
XM_001122855.5	721	486.376	7	2.62828
XM_001122862.5	1110	873.148	0	0
XM_001122868.5	571	341.278	0	0
XM_001122875.5	530	303.544	0	0
XM_001122876.5	1499	1262.15	8	1.15751
XM_001122885.5	2348	2111.15	11	0.951526
XM_001122891.5	4097	3860.15	1.5257e-07	7.2179e-09
XM_001122896.5	1444	1207.15	3	0.453845
XM_001122899.5	1107	870.148	0	0
XM_001122933.5	7243	7006.15	15.1944	0.39605
XM_001122939.5	3318	3081.15	9	0.533429
XM_001122944.5	1025	788.148	8	1.85365
XM_001122953.5	856	620.102	166	48.8867
XM_001122957.5	958	721.37	1	0.253156
XM_001122959.5	2625	2388.15	40.0155	3.05994
XM_001122961.5	1398	1161.15	1.07988	0.169838
XM_001122971.5	1928	1691.15	16	1.72777
XM_001122972.5	936	699.582	48.8284	12.7462
XM_001122973.4	1384	1147.15	142	22.6056
XM_001122976.5	968	731.297	5	1.2486
XM_001122977.5	1596	1359.15	5	0.671815
XM_001122979.5	1999	1762.15	0	0
XM_001122985.4	1396	1159.15	7	1.10282
XM_001122987.5	1335	1098.15	0	0
XM_001122993.5	7108	6871.15	25.8087	0.685935
XM_001122994.5	2173	1936.15	2	0.188642
XM_001122996.5	2231	1994.15	20.1101	1.84163
XM_001123003.4	634	401.216	13	5.91714
XM_001123009.5	621	388.575	0	0
XM_001123012.5	1399	1162.15	6.18529	0.971953
XM_001123015.5	974	737.297	15	3.71531
XM_001123018.5	402	196.065	5.38185	5.01278
XM_001123019.5	1809	1572.15	6	0.696954
XM_001123067.5	1784	1547.15	0	0
XM_001123101.5	755	519.871	0	0
XM_001123118.5	3729	3492.15	16.1328	0.843653
XM_001123124.5	2421	2184.15	0	0
XM_001123126.5	1136	899.148	0	0
XM_001123127.5	738	503.227	2	0.725792
XM_001123128.5	1019	782.148	0.999988	0.233481
XM_001123131.5	1464	1227.15	29	4.31566
XM_001123143.5	656	422.719	2	0.864021
XM_001123155.5	5922	5685.15	135	4.33649
XM_001123179.5	941	704.582	3	0.777564
XM_001123187.5	2081	1844.15	0	0
XM_001123191.4	491	269.045	13	8.82398
XM_001123195.5	2880	2643.15	48.0642	3.32083
XM_001123212.5	1559	1322.15	8	1.10499
XM_001123223.4	1038	801.148	1	0.227947
XM_001123230.5	2126	1889.15	96	9.28008
XM_001123247.4	1610	1373.15	1	0.132993
XM_001123248.5	1456	1219.15	1	0.149792
XM_001123277.5	499	275.881	7	4.63364
XM_001123287.5	1185	948.148	1.88602	0.363259
XM_001123300.5	1288	1051.15	2	0.347466
XM_001123307.5	824	588.162	7	2.17344
XM_001123319.5	829	593.102	6	1.84743
XM_001123340.5	1617	1380.15	0	0
XM_001123348.5	1207	970.148	2	0.376477
XM_001123353.5	1719	1482.15	112	13.7998
XM_001123354.5	887	650.786	2	0.561226
XM_001123355.5	2419	2182.15	10.3794	0.868631
XM_001123356.5	2752	2515.15	1	0.0726077
XM_001123357.5	1721	1484.15	8	0.984372
XM_003249027.4	2169	1932.15	28.4411	2.68814
XM_003249029.4	540	312.253	0	0
XM_003249034.4	751	515.871	10	3.54002
XM_003249035.4	3604	3367.15	49	2.65754
XM_003249038.4	918	681.652	1.39887	0.374766
XM_003249045.4	4023	3786.15	78.755	3.79863
XM_003249046.4	3833	3596.15	39.768	2.01949
XM_003249048.4	883	646.786	0	0
XM_003249049.4	1261	1024.15	9	1.60482
XM_003249062.4	937	700.582	5	1.30334
XM_003249064.4	4011	3774.15	96	4.64514
XM_003249068.4	2750	2513.15	0	0
XM_003249071.3	1103	866.148	3	0.632522
XM_003249075.4	2987	2750.15	808.389	53.6798
XM_003249082.4	2217	1980.15	55	5.07238
XM_003249091.4	1637	1400.15	11	1.43471
XM_003249098.4	2073	1836.15	7	0.696204
XM_003249101.4	1273	1036.15	0	0
XM_003249103.4	2275	2038.15	0	0
XM_003249104.4	2633	2396.15	0	0
XM_003249105.4	636	403.175	19	8.6061
XM_003249106.4	772	536.607	1	0.340322
XM_003249107.4	2424	2187.15	0.412494	0.0344418
XM_003249108.4	2974	2737.15	0.518049	0.0345636
XM_003249114.4	2534	2297.15	0	0
XM_003249121.4	976	739.224	0	0
XM_003249130.4	4074	3837.15	0	0
XM_003249131.4	1206	969.148	11	2.07276
XM_003249136.4	3452	3215.15	215	12.2119
XM_003249150.4	1538	1301.15	25	3.50881
XM_003249152.4	2322	2085.15	0	0
XM_003249154.4	1640	1403.15	0	0
XM_003249158.4	1915	1678.15	0	0
XM_003249162.4	1473	1236.15	0	0
XM_003249169.4	4875	4638.15	21.0218	0.827696
XM_003249170.4	4950	4713.15	9.12921	0.353727
XM_003249173.4	2062	1825.15	13	1.30074
XM_003249174.4	1626	1389.15	7.12936	0.937235
XM_003249176.4	2194	1957.15	6	0.559853
XM_003249180.4	6430	6193.15	556	16.3949
XM_003249181.4	1652	1415.15	0	0
XM_003249183.4	3912	3675.15	0	0
XM_003249196.4	5052	4815.15	24.4246	0.926327
XM_003249201.4	971	734.297	14	3.48179
XM_003249206.4	395	190.867	3	2.87037
XM_003249211.4	666	432.418	2	0.844642
XM_003249214.4	2040	1803.15	4	0.405112
XM_003249219.4	1971	1734.15	0	0
XM_003249220.4	1883	1646.15	0	0
XM_003249230.4	3899	3662.15	1	0.0498667
XM_003249233.4	1352	1115.15	1	0.163762
XM_003249241.4	853	617.102	94	27.8174
XM_003249249.4	1634	1397.15	0	0
XM_003249252.4	632	399.296	21	9.60441
XM_003249254.4	3481	3244.15	3	0.168876
XM_003249255.4	3097	2860.15	4.2424e-05	2.70876e-06
XM_003249256.4	2061	1824.15	462.473	46.2991
XM_003249259.4	3306	3069.15	346.892	20.6406
XM_003249263.4	8929	8692.15	16.0512	0.337231
XM_003249265.4	651	417.762	38	16.6112
XM_003249269.4	2298	2061.15	2.49518	0.221075
XM_003249273.3	834	598.102	2	0.610662
XM_003249275.4	6028	5791.15	5.2211	0.164643
XM_003249277.4	1160	923.148	34	6.72596
XM_003249288.4	1074	837.148	0	0
XM_003249289.4	1233	996.148	0	0
XM_003249303.4	2094	1857.15	0	0
XM_003249306.4	2256	2019.15	1998.11	180.717
XM_003249309.4	1144	907.148	2	0.402623
XM_003249312.4	1975	1738.15	35	3.67729
XM_003249313.4	1921	1684.15	0	0
XM_003249314.4	1501	1264.15	0	0
XM_003249317.4	3226	2989.15	160.284	9.79237
XM_003249332.3	2066	1829.15	65	6.4895
XM_003249333.3	1124	887.148	29	5.96964
XM_003249334.4	1644	1407.15	27	3.50405
XM_003249335.4	897	660.786	3	0.829099
XM_003249336.4	2150	1913.15	2	0.19091
XM_003249337.4	2336	2099.15	26	2.26192
XM_003249338.4	766	530.607	11	3.78587
XM_003249340.4	2195	1958.15	1	0.0932612
XM_003249352.4	890	653.786	0	0
XM_003249355.4	999	762.148	24	5.75067
XM_003249365.4	1276	1039.15	0	0
XM_003249367.4	1879	1642.15	6.99318	0.777694
XM_003249371.4	4036	3799.15	101.591	4.88334
XM_003249372.4	3741	3504.15	50.6599	2.64015
XM_003249375.4	1040	803.148	4	0.909517
XM_003249378.4	1526	1289.15	0	0
XM_003249379.4	706	471.425	1	0.387377
XM_003249382.4	1875	1638.15	104.507	11.6504
XM_003249393.4	1578	1341.15	15	2.0425
XM_003249397.4	3845	3608.15	0	0
XM_003249398.4	3209	2972.15	10	0.614435
XM_003249399.2	991	754.224	3	0.726386
XM_003249400.4	9679	9442.15	0	0
XM_003249403.4	3752	3515.15	27	1.40271
XM_003249406.4	2603	2366.15	9	0.69462
XM_003249407.4	1844	1607.15	90.5441	10.2885
XM_003249408.4	1292	1055.15	5	0.865373
XM_003249411.3	3653	3416.15	77	4.11624
XM_003249415.4	1880	1643.15	48	5.33471
XM_003249416.4	4311	4074.15	0	0
XM_003249423.4	2078	1841.15	1	0.0991877
XM_003249424.4	2744	2507.15	13	0.946912
XM_003249428.4	2273	2036.15	1	0.0896886
XM_003249429.3	807	571.277	0	0
XM_003249431.4	1600	1363.15	3	0.401906
XM_003249434.4	778	542.553	5	1.68296
XM_003249450.4	824	588.162	2.95923	0.918815
XM_003249451.4	816	580.22	3.04077	0.957057
XM_003249455.4	778	542.553	29	9.76118
XM_003249464.4	1324	1087.15	4.09469	0.687827
XM_003249467.4	5122	4885.15	65	2.42986
XM_003249471.4	3984	3747.15	6.68582	0.325837
XM_003249474.3	3195	2958.15	7	0.43214
XM_003249477.4	1540	1303.15	0.360115	0.0504655
XM_003249478.4	2375	2138.15	9.01869	0.770286
XM_003249481.4	918	681.652	1	0.267907
XM_003249483.4	3613	3376.15	21	1.13591
XM_003249489.4	4212	3975.15	30	1.37821
XM_003249490.4	1579	1342.15	11	1.49671
XM_003249498.4	983	746.224	4	0.978898
XM_003249509.4	1217	980.148	12	2.23582
XM_003249510.4	1942	1705.15	1.74117	0.186478
XM_003249512.4	2059	1822.15	29.9174	2.99838
XM_003249513.4	729	494.327	10	3.6943
XM_003249517.4	1856	1619.15	12	1.35345
XM_003249518.4	2061	1824.15	3.13813	0.314165
XM_003249519.4	1496	1259.15	1	0.145034
XM_003249520.4	2177	1940.15	9	0.847138
XM_003249526.4	1268	1031.15	0	0
XM_003249527.4	975	738.297	0	0
XM_003249528.4	1426	1189.15	12.8808	1.97812
XM_003249530.4	1233	996.148	2	0.366651
XM_003249533.3	2883	2646.15	14	0.966185
XM_003249537.4	2785	2548.15	7	0.501672
XM_003249539.4	1625	1388.15	0	0
XM_003249545.4	553	324.087	5	2.81744
XM_003249547.4	2326	2089.15	9	0.786719
XM_003249555.4	1489	1252.15	2	0.29169
XM_003249564.4	1692	1455.15	0	0
XM_003249565.4	763	527.713	23	7.95933
XM_003249567.4	7745	7508.15	51	1.24046
XM_003249571.4	1609	1372.15	0	0
XM_003249581.3	1191	954.148	6.10436	1.16835
XM_003249582.4	2517	2280.15	392.684	31.4504
XM_003249586.3	516	290.887	2	1.2556
XM_003249598.4	546	317.643	12	6.89904
XM_003249599.4	3659	3422.15	6.50598	0.347185
XM_003249602.4	793	557.333	1	0.327666
XM_003249607.4	1547	1310.15	0	0
XM_003249609.4	896	659.786	1	0.276785
XM_003249611.3	598	366.49	338	168.423
XM_003249612.4	2380	2143.15	32	2.72674
XM_003249613.4	1690	1453.15	318.312	40.0028
XM_003249614.4	995	758.224	0	0
XM_003249616.4	809	573.277	1.66848	0.531498
XM_003249617.3	2310	2073.15	11	0.968967
XM_003249618.3	1939	1702.15	3	0.321863
XM_003249619.4	3412	3175.15	8	0.460121
XM_003249622.4	1388	1151.15	2	0.317282
XM_003249623.4	4111	3874.15	48	2.26262
XM_003249625.4	4668	4431.15	3.35644	0.138328
XM_003249629.4	3775	3538.15	0	0
XM_003249630.4	3984	3747.15	1	0.0487355
XM_003249632.4	569	339.347	0	0
XM_003249633.4	2832	2595.15	69.1434	4.86558
XM_003249637.3	1258	1021.15	0	0
XM_003249640.4	644	411.011	8	3.55453
XM_003249641.4	1274	1037.15	45	7.92352
XM_003249642.4	1896	1659.15	0	0
XM_003249645.4	2144	1907.15	21	2.01086
XM_003249646.3	1904	1667.15	0	0
XM_003249651.4	2601	2364.15	13	1.00419
XM_003249657.4	1811	1574.15	0	0
XM_003249659.4	3733	3496.15	39.3319	2.05448
XM_003249662.4	3210	2973.15	0	0
XM_003249664.4	527	300.761	0	0
XM_003249671.4	2306	2069.15	1	0.0882582
XM_003249680.4	1425	1188.15	291	44.7269
XM_003249685.4	1974	1737.15	15	1.57689
XM_003249690.4	2727	2490.15	0	0
XM_003249696.4	1525	1288.15	0	0
XM_003249707.4	662	428.548	11	4.68748
XM_003249708.4	731	496.278	0	0
XM_003249713.4	822	586.162	6	1.86931
XM_003249719.3	924	687.652	5.78169	1.53544
XM_003249730.4	7944	7707.15	1.4609	0.0346158
XM_003249731.4	1414	1177.15	1	0.155137
XM_003249734.4	4159	3922.15	0	0
XM_003249736.4	5204	4967.15	0	0
XM_003249744.4	1195	958.148	6.94943	1.32453
XM_003249751.4	3672	3435.15	38.5969	2.05189
XM_003249754.4	2042	1805.15	2	0.202332
XM_003249756.4	1827	1590.15	0	0
XM_003249757.4	1036	799.148	0	0
XM_003249760.4	1963	1726.15	1	0.105796
XM_003249761.4	1990	1753.15	2.22369e-07	2.31634e-08
XM_003249771.4	2832	2595.15	58.2151	4.09656
XM_003249776.4	4220	3983.15	0	0
XM_003249777.4	2642	2405.15	27	2.05007
XM_003249782.4	913	676.72	6	1.61916
XM_003249786.4	1708	1471.15	6	0.744803
XM_003249792.4	1015	778.148	9	2.11216
XM_003249794.4	1426	1189.15	93.2587	14.3219
XM_003249795.4	1462	1225.15	7.74128	1.15391
XM_003249797.4	2183	1946.15	0	0
XM_003249804.4	1202	965.148	0	0
XM_003249805.4	1001	764.148	12	2.86781
XM_003249806.4	2904	2667.15	42.8115	2.9313
XM_003249823.4	1605	1368.15	1	0.133479
XM_003249827.4	5028	4791.15	7	0.266812
XM_003249829.4	2349	2112.15	0	0
XM_003249830.4	2804	2567.15	0	0
XM_003249831.4	2367	2130.15	5	0.428654
XM_003249832.3	1811	1574.15	2	0.232023
XM_003249834.4	2784	2547.15	17.6189	1.2632
XM_003249835.4	1790	1553.15	127.164	14.9519
XM_003249845.4	555	325.955	1	0.560259
XM_003249846.4	798	562.277	1.70448	0.553589
XM_003249847.4	3567	3330.15	14.2213	0.779868
XM_003249850.4	1467	1230.15	6	0.890718
XM_003249858.4	1460	1223.15	23	3.43396
XM_003249860.4	2194	1957.15	5	0.466544
XM_003249865.4	2760	2523.15	10	0.723775
XM_003249866.4	1937	1700.15	8	0.85931
XM_003249867.4	1496	1259.15	15.6267	2.2664
XM_003249869.4	2337	2100.15	34	2.95648
XM_003249872.4	3966	3729.15	3	0.146912
XM_003249875.4	3917	3680.15	13	0.645096
XM_003249876.4	1868	1631.15	0	0
XM_003249881.4	1640	1403.15	0.147541	0.0192024
XM_003249883.4	2126	1889.15	0.372585	0.0360168
XM_003249891.4	5576	5339.15	30	1.02611
XM_003249896.4	1069	832.148	0	0
XM_003249898.4	6013	5776.15	0	0
XM_003249899.4	4373	4136.15	291	12.8482
XM_003249902.3	884	647.786	0	0
XM_003249905.4	1982	1745.15	0	0
XM_003249919.4	1279	1042.15	3	0.5257
XM_003249925.4	1509	1272.15	0	0
XM_003249929.4	1481	1244.15	60	8.80695
XM_003249936.4	3582	3345.15	13	0.709699
XM_003249937.4	2209	1972.15	5	0.462996
XM_003249940.4	1966	1729.15	6	0.633674
XM_003249946.4	4015	3778.15	22.8287	1.10344
XM_003249947.4	1227	990.148	13	2.39767
XM_003249951.4	4195	3958.15	6.32896	0.292003
XM_003249957.4	1866	1629.15	3	0.336285
XM_003249958.4	866	629.915	3.84268	1.11403
XM_003249961.3	2168	1931.15	21	1.98587
XM_003249965.4	3046	2809.15	4	0.260035
XM_003249968.4	4581	4344.15	0.000802451	3.37334e-05
XM_003249970.4	515	290.037	10	6.29641
XM_003249975.4	852	616.102	11	3.26052
XM_003249995.4	2275	2038.15	0	0
XM_003249997.4	2590	2353.15	59.9167	4.64992
XM_003249999.4	2073	1836.15	0	0
XM_003250000.4	544	315.772	0	0
XM_003250002.4	1569	1332.15	0	0
XM_003250003.4	4055	3818.15	6	0.286976
XM_003250009.4	3890	3653.15	1.51826	0.0758972
XM_003250011.4	2556	2319.15	0	0
XM_003250013.4	1320	1083.15	2	0.337201
XM_003250026.3	869	632.915	3.40354	0.982047
XM_003250028.4	572	342.139	16	8.54011
XM_003250029.4	2188	1951.15	39	3.65024
XM_003250037.4	439	225.59	29	23.476
XM_003250043.4	1599	1362.15	2.14224	0.287203
XM_003250044.4	971	734.297	2	0.497398
XM_003250045.4	2260	2023.15	0	0
XM_003250050.4	2410	2173.15	3	0.252103
XM_003250054.3	6243	6006.15	31	0.942567
XM_003250055.4	2998	2761.15	6	0.396833
XM_003250059.4	2079	1842.15	13.187	1.30728
XM_003250060.4	3160	2923.15	27	1.68678
XM_003250061.4	3411	3174.15	12.9178	0.743202
XM_003250063.4	1137	900.148	17	3.44891
XM_003250066.4	3596	3359.15	0	0
XM_003250068.4	1453	1216.15	25	3.75405
XM_003250084.4	2922	2685.15	74	5.0328
XM_003250085.4	1025	788.148	0	0
XM_003250087.4	1849	1612.15	21	2.37882
XM_003250089.4	870	633.915	0	0
XM_003250091.4	515	290.037	894	562.899
XM_003250093.4	395	190.867	578	553.024
XM_003250097.4	4943	4706.15	0.00724511	0.000281142
XM_003250102.4	1679	1442.15	0	0
XM_003250103.4	1680	1443.15	1	0.126542
XM_003250107.4	544	315.772	4	2.3133
XM_003250111.4	594	362.675	9	4.53181
XM_003250115.4	6127	5890.15	17.8498	0.553418
XM_003250119.4	564	334.587	4	2.18322
XM_003250120.4	517	291.827	59.5366	37.2567
XM_003250121.4	1296	1059.15	8.65581	1.49244
XM_003250123.4	1921	1684.15	0	0
XM_003250137.4	821	585.162	121	37.7621
XM_003250143.4	1374	1137.15	6	0.963564
XM_003250144.4	6782	6545.15	155.261	4.332
XM_003250146.4	980	743.224	2	0.491425
XM_003250149.4	1118	881.148	11.8709	2.46027
XM_003250150.4	1227	990.148	1	0.184436
XM_003250168.4	2480	2243.15	47	3.82636
XM_003250175.4	832	596.102	11	3.36991
XM_003250181.4	2236	1999.15	0	0
XM_003250183.4	1597	1360.15	9	1.20838
XM_003250185.4	1226	989.148	0	0
XM_003250195.4	2333	2096.15	4.7609	0.414776
XM_003250211.4	2728	2491.15	0	0
XM_003250212.4	3066	2829.15	0	0
XM_003250213.4	2500	2263.15	2	0.161385
XM_003250215.4	3996	3759.15	0	0
XM_003250216.4	7955	7718.15	8	0.189288
XM_003250221.4	766	530.607	0	0
XM_003250222.4	2157	1920.15	15	1.4266
XM_003250223.4	560	330.722	2	1.10437
XM_003250229.4	1802	1565.15	3	0.350036
XM_003250236.3	2382	2145.15	4	0.340525
XM_003250238.4	3035	2798.15	5.06807	0.330764
XM_003250239.3	1015	778.148	4.69151	1.10102
XM_003250241.4	3020	2783.15	1.52272	0.0999148
XM_003250242.4	3134	2897.15	0	0
XM_003250245.4	1634	1397.15	0	0
XM_003250247.4	1802	1565.15	30.1954	3.52316
XM_003250248.4	1562	1325.15	23.8046	3.28052
XM_003250250.3	1004	767.148	2	0.476099
XM_003250253.4	2206	1969.15	0	0
XM_003250254.4	7893	7656.15	0.78141	0.0186387
XM_003250257.4	3496	3259.15	81.5219	4.5679
XM_003250259.4	1422	1185.15	0	0
XM_003250260.4	2106	1869.15	3	0.293106
XM_003250262.4	1384	1147.15	1	0.159194
XM_003250283.3	2169	1932.15	0	0
XM_003250287.4	1261	1024.15	7.06023	1.25893
XM_003250290.4	2443	2206.15	2	0.165555
XM_003250292.4	3214	2977.15	83.5289	5.12369
XM_003250296.4	1618	1381.15	30.5513	4.03958
XM_003250298.4	2345	2108.15	97.2442	8.42382
XM_003250301.4	649	415.804	8	3.51357
XM_003250303.4	1741	1504.15	0	0
XM_003250317.4	7378	7141.15	25	0.63932
XM_003250320.4	5478	5241.15	0	0
XM_003250323.4	10707	10470.1	237.096	4.13541
XM_003250328.4	3389	3152.15	38	2.20152
XM_003250331.3	1222	985.148	5.28594	0.979868
XM_003250338.4	1547	1310.15	20	2.78776
XM_003250339.4	1235	998.148	3	0.548874
XM_003250340.4	609	377.075	3.83912	1.8593
XM_003250344.4	2717	2480.15	32	2.35624
XM_003250346.4	1246	1009.15	0	0
XM_003250347.4	1146	909.148	0	0
XM_003250351.4	2296	2059.15	2	0.177374
XM_003250360.4	881	644.786	116	32.854
XM_003250367.4	1839	1602.15	11	1.25382
XM_003250369.4	3366	3129.15	3	0.175082
XM_003250370.4	1233	996.148	0	0
XM_003250371.4	1795	1558.15	19.8612	2.32778
XM_003250384.4	2293	2056.15	143	12.7007
XM_003250385.4	2031	1794.15	47.4825	4.83305
XM_003250386.4	520	294.465	14.4849	8.98314
XM_003250397.4	1455	1218.15	0	0
XM_003250399.4	4412	4175.15	11.4913	0.502626
XM_003250402.4	1057	820.148	9.37073	2.08654
XM_003250404.3	653	419.762	48	20.8826
XM_003250406.4	1311	1074.15	0	0
XM_003250417.4	4331	4094.15	73.2293	3.26639
XM_003250419.4	889	652.786	10	2.79753
XM_003250420.4	4578	4341.15	38.6374	1.62536
XM_003250421.4	3827	3590.15	14.4291	0.73396
XM_003250422.4	2937	2700.15	44.2998	2.99613
XM_003250424.4	2162	1925.15	0	0
XM_003250427.4	2362	2125.15	16	1.37492
XM_003250428.4	2965	2728.15	3	0.200817
XM_003250430.4	1096	859.148	0	0
XM_003250432.4	1080	843.148	1	0.216592
XM_003250433.3	575	345.104	40	21.1668
XM_003250439.4	654	420.762	3	1.30206
XM_003250440.4	1327	1090.15	4	0.670071
XM_003250442.4	986	749.224	0	0
XM_003250445.4	2663	2426.15	0	0
XM_003250447.4	2688	2451.15	0	0
XM_003250459.4	1933	1696.15	9	0.969003
XM_003250463.4	1429	1192.15	0	0
XM_003250464.4	4562	4325.15	0	0
XM_003250469.4	894	657.786	10	2.77627
XM_003250478.4	1673	1436.15	85.1952	10.8333
XM_003250481.4	2226	1989.15	41	3.76412
XM_003250482.4	1525	1288.15	5	0.708844
XM_003250483.4	6180	5943.15	127.032	3.90339
XM_003250484.4	2672	2435.15	27.1865	2.0388
XM_003250488.4	1684	1447.15	9	1.13573
XM_003250491.4	6566	6329.15	96.0032	2.77004
XM_003250494.4	1395	1158.15	0	0
XM_003250499.4	6050	5813.15	0	0
XM_003250503.4	572	342.139	2.09844	1.12005
XM_003250512.4	2917	2680.15	39	2.65737
XM_003250519.4	3978	3741.15	5	0.244068
XM_003250521.4	2996	2759.15	0	0
XM_003250530.4	5566	5329.15	32.1755	1.10259
XM_003250533.4	1458	1221.15	0	0
XM_003250541.4	2314	2077.15	16.9602	1.49111
XM_003250542.4	4895	4658.15	22	0.862493
XM_003250545.3	1123	886.148	7	1.44257
XM_003250547.4	2002	1765.15	0	0
XM_003250548.4	2082	1845.15	21.3197	2.11007
XM_003250549.4	2121	1884.15	0	0
XM_003250552.4	7258	7021.15	58.218	1.51424
XM_003250553.4	1105	868.148	11	2.3139
XM_003250555.4	910	673.72	0	0
XM_003250565.4	3920	3683.15	2.47292	0.122613
XM_003250566.4	4233	3996.15	24	1.09677
XM_003250567.4	1463	1226.15	4.07358	0.606708
XM_003250569.4	830	594.102	0	0
XM_003250580.4	1622	1385.15	3	0.395523
XM_003250582.4	5047	4810.15	0.00124327	4.72013e-05
XM_003250585.4	994	757.224	7	1.68819
XM_003250586.4	961	724.297	0	0
XM_003250600.4	999	762.148	9	2.1565
XM_003250611.3	1372	1135.15	1	0.160877
XM_003250612.4	1971	1734.15	2	0.210615
XM_003250614.4	4046	3809.15	3	0.143827
XM_003250619.4	1340	1103.15	1075	177.96
XM_003250627.4	1277	1040.15	13	2.28242
XM_003250634.4	2285	2048.15	110	9.80794
XM_003250636.3	2893	2656.15	6	0.41252
XM_003250637.4	7934	7697.15	12.9806	0.307973
XM_003250646.4	1132	895.148	4.45102	0.908053
XM_003250647.4	1235	998.148	0	0
XM_003250649.4	2948	2711.15	157.707	10.6229
XM_003250654.4	486	264.853	46.1052	31.7902
XM_003250655.4	479	258.836	4.51291	3.18403
XM_003250660.4	1451	1214.15	1	0.150409
XM_003250661.4	2002	1765.15	0	0
XM_003250667.4	1233	996.148	0	0
XM_003250668.4	2241	2004.15	7	0.637844
XM_003250678.4	1418	1181.15	0	0
XM_003250690.4	2200	1963.15	1	0.0930237
XM_003250692.4	2974	2737.15	7	0.467032
XM_003250702.4	1739	1502.15	0	0
XM_003250703.4	1867	1630.15	0	0
XM_003250706.4	1665	1428.15	0	0
XM_003250709.4	1681	1444.15	0	0
XM_003250717.3	1848	1611.15	0	0
XM_003250719.4	1198	961.148	0	0
XM_003250721.4	1647	1410.15	0	0
XM_003250726.4	6509	6272.15	61.2792	1.7842
XM_003250728.4	2324	2087.15	0	0
XM_003250729.4	2254	2017.15	1	0.0905334
XM_003250732.4	3448	3211.15	3	0.170611
XM_003250734.4	1923	1686.15	6	0.649833
XM_003250737.4	3029	2792.15	0	0
XM_003250744.4	724	489.327	0	0
XM_003250748.4	1808	1571.15	0	0
XM_003250751.4	1403	1166.15	178	27.8749
XM_003250752.4	2998	2761.15	82	5.42339
XM_003250753.4	1929	1692.15	7	0.755451
XM_003250762.4	1851	1614.15	14.6741	1.66017
XM_003250765.4	1105	868.148	0	0
XM_003250766.4	1498	1261.15	127	18.3901
XM_003250771.4	3677	3440.15	1.61011	0.085472
XM_003250773.4	1101	864.148	0	0
XM_003250774.4	1106	869.148	0	0
XM_003250778.4	1571	1334.15	5	0.684404
XM_003250783.4	549	320.48	15	8.54745
XM_003250786.4	687	452.796	8.77826	3.5404
XM_003250812.4	3360	3123.15	93.9274	5.4922
XM_003250814.4	6553	6316.15	62.431	1.80507
XM_003250817.4	2734	2497.15	0.000791901	5.79126e-05
XM_003250818.4	2653	2416.15	163.721	12.3745
XM_003250827.4	3313	3076.15	11	0.653028
XM_003250828.4	2529	2292.15	5	0.398358
XM_003250835.3	756	520.871	18	6.31087
XM_003250836.4	2782	2545.15	36	2.58307
XM_003250841.4	1801	1564.15	4.42237	0.516326
XM_003250842.3	3014	2777.15	0	0
XM_003250845.4	2715	2478.15	54.6646	4.02833
XM_003250847.2	1325	1088.15	4	0.671303
XM_003250848.4	1017	780.148	30.1544	7.05863
XM_003250850.4	1124	887.148	8.84557	1.82086
XM_003250851.4	2991	2754.15	13	0.861991
XM_003250856.4	9429	9192.15	144.6	2.87275
XM_003250858.4	4156	3919.15	25.2504	1.17658
XM_003250871.4	4659	4422.15	0	0
XM_003250880.4	5526	5289.15	95	3.28008
XM_003250885.4	1059	822.148	2	0.444249
XM_003250886.4	7751	7514.15	10.7115	0.260327
XM_003250893.4	1151	914.148	0	0
XM_003250894.4	1301	1064.15	0	0
XM_003250895.4	1620	1383.15	0	0
XM_003250899.4	1450	1213.15	0	0
XM_003250903.4	5430	5193.15	0	0
XM_003250905.4	306	124.664	239	350.109
XM_003250913.4	4841	4604.15	11.5566	0.458383
XM_003250915.4	2815	2578.15	11	0.779168
XM_003250916.4	1602	1365.15	41.7462	5.58449
XM_003250921.4	1302	1065.15	1	0.17145
XM_003250926.4	1502	1265.15	4.10762	0.592919
XM_003250928.4	1247	1010.15	61.8192	11.176
XM_003250932.4	1757	1520.15	40	4.8053
XM_003250934.4	3532	3295.15	7.88	0.436714
XM_003250939.4	975	738.297	0	0
XM_003250940.4	3552	3315.15	0.00163628	9.01363e-05
XM_003250942.4	5384	5147.15	0	0
XM_003250943.4	5555	5318.15	63.0341	2.16452
XM_003250944.4	2021	1784.15	1.43663	0.147049
XM_003250945.4	1120	883.148	23	4.75599
XM_003250948.4	662	428.548	0	0
XM_003250952.4	4959	4722.15	378	14.6184
XM_003250953.4	887	650.786	2	0.561226
XM_003250957.4	2537	2300.15	0	0
XM_003250964.4	1267	1030.15	0	0
XM_003250979.4	2360	2123.15	1	0.0860134
XM_003250985.4	2627	2390.15	7.22237	0.551825
XM_003250986.4	2706	2469.15	6.6655	0.492983
XM_003250988.4	5167	4930.15	634	23.4842
XM_003250994.4	3283	3046.15	22.9295	1.37465
XM_003251016.4	708	473.425	0	0
XM_003251017.4	3928	3691.15	40	1.979
XM_003251023.3	1622	1385.15	0	0
XM_003251024.4	3197	2960.15	29.4705	1.81811
XM_003251028.4	738	503.227	7	2.54027
XM_003251031.4	2293	2056.15	0	0
XM_003251035.4	908	671.72	0	0
XM_003251037.3	644	411.011	23	10.2193
XM_003251040.4	1444	1207.15	0	0
XM_003251041.4	1925	1688.15	0	0
XM_003251043.4	1506	1269.15	12.0031	1.72714
XM_003251050.4	3379	3142.15	37	2.15041
XM_003251051.4	1188	951.148	0	0
XM_003251052.4	1245	1008.15	0	0
XM_003251054.4	5351	5114.15	1.11145e-05	3.96885e-07
XM_003251058.4	1922	1685.15	11.126	1.20573
XM_003251062.4	1109	872.148	7	1.46573
XM_003251063.4	1099	862.148	10	2.11819
XM_003251064.4	2140	1903.15	7.58226	0.727566
XM_003251065.4	1049	812.148	2	0.449719
XM_003251068.4	12565	12328.1	0	0
XM_003251072.3	2742	2505.15	4	0.29159
XM_003251073.4	1021	784.148	0	0
XM_003251077.4	1672	1435.15	6	0.763486
XM_003251081.4	3488	3251.15	0	0
XM_003251083.4	1004	767.148	4.62011	1.09982
XM_003251085.4	1022	785.148	0	0
XM_003251086.4	1079	842.148	5	1.08425
XM_003251098.4	4995	4758.15	41	1.57359
XM_003251100.4	2358	2121.15	0	0
XM_003251101.4	2450	2213.15	4.79246	0.395452
XM_003251102.4	557	327.755	214	119.237
XM_003251104.4	1082	845.148	9.87081	2.13288
XM_003251105.3	1031	794.148	2.48829	0.572198
XM_003251107.3	916	679.72	84.0201	22.5735
XM_003251108.2	621	388.575	15.9799	7.5101
XM_003251110.4	5729	5492.15	23.6889	0.78768
XM_003251114.3	3308	3071.15	3	0.178389
XM_003251117.4	3750	3513.15	48	2.49512
XM_003251119.4	496	273.566	8.24625	5.50479
XM_003251121.4	3940	3703.15	52.2181	2.57512
XM_003251133.4	1838	1601.15	0	0
XM_003251140.4	1620	1383.15	0	0
XM_003251145.4	4696	4459.15	52.7743	2.16131
XM_003251147.4	8512	8275.15	527.688	11.6452
XM_003251149.4	2080	1843.15	0.000923767	9.15269e-05
XM_003251153.4	1621	1384.15	0	0
XM_003251155.4	2708	2471.15	0	0
XM_003251156.4	1317	1080.15	2	0.338137
XM_003251159.4	2208	1971.15	0	0
XM_003251160.4	6237	6000.15	0	0
XM_003251162.4	3103	2866.15	86.5422	5.51412
XM_003251165.4	5106	4869.15	0	0
XM_003251166.4	741	506.126	13	4.69063
XM_003251169.3	2241	2004.15	13	1.18457
XM_003251173.4	468	249.142	7	5.13095
XM_003251175.4	2546	2309.15	0.210639	0.0166584
XM_003251176.4	8581	8344.15	60.9556	1.33407
XM_003251177.4	915	678.72	5	1.34532
XM_003251179.4	1058	821.148	42	9.34059
XM_003251188.4	623	390.575	0	0
XM_003251191.4	1881	1644.15	0	0
XM_003251193.4	805	569.277	0	0
XM_003251195.4	2560	2323.15	0	0
XM_003251197.3	1270	1033.15	2	0.35352
XM_003251198.4	1297	1060.15	13	2.23936
XM_003251199.4	5135	4898.15	0	0
XM_003251212.4	1473	1236.15	44.6595	6.59766
XM_003251218.4	2764	2527.15	4	0.289052
XM_003251219.4	2586	2349.15	1.31429	0.102171
XM_003251222.4	1229	992.148	6.00199	1.10475
XM_003251228.4	1065	828.148	0	0
XM_003251233.3	794	558.277	7	2.28978
XM_003251235.4	6782	6545.15	0	0
XM_003251236.4	889	652.786	0	0
XM_003251238.4	2377	2140.15	0.97546	0.0832361
XM_003251239.4	2893	2656.15	79	5.43152
XM_003251240.4	1995	1758.15	0	0
XM_003251241.4	705	470.425	4.77931	1.85533
XM_003251245.4	7021	6784.15	0	0
XM_003251248.4	3028	2791.15	110.177	7.20863
XM_003251250.4	1151	914.148	7	1.39839
XM_003251251.4	1249	1012.15	5	0.902137
XM_003251266.4	6890	6653.15	0	0
XM_003251267.4	2041	1804.15	3	0.303666
XM_003251269.4	9354	9117.15	0	0
XM_003251272.3	1322	1085.15	2.0138e-08	3.38901e-09
XM_003251277.4	5280	5043.15	3	0.108634
XM_003251279.4	1246	1009.15	81.4068	14.7317
XM_003251284.4	697	462.612	0	0
XM_003251286.4	5147	4910.15	75.1455	2.79483
XM_003251294.3	675	441.199	5	2.06958
XM_003251295.4	1611	1374.15	0	0
XM_003251296.4	1648	1411.15	11	1.42353
XM_003251299.4	6656	6419.15	10	0.284491
XM_003251304.4	1126	889.148	18	3.69696
XM_003251305.4	2001	1764.15	16	1.65627
XM_003251306.4	1435	1198.15	2	0.304836
XM_003251319.2	835	599.102	4.18595	1.27597
XM_003251337.4	808	572.277	26	8.29685
XM_003251341.4	5441	5204.15	99.9602	3.50771
XM_003251346.4	1077	840.148	12	2.60839
XM_003251347.4	967	730.297	4	1.00025
XM_003251351.4	5688	5451.15	32.0523	1.07378
XM_003251352.4	942	705.582	0	0
XM_003251353.4	2690	2453.15	0.00975316	0.000726053
XM_003251355.4	534	307.013	3	1.78448
XM_003251358.4	527	300.761	8	4.85752
XM_003251362.4	4349	4112.15	0	0
XM_003251365.3	1486	1249.15	2	0.29239
XM_003251369.4	2089	1852.15	0	0
XM_003251370.4	1384	1147.15	3.47156	0.552651
XM_003251372.4	1174	937.148	27	5.26141
XM_003251375.4	2192	1955.15	0	0
XM_003251379.4	1692	1455.15	0.495885	0.062233
XM_003251381.4	1606	1369.15	0	0
XM_003251387.4	5322	5085.15	7.56962	0.271842
XM_003251395.4	899	662.72	14	3.85784
XM_003251397.4	1618	1381.15	2	0.264446
XM_003251399.4	2493	2256.15	7	0.5666
XM_003251401.4	1481	1244.15	35	5.13739
XM_003251413.4	1269	1032.15	0	0
XM_003251416.4	1470	1233.15	606.69	89.8459
XM_003251422.4	601	369.416	0	0
XM_003251423.4	840	604.102	8	2.41839
XM_003251434.4	1530	1293.15	3	0.423662
XM_003251438.4	419	209.641	0	0
XM_003251441.4	895	658.786	2	0.554411
XM_003251446.4	1455	1218.15	0	0
XM_003251455.4	2262	2025.15	290.625	26.2073
XM_003251456.4	1256	1019.15	4.33278	0.776383
XM_003251457.4	1861	1624.15	0	0
XM_003251458.4	1134	897.148	18	3.664
XM_003251462.4	4484	4247.15	84	3.61184
XM_003251463.4	3875	3638.15	18.8126	0.94431
XM_003251483.3	1855	1618.15	0	0
XM_003251485.4	1760	1523.15	4	0.479584
XM_003251489.4	626	393.456	7.75902	3.60128
XM_003251492.4	1366	1129.15	8	1.29386
XM_003251496.4	3024	2787.15	0	0
XM_003251498.4	1806	1569.15	10.9889	1.2789
XM_003251509.4	1680	1443.15	2	0.253085
XM_003251510.4	2770	2533.15	24.4446	1.76226
XM_003251514.4	5280	5043.15	27.0795	0.980586
XM_003251520.3	1709	1472.15	4.89548	0.607282
XM_003251524.4	602	370.378	16	7.88898
XM_003251528.4	2356	2119.15	175.294	15.1061
XM_003251532.4	1224	987.148	0	0
XM_003251533.4	1858	1621.15	25	2.8162
XM_003251536.4	5715	5478.15	15	0.500039
XM_003251541.4	814	578.22	130	41.0579
XM_003251544.4	2216	1979.15	0	0
XM_003251545.4	741	506.126	29.5521	10.6629
XM_003251546.4	1540	1303.15	3	0.420411
XM_003251548.4	2869	2632.15	0	0
XM_003251552.4	2763	2526.15	17	1.22896
XM_003251553.4	2234	1997.15	26.3468	2.40915
XM_003251564.4	1193	956.148	0	0
XM_003251565.4	603	371.341	5	2.45891
XM_003251570.4	500	276.853	4	2.6385
XM_003251571.4	545	316.675	13	7.49679
XM_003251575.4	1273	1036.15	12	2.11498
XM_003251576.4	542	314.093	50	29.0708
XM_003251578.4	913	676.72	35	9.44507
XM_003251579.4	851	615.102	61	18.1104
XM_003251582.4	2958	2721.15	0	0
XM_003251590.4	1787	1550.15	4	0.47123
XM_003251592.4	3420	3183.15	8	0.458965
XM_003251597.4	4698	4461.15	0	0
XM_003251603.3	1823	1586.15	2	0.230268
XM_003251604.4	3788	3551.15	40	2.05702
XM_003251614.4	2054	1817.15	0	0
XM_003251622.4	1215	978.148	0	0
XM_003251623.4	3307	3070.15	120	7.13787
XM_003251626.4	4218	3981.15	1	0.045871
XM_003251627.3	2011	1774.15	33.2347	3.42096
XM_003251628.3	2108	1871.15	0	0
XM_003251631.4	1746	1509.15	0	0
XM_003251642.4	5500	5263.15	0	0
XM_003251651.4	2190	1953.15	0	0
XM_003251652.4	5642	5405.15	83.1473	2.80923
XM_003251658.4	3264	3027.15	1.04868e-08	6.32637e-10
XM_003251659.4	728	493.327	1.80945	0.66982
XM_003251660.4	640	407.052	4.36835	1.95981
XM_003251665.4	1570	1333.15	0	0
XM_003251666.4	4782	4545.15	4.13256	0.166042
XM_003251670.4	3197	2960.15	27	1.6657
XM_003251673.4	4614	4377.15	0	0
XM_003251677.4	6145	5908.15	8	0.247278
XM_003251680.3	2708	2471.15	9	0.665105
XM_003251682.4	3729	3492.15	0	0
XM_003251689.4	1389	1152.15	53	8.40067
XM_003251690.4	423	212.807	16	13.7303
XM_003251691.4	975	738.297	10	2.47352
XM_003251693.4	1038	801.148	29	6.61046
XM_003251696.4	997	760.148	0	0
XM_003251702.4	3358	3121.15	22	1.28723
XM_003251706.4	6044	5807.15	22.4527	0.706077
XM_003251709.4	4297	4060.15	54.7371	2.46199
XM_003251710.4	890	653.786	17	4.74853
XM_003251721.4	1883	1646.15	18	1.99687
XM_003251722.4	7043	6806.15	19	0.509799
XM_003251723.4	4645	4408.15	3	0.124283
XM_003251724.4	2580	2343.15	18	1.40287
XM_003251731.4	645	411.887	3235	1434.31
XM_003251734.4	5247	5010.15	213	7.76382
XM_003251740.3	5813	5576.15	86.5458	2.83438
XM_003251743.4	648	414.804	0	0
XM_003251744.3	3321	3084.15	3	0.177637
XM_003251746.4	5250	5013.15	49.3388	1.79732
XM_003251751.4	1422	1185.15	5	0.770449
XM_003251753.4	756	520.871	0	0
XM_003251763.4	3299	3062.15	11	0.656014
XM_003251766.4	604	372.341	0	0
XM_003251769.4	1021	784.148	0	0
XM_003251771.4	3775	3538.15	98	5.05821
XM_003251775.4	9436	9199.15	133.251	2.64527
XM_003251776.4	1804	1567.15	10	1.1653
XM_003251780.4	2268	2031.15	48	4.31565
XM_003251785.4	814	578.22	4	1.26332
XM_003251788.4	7040	6803.15	7.82606e-06	2.10078e-07
XM_003251791.3	2432	2195.15	0	0
XM_003251800.4	811	575.22	0	0
XM_003251802.3	2133	1896.15	96	9.24582
XM_003251812.4	1174	937.148	42	8.18441
XM_003251817.4	1148	911.148	0	0
XM_003251822.4	1048	811.148	26	5.85356
XM_003251823.4	3959	3722.15	34	1.66814
XM_003251834.4	1501	1264.15	1	0.14446
XM_003251837.4	3228	2991.15	26	1.58738
XM_003251842.4	573	343.139	232	123.471
XM_003251850.4	4129	3892.15	33	1.54836
XM_003251854.4	616	383.769	19	9.04128
XM_003251858.4	1050	813.148	0	0
XM_003251859.4	5157	4920.15	6	0.2227
XM_003251860.4	1470	1233.15	0	0
XM_003251867.4	480	259.538	4	2.81453
XM_003251873.4	1431	1194.15	9	1.37636
XM_003251881.4	1038	801.148	9.69888	2.21083
XM_003251882.4	5271	5034.15	3.57012	0.12951
XM_003251885.4	574	344.104	0	0
XM_003251895.4	1618	1381.15	8	1.05778
XM_006557207.3	1528	1291.15	0	0
XM_006557208.3	1225	988.148	3.6475	0.674093
XM_006557212.2	2043	1806.15	0	0
XM_006557213.3	2047	1810.15	0	0
XM_006557214.2	2115	1878.15	0	0
XM_006557215.3	624	391.496	0	0
XM_006557216.3	2797	2560.15	63.6373	4.53934
XM_006557221.3	3610	3373.15	2	0.108278
XM_006557222.3	2420	2183.15	0	0
XM_006557224.3	2754	2517.15	1	0.07255
XM_006557225.3	1124	887.148	0	0
XM_006557226.2	2997	2760.15	274	18.1286
XM_006557237.3	3299	3062.15	10.2498	0.611276
XM_006557238.3	2902	2665.15	0	0
XM_006557239.3	2885	2648.15	0	0
XM_006557240.3	2439	2202.15	8.89707e-07	7.37814e-08
XM_006557250.3	5642	5405.15	16.926	0.571864
XM_006557253.3	2476	2239.15	178.375	14.5478
XM_006557254.2	3278	3041.15	49.2342	2.95649
XM_006557255.3	2326	2089.15	1.05082	0.0918559
XM_006557256.3	2323	2086.15	4.34019	0.379936
XM_006557257.3	1917	1680.15	15.2932	1.66225
XM_006557258.3	1856	1619.15	2.70681	0.305294
XM_006557259.3	1285	1048.15	0	0
XM_006557260.3	1907	1670.15	7	0.765402
XM_006557261.3	3865	3628.15	11	0.553674
XM_006557262.3	4967	4730.15	15.9999	0.617717
XM_006557264.3	3990	3753.15	0	0
XM_006557265.2	1625	1388.15	4.99999	0.657779
XM_006557266.3	1644	1407.15	7.44242e-06	9.65875e-07
XM_006557267.3	6704	6467.15	40	1.12952
XM_006557268.3	1428	1191.15	3	0.459941
XM_006557269.3	4644	4407.15	32.8516	1.36127
XM_006557270.3	4605	4368.15	0	0
XM_006557271.3	7128	6891.15	90.596	2.40084
XM_006557272.3	7052	6815.15	46.2557	1.23947
XM_006557274.3	4519	4282.15	7.1378	0.304403
XM_006557275.3	3963	3726.15	0	0
XM_006557279.3	2166	1929.15	2.83822	0.268675
XM_006557283.3	441	227.347	0	0
XM_006557284.3	1029	792.148	10.6011	2.44395
XM_006557285.3	4125	3888.15	0	0
XM_006557286.2	4018	3781.15	16.0513	0.775233
XM_006557288.3	3345	3108.15	0	0
XM_006557289.3	1806	1569.15	149.483	17.397
XM_006557291.3	1687	1450.15	30.5605	3.84853
XM_006557292.3	1565	1328.15	2.13814	0.293993
XM_006557293.3	1595	1358.15	8.55714	1.15061
XM_006557296.3	487	265.714	5	3.43639
XM_006557299.3	2226	1989.15	14	1.28531
XM_006557300.3	2057	1820.15	0	0
XM_006557302.3	1319	1082.15	0	0
XM_006557303.3	2033	1796.15	2.44796	0.248891
XM_006557304.3	1634	1397.15	16.7243	2.186
XM_006557305.3	2017	1780.15	0	0
XM_006557306.3	1618	1381.15	5.46218	0.722225
XM_006557310.3	4705	4468.15	23.1098	0.94453
XM_006557311.3	4695	4458.15	4.53343e-05	1.85703e-06
XM_006557312.3	4351	4114.15	222.49	9.87589
XM_006557316.3	2314	2077.15	3.28047	0.288413
XM_006557318.3	4216	3979.15	5.83519	0.2678
XM_006557319.3	4204	3967.15	5.86923	0.270178
XM_006557322.3	3313	3076.15	5.49703	0.326338
XM_006557328.3	626	393.456	0	0
XM_006557331.3	3873	3636.15	90.4958	4.54499
XM_006557332.1	1230	993.148	13	2.39043
XM_006557334.3	1124	887.148	26	5.35209
XM_006557335.3	7020	6783.15	0.0231064	0.000622081
XM_006557336.3	2071	1834.15	2.13216	0.212291
XM_006557337.3	2516	2279.15	0	0
XM_006557338.3	2423	2186.15	9.45974	0.790217
XM_006557339.3	2587	2350.15	0	0
XM_006557340.3	2492	2255.15	4.54026	0.367665
XM_006557341.3	4390	4153.15	66.7051	2.93311
XM_006557342.3	1322	1085.15	0	0
XM_006557343.3	1708	1471.15	3.57943	0.444329
XM_006557344.3	1297	1060.15	7.42057	1.27825
XM_006557345.3	1354	1117.15	21.8476	3.5714
XM_006557346.2	3031	2794.15	4.11608	0.269018
XM_006557347.2	3031	2794.15	0	0
XM_006557350.3	1999	1762.15	27.017	2.79989
XM_006557351.3	1907	1670.15	9.88869	1.08126
XM_006557352.3	1408	1171.15	4.30236	0.670875
XM_006557354.2	3327	3090.15	11	0.650069
XM_006557355.2	2938	2701.15	0	0
XM_006557357.3	2665	2428.15	14.6756	1.10374
XM_006557358.3	1684	1447.15	70.7344	8.92614
XM_006557359.3	1532	1295.15	30.4131	4.28833
XM_006557369.3	5530	5293.15	47.2774	1.63112
XM_006557372.3	4161	3924.15	38.0496	1.77072
XM_006557374.3	1791	1554.15	1	0.117504
XM_006557376.3	3214	2977.15	0	0
XM_006557379.3	2870	2633.15	6.28152	0.435648
XM_006557380.3	3009	2772.15	0	0
XM_006557381.3	2940	2703.15	2.93307	0.198152
XM_006557382.3	4454	4217.15	11.6896	0.506206
XM_006557383.3	3106	2869.15	0	0
XM_006557384.3	4248	4011.15	103.674	4.72004
XM_006557385.3	3942	3705.15	19.3948	0.955932
XM_006557386.3	2769	2532.15	0	0
XM_006557387.3	519	293.616	0	0
XM_006557388.1	2262	2025.15	0	0
XM_006557389.3	2131	1894.15	0	0
XM_006557391.3	2797	2560.15	10.4986	0.748879
XM_006557392.2	5269	5032.15	67	2.43146
XM_006557400.3	1761	1524.15	0	0
XM_006557404.3	4189	3952.15	116.99	5.4058
XM_006557405.3	4225	3988.15	35.1086	1.60764
XM_006557406.3	4099	3862.15	0	0
XM_006557412.3	3443	3206.15	118.611	6.75599
XM_006557413.3	3205	2968.15	0	0
XM_006557415.3	3605	3368.15	0	0
XM_006557416.3	3362	3125.15	2	0.116871
XM_006557417.3	3253	3016.15	0	0
XM_006557418.3	3236	2999.15	0	0
XM_006557420.1	2674	2437.15	40	2.99726
XM_006557421.3	3253	3016.15	1	0.0605472
XM_006557423.3	2255	2018.15	1	0.0904885
XM_006557424.3	871	634.915	0	0
XM_006557425.3	1371	1134.15	15	2.41528
XM_006557427.3	2361	2124.15	15	1.28959
XM_006557429.3	2763	2526.15	0	0
XM_006557430.3	2768	2531.15	11.6108	0.837703
XM_006557432.3	2753	2516.15	12.0843	0.877064
XM_006557433.3	972	735.297	21	5.21558
XM_006557436.3	2986	2749.15	6.13059	0.40724
XM_006557437.3	2989	2752.15	11.5605	0.767102
XM_006557439.3	2983	2746.15	0	0
XM_006557440.3	2858	2621.15	5.30564	0.369651
XM_006557441.3	3159	2922.15	5.6425	0.352627
XM_006557442.3	8958	8721.15	0	0
XM_006557447.3	1265	1028.15	1	0.17762
XM_006557448.3	850	614.102	10	2.97376
XM_006557449.3	3935	3698.15	5	0.246906
XM_006557452.1	1383	1146.15	2.43573	0.388093
XM_006557453.3	1411	1174.15	4.05025	0.62995
XM_006557455.3	2882	2645.15	0	0
XM_006557461.3	4570	4333.15	36.3482	1.53188
XM_006557462.3	4421	4184.15	11.8779	0.518418
XM_006557464.2	1514	1277.15	20	2.8598
XM_006557465.3	2930	2693.15	0	0
XM_006557466.2	2577	2340.15	0	0
XM_006557467.3	2430	2193.15	2.93554	0.244437
XM_006557468.2	2430	2193.15	2.93554	0.244437
XM_006557469.3	2888	2651.15	0	0
XM_006557471.3	3003	2766.15	0	0
XM_006557472.3	2977	2740.15	0	0
XM_006557473.3	3905	3668.15	48	2.38969
XM_006557479.3	405	198.514	31.7442	29.2025
XM_006557480.3	414	205.808	8.14295	7.22546
XM_006557481.3	369	170.944	19.6844	21.0288
XM_006557482.3	390	187.171	20.4284	19.9316
XM_006557484.3	1468	1231.15	0	0
XM_006557485.3	1345	1108.15	26.8612	4.42665
XM_006557486.3	2322	2085.15	57.9829	5.07819
XM_006557487.3	2293	2056.15	31.6597	2.81189
XM_006557488.3	2170	1933.15	79.7188	7.53082
XM_006557489.3	2297	2060.15	0	0
XM_006557491.3	565	335.553	133	72.3832
XM_006557492.3	1416	1179.15	0	0
XM_006557495.3	2579	2342.15	5.93292e-06	4.62595e-07
XM_006557496.3	2545	2308.15	11	0.870313
XM_006557497.3	2321	2084.15	0	0
XM_006557498.3	6741	6504.15	0.000766543	2.15225e-05
XM_006557500.3	7393	7156.15	0	0
XM_006557502.3	6831	6594.15	123.999	3.43405
XM_006557503.3	1056	819.148	145	32.326
XM_006557504.3	7986	7749.15	65.7366	1.54917
XM_006557509.3	2796	2559.15	6	0.428156
XM_006557510.3	2984	2747.15	0	0
XM_006557512.3	3119	2882.15	0	0
XM_006557516.3	4838	4601.15	10.3808	0.412013
XM_006557517.3	4893	4656.15	34.6192	1.3578
XM_006557519.3	1885	1648.15	0.994493	0.110192
XM_006557520.3	1882	1645.15	6.00551	0.66664
XM_006557523.3	4628	4391.15	100.679	4.18706
XM_006557524.3	4806	4569.15	27.4513	1.09717
XM_006557525.2	4773	4536.15	0	0
XM_006557526.2	4951	4714.15	0	0
XM_006557531.3	1548	1311.15	0	0
XM_006557533.3	2087	1850.15	2	0.19741
XM_006557535.3	1248	1011.15	0	0
XM_006557536.3	2295	2058.15	1.35957	0.120635
XM_006557542.3	1230	993.148	0	0
XM_006557543.3	1194	957.148	14.0757	2.68558
XM_006557544.3	1269	1032.15	0	0
XM_006557545.3	1233	996.148	0	0
XM_006557547.3	835	599.102	0	0
XM_006557549.3	743	508.076	0	0
XM_006557551.3	2000	1763.15	0	0
XM_006557552.3	1934	1697.15	0	0
XM_006557553.3	1429	1192.15	0	0
XM_006557554.3	1976	1739.15	0	0
XM_006557555.3	1419	1182.15	21.7771	3.36415
XM_006557556.3	4857	4620.15	27.1379	1.07267
XM_006557557.3	5030	4793.15	45.5201	1.73432
XM_006557558.3	5000	4763.15	3.22732e-06	1.23736e-07
XM_006557559.3	2667	2430.15	4.9239	0.370018
XM_006557560.3	2375	2138.15	3.0761	0.26273
XM_006557563.3	1108	871.148	0	0
XM_006557564.3	1059	822.148	3	0.666374
XM_006557566.3	1147	910.148	0	0
XM_006557572.3	2751	2514.15	22.1835	1.61133
XM_006557574.3	2715	2478.15	9.81652	0.723397
XM_006557581.3	1982	1745.15	3.14367	0.328967
XM_006557582.3	4805	4568.15	76.1546	3.04441
XM_006557583.3	4922	4685.15	10.6747	0.416083
XM_006557584.3	4886	4649.15	250.481	9.83891
XM_006557585.3	4609	4372.15	4.35602	0.181945
XM_006557587.3	2859	2622.15	0	0
XM_006557588.3	2875	2638.15	7.33813	0.507964
XM_006557589.3	1539	1302.15	1	0.140245
XM_006557590.3	1108	871.148	1	0.209631
XM_006557591.3	1361	1124.15	1.54476	0.250949
XM_006557596.3	4003	3766.15	0	0
XM_006557597.3	3985	3748.15	0	0
XM_006557599.3	3988	3751.15	0	0
XM_006557600.3	3985	3748.15	0	0
XM_006557605.3	3927	3690.15	0	0
XM_006557606.3	3912	3675.15	0	0
XM_006557607.3	3908	3671.15	0	0
XM_006557611.3	3785	3548.15	1.99396e-06	1.02627e-07
XM_006557612.3	4334	4097.15	0	0
XM_006557613.3	5179	4942.15	0	0
XM_006557614.3	4513	4276.15	5.53874	0.23654
XM_006557621.3	5834	5597.15	57.2857	1.86907
XM_006557623.3	6032	5795.15	0	0
XM_006557624.3	6029	5792.15	86.8917	2.73959
XM_006557625.3	6017	5780.15	0	0
XM_006557630.3	6077	5840.15	33.7037	1.0539
XM_006557633.3	3421	3184.15	13.3376	0.764944
XM_006557634.2	2421	2184.15	28.2127	2.3589
XM_006557635.3	1978	1741.15	8.78929e-05	9.21859e-06
XM_006557637.3	2335	2098.15	0.000315663	2.74747e-05
XM_006557638.3	2320	2083.15	154.427	13.5378
XM_006557639.3	2318	2081.15	75.0785	6.58808
XM_006557640.3	2020	1783.15	6.47669e-06	6.63303e-07
XM_006557641.3	2003	1766.15	14.2811	1.47666
XM_006557645.3	680	445.977	286	117.112
XM_006557646.3	2137	1900.15	0	0
XM_006557647.2	1240	1003.15	0	0
XM_006557648.3	970	733.297	2.99894	0.74685
XM_006557649.3	976	739.224	0.00106354	0.000262739
XM_006557650.3	1091	854.148	0	0
XM_006557651.3	844	608.102	0	0
XM_006557655.3	1360	1123.15	0	0
XM_006557657.3	3514	3277.15	0	0
XM_006557660.3	2951	2714.15	0	0
XM_006557665.3	2681	2444.15	0	0
XM_006557667.3	2724	2487.15	0	0
XM_006557668.3	2535	2298.15	0	0
XM_006557669.3	2812	2575.15	15.9999	1.13465
XM_006557671.3	3869	3632.15	6	0.301671
XM_006557672.3	2417	2180.15	0	0
XM_006557673.3	9046	8809.15	138	2.86083
XM_006557674.3	3650	3413.15	0	0
XM_006557675.3	2796	2559.15	0	0
XM_006557676.3	2032	1795.15	0	0
XM_006557677.3	2265	2028.15	20.6495	1.85933
XM_006557678.3	2049	1812.15	0	0
XM_006557679.3	1459	1222.15	2.63447	0.393655
XM_006557680.3	2012	1775.15	3.92486	0.403771
XM_006557681.3	2028	1791.15	0	0
XM_006557682.3	2734	2497.15	0	0
XM_006557683.3	2111	1874.15	0	0
XM_006557686.3	4402	4165.15	6.30184	0.276301
XM_006557687.3	4359	4122.15	777.224	34.4325
XM_006557688.3	4339	4102.15	234.625	10.445
XM_006557690.3	4097	3860.15	17.1854	0.813024
XM_006557691.3	3272	3035.15	0	0
XM_006557692.3	3227	2990.15	2.73225e-05	1.66868e-06
XM_006557695.3	2543	2306.15	35.2965	2.79506
XM_006557698.3	2230	1993.15	42	3.84819
XM_006557701.3	1901	1664.15	0	0
XM_006557702.3	1844	1607.15	0	0
XM_006557703.3	1823	1586.15	0	0
XM_006557704.3	1868	1631.15	0	0
XM_006557706.3	482	261.292	1	0.698908
XM_006557707.2	1214	977.148	11	2.05579
XM_006557713.3	2149	1912.15	0	0
XM_006557714.3	3701	3464.15	54	2.84671
XM_006557715.3	2344	2107.15	0	0
XM_006557716.3	2345	2108.15	0	0
XM_006557717.3	2338	2101.15	0	0
XM_006557718.3	2408	2171.15	0	0
XM_006557719.3	2541	2304.15	0	0
XM_006557720.3	2226	1989.15	0	0
XM_006557721.3	2297	2060.15	0	0
XM_006557722.3	2430	2193.15	0.367086	0.0305665
XM_006557723.3	2425	2188.15	3.49244	0.291473
XM_006557724.3	2047	1810.15	0	0
XM_006557727.3	2133	1896.15	15.77	1.51882
XM_006557728.3	2181	1944.15	4.37051	0.410534
XM_006557729.3	4318	4081.15	15.7428	0.704442
XM_006557731.3	2607	2370.15	3.31236e-08	2.55217e-09
XM_006557732.2	1950	1713.15	5	0.532993
XM_006557733.3	432	220.183	0	0
XM_006557734.3	2791	2554.15	0	0
XM_006557735.3	2800	2563.15	19.6302	1.39861
XM_006557736.3	2849	2612.15	19	1.32832
XM_006557739.3	1238	1001.15	252	45.9673
XM_006557742.3	680	445.977	9.73992	3.98832
XM_006557743.3	1024	787.148	5	1.16001
XM_006557744.2	2082	1845.15	0	0
XM_006557745.3	1272	1035.15	11	1.9406
XM_006557746.3	4184	3947.15	8.37975	0.387698
XM_006557747.2	3872	3635.15	0	0
XM_006557748.3	1590	1353.15	28	3.77885
XM_006557751.3	4763	4526.15	8.8171	0.355749
XM_006557752.3	3223	2986.15	1.66375	0.101747
XM_006557753.3	2445	2208.15	3.30644e-05	2.73451e-06
XM_006557754.3	2427	2190.15	0.106627	0.00889075
XM_006557757.3	7735	7498.15	114.564	2.79023
XM_006557759.3	916	679.72	0	0
XM_006557760.3	938	701.582	0	0
XM_006557763.3	3668	3431.15	0	0
XM_006557764.3	4495	4258.15	3	0.128661
XM_006557766.3	1945	1708.15	0	0
XM_006557767.3	1637	1400.15	0	0
XM_006557768.3	2466	2229.15	105.112	8.61113
XM_006557769.3	2126	1889.15	3.20041	0.309376
XM_006557770.3	1495	1258.15	1.06648	0.154798
XM_006557776.3	1515	1278.15	0	0
XM_006557780.3	1311	1074.15	0	0
XM_006557782.3	1233	996.148	0	0
XM_006557783.3	1088	851.148	0	0
XM_006557784.3	1121	884.148	0	0
XM_006557786.3	1675	1438.15	0	0
XM_006557794.3	2344	2107.15	14	1.21333
XM_006557795.3	1824	1587.15	0	0
XM_006557796.3	1977	1740.15	4.87686	0.511801
XM_006557800.3	3626	3389.15	72.8708	3.92653
XM_006557801.1	3831	3594.15	14.3079	0.726984
XM_006557805.3	3093	2856.15	0.0212054	0.00135585
XM_006557806.2	638	405.175	0	0
XM_006557807.3	628	395.416	4.49261	2.07487
XM_006557808.3	658	424.634	36.8913	15.8656
XM_006557809.3	898	661.72	9.6764	2.67046
XM_006557810.3	903	666.72	0	0
XM_006557811.3	729	494.327	7.93968	2.93316
XM_006557812.3	2752	2515.15	0	0
XM_006557813.3	1789	1552.15	0	0
XM_006557814.3	1450	1213.15	0	0
XM_006557815.3	2674	2437.15	1	0.0749315
XM_006557816.3	1966	1729.15	49	5.175
XM_006557817.3	916	679.72	0	0
XM_006557819.3	2493	2256.15	0	0
XM_006557821.3	2237	2000.15	0	0
XM_006557822.3	1283	1046.15	0	0
XM_006557823.3	999	762.148	0	0
XM_006557824.3	1741	1504.15	0	0
XM_006557825.3	1976	1739.15	0	0
XM_006557827.3	1643	1406.15	1	0.129872
XM_006557829.3	867	630.915	82.9544	24.0113
XM_006557830.3	3878	3641.15	11.9703	0.600363
XM_006557831.3	3857	3620.15	0	0
XM_006557833.3	1650	1413.15	0	0
XM_006557834.3	8023	7786.15	15	0.351816
XM_006557835.3	1203	966.148	54	10.207
XM_006557838.3	2511	2274.15	9.81166	0.787898
XM_006557840.3	1639	1402.15	0	0
XM_006557841.3	1630	1393.15	0	0
XM_006557843.3	3953	3716.15	0.0400125	0.0019663
XM_006557845.3	3530	3293.15	6.67159	0.369969
XM_006557846.3	2590	2353.15	41.0456	3.1854
XM_006557847.3	5276	5039.15	0	0
XM_006557849.3	5100	4863.15	0	0
XM_006557853.3	3845	3608.15	8.6566	0.438137
XM_006557854.3	3665	3428.15	0	0
XM_006557863.3	2084	1847.15	24.796	2.45147
XM_006557867.3	3507	3270.15	29	1.61949
XM_006557868.3	5216	4979.15	0	0
XM_006557870.3	1995	1758.15	0	0
XM_006557876.2	876	639.915	1	0.28538
XM_006557878.3	2136	1899.15	6.6468	0.639146
XM_006557886.3	2084	1847.15	7	0.692059
XM_006557889.3	1399	1162.15	0	0
XM_006557892.3	1728	1491.15	1	0.122469
XM_006557901.3	3230	2993.15	56	3.4167
XM_006557903.3	7722	7485.15	17.7205	0.432337
XM_006557904.3	5610	5373.15	3.29315	0.111926
XM_006557914.3	500	276.853	0	0
XM_006557917.3	1516	1279.15	0	0
XM_006557918.3	3722	3485.15	49.2192	2.57905
XM_006557931.3	662	428.548	3.76035	1.60242
XM_006557936.2	2168	1931.15	8.18065	0.773604
XM_006557937.3	1254	1017.15	3.81935	0.685728
XM_006557941.3	8522	8285.15	0	0
XM_006557967.3	1644	1407.15	6.05974e-06	7.86431e-07
XM_006557969.3	4000	3763.15	178.545	8.66448
XM_006557973.3	5784	5547.15	75.9798	2.50135
XM_006557974.3	4970	4733.15	108.72	4.19474
XM_006557975.3	5868	5631.15	17.9281	0.581411
XM_006557978.3	4855	4618.15	1.01044e-06	3.99567e-08
XM_006557979.3	4104	3867.15	1.76161	0.0831888
XM_006557980.3	3492	3255.15	14	0.785423
XM_006557988.3	8774	8537.15	0	0
XM_006557989.3	8768	8531.15	0	0
XM_006557994.3	815	579.22	0	0
XM_006557996.3	2201	1964.15	4	0.371905
XM_006558004.3	764	528.66	0	0
XM_006558009.3	995	758.224	0.532114	0.12816
XM_006558015.3	1123	886.148	0	0
XM_006558016.2	1090	853.148	5.30381	1.1353
XM_006558017.3	1039	802.148	0	0
XM_006558020.3	1420	1183.15	0	0
XM_006558021.3	1405	1168.15	0	0
XM_006558022.3	1255	1018.15	13.9054	2.49413
XM_006558024.3	4498	4261.15	31.5869	1.35371
XM_006558033.3	816	580.22	12	3.7769
XM_006558039.3	2473	2236.15	77.4442	6.32462
XM_006558040.3	2477	2240.15	2.48958e-07	2.02953e-08
XM_006558041.3	2501	2264.15	6.67765	0.538598
XM_006558042.3	5887	5650.15	5.85194e-06	1.89141e-07
XM_006558044.3	2176	1939.15	0	0
XM_006558045.3	4438	4201.15	9.65995	0.419907
XM_006558046.3	4015	3778.15	0	0
XM_006558047.3	4243	4006.15	0	0
XM_006558048.3	2739	2502.15	0	0
XM_006558053.3	2954	2717.15	0	0
XM_006558067.3	4850	4613.15	0	0
XM_006558068.3	5151	4914.15	0	0
XM_006558069.3	4365	4128.15	0	0
XM_006558072.3	2375	2138.15	0	0
XM_006558073.3	2152	1915.15	0	0
XM_006558074.3	1998	1761.15	22.0427	2.28568
XM_006558080.3	1376	1139.15	1.50095	0.240621
XM_006558090.3	2370	2133.15	0	0
XM_006558092.3	2151	1914.15	0	0
XM_006558093.3	2342	2105.15	0	0
XM_006558097.3	3713	3476.15	19.9239	1.0467
XM_006558098.3	3744	3507.15	0	0
XM_006558101.3	5139	4902.15	189	7.0408
XM_006558102.3	3192	2955.15	49	3.02805
XM_006558104.3	7530	7293.15	0	0
XM_006558106.3	7476	7239.15	1.91302e-06	4.82591e-08
XM_006558107.3	7366	7129.15	7	0.179311
XM_006558108.3	10760	10523.1	0.00426269	7.39749e-05
XM_006558109.3	10748	10511.1	0.0131453	0.000228384
XM_006558110.3	10745	10508.1	0.0174232	0.000302794
XM_006558111.3	10745	10508.1	0.0174232	0.000302794
XM_006558113.3	10727	10490.1	0.0946267	0.00164732
XM_006558114.3	10697	10460.1	1.5982	0.0279022
XM_006558115.3	10685	10448.1	4.96208	0.0867302
XM_006558116.3	10715	10478.1	0.292845	0.00510388
XM_006558119.3	1427	1190.15	0	0
XM_006558120.3	4160	3923.15	0.173121	0.00805865
XM_006558121.3	4146	3909.15	5.89856	0.275556
XM_006558122.3	3820	3583.15	8.92832	0.455042
XM_006558123.3	1116	879.148	0	0
XM_006558124.3	1219	982.148	0	0
XM_006558125.3	1624	1387.15	0	0
XM_006558127.3	4338	4101.15	12	0.534346
XM_006558129.3	6489	6252.15	0	0
XM_006558163.3	1645	1408.15	0	0
XM_006558166.3	1090	853.148	0	0
XM_006558167.3	1062	825.148	6.61461	1.46393
XM_006558168.3	1019	782.148	19.136	4.46795
XM_006558169.3	979	742.224	0	0
XM_006558170.3	1560	1323.15	4.2494	0.586496
XM_006558174.3	1639	1402.15	8.25419	1.07505
XM_006558180.3	951	714.441	3	0.766834
XM_006558181.3	5799	5562.15	190	6.23817
XM_006558182.3	4998	4761.15	14	0.536986
XM_006558184.3	744	509.025	0	0
XM_006558195.3	4770	4533.15	0	0
XM_006558196.3	5079	4842.15	43.6494	1.64621
XM_006558204.3	4631	4394.15	0	0
XM_006558205.3	4460	4223.15	9.21563	0.398506
XM_006558208.3	4223	3986.15	0	0
XM_006558209.3	1093	856.148	0	0
XM_006558210.3	652	418.762	1	0.436093
XM_006558211.3	1807	1570.15	5	0.581535
XM_006558212.3	2031	1794.15	0	0
XM_006558214.3	5011	4774.15	30.5754	1.16956
XM_006558215.3	4251	4014.15	0	0
XM_006558216.3	4308	4071.15	108.995	4.8892
XM_006558217.3	2247	2010.15	33.4554	3.03938
XM_006558218.3	2256	2019.15	0	0
XM_006558221.3	2169	1932.15	0	0
XM_006558222.3	600	368.453	41	20.3211
XM_006558224.3	1140	903.148	8	1.61762
XM_006558227.3	4833	4596.15	0.0214929	0.000853981
XM_006558228.3	4805	4568.15	8.94613	0.357636
XM_006558229.3	4799	4562.15	0	0
XM_006558230.3	4771	4534.15	0	0
XM_006558231.3	4667	4430.15	0	0
XM_006558232.3	4639	4402.15	0	0
XM_006558233.3	4633	4396.15	0	0
XM_006558234.3	4605	4368.15	0	0
XM_006558235.3	1070	833.148	0	0
XM_006558237.3	432	220.183	0	0
XM_006558239.3	1587	1350.15	0	0
XM_006558241.3	3972	3735.15	48.2266	2.3579
XM_006558242.3	3799	3562.15	53.5087	2.74321
XM_006558243.3	3862	3625.15	0	0
XM_006558244.3	3974	3737.15	6.50586	0.317915
XM_006558245.3	3900	3663.15	0.169149	0.00843261
XM_006558246.3	3751	3514.15	0	0
XM_006558250.3	4430	4193.15	43.5113	1.895
XM_006558251.3	2022	1785.15	0	0
XM_006558252.3	2019	1782.15	0	0
XM_006558257.3	1896	1659.15	6.51171	0.716731
XM_006558262.3	2058	1821.15	7.8639	0.788568
XM_006558263.3	2372	2135.15	24	2.05272
XM_006558265.3	4147	3910.15	0	0
XM_006558266.3	4145	3908.15	0	0
XM_006558267.3	4058	3821.15	34.994	1.67242
XM_006558276.3	1150	913.148	3	0.599966
XM_006558279.3	1890	1653.15	0	0
XM_006558283.3	2278	2041.15	17.29	1.54691
XM_006558284.3	2308	2071.15	29.1489	2.57014
XM_006558291.3	1031	794.148	0	0
XM_006558292.3	3717	3480.15	29.9069	1.56935
XM_006558293.3	3314	3077.15	0	0
XM_006558301.3	4587	4350.15	4	0.16792
XM_006558306.3	2611	2374.15	0	0
XM_006558313.3	838	602.102	1.00055	0.303469
XM_006558314.3	706	471.425	1	0.387377
XM_006558315.3	1675	1438.15	0	0
XM_006558317.3	3780	3543.15	0	0
XM_006558318.3	1576	1339.15	3	0.409109
XM_006558320.3	1249	1012.15	0	0
XM_006558321.3	1152	915.148	315	62.8588
XM_006558326.3	2038	1801.15	0	0
XM_006558330.3	1224	987.148	42	7.76987
XM_006558333.2	3535	3298.15	0	0
XM_006558336.3	2513	2276.15	3.38446	0.271541
XM_006558338.3	938	701.582	0	0
XM_006558339.3	878	641.851	0	0
XM_006558340.2	877	640.915	0	0
XM_006558341.3	850	614.102	0	0
XM_006558346.3	3878	3641.15	1.00136e-07	5.02225e-09
XM_006558347.3	3501	3264.15	4.33286e-07	2.4241e-08
XM_006558348.3	1446	1209.15	0	0
XM_006558349.3	1443	1206.15	0	0
XM_006558350.3	4768	4531.15	0	0
XM_006558351.3	4654	4417.15	3.08871	0.127697
XM_006558352.3	4258	4021.15	43.7701	1.98781
XM_006558357.3	1855	1618.15	5.03085	0.567766
XM_006558358.3	4964	4727.15	0	0
XM_006558359.3	2279	2042.15	0.119476	0.0106841
XM_006558360.3	1410	1173.15	383.036	59.6256
XM_006558362.3	2210	1973.15	24.189	2.23875
XM_006558363.3	2204	1967.15	76.2167	7.07554
XM_006558364.3	1588	1351.15	24	3.24381
XM_006558365.3	546	317.643	0	0
XM_006558366.3	510	285.63	0	0
XM_006558371.3	6233	5996.15	16.1616	0.49222
XM_006558372.3	5559	5322.15	9.63789	0.330705
XM_006558373.3	6055	5818.15	2.42189e-07	7.6018e-09
XM_006558374.3	4832	4595.15	0	0
XM_006558375.3	5674	5437.15	0.00179817	6.03957e-05
XM_006558376.3	5658	5421.15	3.40477e-05	1.14695e-06
XM_006558377.3	6031	5794.15	0.00272936	8.60235e-05
XM_006558378.3	5655	5418.15	14.8801	0.501535
XM_006558379.3	5567	5330.15	33.4706	1.14675
XM_006558381.3	2509	2272.15	0	0
XM_006558382.3	2541	2304.15	0	0
XM_006558383.3	2418	2181.15	0	0
XM_006558384.3	2396	2159.15	1.01828e-05	8.61257e-07
XM_006558385.2	1572	1335.15	2.9618	0.40511
XM_006558386.2	870	633.915	0	0
XM_006558388.3	2141	1904.15	3.6346e-08	3.4858e-09
XM_006558389.3	2236	1999.15	0	0
XM_006558394.3	2170	1933.15	2.06055	0.194654
XM_006558395.3	7444	7207.15	511.403	12.9582
XM_006558396.3	4106	3869.15	0	0
XM_006558397.3	4097	3860.15	0	0
XM_006558400.3	4078	3841.15	130.633	6.21068
XM_006558401.3	4046	3809.15	43.8215	2.1009
XM_006558402.3	3691	3454.15	3.25779	0.172238
XM_006558403.3	1552	1315.15	0	0
XM_006558404.1	1992	1755.15	1.33186	0.138577
XM_006558405.3	1985	1748.15	6.66814	0.696584
XM_006558406.2	1911	1674.15	0	0
XM_006558408.3	4537	4300.15	0	0
XM_006558410.2	999	762.148	7.76594	1.86081
XM_006558411.3	1975	1738.15	4.79062	0.503328
XM_006558412.2	1453	1216.15	5.54045	0.831966
XM_006558413.3	1381	1144.15	0	0
XM_006558414.3	1363	1126.15	46.3449	7.51542
XM_006558416.3	800	564.277	0	0
XM_006558417.3	1159	922.148	3	0.59411
XM_006558418.3	941	704.582	23	5.96132
XM_006558419.3	3064	2827.15	3.99996	0.258377
XM_006558423.3	3472	3235.15	68.1099	3.8447
XM_006558424.3	3375	3138.15	66.4176	3.86506
XM_006558426.3	2479	2242.15	0	0
XM_006558427.3	2191	1954.15	28.2881	2.64358
XM_006558428.3	1953	1716.15	8.71194	0.927058
XM_006558441.3	1198	961.148	0	0
XM_006558442.3	3116	2879.15	0	0
XM_006558443.3	3114	2877.15	20	1.26945
XM_006558445.3	4876	4639.15	0	0
XM_006558446.3	4857	4620.15	0	0
XM_006558450.3	2435	2198.15	20	1.66157
XM_006558453.3	4611	4374.15	0	0
XM_006558456.3	4532	4295.15	0	0
XM_006558459.3	4110	3873.15	0	0
XM_006558460.3	4589	4352.15	8.36449	0.35098
XM_006558461.3	4711	4474.15	0	0
XM_006558462.3	4715	4478.15	1.37879	0.0562273
XM_006558463.3	4603	4366.15	0	0
XM_006558464.3	4801	4564.15	0.301634	0.0120689
XM_006558466.3	4792	4555.15	2.11623	0.0848411
XM_006558470.3	6607	6370.15	1.7235	0.0494091
XM_006558472.3	6604	6367.15	2.74365	0.0786919
XM_006558473.3	6598	6361.15	6.95745	0.199738
XM_006558474.3	885	648.786	9.5939	2.70047
XM_006558475.3	1107	870.148	0	0
XM_006558476.3	817	581.162	4.4061	1.38453
XM_006558479.3	3163	2926.15	129.827	8.10242
XM_006558482.3	787	551.388	37.9216	12.5596
XM_006558483.3	1105	868.148	5.07839	1.06826
XM_006558485.3	2617	2380.15	9.01121e-05	6.91394e-06
XM_006558486.3	6832	6595.15	0	0
XM_006558487.3	6808	6571.15	14.6159	0.406191
XM_006558488.3	6177	5940.15	115.257	3.54338
XM_006558489.3	4490	4253.15	7.71992	0.331474
XM_006558490.3	4416	4179.15	0	0
XM_006558492.3	641	408.052	0	0
XM_006558495.3	4421	4184.15	0	0
XM_006558496.3	6131	5894.15	6	0.185899
XM_006558499.3	2957	2720.15	0	0
XM_006558500.3	3793	3556.15	0	0
XM_006558501.3	2974	2737.15	7.23298	0.482576
XM_006558502.3	6301	6064.15	1	0.0301146
XM_006558510.3	6684	6447.15	539.472	15.2808
XM_006558511.3	6570	6333.15	459.355	13.2457
XM_006558512.3	6011	5774.15	0	0
XM_006558513.3	6942	6705.15	119.075	3.24309
XM_006558514.3	7050	6813.15	40.7021	1.09098
XM_006558515.3	6338	6101.15	8.77023	0.26251
XM_006558516.3	1045	808.148	27.3778	6.18663
XM_006558517.3	1042	805.148	0	0
XM_006558518.3	1037	800.148	4.62219	1.05493
XM_006558519.3	1265	1028.15	6	1.06572
XM_006558520.2	2482	2245.15	22	1.78947
XM_006558522.3	1718	1481.15	5	0.616479
XM_006558523.3	1491	1254.15	10.8702	1.58284
XM_006558525.3	2000	1763.15	4.87213	0.504634
XM_006558526.3	3210	2973.15	4.61247	0.283311
XM_006558529.3	5915	5678.15	0	0
XM_006558530.3	5729	5492.15	6.7789	0.225405
XM_006558531.3	4157	3920.15	12.6042	0.587165
XM_006558532.3	2582	2345.15	56	4.36078
XM_006558533.3	9501	9264.15	13.4498	0.265129
XM_006558534.3	9442	9205.15	0	0
XM_006558535.3	9411	9174.15	0	0
XM_006558537.1	1242	1005.15	16	2.90694
XM_006558538.3	4540	4303.15	4.22297	0.179217
XM_006558544.3	11817	11580.1	0	0
XM_006558545.3	11787	11550.1	961.591	15.2037
XM_006558547.3	1110	873.148	18	3.76471
XM_006558548.3	1495	1258.15	0	0
XM_006558552.3	2772	2535.15	131.034	9.43905
XM_006558554.3	1629	1392.15	36.0056	4.72315
XM_006558561.3	2140	1903.15	2792.9	267.997
XM_006558574.3	1149	912.148	9	1.80187
XM_006558575.3	6766	6529.15	47.8167	1.33742
XM_006558576.3	1391	1154.15	13.0992	2.07266
XM_006558577.3	2870	2633.15	0	0
XM_006558578.3	748	512.922	0	0
XM_006558581.3	895	658.786	12.8498	3.56204
XM_006558582.3	929	692.652	0	0
XM_006558583.3	6283	6046.15	32.738	0.988825
XM_006558584.3	6280	6043.15	33.262	1.00515
XM_006558585.3	2963	2726.15	0	0
XM_006558586.3	3231	2994.15	0	0
XM_006558587.3	5164	4927.15	0	0
XM_006558588.3	4697	4460.15	0	0
XM_006558590.3	4476	4239.15	16.9384	0.729693
XM_006558591.3	4947	4710.15	72.7221	2.81954
XM_006558593.3	4837	4600.15	5.33947	0.211969
XM_006558596.3	1093	856.148	0	0
XM_006558597.3	1056	819.148	0	0
XM_006558598.3	892	655.786	2	0.556947
XM_006558601.3	1185	948.148	18.6773	3.59736
XM_006558603.3	4107	3870.15	1.64128e-06	7.74463e-08
XM_006558606.3	1463	1226.15	0.99997	0.148933
XM_006558608.3	3228	2991.15	0	0
XM_006558609.2	940	703.582	535	138.863
XM_006558610.3	1635	1398.15	12	1.56738
XM_006558611.3	882	645.786	1	0.282786
XM_006558613.3	4532	4295.15	0	0
XM_006558616.3	3108	2871.15	4	0.25442
XM_006558618.2	2249	2012.15	14	1.27062
XM_006558619.2	2255	2018.15	0	0
XM_006558620.3	2503	2266.15	8.78289	0.707775
XM_006558622.3	684	449.977	4	1.62337
XM_006558625.3	6638	6401.15	108	3.08115
XM_006558629.3	1461	1224.15	13	1.93935
XM_006558631.3	515	290.037	0	0
XM_006558633.3	2144	1907.15	0	0
XM_006558634.3	2057	1820.15	6.632	0.665402
XM_006558636.2	2199	1962.15	0.185635	0.0172773
XM_006558650.3	1860	1623.15	0	0
XM_006558651.3	1909	1672.15	3.48182	0.380258
XM_006558652.3	1461	1224.15	18	2.68525
XM_006558653.2	1378	1141.15	0	0
XM_006558656.2	5585	5348.15	13	0.443901
XM_006558657.3	601	369.416	8.24825	4.07749
XM_006558658.3	3436	3199.15	5.96989	0.340783
XM_006558661.3	4806	4569.15	8.14825	0.325668
XM_006558663.3	4516	4279.15	4.97489	0.212311
XM_006558665.3	4851	4614.15	27.0251	1.0696
XM_006558667.3	4669	4432.15	0	0
XM_006558668.3	11457	11220.1	637.1	10.3695
XM_006558669.3	1761	1524.15	2496.9	299.172
XM_006558670.3	2102	1865.15	15	1.46867
XM_006558671.3	3779	3542.15	0	0
XM_006558673.3	5486	5249.15	0.000290237	1.00974e-05
XM_006558674.3	5421	5184.15	63.6547	2.24233
XM_006558675.3	1153	916.148	2.345	0.467438
XM_006558676.3	848	612.102	4	1.19339
XM_006558677.3	2447	2210.15	0	0
XM_006558679.3	4643	4406.15	23.3897	0.969418
XM_006558680.3	4986	4749.15	0	0
XM_006558681.3	4970	4733.15	0	0
XM_006558682.3	4958	4721.15	0	0
XM_006558683.3	4884	4647.15	14	0.550159
XM_006558684.3	4868	4631.15	0	0
XM_006558685.3	4922	4685.15	0	0
XM_006558686.3	4894	4657.15	0	0
XM_006558687.3	4953	4716.15	0	0
XM_006558688.3	5470	5233.15	64.476	2.25
XM_006558696.3	1389	1152.15	1	0.158503
XM_006558697.3	1526	1289.15	0	0
XM_006558700.3	2752	2515.15	45	3.26735
XM_006558701.3	5618	5381.15	0	0
XM_006558702.3	5612	5375.15	0	0
XM_006558703.3	5522	5285.15	10.5669	0.365121
XM_006558705.3	5814	5577.15	5.04957	0.165344
XM_006558706.2	5450	5213.15	42.1549	1.47671
XM_006558707.3	5653	5416.15	22.9624	0.774236
XM_006558708.2	5444	5207.15	14.2662	0.500327
XM_006558710.3	2273	2036.15	0.0110791	0.000993666
XM_006558711.3	1934	1697.15	0	0
XM_006558712.3	2067	1830.15	0	0
XM_006558713.3	843	607.102	1	0.300805
XM_006558728.3	2281	2044.15	0	0
XM_006558737.3	2880	2643.15	20	1.38183
XM_006558738.3	4525	4288.15	0	0
XM_006558741.3	4970	4733.15	89.4863	3.45265
XM_006558742.3	4393	4156.15	0	0
XM_006558743.3	4551	4314.15	0	0
XM_006558744.3	4667	4430.15	37.2586	1.53587
XM_006558745.3	4716	4479.15	0.669836	0.0273099
XM_006558746.3	4584	4347.15	39.8666	1.67476
XM_006558750.3	2694	2457.15	0	0
XM_006558762.3	5024	4787.15	69	2.6322
XM_006558773.3	1341	1104.15	0	0
XM_006558776.3	3722	3485.15	0	0
XM_006558777.3	2812	2575.15	6.37097	0.451804
XM_006558782.3	2893	2656.15	0	0
XM_006558787.3	1373	1136.15	19	3.05397
XM_006558790.3	2199	1962.15	0	0
XM_006558791.2	6827	6590.15	179.635	4.97785
XM_006558793.3	3419	3182.15	21.434	1.23007
XM_006558794.2	4172	3935.15	2.88103	0.1337
XM_006558795.3	4171	3934.15	0	0
XM_006558796.3	4143	3906.15	0	0
XM_006558797.3	3924	3687.15	29.6849	1.47025
XM_006558798.3	13033	12796.1	234.939	3.35292
XM_006558799.3	12957	12720.1	907.061	13.0224
XM_006558803.3	904	667.72	1	0.273497
XM_006558808.3	4388	4151.15	0	0
XM_006558809.3	4348	4111.15	0	0
XM_006558810.3	4333	4096.15	0	0
XM_006558811.3	4303	4066.15	0	0
XM_006558813.3	4264	4027.15	1.53236e-05	6.94878e-07
XM_006558814.3	4249	4012.15	0.000609449	2.774e-05
XM_006558815.3	4210	3973.15	9.37542	0.430926
XM_006558816.3	2014	1777.15	8.34011	0.857028
XM_006558822.3	3944	3707.15	46.6168	2.29641
XM_006558824.3	7820	7583.15	10.0427	0.241851
XM_006558825.3	7964	7727.15	8.67679e-08	2.05063e-09
XM_006558839.3	1868	1631.15	9.34125	1.04582
XM_006558840.3	2003	1766.15	0	0
XM_006558845.3	2998	2761.15	20	1.32278
XM_006558846.2	1359	1122.15	0	0
XM_006558848.3	3091	2854.15	6	0.383903
XM_006558849.3	2225	1988.15	0	0
XM_006558850.3	1429	1192.15	3.77883	0.57886
XM_006558851.3	2844	2607.15	3.32522	0.232917
XM_006558855.3	1084	847.148	18	3.88025
XM_006558856.3	2222	1985.15	0	0
XM_006558857.3	2206	1969.15	0	0
XM_006558859.3	2500	2263.15	0	0
XM_006558861.3	2539	2302.15	68	5.39414
XM_006558862.3	2453	2216.15	14	1.15365
XM_006558864.3	2000	1763.15	10.0457	1.04049
XM_006558865.3	1962	1725.15	0	0
XM_006558866.3	1620	1383.15	7	0.92422
XM_006558867.3	1437	1200.15	0	0
XM_006558868.3	1377	1140.15	71	11.3722
XM_006558869.3	1608	1371.15	0	0
XM_006558873.3	1367	1130.15	4.78772	0.773642
XM_006558874.3	2431	2194.15	16.3483	1.36067
XM_006558875.2	1666	1429.15	1.47403	0.188354
XM_006558876.2	2294	2057.15	4	0.355092
XM_006558878.3	3095	2858.15	7.30707	0.46688
XM_006558880.3	2207	1970.15	24.8064	2.29938
XM_006558881.3	1910	1673.15	17.631	1.92437
XM_006558883.3	4645	4408.15	2	0.0828553
XM_006558885.3	1747	1510.15	0	0
XM_006558886.2	1115	878.148	0	0
XM_006558887.2	1112	875.148	3	0.626017
XM_006558898.3	3079	2842.15	12	0.771047
XM_006558900.3	838	602.102	11	3.33633
XM_006558904.3	1164	927.148	0	0
XM_006558905.3	923	686.652	0	0
XM_006558915.3	4266	4029.15	0	0
XM_006558916.3	1572	1335.15	2	0.273557
XM_006558928.3	2174	1937.15	1.48435	0.139933
XM_006558929.3	2891	2654.15	0	0
XM_006558930.3	2604	2367.15	0	0
XM_006558931.3	1621	1384.15	0	0
XM_006558932.3	1965	1728.15	0	0
XM_006558933.3	1929	1692.15	12.3546	1.33333
XM_006558934.3	1905	1668.15	0	0
XM_006558935.3	1816	1579.15	0	0
XM_006558937.3	1082	845.148	0	0
XM_006558938.3	6773	6536.15	5.30082	0.148104
XM_006558939.3	2639	2402.15	14.6998	1.11753
XM_006558940.3	4345	4108.15	0	0
XM_006558943.3	2096	1859.15	0	0
XM_006558945.3	1514	1277.15	0	0
XM_006558946.3	280	109.059	0	0
XM_006558950.3	1828	1591.15	15.484	1.77713
XM_006558951.2	1659	1422.15	0	0
XM_006558954.3	4511	4274.15	76.1394	3.25316
XM_006558956.3	1872	1635.15	3.97369	0.443795
XM_006558957.3	2157	1920.15	70.2373	6.68005
XM_006558958.2	1561	1324.15	21.4089	2.9526
XM_006558959.3	1790	1553.15	0	0
XM_006558960.3	3707	3470.15	0	0
XM_006558961.3	3695	3458.15	0	0
XM_006558962.3	3686	3449.15	0.181789	0.00962506
XM_006558963.3	3662	3425.15	0	0
XM_006558964.3	3682	3445.15	0	0
XM_006558965.3	3359	3122.15	130.02	7.60505
XM_006558967.3	3668	3431.15	31.7985	1.69244
XM_006558968.3	3101	2864.15	60.4163	3.85217
XM_006558969.3	1182	945.148	4	0.77287
XM_006558970.3	2328	2091.15	0	0
XM_006558971.3	2378	2141.15	0	0
XM_006558973.3	2617	2380.15	21	1.61125
XM_006558981.3	757	521.871	12	4.19918
XM_006558982.3	2126	1889.15	1.43219	0.138446
XM_006558983.3	2202	1965.15	0	0
XM_006558984.3	2245	2008.15	12.5678	1.14291
XM_006558985.3	4382	4145.15	6.57172	0.289524
XM_006558986.3	4379	4142.15	13.4283	0.592027
XM_006558991.3	1782	1545.15	11.0068	1.30088
XM_006558992.3	3987	3750.15	0	0
XM_006558993.3	3763	3526.15	67.3964	3.49046
XM_006558994.3	3664	3427.15	36.829	1.96247
XM_006558995.3	3669	3432.15	0	0
XM_006558996.3	4715	4478.15	22	0.897162
XM_006558997.3	12637	12400.1	0	0
XM_006558999.3	7235	6998.15	9.52826e-06	2.48643e-07
XM_006559000.3	7217	6980.15	0	0
XM_006559001.3	7097	6860.15	0	0
XM_006559002.3	7019	6782.15	21.2052	0.57098
XM_006559003.3	6881	6644.15	0.901738	0.0247849
XM_006559004.3	5734	5497.15	30.1637	1.00206
XM_006559005.3	5515	5278.15	65.2593	2.25791
XM_006559006.3	5377	5140.15	49.4701	1.75757
XM_006559007.3	7079	6842.15	0	0
XM_006559010.3	2444	2207.15	9.34006	0.772795
XM_006559011.3	595	363.638	98.569	49.5014
XM_006559012.3	1840	1603.15	15.1715	1.72823
XM_006559029.3	7252	7015.15	0	0
XM_006559030.3	7099	6862.15	0	0
XM_006559032.3	3528	3291.15	0.0224111	0.00124355
XM_006559040.3	2143	1906.15	0	0
XM_006559043.3	2188	1951.15	0	0
XM_006559050.3	3080	2843.15	13	0.835007
XM_006559053.3	1269	1032.15	0	0
XM_006559054.3	1319	1082.15	0	0
XM_006559055.3	2479	2242.15	18.2654	1.48769
XM_006559056.3	1347	1110.15	27	4.4415
XM_006559061.3	3879	3642.15	0	0
XM_006559062.3	3809	3572.15	0	0
XM_006559064.3	1688	1451.15	0	0
XM_006559065.3	2056	1819.15	0	0
XM_006559069.3	3166	2929.15	0	0
XM_006559070.3	3166	2929.15	0	0
XM_006559071.3	3499	3262.15	0	0
XM_006559075.2	3053	2816.15	2.99991	0.194536
XM_006559076.2	3083	2846.15	8.60854e-05	5.52355e-06
XM_006559077.3	3554	3317.15	0	0
XM_006559078.3	3266	3029.15	0	0
XM_006559079.3	3148	2911.15	0	0
XM_006559080.3	2975	2738.15	0	0
XM_006559081.3	2702	2465.15	0	0
XM_006559088.3	1212	975.148	157	29.4019
XM_006559089.3	8461	8224.15	33.6215	0.746573
XM_006559090.3	10686	10449.1	0	0
XM_006559091.3	10415	10178.1	83.0623	1.49033
XM_006559092.3	10208	9971.15	0.24389	0.00446679
XM_006559093.3	9688	9451.15	0	0
XM_006559094.3	8297	8060.15	0	0
XM_006559098.3	14565	14328.1	0.000112958	1.4397e-06
XM_006559101.3	14521	14284.1	1.13083e-05	1.44574e-07
XM_006559103.3	4845	4608.15	0.0038514	0.00015263
XM_006559104.3	4808	4571.15	10.9961	0.439301
XM_006559105.2	700	465.519	19	7.45354
XM_006559107.3	4081	3844.15	0	0
XM_006559108.3	4282	4045.15	0	0
XM_006559109.3	3759	3522.15	3	0.155546
XM_006559112.3	1713	1476.15	45	5.5671
XM_006559113.3	7113	6876.15	0	0
XM_006559114.3	7041	6804.15	7.14471e-05	1.9176e-06
XM_006559115.3	7082	6845.15	1.90025e-07	5.06962e-09
XM_006559116.3	6976	6739.15	0.93014	0.0252052
XM_006559117.3	6952	6715.15	31.4638	0.855662
XM_006559118.3	6975	6738.15	0	0
XM_006559119.3	6979	6742.15	0.599479	0.0162376
XM_006559121.2	1356	1119.15	5	0.815885
XM_006559122.3	1486	1249.15	0	0
XM_006559124.3	3003	2766.15	47.4558	3.133
XM_006559125.3	2816	2579.15	2.99429	0.212014
XM_006559127.3	1094	857.148	7	1.49138
XM_006559129.3	2105	1868.15	10	0.977541
XM_006559132.3	1558	1321.15	0	0
XM_006559133.3	879	642.851	0	0
XM_006559134.3	856	620.102	0	0
XM_006559135.3	703	468.472	0	0
XM_006559136.3	918	681.652	66	17.6818
XM_006559137.3	2007	1770.15	12	1.23799
XM_006559139.3	1122	885.148	0	0
XM_006559140.3	1051	814.148	0	0
XM_006559141.3	1015	778.148	0	0
XM_006559144.3	4412	4175.15	45.0784	1.97171
XM_006559145.3	7676	7439.15	210.271	5.16182
XM_006559146.3	4338	4101.15	0	0
XM_006559147.3	4271	4034.15	0.650614	0.0294522
XM_006559148.3	3940	3703.15	0	0
XM_006559153.3	2928	2691.15	0	0
XM_006559154.3	854	618.102	12	3.54542
XM_006559155.3	1781	1544.15	16	1.89225
XM_006559156.2	3057	2820.15	346.41	22.4318
XM_006559157.3	7564	7327.15	28	0.697862
XM_006559158.3	4745	4508.15	0	0
XM_006559159.3	1569	1332.15	0	0
XM_006559161.3	1411	1174.15	10.1159	1.57337
XM_006559163.3	1259	1022.15	0	0
XM_006559168.3	2193	1956.15	0	0
XM_006559176.3	1871	1634.15	6.45593	0.721463
XM_006559179.3	4494	4257.15	14	0.600559
XM_006559180.3	3282	3045.15	107.343	6.43743
XM_006559182.3	2185	1948.15	71.3141	6.68498
XM_006559183.3	1703	1466.15	150.817	18.7853
XM_006559184.3	4586	4349.15	0	0
XM_006559185.3	4644	4407.15	0	0
XM_006559187.2	4351	4114.15	28.2342	1.25326
XM_006559188.3	765	529.66	431	148.603
XM_006559189.3	2223	1986.15	0	0
XM_006559190.3	2002	1765.15	0	0
XM_006559193.3	1236	999.148	0	0
XM_006559194.3	1192	955.148	0	0
XM_006559195.3	1019	782.148	0	0
XM_006559196.3	1746	1509.15	0	0
XM_006559197.3	1681	1444.15	2.22079	0.280829
XM_006559198.3	614	381.808	0	0
XM_006559200.2	1701	1464.15	0	0
XM_006559202.3	4196	3959.15	0	0
XM_006559205.3	943	706.512	26	6.72048
XM_006559222.3	10089	9852.15	118.477	2.19609
XM_006559223.3	6156	5919.15	0.00126963	3.9171e-05
XM_006559225.3	5890	5653.15	16.0601	0.518806
XM_006559226.3	6471	6234.15	139.342	4.08178
XM_006559227.3	6585	6348.15	0	0
XM_006559228.2	6101	5864.15	0	0
XM_006559230.3	6392	6155.15	50.4521	1.49688
XM_006559231.3	2799	2562.15	64.7602	4.61584
XM_006559232.3	2516	2279.15	88.0518	7.05525
XM_006559233.3	3729	3492.15	18.6384	0.974683
XM_006559234.3	3444	3207.15	39.6146	2.25571
XM_006559236.3	7982	7745.15	4.9747	0.117296
XM_006559237.3	7778	7541.15	0	0
XM_006559238.3	7748	7511.15	0	0
XM_006559239.3	7837	7600.15	5.38289	0.129342
XM_006559240.3	7763	7526.15	50.6278	1.22847
XM_006559242.3	1325	1088.15	0	0
XM_006559245.3	3373	3136.15	31.7012	1.84598
XM_006559246.3	1957	1720.15	0	0
XM_006559247.3	1930	1693.15	0	0
XM_006559249.3	1961	1724.15	0	0
XM_006559251.3	1860	1623.15	5.65255	0.635965
XM_006559252.3	1869	1632.15	8.3943	0.939229
XM_006559254.3	1856	1619.15	0	0
XM_006559255.3	1792	1555.15	26.1466	3.07037
XM_006559258.3	2733	2496.15	7.28613	0.533056
XM_006559260.3	1565	1328.15	25	3.43748
XM_006559262.3	1380	1143.15	2	0.319502
XM_006559263.3	4444	4207.15	27.1518	1.17857
XM_006559264.3	4293	4056.15	4.00445	0.180292
XM_006559265.3	4789	4552.15	35.5285	1.4253
XM_006559266.3	4541	4304.15	15.3214	0.650067
XM_006559267.2	1438	1201.15	27	4.10501
XM_006559268.3	729	494.327	0	0
XM_006559270.3	2566	2329.15	25.056	1.96454
XM_006559278.1	884	647.786	0	0
XM_006559279.3	1680	1443.15	2	0.253085
XM_006559281.3	3367	3130.15	26.8982	1.56929
XM_006559286.3	2556	2319.15	9	0.708697
XM_006559287.3	1811	1574.15	0	0
XM_006559288.3	1477	1240.15	0	0
XM_006559289.3	2000	1763.15	0	0
XM_006559290.3	2030	1793.15	0	0
XM_006559291.3	2881	2644.15	0	0
XM_006559293.3	2169	1932.15	0	0
XM_006559294.3	2165	1928.15	0	0
XM_006559295.3	2828	2591.15	0	0
XM_006559296.3	2108	1871.15	0	0
XM_006559300.3	2041	1804.15	5	0.506109
XM_006559303.3	979	742.224	1.98067	0.487331
XM_006559308.3	1409	1172.15	44.5208	6.93629
XM_006559309.3	1361	1124.15	89.9804	14.6174
XM_006559310.3	1317	1080.15	8.49879	1.43688
XM_006559311.3	1269	1032.15	2.64775e-07	4.6847e-08
XM_006559312.3	6155	5918.15	34.8634	1.0758
XM_006559317.3	3453	3216.15	55.9397	3.17637
XM_006559318.3	587	356.218	0	0
XM_006559323.3	1617	1380.15	3	0.396956
XM_006559326.3	823	587.162	0	0
XM_006559327.3	1105	868.148	91.0597	19.1549
XM_006559328.3	1106	869.148	31.9403	6.71106
XM_006559331.3	5068	4831.15	0	0
XM_006559332.3	4644	4407.15	1	0.041437
XM_006559333.3	4856	4619.15	0	0
XM_006559334.3	3669	3432.15	0	0
XM_006559335.3	6411	6174.15	106.498	3.15
XM_006559340.3	2117	1880.15	3791.33	368.252
XM_006559341.2	2144	1907.15	469.264	44.9345
XM_006559348.3	2561	2324.15	8.95564	0.703686
XM_006559367.3	4982	4745.15	49.7152	1.91331
XM_006559368.3	4943	4706.15	19.169	0.743843
XM_006559373.3	3010	2773.15	0	0
XM_006559374.2	2942	2705.15	35	2.36278
XM_006559376.3	2377	2140.15	18.7018	1.59583
XM_006559381.3	10790	10553.1	0	0
XM_006559382.3	10798	10561.1	37	0.639789
XM_006559383.2	4081	3844.15	10.3182	0.490176
XM_006559384.3	6176	5939.15	62.9279	1.93493
XM_006559385.3	2995	2758.15	0	0
XM_006559389.3	6247	6010.15	0	0
XM_006559391.3	6091	5854.15	19	0.592702
XM_006559394.3	3862	3625.15	6.93484	0.349347
XM_006559395.2	3079	2842.15	19	1.22082
XM_006559396.3	1782	1545.15	2	0.236378
XM_006559398.3	3690	3453.15	42.9163	2.26962
XM_006559399.2	1167	930.148	0	0
XM_006559400.2	1163	926.148	3	0.591544
XM_006559401.3	3549	3312.15	155.353	8.56556
XM_006559402.3	630	397.376	96.381	44.293
XM_006559404.3	1712	1475.15	0	0
XM_006559407.3	4888	4651.15	352.512	13.8408
XM_006559408.3	1542	1305.15	16.2869	2.27889
XM_006559409.3	1300	1063.15	0	0
XM_006559410.3	1657	1420.15	27.188	3.49616
XM_006559412.2	1283	1046.15	6.70627	1.17067
XM_006559413.3	1655	1418.15	24.8528	3.20037
XM_006559419.3	2910	2673.15	117.63	8.036
XM_006559426.3	1751	1514.15	5	0.603043
XM_006559428.3	1391	1154.15	0	0
XM_006559429.3	983	746.224	0	0
XM_006559430.3	954	717.37	0	0
XM_006559431.3	2541	2304.15	652	51.6754
XM_006559432.3	6112	5875.15	3	0.09325
XM_006559433.3	2067	1830.15	16	1.59654
XM_006559434.3	799	563.277	48	15.562
XM_006559438.3	2699	2462.15	47.5193	3.52454
XM_006559439.3	2903	2666.15	64.1483	4.39387
XM_006559440.2	1391	1154.15	0.361008	0.0571218
XM_006559441.3	1358	1121.15	5.69795	0.928115
XM_006559442.2	1388	1151.15	4.71154	0.747444
XM_006559443.3	1134	897.148	43.068	8.76671
XM_006559444.3	1152	915.148	27.932	5.57388
XM_006559445.3	1514	1277.15	11	1.57289
XM_006559447.3	6767	6530.15	2.93933	0.0822
XM_006559449.3	6365	6128.15	0	0
XM_006559450.3	6378	6141.15	0	0
XM_006559453.3	5010	4773.15	0	0
XM_006559455.2	5577	5340.15	30.8098	1.05362
XM_006559456.3	1936	1699.15	0	0
XM_006559458.3	4489	4252.15	45.7251	1.96378
XM_006559460.3	4554	4317.15	0	0
XM_006559461.3	4614	4377.15	6.38169	0.266251
XM_006559463.3	3701	3464.15	0	0
XM_006559465.3	884	647.786	7.46106	2.10337
XM_006559466.3	2136	1899.15	35	3.36555
XM_006559483.3	6921	6684.15	0	0
XM_006559484.3	6877	6640.15	0	0
XM_006559485.3	7633	7396.15	0	0
XM_006559486.3	7022	6785.15	0	0
XM_006559487.3	7676	7439.15	0	0
XM_006559488.3	6939	6702.15	0	0
XM_006559489.3	6660	6423.15	2.49752	0.071008
XM_006559490.3	6933	6696.15	0	0
XM_006559491.3	6931	6694.15	0	0
XM_006559492.3	6911	6674.15	0	0
XM_006559493.3	7387	7150.15	6.50248	0.166077
XM_006559494.3	7564	7327.15	0	0
XM_006559495.3	6788	6551.15	0	0
XM_006559498.3	4972	4735.15	0	0
XM_006559500.3	4966	4729.15	0	0
XM_006559502.3	6949	6712.15	0	0
XM_006559505.3	2416	2179.15	10.5299	0.882435
XM_006559506.3	1486	1249.15	168	24.5608
XM_006559507.3	2318	2081.15	0	0
XM_006559508.3	2271	2034.15	21.9813	1.97341
XM_006559509.3	2151	1914.15	0	0
XM_006559510.3	1166	929.148	0	0
XM_006559511.3	6395	6158.15	73	2.16481
XM_006559512.3	817	581.162	4	1.25693
XM_006559513.2	937	700.582	11	2.86734
XM_006559515.3	1080	843.148	2.11023	0.45706
XM_006559516.3	1817	1580.15	7.8357	0.905579
XM_006559517.3	1799	1562.15	0	0
XM_006559518.3	1801	1564.15	0	0
XM_006559519.3	1803	1566.15	0	0
XM_006559521.3	1538	1301.15	5	0.701762
XM_006559522.3	1048	811.148	5	1.12568
XM_006559523.3	1248	1011.15	0	0
XM_006559524.3	3032	2795.15	18.9975	1.24119
XM_006559525.3	2903	2666.15	0.00249471	0.000170876
XM_006559526.3	2875	2638.15	0	0
XM_006559527.3	2584	2347.15	3	0.233414
XM_006559529.3	3082	2845.15	0	0
XM_006559532.3	3848	3611.15	12.1399	0.613924
XM_006559533.3	3795	3558.15	7.33527	0.376477
XM_006559534.3	1226	989.148	5.90531	1.09025
XM_006559535.3	2229	1992.15	58.5013	5.36278
XM_006559536.3	2168	1931.15	3.49874	0.330859
XM_006559537.3	2277	2040.15	9	0.805615
XM_006559543.3	652	418.762	0	0
XM_006559563.3	1514	1277.15	9	1.28691
XM_006559564.3	1380	1143.15	6	0.958507
XM_006559566.3	4642	4405.15	29.8192	1.23618
XM_006559569.3	3359	3122.15	0	0
XM_006559570.3	3353	3116.15	0	0
XM_006559571.3	3261	3024.15	0	0
XM_006559574.3	4116	3879.15	29	1.36524
XM_006559578.3	2889	2652.15	0	0
XM_006559579.3	2431	2194.15	0	0
XM_006559581.3	2777	2540.15	0	0
XM_006559582.3	2739	2502.15	0	0
XM_006559583.3	3669	3432.15	3.14631	0.16741
XM_006559584.3	3081	2844.15	28.9768	1.86057
XM_006559585.3	2732	2495.15	0	0
XM_006559586.3	910	673.72	0	0
XM_006559588.3	5080	4843.15	11.6931	0.440909
XM_006559589.3	5071	4834.15	73.3209	2.76984
XM_006559593.3	5611	5374.15	13.2124	0.448971
XM_006559594.3	4556	4319.15	0	0
XM_006559596.3	4326	4089.15	0	0
XM_006559597.3	4204	3967.15	0	0
XM_006559598.3	3630	3393.15	0	0
XM_006559603.3	936	699.582	0	0
XM_006559604.3	914	677.72	0	0
XM_006559605.3	3806	3569.15	0	0
XM_006559606.3	3741	3504.15	0	0
XM_006559608.3	1313	1076.15	2	0.339394
XM_006559609.3	4552	4315.15	0.219053	0.00927042
XM_006559610.3	4515	4278.15	0.854149	0.0364606
XM_006559611.3	4500	4263.15	27.3589	1.17196
XM_006559612.2	2245	2008.15	0.186094	0.0169232
XM_006559613.2	2242	2005.15	0.813906	0.0741267
XM_006559615.3	1964	1727.15	1	0.105735
XM_006559617.3	3695	3458.15	0	0
XM_006559621.3	612	379.885	5	2.40361
XM_006559622.3	3149	2912.15	0.00132173	8.28848e-05
XM_006559623.3	3125	2888.15	0	0
XM_006559624.3	3122	2885.15	12.9987	0.822768
XM_006559625.3	3069	2832.15	0	0
XM_006559626.3	3073	2836.15	0	0
XM_006559627.3	3117	2880.15	0	0
XM_006559628.3	3032	2795.15	0	0
XM_006559629.3	3026	2789.15	0	0
XM_006559630.3	3047	2810.15	0	0
XM_006559639.3	4261	4024.15	0	0
XM_006559641.3	4153	3916.15	28.1062	1.31066
XM_006559643.3	2466	2229.15	0	0
XM_006559645.3	1288	1051.15	0	0
XM_006559646.3	1705	1468.15	21	2.61214
XM_006559647.1	1309	1072.15	49	8.34618
XM_006559648.3	2695	2458.15	0	0
XM_006559649.3	2728	2491.15	1.73672	0.127314
XM_006559650.3	2183	1946.15	33	3.0966
XM_006559652.3	1488	1251.15	0.0142129	0.00207453
XM_006559656.3	2875	2638.15	7.02308	0.486155
XM_006559657.3	2799	2562.15	11.9053	0.848563
XM_006559658.3	1603	1366.15	0	0
XM_006559660.3	4406	4169.15	3.79141	0.166073
XM_006559661.3	4552	4315.15	117.308	4.96452
XM_006559662.3	3634	3397.15	53.901	2.89753
XM_006559663.3	3809	3572.15	0	0
XM_006559664.3	713	478.425	1	0.381709
XM_006559665.3	2588	2351.15	8.79578	0.683189
XM_006559666.3	2507	2270.15	0	0
XM_006559667.3	2630	2393.15	189.326	14.4473
XM_006559675.3	1667	1430.15	23	2.93693
XM_006559677.3	3214	2977.15	0	0
XM_006559682.3	1480	1243.15	0	0
XM_006559683.3	2961	2724.15	0	0
XM_006559684.3	2964	2727.15	0	0
XM_006559685.3	2944	2707.15	4.75606	0.320835
XM_006559686.3	2944	2707.15	14.2682	0.962505
XM_006559688.3	2824	2587.15	1.26737e-08	8.946e-10
XM_006559689.3	2782	2545.15	0.131441	0.00943111
XM_006559690.3	2722	2485.15	0	0
XM_006559692.3	2551	2314.15	0	0
XM_006559694.3	2406	2169.15	55	4.63042
XM_006559699.3	1322	1085.15	9.43617	1.58801
XM_006559700.3	1191	954.148	2.14901	0.41131
XM_006559701.3	2843	2606.15	8	0.56058
XM_006559705.3	1739	1502.15	2.05011	0.249236
XM_006559706.3	1728	1491.15	6.19835	0.759105
XM_006559708.3	727	492.327	19	7.04768
XM_006559709.3	2178	1941.15	0	0
XM_006559712.3	1801	1564.15	1	0.116753
XM_006559713.3	849	613.102	0	0
XM_006559715.3	2565	2328.15	5	0.392198
XM_006559720.3	1544	1307.15	0	0
XM_006559721.3	1491	1254.15	3	0.436837
XM_006559725.3	1177	940.148	0	0
XM_006559726.3	3041	2804.15	31	2.01886
XM_006559727.3	2251	2014.15	0	0
XM_006559728.3	2176	1939.15	10.8566	1.02242
XM_006559731.3	6533	6296.15	0.924493	0.0268148
XM_006559742.3	1358	1121.15	1	0.162886
XM_006559746.3	917	680.72	0	0
XM_006559747.3	1982	1745.15	0	0
XM_006559750.3	3451	3214.15	4.36696	0.248119
XM_006559752.3	3298	3061.15	0	0
XM_006559753.3	3711	3474.15	29	1.52439
XM_006559759.3	4252	4015.15	11.5204	0.523975
XM_006559760.3	3609	3372.15	0	0
XM_006559762.3	4126	3889.15	14.6143	0.686231
XM_006559763.3	1331	1094.15	5.94026	0.991462
XM_006559764.3	3448	3211.15	18	1.02367
XM_006559765.3	3148	2911.15	0	0
XM_006559767.3	1072	835.148	0	0
XM_006559771.3	3818	3581.15	1.06058e-06	5.40839e-08
XM_006559773.3	3761	3524.15	8	0.414555
XM_006559775.3	1548	1311.15	1	0.139282
XM_006559776.3	1553	1316.15	0	0
XM_006559777.3	1479	1242.15	13	1.91125
XM_006559780.3	1010	773.148	4	0.944809
XM_006559781.3	1683	1446.15	0.00210419	0.000265716
XM_006559782.3	1674	1437.15	0.997896	0.126803
XM_006559784.3	1423	1186.15	0	0
XM_006559785.3	1440	1203.15	0	0
XM_006559786.3	1262	1025.15	18	3.20651
XM_006559788.3	4399	4162.15	51.4618	2.25795
XM_006559794.3	2166	1929.15	73.2825	6.93715
XM_006559796.3	1607	1370.15	0.896821	0.119532
XM_006559797.3	2271	2034.15	0	0
XM_006559798.3	2849	2612.15	2.10318	0.147036
XM_006559799.3	7218	6981.15	4.35561e-06	1.13938e-07
XM_006559801.3	7120	6883.15	5	0.132657
XM_006559802.3	1342	1105.15	0	0
XM_006559803.3	2165	1928.15	14	1.32597
XM_006559805.3	1452	1215.15	3	0.450857
XM_006559806.3	7172	6935.15	44	1.15863
XM_006559811.3	3092	2855.15	16.865	1.07871
XM_006559812.3	3771	3534.15	17.5459	0.906645
XM_006559813.3	2126	1889.15	50	4.83337
XM_006559814.3	2005	1768.15	0	0
XM_006559815.3	4794	4557.15	0	0
XM_006559816.3	4791	4554.15	27.9922	1.12247
XM_006559817.3	4728	4491.15	0	0
XM_006559818.3	4725	4488.15	26.1933	1.06578
XM_006559821.3	3458	3221.15	179.222	10.1608
XM_006559823.3	2376	2139.15	21	1.79277
XM_006559825.3	2802	2565.15	0	0
XM_006559826.3	2700	2463.15	65.195	4.83359
XM_006559827.3	3842	3605.15	0	0
XM_006559828.3	3754	3517.15	38.7435	2.01166
XM_006559829.3	3758	3521.15	0	0
XM_006559831.3	2345	2108.15	11.3954	0.987129
XM_006559832.3	2440	2203.15	1.87282	0.155238
XM_006559833.3	2478	2241.15	0	0
XM_006559835.3	2809	2572.15	0	0
XM_006559836.3	2789	2552.15	2	0.14311
XM_006559837.3	1228	991.148	0	0
XM_006559838.3	1842	1605.15	54.9556	6.25235
XM_006559839.3	1404	1167.15	129.418	20.2496
XM_006559842.3	3639	3402.15	1.01669e-08	5.45735e-10
XM_006559843.3	3594	3357.15	0	0
XM_006559844.3	3567	3330.15	15	0.822572
XM_006559845.3	3910	3673.15	0	0
XM_006559846.3	5994	5757.15	0	0
XM_006559847.3	5854	5617.15	0	0
XM_006559848.3	5982	5745.15	0	0
XM_006559849.2	4622	4385.15	0	0
XM_006559851.3	1718	1481.15	87	10.7267
XM_006559852.3	1857	1620.15	4025	453.688
XM_006559854.3	3030	2793.15	0	0
XM_006559860.3	2588	2351.15	0.0118163	0.0009178
XM_006559861.3	3988	3751.15	1.87426	0.0912455
XM_006559863.3	3498	3261.15	0	0
XM_006559864.3	895	658.786	0	0
XM_006559865.3	3225	2988.15	13.3395	0.815237
XM_006559866.3	3276	3039.15	48.8431	2.93493
XM_006559882.3	4102	3865.15	5	0.236238
XM_006559884.3	910	673.72	16	4.33697
XM_006559899.1	594	362.675	0	0
XM_006559902.3	5954	5717.15	6.41701e-07	2.04974e-08
XM_006559907.3	6206	5969.15	0	0
XM_006559910.3	6051	5814.15	0	0
XM_006559911.3	1858	1621.15	0	0
XM_006559912.3	1678	1441.15	0.257096	0.0325786
XM_006559913.3	3620	3383.15	0	0
XM_006559916.3	3662	3425.15	0	0
XM_006559918.3	3640	3403.15	40.7239	2.18532
XM_006559926.2	2989	2752.15	1.71442	0.113761
XM_006559927.3	2777	2540.15	7.31601	0.525971
XM_006559943.3	1633	1396.15	5.73778	0.750515
XM_006559944.3	508	283.953	3	1.9294
XM_006559945.3	3519	3282.15	65.1597	3.62549
XM_006559946.3	1756	1519.15	0	0
XM_006559947.3	1814	1577.15	55	6.36849
XM_006559948.3	2732	2495.15	0	0
XM_006559950.3	1740	1503.15	2.11798	0.257316
XM_006559951.3	1738	1501.15	7.88202	0.958871
XM_006559956.3	2197	1960.15	10.8419	1.01009
XM_006559957.2	2205	1968.15	2.15813	0.200247
XM_006559958.3	1439	1202.15	0	0
XM_006559960.3	10608	10371.1	0	0
XM_006559961.3	10111	9874.15	55.7488	1.03106
XM_006559963.3	9963	9726.15	24.193	0.454251
XM_006559966.3	2262	2025.15	0	0
XM_006559968.3	3234	2997.15	2.17779	0.132695
XM_006559970.3	1833	1596.15	28.5311	3.26431
XM_006559971.3	4053	3816.15	18.6857	0.89419
XM_006559973.3	1668	1431.15	0	0
XM_006559974.3	4235	3998.15	14	0.639463
XM_006559975.3	3376	3139.15	0	0
XM_006559976.3	3384	3147.15	41.0222	2.38039
XM_006559977.3	3334	3097.15	0	0
XM_006559978.3	3342	3105.15	131.419	7.72896
XM_006559979.3	3226	2989.15	0	0
XM_006559980.3	2471	2234.15	77.3737	6.32452
XM_006559983.3	5806	5569.15	0	0
XM_006559984.3	1309	1072.15	21.6715	3.69131
XM_006559985.3	1227	990.148	9.11163	1.68052
XM_006559986.3	1563	1326.15	0	0
XM_006559987.3	1949	1712.15	0	0
XM_006559988.3	1889	1652.15	0	0
XM_006559989.3	6197	5960.15	2	0.0612801
XM_006559990.3	6215	5978.15	0	0
XM_006559991.3	4701	4464.15	0	0
XM_006559995.3	2183	1946.15	8.16744	0.766401
XM_006559998.3	704	469.425	0	0
XM_006560000.3	1717	1480.15	5	0.616895
XM_006560001.3	2403	2166.15	74	6.23864
XM_006560003.3	1265	1028.15	2.51872	0.447374
XM_006560010.3	1799	1562.15	0	0
XM_006560011.3	2019	1782.15	27.8535	2.85419
XM_006560013.3	6217	5980.15	168.578	5.14796
XM_006560014.2	688	453.75	675	271.665
XM_006560015.3	6320	6083.15	157.272	4.72138
XM_006560017.3	2342	2105.15	0	0
XM_006560021.3	5679	5442.15	0	0
XM_006560023.3	2728	2491.15	43.8053	3.21125
XM_006560028.3	1410	1173.15	7	1.08966
XM_006560031.3	1442	1205.15	1	0.151533
XM_006560032.3	1595	1358.15	6	0.806772
XM_006560034.3	1684	1447.15	0	0
XM_006560040.3	2981	2744.15	3	0.199646
XM_006560041.3	2110	1873.15	0	0
XM_006560042.3	1418	1181.15	0	0
XM_006560048.3	1199	962.148	0	0
XM_006560049.3	4250	4013.15	0	0
XM_006560051.3	3671	3434.15	0	0
XM_006560052.3	3967	3730.15	0	0
XM_006560054.3	3886	3649.15	4	0.200177
XM_006560076.3	2737	2500.15	2.06795	0.15105
XM_006560077.3	2719	2482.15	0	0
XM_006560079.3	1419	1182.15	21	3.2441
XM_006560080.3	1592	1355.15	0	0
XM_006560081.3	3412	3175.15	0	0
XM_006560082.3	5153	4916.15	3.80231e-06	1.41244e-07
XM_006560083.3	1361	1124.15	432	70.1789
XM_006560089.3	4282	4045.15	0	0
XM_006560090.3	4057	3820.15	38	1.81656
XM_006560091.3	1690	1453.15	17	2.13641
XM_006560092.3	1869	1632.15	0	0
XM_006560093.3	1870	1633.15	0	0
XM_006560096.3	4069	3832.15	91.2874	4.35026
XM_006560098.3	2778	2541.15	23.411	1.68243
XM_006560099.3	1361	1124.15	25.0849	4.07508
XM_006560100.3	1395	1158.15	5.7984	0.914304
XM_006560101.3	1348	1111.15	0	0
XM_006560103.3	4904	4667.15	5.68463e-05	2.22432e-06
XM_006560107.3	1336	1099.15	7.35262	1.22161
XM_006560110.3	3156	2919.15	77.3749	4.8405
XM_006560112.3	1231	994.148	1	0.183694
XM_006560114.3	2250	2013.15	65.8411	5.97266
XM_006560115.3	2331	2094.15	12.124	1.05727
XM_006560118.3	4826	4589.15	0	0
XM_006560119.3	4846	4609.15	3.3348	0.132128
XM_006560120.3	4743	4506.15	0	0
XM_006560121.3	5793	5556.15	253.392	8.32848
XM_006560130.3	10074	9837.15	2.37752	0.0441368
XM_006560131.3	10056	9819.15	1864.29	34.6725
XM_006560134.3	5510	5273.15	24.2788	0.840823
XM_006560135.3	5497	5260.15	25.7609	0.894355
XM_006560136.3	4724	4487.15	4.96023	0.201873
XM_006560139.3	3823	3586.15	42.9597	2.18766
XM_006560148.3	1311	1074.15	0	0
XM_006560150.3	1261	1024.15	91	16.2265
XM_006560155.3	696	461.658	21	8.30701
XM_006560156.2	942	705.582	81	20.9645
XM_006560157.2	877	640.915	0	0
XM_006560160.3	1818	1581.15	8.30083	0.958728
XM_006560162.3	1658	1421.15	0	0
XM_006560163.3	1634	1397.15	0	0
XM_006560164.3	1685	1448.15	7.60835	0.959454
XM_006560168.3	6038	5801.15	2.34549e-08	7.38357e-10
XM_006560169.3	6026	5789.15	2.35252e-08	7.42104e-10
XM_006560170.3	6332	6095.15	73.3309	2.1971
XM_006560173.3	6143	5906.15	0	0
XM_006560174.3	2025	1788.15	0	0
XM_006560177.3	5414	5177.15	95.0504	3.35281
XM_006560178.3	4070	3833.15	4	0.190568
XM_006560179.3	4070	3833.15	0	0
XM_006560180.3	3954	3717.15	0	0
XM_006560181.3	11263	11026.1	125.823	2.08393
XM_006560186.3	3493	3256.15	7	0.392591
XM_006560189.3	3180	2943.15	26.1892	1.62501
XM_006560194.3	8089	7852.15	0	0
XM_006560195.3	7834	7597.15	0	0
XM_006560197.3	3018	2781.15	0	0
XM_006560199.3	3391	3154.15	0	0
XM_006560200.3	3327	3090.15	0	0
XM_006560202.3	813	577.22	2.31793	0.733341
XM_006560207.3	2201	1964.15	0	0
XM_006560208.3	1497	1260.15	0	0
XM_006560209.3	3013	2776.15	1	0.0657815
XM_006560210.3	3609	3372.15	0	0
XM_006560211.3	3501	3264.15	27	1.51057
XM_006560212.3	1714	1477.15	0	0
XM_006560215.3	2264	2027.15	0	0
XM_006560216.3	2380	2143.15	4.33772e-06	3.6962e-07
XM_006560217.3	1991	1754.15	33	3.43553
XM_006560219.3	1698	1461.15	3.75275	0.469032
XM_006560220.3	2102	1865.15	1	0.0979114
XM_006560223.3	1121	884.148	3.37335	0.696761
XM_006560224.3	1282	1045.15	7.62665	1.33261
XM_006560227.3	2889	2652.15	0	0
XM_006560228.3	1432	1195.15	123	18.7945
XM_006560229.3	997	760.148	1	0.240242
XM_006560230.3	939	702.582	0	0
XM_006560232.3	381	179.973	0	0
XM_006560237.3	4208	3971.15	308.603	14.1916
XM_006560244.3	1975	1738.15	0	0
XM_006560245.3	1108	871.148	1	0.209631
XM_006560256.3	1993	1756.15	9.60945	0.999272
XM_006560262.3	4464	4227.15	68.4007	2.95501
XM_006560271.3	1252	1015.15	7	1.25926
XM_006560289.3	9592	9355.15	35.3629	0.690309
XM_006560299.3	3356	3119.15	10.0711	0.589642
XM_006560302.3	7606	7369.15	70.8158	1.75493
XM_006560304.3	7593	7356.15	0	0
XM_006560305.3	1773	1536.15	0	0
XM_006560307.2	2466	2229.15	0	0
XM_006560311.3	3845	3608.15	80.4622	4.07244
XM_006560312.3	3537	3300.15	0	0
XM_006560315.3	853	617.102	13.4467	3.97928
XM_006560317.3	714	479.425	2.5533	0.972584
XM_006560320.3	5318	5081.15	32	1.1501
XM_006560321.3	1024	787.148	42	9.74405
XM_006560322.3	555	325.955	0	0
XM_006560323.3	1808	1571.15	0	0
XM_006560326.3	2484	2247.15	3.57343	0.290402
XM_006560327.3	3612	3375.15	4.24423	0.229643
XM_006560328.3	2424	2187.15	0	0
XM_006560329.3	2365	2128.15	0	0
XM_006560347.3	15231	14994.1	0	0
XM_006560348.3	15228	14991.1	0	0
XM_006560349.3	14829	14592.1	28.6141	0.358102
XM_006560350.3	14826	14589.1	0	0
XM_006560352.3	14557	14320.1	0	0
XM_006560353.3	14229	13992.1	0	0
XM_006560354.3	14172	13935.1	95.9398	1.25728
XM_006560355.3	14226	13989.1	0	0
XM_006560356.3	14169	13932.1	38.5268	0.505
XM_006560357.3	15219	14982.1	0	0
XM_006560360.3	8055	7818.15	0	0
XM_006560361.3	8054	7817.15	51.4689	1.20238
XM_006560362.3	8041	7804.15	0	0
XM_006560364.3	8217	7980.15	0	0
XM_006560365.3	8329	8092.15	14.5846	0.329136
XM_006560366.3	8164	7927.15	237.064	5.46129
XM_006560368.3	7831	7594.15	342.723	8.24159
XM_006560369.3	7832	7595.15	70.1331	1.68629
XM_006560370.3	6983	6746.15	29.5562	0.800091
XM_006560371.3	7176	6939.15	150.208	3.95305
XM_006560372.3	7390	7153.15	247.749	6.32501
XM_006560374.3	2497	2260.15	0.270523	0.0218582
XM_006560375.3	1576	1339.15	6	0.818218
XM_006560377.3	9001	8764.15	0	0
XM_006560378.3	11025	10788.1	87.9881	1.48944
XM_006560380.3	8971	8734.15	0	0
XM_006560383.3	8896	8659.15	104.372	2.20118
XM_006560384.3	8893	8656.15	0	0
XM_006560389.3	3148	2911.15	5.89011	0.369492
XM_006560392.3	1818	1581.15	21.3669	2.46783
XM_006560397.3	1422	1185.15	0.254318	0.0391878
XM_006560399.3	381	179.973	1	1.0147
XM_006560400.3	2302	2065.15	27	2.38759
XM_006560405.3	8065	7828.15	26.0722	0.608225
XM_006560408.3	1466	1229.15	25.7291	3.82267
XM_006560409.3	2363	2126.15	0	0
XM_006560410.3	2560	2323.15	1987.19	156.21
XM_006560411.3	6213	5976.15	0	0
XM_006560412.3	6197	5960.15	0	0
XM_006560414.3	6131	5894.15	37.8051	1.17132
XM_006560415.3	1564	1327.15	35.7529	4.9197
XM_006560416.3	1579	1342.15	57.7451	7.85709
XM_006560417.3	2782	2545.15	10.855	0.77887
XM_006560418.3	4679	4442.15	0.290475	0.0119416
XM_006560419.3	5470	5233.15	0	0
XM_006560420.2	4065	3828.15	0	0
XM_006560421.3	4408	4171.15	0	0
XM_006560425.3	3184	2947.15	9.86145	0.611062
XM_006560428.3	1201	964.148	2	0.37882
XM_006560431.3	5127	4890.15	215.33	8.04135
XM_006560432.3	1207	970.148	4	0.752954
XM_006560433.2	429	217.564	0	0
XM_006560434.3	787	551.388	24	7.94877
XM_006560435.3	1323	1086.15	0	0
XM_006560436.3	1414	1177.15	1	0.155137
XM_006560439.3	1944	1707.15	12	1.28368
XM_006560440.3	1922	1685.15	0	0
XM_006560449.3	5676	5439.15	44.7701	1.50315
XM_006560453.3	5541	5304.15	0	0
XM_006560457.3	1923	1686.15	7.49399	0.811641
XM_006560459.3	4407	4170.15	42.6309	1.86689
XM_006560461.3	4335	4098.15	3.56617	0.158913
XM_006560464.3	2984	2747.15	0	0
XM_006560471.3	7002	6765.15	0	0
XM_006560475.3	2867	2630.15	0	0
XM_006560476.3	1316	1079.15	3	0.507676
XM_006560478.3	2141	1904.15	0	0
XM_006560479.3	2874	2637.15	0	0
XM_006560482.3	567	337.416	0	0
XM_006560483.3	2590	2353.15	16	1.2417
XM_006560484.3	1037	800.148	0	0
XM_006560485.3	1001	764.148	0	0
XM_006560492.3	5528	5291.15	0	0
XM_006560495.3	2356	2119.15	8.25358	0.711258
XM_006560497.3	5327	5090.15	146.99	5.27356
XM_006560498.3	5257	5020.15	187.302	6.81353
XM_006560499.3	5569	5332.15	10.7326	0.367578
XM_006560503.3	820	584.162	0	0
XM_006560509.3	11920	11683.1	0.00686203	0.00010726
XM_006560512.3	11827	11590.1	0	0
XM_006560514.3	11761	11524.1	48.2023	0.763845
XM_006560519.3	11665	11428.1	0	0
XM_006560524.3	11611	11374.1	0	0
XM_006560525.3	11608	11371.1	0	0
XM_006560526.3	11602	11365.1	0	0
XM_006560527.3	11593	11356.1	0	0
XM_006560528.3	11584	11347.1	0	0
XM_006560529.3	11578	11341.1	0	0
XM_006560530.3	11560	11323.1	0	0
XM_006560531.3	11545	11308.1	0.226865	0.00366372
XM_006560532.3	11527	11290.1	4.07087e-08	6.58468e-10
XM_006560533.3	11515	11278.1	0	0
XM_006560534.3	11512	11275.1	0	0
XM_006560535.3	11497	11260.1	0	0
XM_006560536.3	11494	11257.1	0	0
XM_006560537.3	11458	11221.1	0	0
XM_006560540.3	11440	11203.1	0	0
XM_006560544.2	3273	3036.15	0	0
XM_006560549.3	6732	6495.15	40.4038	1.136
XM_006560550.3	6643	6406.15	0	0
XM_006560552.3	2006	1769.15	0	0
XM_006560554.3	625	392.496	0	0
XM_006560555.3	493	270.764	243	163.893
XM_006560556.3	1997	1760.15	34	3.52757
XM_006560557.3	1422	1185.15	71	10.9404
XM_006560572.3	1018	781.148	8.08526	1.8902
XM_006560574.3	2356	2119.15	4.50111	0.387886
XM_006560575.3	2351	2114.15	1.71677	0.148294
XM_006560576.3	3089	2852.15	7.78212	0.498279
XM_006560577.3	3635	3398.15	0	0
XM_006560583.3	7025	6788.15	105.043	2.82595
XM_006560584.3	7198	6961.15	34.594	0.907541
XM_006560585.3	7004	6767.15	0.846715	0.0228496
XM_006560586.3	1889	1652.15	242	26.7493
XM_006560587.3	1790	1553.15	13	1.52854
XM_006560589.3	3122	2885.15	43.5032	2.75359
XM_006560590.3	3046	2809.15	8.59693	0.558876
XM_006560591.3	1826	1589.15	3	0.344749
XM_006560596.3	1649	1412.15	63	8.14717
XM_006560597.3	3548	3311.15	12.0253	0.663228
XM_006560599.3	3610	3373.15	13.315	0.720863
XM_006560600.3	3943	3706.15	26.001	1.28119
XM_006560601.3	3199	2962.15	10.684	0.658678
XM_006560602.3	1651	1414.15	4.02441	0.519701
XM_006560603.3	1085	848.148	314	67.609
XM_006560605.3	802	566.277	28	9.02974
XM_006560606.3	1592	1355.15	0	0
XM_006560607.3	730	495.278	0	0
XM_006560608.3	717	482.425	0	0
XM_006560609.3	721	486.376	0	0
XM_006560610.3	2098	1861.15	7.9072	0.775869
XM_006560612.3	1005	768.148	0	0
XM_006560613.3	829	593.102	0.999952	0.30789
XM_006560615.3	2312	2075.15	0	0
XM_006560616.3	2288	2051.15	1.11562e-08	9.93263e-10
XM_006560629.3	5350	5113.15	3.29916e-08	1.17831e-09
XM_006560631.3	4528	4291.15	7	0.2979
XM_006560635.3	4044	3807.15	31	1.48699
XM_006560637.3	2329	2092.15	38.9884	3.40321
XM_006560638.3	3021	2784.15	0	0
XM_006560641.3	2235	1998.15	0	0
XM_006560644.3	5691	5454.15	0	0
XM_006560645.3	4455	4218.15	13	0.562818
XM_006560646.3	1691	1454.15	7	0.879095
XM_006560654.3	2648	2411.15	69.0693	5.23128
XM_006560656.3	1525	1288.15	10	1.41769
XM_006560657.3	1373	1136.15	0	0
XM_006560658.3	1301	1064.15	0	0
XM_006560659.3	1313	1076.15	0	0
XM_006560662.3	1307	1070.15	1	0.170649
XM_006560673.3	1816	1579.15	5	0.578221
XM_006560674.3	1766	1529.15	0	0
XM_006560675.3	2820	2583.15	23	1.62602
XM_006560676.3	6232	5995.15	27	0.822451
XM_006560684.3	1641	1404.15	0.133399	0.0173494
XM_006560685.3	1763	1526.15	10.4899	1.25523
XM_006560686.3	1758	1521.15	0	0
XM_006560688.3	2223	1986.15	54	4.96511
XM_006560690.3	1596	1359.15	2.92059	0.39242
XM_006560691.3	1573	1336.15	22.0794	3.01772
XM_006560695.3	3676	3439.15	0	0
XM_006560696.3	3224	2987.15	0	0
XM_006560697.3	1255	1018.15	3	0.538092
XM_006560700.3	2584	2347.15	0	0
XM_006560701.3	2671	2434.15	0	0
XM_006560702.3	2564	2327.15	14.7577	1.15809
XM_006560703.3	11754	11517.1	0	0
XM_006560704.3	11745	11508.1	21.7545	0.345216
XM_006560705.3	9629	9392.15	3.24547	0.0631043
XM_006560711.3	4627	4390.15	0	0
XM_006560717.3	2304	2067.15	63	5.56564
XM_006560719.2	1356	1119.15	0	0
XM_006560722.3	8964	8727.15	8.15719e-05	1.70693e-06
XM_006560723.3	8865	8628.15	6.33701	0.134126
XM_006560724.3	1971	1734.15	0	0
XM_006560733.3	1961	1724.15	0	0
XM_006560734.3	1988	1751.15	0	0
XM_006560735.3	1965	1728.15	0	0
XM_006560737.3	1774	1537.15	0	0
XM_006560738.3	1729	1492.15	0	0
XM_006560740.2	2143	1906.15	61.1022	5.85392
XM_006560741.2	1681	1444.15	22.4652	2.84083
XM_006560742.2	1672	1435.15	20.94	2.66456
XM_006560747.3	1460	1223.15	0	0
XM_006560749.3	1655	1418.15	107	13.7787
XM_006560762.2	1685	1448.15	28	3.53095
XM_006560763.3	1514	1277.15	0	0
XM_006560764.3	5279	5042.15	0.943666	0.0341782
XM_006560765.3	4412	4175.15	0	0
XM_006560766.3	2346	2109.15	2	0.173169
XM_006560768.3	2757	2520.15	2	0.144927
XM_006560770.3	7043	6806.15	6.99429	0.187667
XM_006560791.3	1451	1214.15	0	0
XM_006560792.3	1296	1059.15	13	2.24147
XM_006560793.3	2963	2726.15	0	0
XM_006560795.3	1473	1236.15	0	0
XM_006560797.3	1434	1197.15	2	0.30509
XM_006560798.3	3480	3243.15	0	0
XM_006560800.3	2314	2077.15	17	1.49461
XM_006560801.3	1942	1705.15	2	0.214197
XM_006560802.3	2487	2250.15	12.7127	1.03175
XM_006560803.3	2310	2073.15	15.2873	1.34663
XM_006560804.3	1388	1151.15	6.18	0.980402
XM_006560820.3	4866	4629.15	384.97	15.187
XM_006560821.3	4845	4608.15	0.0296696	0.00117579
XM_006560823.3	4890	4653.15	2.02642e-06	7.95296e-08
XM_006560830.3	944	707.441	7.22543	1.86517
XM_006560833.3	7015	6778.15	0	0
XM_006560834.2	2751	2514.15	5	0.363183
XM_006560835.3	1952	1715.15	1.5883	0.169113
XM_006560836.3	1331	1094.15	0	0
XM_006560837.3	1269	1032.15	0	0
XM_006560840.3	6797	6560.15	636.708	17.7245
XM_006560841.3	11686	11449.1	13.0938	0.208852
XM_006560842.3	11565	11328.1	0	0
XM_006560847.3	1150	913.148	69	13.7992
XM_006560848.3	1328	1091.15	0	0
XM_006560849.3	1017	780.148	238	55.7117
XM_006560851.3	3279	3042.15	17.8459	1.07128
XM_006560859.3	5202	4965.15	25.3521	0.932456
XM_006560861.3	7481	7244.15	0	0
XM_006560862.3	7419	7182.15	95.2545	2.42202
XM_006560863.3	7574	7337.15	0	0
XM_006560864.3	4436	4199.15	15.7232	0.683795
XM_006560867.2	3136	2899.15	66.8486	4.21084
XM_006560868.3	1231	994.148	20.7235	3.80678
XM_006560870.3	2599	2362.15	5.15823	0.398786
XM_006560871.3	2542	2305.15	0	0
XM_006560875.3	3688	3451.15	13.5391	0.716428
XM_006560876.3	5819	5582.15	23	0.752442
XM_006560882.3	2405	2168.15	0	0
XM_006560885.3	1403	1166.15	0	0
XM_006560886.3	1536	1299.15	0	0
XM_006560894.3	1314	1077.15	3	0.508619
XM_006560896.3	1391	1154.15	0	0
XM_006560898.3	393	189.447	99	95.4322
XM_006560900.3	2547	2310.15	0	0
XM_006560903.2	3047	2810.15	0	0
XM_006560904.3	4607	4370.15	2	0.0835757
XM_006560913.3	2003	1766.15	0	0
XM_006560915.3	1997	1760.15	22.4147	2.32558
XM_006560916.3	1917	1680.15	0	0
XM_006560920.3	2350	2113.15	44.8615	3.87695
XM_006560921.3	781	545.553	6	2.00845
XM_006560922.3	1194	957.148	12	2.28954
XM_006560923.3	4051	3814.15	214.693	10.2794
XM_006560924.3	3865	3628.15	12.9449	0.65157
XM_006560925.3	4151	3914.15	34.3396	1.60215
XM_006560928.3	4146	3909.15	11.6016	0.541976
XM_006560933.3	5750	5513.15	7.68904	0.254694
XM_006560934.3	4421	4184.15	18.9896	0.828808
XM_006560935.3	6099	5862.15	0	0
XM_006560936.3	6096	5859.15	0	0
XM_006560937.3	6069	5832.15	0	0
XM_006560938.3	6065	5828.15	21.5633	0.675663
XM_006560942.3	4269	4032.15	0	0
XM_006560944.3	3321	3084.15	44.7007	2.64682
XM_006560945.3	3466	3229.15	0	0
XM_006560946.3	3382	3145.15	0	0
XM_006560951.3	3034	2797.15	0	0
XM_006560952.3	3022	2785.15	12	0.786827
XM_006560953.3	3007	2770.15	0	0
XM_006560955.3	3022	2785.15	0	0
XM_006560956.3	2732	2495.15	1	0.0731897
XM_006560957.3	2381	2144.15	2	0.170342
XM_006560958.2	5628	5391.15	2.27185	0.0769566
XM_006560959.1	5621	5384.15	8.1905	0.277805
XM_006560960.2	5613	5376.15	35.5376	1.20716
XM_006560965.1	564	334.587	1.78444	0.973957
XM_006560974.3	3327	3090.15	0	0
XM_006560975.3	3138	2901.15	0	0
XM_006560976.3	3134	2897.15	0	0
XM_006560978.3	5500	5263.15	0	0
XM_006560982.3	1161	924.148	7.05057	1.39325
XM_006560984.3	1885	1648.15	0	0
XM_006560985.3	983	746.224	41	10.0337
XM_006560986.3	9601	9364.15	17	0.331533
XM_006560987.3	2853	2616.15	0	0
XM_006560988.3	2558	2321.15	0	0
XM_006560989.3	2502	2265.15	0	0
XM_006560990.3	2451	2214.15	0	0
XM_006560991.3	2398	2161.15	0	0
XM_006560993.3	2299	2062.15	1.00533	0.08903
XM_006560994.2	2174	1937.15	5	0.471361
XM_006560995.3	1738	1501.15	2	0.243306
XM_006560996.3	1461	1224.15	2	0.298361
XM_006560997.3	2948	2711.15	0	0
XM_006561001.3	1991	1754.15	6	0.624642
XM_006561003.3	5261	5024.15	42.8412	1.5572
XM_006561004.3	5243	5006.15	124.712	4.54936
XM_006561008.3	1944	1707.15	0	0
XM_006561009.3	3632	3395.15	0	0
XM_006561010.3	4773	4536.15	7.64864	0.307924
XM_006561012.3	4682	4445.15	0	0
XM_006561013.3	3248	3011.15	0	0
XM_006561014.3	3042	2805.15	0	0
XM_006561015.3	3461	3224.15	0	0
XM_006561016.3	1297	1060.15	6	1.03355
XM_006561018.3	5179	4942.15	0	0
XM_006561019.3	4910	4673.15	18.0068	0.703675
XM_006561020.3	1038	801.148	8	1.82358
XM_006561022.3	2530	2293.15	59	4.69858
XM_006561024.3	3151	2914.15	207.771	13.0203
XM_006561026.3	3511	3274.15	48.2358	2.6904
XM_006561027.3	3087	2850.15	0	0
XM_006561030.3	1833	1596.15	10.6444	1.21785
XM_006561032.3	1738	1501.15	38.3152	4.66116
XM_006561034.3	2310	2073.15	0	0
XM_006561035.3	1288	1051.15	0	0
XM_006561036.3	1146	909.148	30.9795	6.22281
XM_006561037.3	2415	2178.15	1	0.0838415
XM_006561038.3	4345	4108.15	0	0
XM_006561040.3	2552	2315.15	0	0
XM_006561041.3	2549	2312.15	25.6905	2.0291
XM_006561043.3	2099	1862.15	5.30947	0.520695
XM_006561044.3	2162	1925.15	1	0.0948598
XM_006561045.3	1716	1479.15	1.24827	0.154114
XM_006561046.3	3670	3433.15	5.0003	0.265981
XM_006561047.2	3569	3332.15	0	0
XM_006561051.3	604	372.341	0	0
XM_006561055.3	2951	2714.15	13.5018	0.908457
XM_006561057.3	2615	2378.15	0	0
XM_006561058.3	3115	2878.15	7.81274	0.49572
XM_006561063.3	7661	7424.15	6.00807	0.147787
XM_006561065.3	7807	7570.15	2.69734e-08	6.50696e-10
XM_006561067.3	2687	2450.15	0	0
XM_006561068.3	2177	1940.15	5.04259	0.474641
XM_006561069.3	3063	2826.15	0	0
XM_006561070.3	2654	2417.15	1	0.0755515
XM_006561072.3	4067	3830.15	250	11.9199
XM_006561074.3	1646	1409.15	37	4.79503
XM_006561075.3	1425	1188.15	1	0.153701
XM_006561077.3	2316	2079.15	16	1.40534
XM_006561078.3	3747	3510.15	1	0.0520261
XM_006561079.3	2678	2441.15	0	0
XM_006561080.3	4117	3880.15	0.0382596	0.00180069
XM_006561081.3	4094	3857.15	13.5258	0.640387
XM_006561084.3	4305	4068.15	0	0
XM_006561086.3	2133	1896.15	0	0
XM_006561089.3	5883	5646.15	133.276	4.31069
XM_006561094.3	2120	1883.15	0	0
XM_006561097.3	1470	1233.15	13	1.92519
XM_006561101.3	1474	1237.15	0	0
XM_006561111.3	1087	850.148	5	1.07404
XM_006561112.3	2291	2054.15	0	0
XM_006561115.3	4419	4182.15	0	0
XM_006561116.3	4085	3848.15	11	0.52202
XM_006561119.3	6661	6424.15	56.154	1.59629
XM_006561120.3	6068	5831.15	7.41243	0.232142
XM_006561121.3	6424	6187.15	1.46035	0.0431035
XM_006561122.3	635	402.216	3	1.3621
XM_006561123.3	1428	1191.15	36	5.51929
XM_006561124.3	2094	1857.15	20.9249	2.05761
XM_006561125.3	6501	6264.15	1.92789e-08	5.6204e-10
XM_006561126.3	1782	1545.15	0	0
XM_006561127.3	1827	1590.15	18	2.06719
XM_006561128.3	1715	1478.15	0	0
XM_006561129.3	817	581.162	111	34.8797
XM_006561130.3	2149	1912.15	0	0
XM_006561131.3	2955	2718.15	1	0.0671852
XM_006561132.3	3208	2971.15	0	0
XM_006561133.3	3912	3675.15	11	0.546593
XM_006561136.3	12444	12207.1	0	0
XM_006561148.3	2406	2169.15	0	0
XM_006561150.3	890	653.786	0	0
XM_006561151.3	751	515.871	0	0
XM_006561152.3	841	605.102	0	0
XM_006561153.3	834	598.102	45	13.7399
XM_006561157.3	1728	1491.15	0	0
XM_006561159.3	1604	1367.15	1.31003e-05	1.74989e-06
XM_006561160.3	1601	1364.15	0	0
XM_006561161.3	1586	1349.15	6.28625	0.8509
XM_006561162.2	4497	4260.15	75.2994	3.22785
XM_006561163.3	4893	4656.15	0	0
XM_006561164.3	4822	4585.15	0	0
XM_006561166.3	4656	4419.15	0	0
XM_006561169.3	3904	3667.15	0	0
XM_006561170.3	3608	3371.15	0	0
XM_006561172.3	565	335.553	45	24.4905
XM_006561174.3	6300	6063.15	20.5236	0.618161
XM_006561175.3	5633	5396.15	27.7957	0.940675
XM_006561176.3	6939	6702.15	42	1.14441
XM_006561181.3	2228	1991.15	42.3611	3.88517
XM_006561194.3	3092	2855.15	5	0.319807
XM_006561195.3	3077	2840.15	0	0
XM_006561197.3	13927	13690.1	31.4227	0.419162
XM_006561205.3	5535	5298.15	56	1.93024
XM_006561216.3	4982	4745.15	81.1143	3.12172
XM_006561217.3	952	715.37	0	0
XM_006561239.3	6200	5963.15	40	1.22499
XM_006561241.3	4322	4085.15	26	1.16228
XM_006561244.3	5941	5704.15	0	0
XM_006561249.3	5845	5608.15	0	0
XM_006561251.3	4439	4202.15	3.73689	0.1624
XM_006561252.3	4605	4368.15	7.98659	0.333896
XM_006561253.3	3055	2818.15	13.5604	0.87873
XM_006561259.3	3600	3363.15	13	0.705901
XM_006561263.3	4878	4641.15	18	0.708261
XM_006561271.3	2299	2062.15	0	0
XM_006561272.3	2222	1985.15	0	0
XM_006561273.3	2206	1969.15	35	3.24591
XM_006561274.3	683	448.977	29.9742	12.1919
XM_006561276.3	2763	2526.15	0	0
XM_006561277.3	2537	2300.15	0	0
XM_006561278.2	4579	4342.15	207.111	8.71053
XM_006561279.2	4468	4231.15	42.8891	1.85112
XM_006561281.3	1489	1252.15	18	2.62521
XM_006561282.3	1329	1092.15	0	0
XM_006561283.3	1686	1449.15	0	0
XM_006561284.3	2007	1770.15	0	0
XM_006561285.3	1700	1463.15	0	0
XM_006561286.3	1668	1431.15	0	0
XM_006561288.3	1847	1610.15	0.114954	0.0130378
XM_006561290.3	1950	1713.15	16.173	1.72402
XM_006561291.3	2367	2130.15	0	0
XM_006561295.3	12934	12697.1	17	0.244506
XM_006561296.3	10862	10625.1	0	0
XM_006561297.3	3645	3408.15	0	0
XM_006561299.3	5153	4916.15	138.363	5.13973
XM_006561302.3	3246	3009.15	14.5277	0.881658
XM_006561307.3	3071	2834.15	45.198	2.91235
XM_006561308.3	2796	2559.15	2.85252	0.203554
XM_006561309.3	1657	1420.15	0	0
XM_006561315.3	1716	1479.15	0	0
XM_006561317.3	1490	1253.15	11	1.60301
XM_006561322.3	885	648.786	13.499	3.79967
XM_006561323.3	7212	6975.15	15	0.392721
XM_006561325.3	1209	972.148	7.19736	1.35203
XM_006561326.3	532	305.232	2	1.19659
XM_006561329.3	4028	3791.15	0	0
XM_006561330.3	3970	3733.15	41.6856	2.03919
XM_006561331.3	4021	3784.15	64.2115	3.09878
XM_006561332.3	4018	3781.15	44.7384	2.16074
XM_006561333.3	4536	4299.15	122.999	5.22474
XM_006561334.3	4004	3767.15	6.36128	0.308374
XM_006561335.3	3493	3256.15	0	0
XM_006561336.3	3301	3064.15	0	0
XM_006561337.3	3292	3055.15	1.15607e-07	6.91032e-09
XM_006561338.3	3202	2965.15	0.00437007	0.000269146
XM_006561339.3	5134	4897.15	49	1.82726
XM_006561355.3	2128	1891.15	0	0
XM_006561356.3	2341	2104.15	0	0
XM_006561357.3	2098	1861.15	0	0
XM_006561358.3	2272	2035.15	75.1196	6.74068
XM_006561360.3	2286	2049.15	0	0
XM_006561361.3	2176	1939.15	3.49246	0.328902
XM_006561362.3	2373	2136.15	0	0
XM_006561363.3	1058	821.148	4.22176	0.938898
XM_006561364.3	970	733.297	7.97874	1.98701
XM_006561365.3	2793	2556.15	31.0401	2.21761
XM_006561366.3	2776	2539.15	3.14837	0.226435
XM_006561377.3	321	135.439	9	12.1352
XM_006561380.3	3269	3032.15	1.86013	0.112031
XM_006561381.3	2716	2479.15	6	0.441972
XM_006561384.3	1239	1002.15	13.6076	2.47968
XM_006561394.2	1095	858.148	0	0
XM_006561396.3	1742	1505.15	0	0
XM_006561398.3	2919	2682.15	94	6.40017
XM_006561404.3	2439	2202.15	0	0
XM_006561405.3	2325	2088.15	1	0.0874551
XM_006561407.3	4380	4143.15	4	0.17631
XM_006561411.3	2457	2220.15	0	0
XM_006561415.2	477	256.972	3	2.13198
XM_006561423.3	1312	1075.15	0	0
XM_006561424.3	2346	2109.15	0	0
XM_006561425.3	2313	2076.15	0	0
XM_006561426.3	4970	4733.15	0	0
XM_006561427.3	4889	4652.15	23.5604	0.924861
XM_006561428.3	4979	4742.15	3.15742	0.121592
XM_006561429.3	4938	4701.15	12.3358	0.479191
XM_006561430.3	4781	4544.15	65.6898	2.63993
XM_006561437.3	8588	8351.15	183	4.00176
XM_006561438.3	7967	7730.15	0	0
XM_006561449.3	6506	6269.15	0	0
XM_006561450.3	8359	8122.15	268	6.02574
XM_006561451.3	2485	2248.15	28.3656	2.30416
XM_006561453.3	3411	3174.15	0	0
XM_006561454.3	3314	3077.15	0	0
XM_006561455.3	3774	3537.15	10.0202	0.517335
XM_006561468.3	1059	822.148	2	0.444249
XM_006561471.3	6302	6065.15	1.33035e-06	4.00564e-08
XM_006561472.3	6220	5983.15	0.909436	0.027758
XM_006561473.3	6316	6079.15	1.36669e-07	4.10557e-09
XM_006561475.3	6234	5997.15	0.0905621	0.00275771
XM_006561476.3	6332	6095.15	1.02087e-08	3.05867e-10
XM_006561477.3	5900	5663.15	0	0
XM_006561478.3	6772	6535.15	4.97801	0.139106
XM_006561479.3	3073	2836.15	0	0
XM_006561498.3	817	581.162	383.822	120.609
XM_006561502.3	2590	2353.15	0	0
XM_006561504.3	5684	5447.15	0	0
XM_006561505.3	5684	5447.15	0	0
XM_006561506.3	5669	5432.15	0	0
XM_006561507.3	5685	5448.15	0	0
XM_006561508.3	8864	8627.15	41.0647	0.869255
XM_006561509.3	7617	7380.15	32.0375	0.792757
XM_006561520.3	8262	8025.15	0	0
XM_006561521.3	8264	8027.15	0	0
XM_006561524.3	8234	7997.15	0	0
XM_006561525.3	8235	7998.15	0	0
XM_006561526.3	8238	8001.15	0	0
XM_006561527.3	8231	7994.15	0	0
XM_006561528.3	8234	7997.15	0	0
XM_006561529.3	8208	7971.15	0	0
XM_006561530.3	8205	7968.15	0	0
XM_006561532.3	6108	5871.15	0	0
XM_006561533.3	8180	7943.15	0	0
XM_006561535.3	6072	5835.15	0	0
XM_006561537.3	15354	15117.1	0	0
XM_006561538.3	8203	7966.15	0	0
XM_006561539.3	15300	15063.1	0	0
XM_006561540.3	15356	15119.1	0.0100274	0.000121117
XM_006561541.3	15358	15121.1	0	0
XM_006561543.3	8173	7936.15	0	0
XM_006561544.3	15329	15092.1	0.0585273	0.000708197
XM_006561545.3	15359	15122.1	3.04059e-08	3.6719e-10
XM_006561546.3	4260	4023.15	0	0
XM_006561547.3	4437	4200.15	0	0
XM_006561548.3	4205	3968.15	0	0
XM_006561549.3	4252	4015.15	8.39188	0.381684
XM_006561550.3	4437	4200.15	8.14841	0.354286
XM_006561551.3	1863	1626.15	28.5081	3.2015
XM_006561552.3	1868	1631.15	34.4206	3.85365
XM_006561553.3	1596	1359.15	5.40475	0.726198
XM_006561554.3	1572	1335.15	0	0
XM_006561555.3	6176	5939.15	0	0
XM_006561556.3	6174	5937.15	0	0
XM_006561559.2	3970	3733.15	0	0
XM_006561560.3	3369	3132.15	2	0.11661
XM_006561561.2	3936	3699.15	0	0
XM_006561562.2	4182	3945.15	0	0
XM_006561563.3	5888	5651.15	0	0
XM_006561564.3	5428	5191.15	2	0.0703579
XM_006561565.3	5930	5693.15	0	0
XM_006561566.3	1197	960.148	249	47.3596
XM_006561572.3	1542	1305.15	0	0
XM_006561573.3	3188	2951.15	0	0
XM_006561575.3	7510	7273.15	2.12394e-06	5.33293e-08
XM_006561585.3	9577	9340.15	9.87837	0.193143
XM_006561586.3	9457	9220.15	0	0
XM_006561587.3	9920	9683.15	0	0
XM_006561588.3	8553	8316.15	2.2009	0.0483308
XM_006561589.3	3014	2777.15	84	5.52366
XM_006561591.3	2514	2277.15	7	0.561375
XM_006561595.3	952	715.37	12	3.06335
XM_006561596.3	1199	962.148	0	0
XM_006561599.3	7593	7356.15	45.0126	1.11746
XM_006561605.2	5054	4817.15	0	0
XM_006561606.2	4839	4602.15	29.1872	1.15819
XM_006561607.3	3784	3547.15	0	0
XM_006561608.3	3517	3280.15	0	0
XM_006561609.3	3678	3441.15	27.1282	1.43967
XM_006561610.3	3785	3548.15	67.164	3.45686
XM_006561611.3	3444	3207.15	11.731	0.667979
XM_006561612.3	1425	1188.15	0	0
XM_006561613.2	2179	1942.15	0	0
XM_006561614.3	1089	852.148	0	0
XM_006561615.3	1466	1229.15	5.30083	0.787565
XM_006561617.3	3643	3406.15	0	0
XM_006561618.3	768	532.607	0	0
XM_006561619.3	752	516.871	9	3.17985
XM_006561621.3	1809	1572.15	10.5427	1.22463
XM_006561622.3	1885	1648.15	14	1.55124
XM_006561625.2	3541	3304.15	0	0
XM_006561626.3	2745	2508.15	0	0
XM_006561627.3	2720	2483.15	0	0
XM_006561628.3	2973	2736.15	33	2.20252
XM_006561629.3	3037	2800.15	0	0
XM_006561630.2	3110	2873.15	0	0
XM_006561631.2	3077	2840.15	68	4.37234
XM_006561632.3	2425	2188.15	0	0
XM_006561637.3	2341	2104.15	32.6531	2.83396
XM_006561640.3	1816	1579.15	73.4608	8.49531
XM_006561641.3	3623	3386.15	1.98253	0.10692
XM_006561642.3	1138	901.148	29.3172	5.94118
XM_006561643.3	1005	768.148	0	0
XM_006561646.3	1599	1362.15	27	3.61981
XM_006561650.3	2386	2149.15	3.14034e-08	2.66843e-09
XM_006561651.3	4001	3764.15	0	0
XM_006561652.3	2343	2106.15	14.4647	1.2542
XM_006561653.3	2343	2106.15	14.4647	1.2542
XM_006561654.3	774	538.607	15	5.08588
XM_006561655.3	587	356.218	0	0
XM_006561656.3	1698	1461.15	14	1.74977
XM_006561660.3	9634	9397.15	0.00589156	0.000114493
XM_006561661.3	9631	9394.15	136.094	2.64563
XM_006561662.3	9493	9256.15	179.629	3.54399
XM_006561665.3	574	344.104	272.929	144.846
XM_006561666.3	525	298.977	3.07143	1.87607
XM_006561670.3	1468	1231.15	3.99994	0.593321
XM_006561672.3	893	656.786	7.18301	1.99723
XM_006561678.1	2885	2648.15	0	0
XM_006561679.3	2865	2628.15	0	0
XM_006561680.3	2785	2548.15	43	3.0817
XM_006561684.3	2450	2213.15	27	2.22792
XM_006561685.3	1517	1280.15	0	0
XM_006561686.3	1171	934.148	8	1.56394
XM_006561687.3	2359	2122.15	0	0
XM_006561689.3	1388	1151.15	8.14467	1.29208
XM_006561690.3	1181	944.148	15.1158	2.92373
XM_006561691.2	1077	840.148	12.7395	2.76914
XM_006561692.2	1016	779.148	0	0
XM_006561694.3	1157	920.148	0	0
XM_006561697.3	789	553.388	11	3.63002
XM_006561698.3	1456	1219.15	2	0.299585
XM_006561705.3	2567	2330.15	51.0935	4.00432
XM_006561706.3	2531	2294.15	20.1667	1.60531
XM_006561707.3	1898	1661.15	91.9217	10.1055
XM_006561709.3	1863	1626.15	64.7506	7.2716
XM_006561710.3	1601	1364.15	21.852	2.92534
XM_006561711.3	3126	2889.15	78	4.93028
XM_006561714.3	2170	1933.15	8.45369	0.798597
XM_006561715.2	1860	1623.15	30.12	3.38878
XM_006561716.3	1803	1566.15	24.0555	2.80497
XM_006561717.3	1935	1698.15	20.3708	2.19068
XM_006561719.3	3927	3690.15	0	0
XM_006561721.3	3738	3501.15	91.0859	4.75103
XM_006561722.3	3725	3488.15	76.2504	3.99203
XM_006561723.3	3633	3396.15	6.19234	0.332977
XM_006561724.3	3633	3396.15	6.19234	0.332977
XM_006561725.2	1558	1321.15	4	0.552911
XM_006561726.3	2473	2236.15	0	0
XM_006561727.3	2470	2233.15	8	0.654213
XM_006561729.3	1564	1327.15	13.9104	1.91411
XM_006561731.3	1438	1201.15	1.88488	0.286572
XM_006561732.3	1978	1741.15	29	3.04165
XM_006561734.3	3823	3586.15	0	0
XM_006561735.3	4086	3849.15	6.22839	0.2955
XM_006561736.3	3468	3231.15	16.7716	0.947904
XM_006561739.2	2774	2537.15	58	4.17473
XM_006561740.3	12544	12307.1	13.315	0.197574
XM_006561741.3	4967	4730.15	0	0
XM_006561743.3	4676	4439.15	9.68499	0.398424
XM_006561745.3	2346	2109.15	37.5415	3.25051
XM_006561746.3	2344	2107.15	31.4415	2.72492
XM_006561747.3	2137	1900.15	0	0
XM_006561748.3	8669	8432.15	3	0.0649725
XM_006561749.3	6633	6396.15	0	0
XM_006561754.3	1931	1694.15	6	0.646765
XM_006561758.3	2699	2462.15	17	1.2609
XM_006561766.3	838	602.102	3	0.909908
XM_006561773.3	1184	947.148	3	0.578429
XM_006561774.3	682	447.977	30	12.2296
XM_006561776.3	1935	1698.15	3.44652	0.37064
XM_006561778.3	1461	1224.15	61.1312	9.1196
XM_006561783.3	5598	5361.15	0	0
XM_006561784.3	4543	4306.15	129.972	5.51197
XM_006561785.3	4909	4672.15	33.2851	1.30101
XM_006561790.3	1194	957.148	0	0
XM_006561792.3	7505	7268.15	212.01	5.32694
XM_006561800.3	2048	1811.15	359	36.1982
XM_006561807.3	1673	1436.15	25.1693	3.20051
XM_006561808.3	1344	1107.15	4.15201	0.684855
XM_006561809.3	1377	1140.15	1.36879	0.219241
XM_006561813.3	2409	2172.15	10	0.840731
XM_006561815.3	3371	3134.15	51.9281	3.02572
XM_006561816.3	3244	3007.15	46.0719	2.79787
XM_006561817.3	5439	5202.15	0	0
XM_006561818.3	1086	849.148	2.91042	0.625919
XM_006561819.3	721	486.376	93.6795	35.1738
XM_006561820.3	4964	4727.15	255.733	9.87946
XM_006561821.3	5086	4849.15	24.7699	0.932835
XM_006561822.3	4716	4479.15	33.5714	1.36874
XM_006561823.3	4963	4726.15	0	0
XM_006561824.3	4853	4616.15	0	0
XM_006561825.3	4912	4675.15	536.971	20.975
XM_006561826.3	4665	4428.15	105.438	4.34831
XM_006561827.3	4802	4565.15	0	0
XM_006561828.3	1647	1410.15	2	0.259007
XM_006561831.3	5237	5000.15	0	0
XM_006561832.3	5205	4968.15	116.274	4.274
XM_006561833.3	5091	4854.15	4.24603	0.159741
XM_006561834.3	4835	4598.15	55.9117	2.22058
XM_006561835.3	7345	7108.15	0	0
XM_006561837.3	5805	5568.15	11	0.360768
XM_006561846.3	1792	1555.15	0	0
XM_006561849.3	5178	4941.15	158.679	5.86459
XM_006561850.3	5593	5356.15	0	0
XM_006561851.3	5008	4771.15	0.263197	0.0100741
XM_006561852.3	4899	4662.15	4.05796	0.158953
XM_006561855.3	3003	2766.15	0	0
XM_006561856.3	5451	5214.15	7.4162e-08	2.59743e-09
XM_006561859.3	1987	1750.15	0	0
XM_006561860.3	1357	1120.15	2	0.326063
XM_006561865.3	6097	5860.15	2	0.0623258
XM_006561868.3	8922	8685.15	2.00126	0.0420797
XM_006561872.3	1497	1260.15	1	0.144919
XM_006561873.3	1092	855.148	2.73758e-08	5.84617e-09
XM_006561875.3	2073	1836.15	0	0
XM_006561876.3	2006	1769.15	0	0
XM_006561877.3	4849	4612.15	0	0
XM_006561879.3	2035	1798.15	0	0
XM_006561880.3	2125	1888.15	0	0
XM_006561881.3	1069	832.148	0	0
XM_006561882.3	891	654.786	0	0
XM_006561904.3	1839	1602.15	0	0
XM_006561912.3	567	337.416	391	211.621
XM_006561913.3	2213	1976.15	33.0998	3.05881
XM_006561914.3	1431	1194.15	22	3.36443
XM_006561915.3	1779	1542.15	8.99792	1.06552
XM_006561916.3	1441	1204.15	0.00207694	0.000314985
XM_006561917.3	1970	1733.15	10	1.05369
XM_006561918.3	3281	3044.15	14	0.839863
XM_006561922.3	1173	936.148	0	0
XM_006561923.3	999	762.148	0	0
XM_006561924.3	1217	980.148	6	1.11791
XM_006561926.2	583	352.361	117.639	60.9691
XM_006561927.3	2440	2203.15	51.3001	4.25227
XM_006561928.3	2111	1874.15	3.32531	0.324022
XM_006561930.3	1680	1443.15	0	0
XM_006561931.3	1508	1271.15	0	0
XM_006561934.3	1296	1059.15	0	0
XM_006561935.3	1193	956.148	0	0
XM_006561936.3	1242	1005.15	0	0
XM_006561937.3	822	586.162	139	43.3056
XM_006561938.2	1269	1032.15	0	0
XM_006561939.3	1093	856.148	1	0.213303
XM_006561940.3	2643	2406.15	13	0.98666
XM_006561941.3	3099	2862.15	7.43178	0.474184
XM_006561942.3	3091	2854.15	7.56822	0.484243
XM_006561946.3	1597	1360.15	0	0
XM_006561948.3	2143	1906.15	0	0
XM_006561949.3	1235	998.148	1.8495e-07	3.3838e-08
XM_006561950.3	2582	2345.15	107	8.33221
XM_006561954.3	2878	2641.15	112.939	7.80907
XM_006561955.3	2780	2543.15	10.0606	0.722435
XM_006561956.3	1311	1074.15	1	0.170013
XM_006561964.3	1688	1451.15	2	0.251689
XM_006561970.3	1674	1437.15	0	0
XM_006561971.3	2899	2662.15	10.1197	0.694194
XM_006561972.3	3684	3447.15	35.1713	1.86327
XM_006561977.3	608	376.189	0	0
XM_006561978.2	621	388.575	0	0
XM_006561979.3	728	493.327	2	0.740357
XM_006561981.3	1693	1456.15	14	1.75578
XM_006561990.3	2822	2585.15	0.00128454	9.07419e-05
XM_006561991.3	5477	5240.15	0	0
XM_006561992.3	2225	1988.15	1.49589e-07	1.37403e-08
XM_006561993.3	2216	1979.15	1.31742e-05	1.2156e-06
XM_006561994.3	2363	2126.15	0	0
XM_006561995.3	2338	2101.15	28.9997	2.52048
XM_006561997.3	4601	4364.15	0	0
XM_006561998.3	3266	3029.15	9.15455	0.551904
XM_006561999.3	3168	2931.15	0	0
XM_006562000.3	968	731.297	88	21.9753
XM_006562006.3	2097	1860.15	0	0
XM_006562011.3	1959	1722.15	0	0
XM_006562025.3	922	685.652	0	0
XM_006562028.3	3436	3199.15	2.56086	0.146183
XM_006562037.3	1523	1286.15	5	0.709946
XM_006562043.3	787	551.388	4.26388	1.41219
XM_006562044.3	896	659.786	4.53101	1.25412
XM_006562047.3	2327	2090.15	0	0
XM_006562048.3	2100	1863.15	0	0
XM_006562052.3	2165	1928.15	0	0
XM_006562053.3	2151	1914.15	0	0
XM_006562054.3	2270	2033.15	0	0
XM_006562057.3	2108	1871.15	0	0
XM_006562061.3	805	569.277	0	0
XM_006562063.3	4380	4143.15	0	0
XM_006562065.3	3487	3250.15	1.84893	0.103888
XM_006562066.3	3535	3298.15	21.9164	1.21352
XM_006562069.3	321	135.439	8.9618	12.0837
XM_006562082.3	10653	10416.1	245	4.29542
XM_006562086.3	10644	10407.1	0	0
XM_006562087.3	1629	1392.15	114.544	15.0257
XM_006562088.3	1781	1544.15	22.5846	2.67098
XM_006562091.3	469	249.984	0	0
XM_006562093.3	3538	3301.15	12	0.663839
XM_006562094.2	1231	994.148	51	9.3684
XM_006562095.3	3246	3009.15	0	0
XM_006562096.3	3091	2854.15	83.9089	5.36881
XM_006562097.3	2783	2546.15	1	0.0717237
XM_006562099.3	2929	2692.15	22.8526	1.55018
XM_006562100.3	1926	1689.15	51.9743	5.61911
XM_006562102.3	2399	2162.15	0	0
XM_006562112.3	6346	6109.15	19.4322	0.580882
XM_006562113.3	6064	5827.15	0	0
XM_006562114.3	5727	5490.15	19.6602	0.653958
XM_006562116.3	5325	5088.15	12.0887	0.433878
XM_006562117.3	8712	8475.15	0.000101533	2.1878e-06
XM_006562118.3	8702	8465.15	88.9981	1.91996
XM_006562119.3	8698	8461.15	0.000519128	1.12045e-05
XM_006562120.3	4481	4244.15	19	0.817541
XM_006562126.3	1646	1409.15	2.06565	0.267699
XM_006562131.3	18936	18699.1	131.11	1.28045
XM_006562132.3	16370	16133.1	110.443	1.25016
XM_006562133.3	18747	18510.1	57.0818	0.563163
XM_006562134.3	16223	15986.1	809.506	9.24747
XM_006562135.3	17750	17513.1	385.306	4.01779
XM_006562137.3	1813	1576.15	0.704624	0.0816407
XM_006562138.3	1750	1513.15	0	0
XM_006562140.3	1581	1344.15	1.70676	0.231885
XM_006562144.3	1327	1090.15	68	11.3912
XM_006562148.3	6504	6267.15	36.6059	1.06666
XM_006562150.3	3117	2880.15	4	0.253625
XM_006562151.3	2196	1959.15	341	31.7858
XM_006562152.3	642	409.052	459	204.918
XM_006562154.3	4936	4699.15	36.348	1.41256
XM_006562155.3	4929	4692.15	18.6512	0.725906
XM_006562156.3	2376	2139.15	7.42466	0.633844
XM_006562157.3	2349	2112.15	4.48258	0.38757
XM_006562158.3	2356	2119.15	0	0
XM_006562160.3	4969	4732.15	8.26099	0.318801
XM_006562161.3	5210	4973.15	11.7832	0.432692
XM_006562162.3	5155	4918.15	5.9558	0.221149
XM_006562165.3	4577	4340.15	0	0
XM_006562166.2	6999	6762.15	0	0
XM_006562167.2	6967	6730.15	20.443	0.55471
XM_006562168.3	3189	2952.15	0	0
XM_006562172.3	1163	926.148	10.5077	2.07192
XM_006562178.3	1544	1307.15	0	0
XM_006562179.2	11362	11125.1	0	0
XM_006562180.3	11358	11121.1	47.5765	0.781249
XM_006562181.3	11193	10956.1	42.7714	0.712921
XM_006562182.3	11190	10953.1	0	0
XM_006562183.3	11181	10944.1	18.6267	0.310814
XM_006562184.3	11009	10772.1	10.5341	0.178583
XM_006562186.3	10844	10607.1	0	0
XM_006562187.3	2357	2120.15	7	0.602946
XM_006562188.3	1790	1553.15	0	0
XM_006562189.3	2541	2304.15	0	0
XM_006562192.3	1633	1396.15	12	1.56963
XM_006562200.3	2262	2025.15	0	0
XM_006562203.3	871	634.915	63.7956	18.3494
XM_006562205.3	4407	4170.15	8.17685	0.358081
XM_006562208.3	1361	1124.15	0	0
XM_006562209.3	1749	1512.15	0	0
XM_006562210.3	1471	1234.15	0	0
XM_006562213.3	4006	3769.15	0	0
XM_006562214.3	1403	1166.15	0	0
XM_006562215.3	1437	1200.15	0	0
XM_006562218.3	690	455.704	0	0
XM_006562228.3	11971	11734.1	60.9565	0.948669
XM_006562230.3	11323	11086.1	181.498	2.98977
XM_006562231.3	11327	11090.1	0.211363	0.00348048
XM_006562234.3	9561	9324.15	5.75661	0.112747
XM_006562235.3	10151	9914.15	0	0
XM_006562236.3	9561	9324.15	0	0
XM_006562238.3	7242	7005.15	0	0
XM_006562241.3	937	700.582	0	0
XM_006562245.3	12478	12241.1	0	0
XM_006562247.3	13232	12995.1	0.000191787	2.69515e-06
XM_006562248.3	13187	12950.1	0	0
XM_006562251.3	2764	2527.15	40.1624	2.90225
XM_006562252.3	11573	11336.1	0	0
XM_006562253.3	2155	1918.15	132	12.5672
XM_006562254.3	5402	5165.15	2	0.0707121
XM_006562256.3	3592	3355.15	3	0.163289
XM_006562260.3	6661	6424.15	2.48174	0.0705483
XM_006562261.3	2067	1830.15	0	0
XM_006562263.3	3110	2873.15	0	0
XM_006562266.3	2254	2017.15	0	0
XM_006562267.3	2279	2042.15	0	0
XM_006562268.3	2134	1897.15	0	0
XM_006562270.3	1918	1681.15	0	0
XM_006562271.3	831	595.102	0	0
XM_006562275.3	2841	2604.15	0	0
XM_006562276.3	2575	2338.15	0	0
XM_006562280.3	5403	5166.15	11.0844	0.391824
XM_006562285.3	3834	3597.15	0	0
XM_006562292.3	1126	889.148	3.39525	0.697339
XM_006562293.3	6148	5911.15	1.09619e-05	3.38659e-07
XM_006562294.3	6067	5830.15	8.99999	0.281909
XM_006562295.3	4917	4680.15	0	0
XM_006562296.3	2903	2666.15	14.6891	1.00614
XM_006562297.3	5442	5205.15	12.8846	0.452047
XM_006562298.3	2865	2628.15	0	0
XM_006562299.3	13434	13197.1	41.5737	0.575287
XM_006562300.3	1714	1477.15	1853	229.086
XM_006562301.3	1759	1522.15	2673	320.692
XM_006562302.3	1737	1500.15	0	0
XM_006562304.3	6826	6589.15	0	0
XM_006562305.3	6482	6245.15	204.653	5.98443
XM_006562308.3	1915	1678.15	22.5999	2.45937
XM_006562311.3	2314	2077.15	12.0066	1.0556
XM_006562312.3	2126	1889.15	0	0
XM_006562313.3	2088	1851.15	0	0
XM_006562314.2	1914	1677.15	0	0
XM_006562316.3	2245	2008.15	26.2014	2.38273
XM_006562318.3	4460	4223.15	0	0
XM_006562319.3	4412	4175.15	0	0
XM_006562320.3	4349	4112.15	0	0
XM_006562321.3	2719	2482.15	3.95825	0.291221
XM_006562322.3	2713	2476.15	0	0
XM_006562323.3	2706	2469.15	8.04175	0.594771
XM_006562333.3	1711	1474.15	11	1.36269
XM_006562334.3	2689	2452.15	6.84737	0.509945
XM_006562335.3	2519	2282.15	26.6567	2.13309
XM_006562336.3	2531	2294.15	0	0
XM_006562337.3	2471	2234.15	17.496	1.43012
XM_006562338.3	7236	6999.15	17.0845	0.445763
XM_006562342.3	3792	3555.15	15.5588	0.799217
XM_006562343.3	2590	2353.15	533	41.3642
XM_006562348.3	1180	943.148	12.8064	2.47968
XM_006562349.3	3260	3023.15	10.1936	0.615762
XM_006562350.3	1270	1033.15	17.7367	3.13513
XM_006562351.3	898	661.72	11.8496	3.27021
XM_006562353.3	920	683.652	2.41258	0.644455
XM_006562354.2	848	612.102	0	0
XM_006562357.3	1587	1350.15	3	0.405776
XM_006562358.3	1652	1415.15	0	0
XM_006562359.3	1601	1364.15	0	0
XM_006562360.3	1636	1399.15	0	0
XM_006562361.3	1450	1213.15	1	0.150533
XM_006562362.3	2171	1934.15	740.641	69.9301
XM_006562367.3	512	287.334	0	0
XM_006562370.3	3631	3394.15	1	0.0538041
XM_006562373.3	707	472.425	4.82311	1.86441
XM_006562385.3	793	557.333	4	1.31066
XM_006562386.3	3695	3458.15	77.1132	4.07222
XM_006562387.3	3950	3713.15	3.9158	0.192586
XM_006562390.3	6051	5814.15	0	0
XM_006562391.3	6050	5813.15	57.2024	1.797
XM_006562392.3	6348	6111.15	0.000182721	5.46024e-06
XM_006562393.3	5737	5500.15	57.345	1.904
XM_006562394.3	5992	5755.15	25.2344	0.800725
XM_006562395.3	5734	5497.15	0	0
XM_006562400.3	5215	4978.15	0	0
XM_006562401.3	5270	5033.15	0	0
XM_006562402.3	5067	4830.15	33.195	1.25504
XM_006562403.3	2317	2080.15	4	0.351166
XM_006562405.3	2057	1820.15	0.7872	0.0789814
XM_006562406.3	2100	1863.15	38.7855	3.80162
XM_006562407.3	1054	817.148	17.1147	3.82485
XM_006562410.3	1790	1553.15	5.61486	0.660195
XM_006562411.3	1630	1393.15	0	0
XM_006562415.3	11627	11390.1	19.1507	0.307045
XM_006562416.3	11972	11735.1	16.7866	0.261229
XM_006562418.3	3915	3678.15	41.477	2.05932
XM_006562419.3	3788	3551.15	135.393	6.96265
XM_006562420.3	3816	3579.15	66.5176	3.39394
XM_006562421.3	3682	3445.15	0.0121924	0.000646291
XM_006562422.3	1557	1320.15	0	0
XM_006562423.3	1956	1719.15	0	0
XM_006562424.3	1868	1631.15	5	0.559787
XM_006562425.3	1741	1504.15	6.81299	0.827168
XM_006562430.3	6833	6596.15	0	0
XM_006562434.3	798	562.277	8.87568	2.88269
XM_006562435.3	903	666.72	20.1911	5.53047
XM_006562436.3	759	523.871	5.93324	2.0683
XM_006562439.3	4468	4231.15	0	0
XM_006562440.3	3892	3655.15	14.5144	0.725171
XM_006562442.3	2136	1899.15	0	0
XM_006562443.3	2026	1789.15	0	0
XM_006562445.3	2782	2545.15	22	1.57854
XM_006562446.3	2394	2157.15	2.96092	0.250664
XM_006562447.3	2481	2244.15	11.0069	0.895696
XM_006562448.3	2539	2302.15	35.9827	2.85435
XM_006562453.3	2807	2570.15	0	0
XM_006562454.3	3054	2817.15	5	0.324121
XM_006562459.3	2481	2244.15	42.8795	3.48935
XM_006562460.3	2380	2143.15	0	0
XM_006562461.3	2277	2040.15	41.8511	3.7462
XM_006562462.2	3505	3268.15	39.8578	2.22719
XM_006562463.3	1192	955.148	1	0.191195
XM_006562464.3	1155	918.148	0	0
XM_006562465.3	4022	3785.15	22.8861	1.10417
XM_006562466.3	2015	1778.15	9.62524	0.988531
XM_006562467.3	4137	3900.15	19	0.889649
XM_006562474.3	1212	975.148	0	0
XM_006562478.3	4529	4292.15	0	0
XM_006562482.3	923	686.652	0	0
XM_006562491.3	1353	1116.15	1	0.163616
XM_006562495.3	6106	5869.15	4.25973	0.132542
XM_006562499.3	2010	1773.15	0	0
XM_006562500.3	1741	1504.15	3	0.364231
XM_006562508.3	1714	1477.15	0	0
XM_006562510.3	1961	1724.15	0	0
XM_006562511.3	1853	1616.15	16.2543	1.83668
XM_006562512.3	1870	1633.15	34.8687	3.89903
XM_006562513.3	1861	1624.15	0	0
XM_006562515.3	2114	1877.15	0	0
XM_006562516.3	1716	1479.15	0	0
XM_006562518.3	2215	1978.15	8.24264	0.760946
XM_006562519.3	2144	1907.15	0	0
XM_006562520.3	3462	3225.15	0	0
XM_006562523.3	4791	4554.15	3.32907	0.133494
XM_006562524.3	4869	4632.15	38.4412	1.51552
XM_006562525.3	5070	4833.15	0	0
XM_006562526.3	4710	4473.15	0	0
XM_006562527.3	4901	4664.15	0	0
XM_006562529.3	4922	4685.15	0	0
XM_006562535.3	3283	3046.15	0.0172332	0.00103314
XM_006562536.3	3291	3054.15	0.00129448	7.74019e-05
XM_006562537.3	1967	1730.15	266	28.0766
XM_006562538.3	1392	1155.15	0	0
XM_006562539.3	1284	1047.15	2	0.348794
XM_006562540.3	1545	1308.15	7	0.977209
XM_006562544.3	2083	1846.15	0	0
XM_006562547.3	2388	2151.15	0	0
XM_006562553.3	2506	2269.15	0.785837	0.0632435
XM_006562554.3	2480	2243.15	0	0
XM_006562555.3	3092	2855.15	0	0
XM_006562557.3	4009	3772.15	4	0.19365
XM_006562558.3	1405	1168.15	1	0.156332
XM_006562560.3	2307	2070.15	0	0
XM_006562561.3	2465	2228.15	479.29	39.2826
XM_006562562.3	2277	2040.15	5.69239	0.509541
XM_006562563.3	2423	2186.15	50.9523	4.25628
XM_006562564.3	2235	1998.15	10.9587	1.00156
XM_006562565.3	2393	2156.15	170.725	14.4599
XM_006562566.3	2351	2114.15	50.7173	4.38094
XM_006562568.3	1667	1430.15	119.132	15.2122
XM_006562569.3	1942	1705.15	33	3.53426
XM_006562570.3	7428	7191.15	35	0.888825
XM_006562574.3	1586	1349.15	5.61488	0.760024
XM_006562578.2	1191	954.148	13.078	2.50306
XM_006562579.3	1366	1129.15	0	0
XM_006562581.3	3612	3375.15	125.244	6.77658
XM_006562597.3	660	426.634	0	0
XM_006562598.3	769	533.607	8	2.73788
XM_006562600.3	2034	1797.15	11.6677	1.18563
XM_006562601.3	2111	1874.15	38.4667	3.74824
XM_006562603.3	2554	2317.15	17.8297	1.40519
XM_006562604.2	2580	2343.15	375.065	29.2316
XM_006562605.3	2820	2583.15	26.1074	1.8457
XM_006562606.3	2589	2352.15	0	0
XM_006562607.3	2498	2261.15	16.998	1.37283
XM_006562608.3	1599	1362.15	0	0
XM_006562612.3	3470	3233.15	0	0
XM_006562613.3	3740	3503.15	0	0
XM_006562614.3	4200	3963.15	6	0.276476
XM_006562616.3	3605	3368.15	0	0
XM_006562623.3	4228	3991.15	1	0.0457561
XM_006562632.3	4146	3909.15	85.8882	4.01234
XM_006562639.3	1314	1077.15	211	35.7729
XM_006562640.3	1621	1384.15	53.8059	7.09895
XM_006562641.3	1678	1441.15	16.1941	2.05208
XM_006562643.3	1892	1655.15	0	0
XM_006562646.3	1810	1573.15	0	0
XM_006562647.3	2287	2050.15	7	0.623533
XM_006562654.3	20778	20541.1	10.3905	0.0923758
XM_006562656.3	3269	3032.15	10.1384	0.610613
XM_006562657.3	3322	3085.15	0	0
XM_006562658.3	3836	3599.15	33.8808	1.7191
XM_006562660.3	3639	3402.15	0	0
XM_006562663.3	3023	2786.15	33.9791	2.22717
XM_006562664.3	2899	2662.15	37.2355	2.5543
XM_006562665.3	3254	3017.15	2	0.121054
XM_006562666.3	2728	2491.15	16	1.17292
XM_006562667.3	2504	2267.15	0	0
XM_006562668.3	8381	8144.15	79.918	1.79203
XM_006562669.3	4269	4032.15	17.7555	0.804163
XM_006562670.3	4389	4152.15	0	0
XM_006562671.3	4381	4144.15	0	0
XM_006562672.3	4120	3883.15	0	0
XM_006562674.3	4233	3996.15	0	0
XM_006562680.3	2213	1976.15	5	0.462059
XM_006562682.3	7235	6998.15	279.638	7.29724
XM_006562683.3	2088	1851.15	0	0
XM_006562684.3	5562	5325.15	2.64026	0.0905444
XM_006562686.3	5576	5339.15	2.62895	0.0899202
XM_006562687.3	5643	5406.15	7.73079	0.261145
XM_006562689.3	872	635.915	0	0
XM_006562690.3	932	695.652	0	0
XM_006562692.3	6087	5850.15	0	0
XM_006562696.3	5919	5682.15	0	0
XM_006562702.3	5549	5312.15	9.76275	0.335621
XM_006562706.3	3944	3707.15	0	0
XM_006562708.3	4312	4075.15	7.87939	0.353098
XM_006562709.3	4303	4066.15	0	0
XM_006562710.3	3376	3139.15	0	0
XM_006562711.3	3581	3344.15	16.2461	0.887176
XM_006562714.3	2576	2339.15	12	0.93685
XM_006562715.3	1902	1665.15	48.2892	5.29595
XM_006562716.3	2588	2351.15	35	2.71853
XM_006562717.3	1918	1681.15	6	0.651766
XM_006562718.3	2450	2213.15	9	0.74264
XM_006562719.3	2747	2510.15	1.83612	0.133582
XM_006562720.3	4038	3801.15	0	0
XM_006562724.2	9619	9382.15	45.0016	0.875935
XM_006562728.3	8923	8686.15	0	0
XM_006562730.3	8683	8446.15	0	0
XM_006562731.3	6991	6754.15	0	0
XM_006562734.3	5267	5030.15	0	0
XM_006562735.3	5233	4996.15	0	0
XM_006562736.3	5258	5021.15	0	0
XM_006562737.3	5224	4987.15	0	0
XM_006562738.3	5322	5085.15	0	0
XM_006562741.3	2144	1907.15	0	0
XM_006562742.3	1878	1641.15	11.1677	1.24268
XM_006562743.3	1942	1705.15	12.3752	1.32537
XM_006562744.3	1523	1286.15	10	1.41989
XM_006562745.3	6196	5959.15	70.2504	2.15284
XM_006562746.3	6657	6420.15	31.8999	0.907382
XM_006562747.3	4428	4191.15	15.3145	0.667291
XM_006562749.3	1911	1674.15	14	1.52715
XM_006562751.3	1622	1385.15	0	0
XM_006562752.3	2448	2211.15	42	3.46879
XM_006562755.3	2307	2070.15	23	2.02896
XM_006562756.3	2099	1862.15	0	0
XM_006562757.3	2332	2095.15	58.227	5.07523
XM_006562758.3	1551	1314.15	11.4162	1.58644
XM_006562763.3	741	506.126	4	1.44327
XM_006562764.3	3698	3461.15	0	0
XM_006562765.3	3695	3458.15	0	0
XM_006562766.3	3604	3367.15	2.08098e-05	1.12863e-06
XM_006562767.3	3572	3335.15	0.2579	0.0141216
XM_006562768.3	3186	2949.15	15.0999	0.935025
XM_006562769.3	3291	3054.15	8.47161	0.50655
XM_006562770.3	3771	3534.15	4.91412	0.253926
XM_006562773.3	1005	768.148	0	0
XM_006562775.3	3163	2926.15	0	0
XM_006562777.3	2788	2551.15	0	0
XM_006562778.3	4112	3875.15	0	0
XM_006562785.3	1481	1244.15	1187	174.231
XM_006562788.3	6255	6018.15	24.8811	0.755012
XM_006562799.3	1437	1200.15	0.00177943	0.000270765
XM_006562800.3	1277	1040.15	0	0
XM_006562801.3	1639	1402.15	0	0
XM_006562802.3	4689	4452.15	33	1.3536
XM_006562803.3	677	443.11	1	0.41213
XM_006562804.3	6241	6004.15	0.0950113	0.00288982
XM_006562805.3	6203	5966.15	50.0375	1.53161
XM_006562807.3	1635	1398.15	8	1.04492
XM_006562808.3	1632	1395.15	7.68575	1.00603
XM_006562809.3	1675	1438.15	6.40532	0.813362
XM_006562810.3	1528	1291.15	12.0696	1.70711
XM_006562811.3	1545	1308.15	13.8393	1.93199
XM_006562812.3	1162	925.148	3	0.592184
XM_006562813.3	1323	1086.15	0	0
XM_006562814.3	1275	1038.15	10	1.75909
XM_006562821.2	1281	1044.15	4	0.699591
XM_006562822.3	1153	916.148	0	0
XM_006562823.2	2737	2500.15	48.4517	3.53908
XM_006562824.3	2776	2539.15	0	0
XM_006562825.3	2771	2534.15	0	0
XM_006562826.3	4392	4155.15	4.04029	0.177571
XM_006562827.3	4205	3968.15	0	0
XM_006562828.3	1358	1121.15	10	1.62886
XM_006562829.3	1801	1564.15	0	0
XM_006562830.3	2411	2174.15	39.0376	3.27899
XM_006562831.3	2462	2225.15	8.96243	0.735552
XM_006562833.3	1067	830.148	0	0
XM_006562834.3	1246	1009.15	21	3.80024
XM_006562835.3	2109	1872.15	5.02176	0.489849
XM_006562836.3	3015	2778.15	0	0
XM_006562841.3	3918	3681.15	23.6952	1.1755
XM_006562842.3	4089	3852.15	15.3048	0.725556
XM_006562843.3	1290	1053.15	12	2.08084
XM_006562851.3	4417	4180.15	0	0
XM_006562854.3	1616	1379.15	24	3.17795
XM_006562855.3	1481	1244.15	36.3442	5.33469
XM_006562856.3	3640	3403.15	69.3889	3.72354
XM_006562857.3	3618	3381.15	0	0
XM_006562858.3	3092	2855.15	0	0
XM_006562859.1	564	334.587	0	0
XM_006562860.3	3951	3714.15	9.06329	0.445629
XM_006562861.3	3438	3201.15	8.93671	0.509822
XM_006562864.3	2187	1950.15	0	0
XM_006562866.3	679	445.021	0	0
XM_006562867.2	962	725.297	1.1473	0.288872
XM_006562868.3	1210	973.148	7.8527	1.47362
XM_006562870.3	2087	1850.15	0	0
XM_006562872.3	4113	3876.15	15.5436	0.732313
XM_006562873.3	4111	3874.15	60.532	2.85335
XM_006562878.3	1571	1334.15	15	2.05321
XM_006562881.3	462	244.394	0	0
XM_006562885.3	590	358.82	72	36.6439
XM_006562886.3	7433	7196.15	112.401	2.85245
XM_006562887.3	3742	3505.15	0	0
XM_006562888.3	3671	3434.15	15.6685	0.833212
XM_006562894.3	1834	1597.15	4.03	0.460794
XM_006562895.3	2959	2722.15	0	0
XM_006562898.3	1948	1711.15	0	0
XM_006562899.3	627	394.456	0	0
XM_006562901.3	2128	1891.15	2.68186	0.258974
XM_006562902.3	2229	1992.15	1.31814	0.120834
XM_006562911.3	1813	1576.15	66.9115	7.75265
XM_006562913.3	1780	1543.15	0	0
XM_006562916.3	1408	1171.15	0	0
XM_006562917.3	1418	1181.15	0	0
XM_006562923.3	4277	4040.15	28.0569	1.2682
XM_006562927.3	4254	4017.15	0	0
XM_006562928.3	6832	6595.15	240.731	6.66583
XM_006562929.3	4736	4499.15	28.0326	1.13784
XM_006562932.3	1936	1699.15	4.87346	0.523784
XM_006562939.3	2835	2598.15	0	0
XM_006562940.3	6795	6558.15	4	0.111385
XM_006562941.3	3396	3159.15	0	0
XM_006562942.3	3390	3153.15	18.5777	1.07596
XM_006562943.3	3387	3150.15	0.0349409	0.00202558
XM_006562944.3	3342	3105.15	0	0
XM_006562945.3	1312	1075.15	1	0.169855
XM_006562947.3	905	668.72	18	4.91558
XM_006562951.3	4959	4722.15	8	0.309383
XM_006562952.3	4842	4605.15	0	0
XM_006562954.3	2645	2408.15	5	0.379169
XM_006562955.2	3559	3322.15	5.97981	0.328712
XM_006562956.3	3201	2964.15	2	0.123219
XM_006562957.3	3240	3003.15	3	0.182428
XM_006562961.3	3095	2858.15	0	0
XM_006562963.3	12580	12343.1	77	1.13923
XM_006562969.3	3836	3599.15	1	0.0507396
XM_006562979.3	8570	8333.15	51.8756	1.13684
XM_006562980.3	8713	8476.15	44.9126	0.967645
XM_006562988.3	6768	6531.15	1.23474	0.0345248
XM_006562989.2	4963	4726.15	0	0
XM_006562991.3	2857	2620.15	0	0
XM_006562992.3	3825	3588.15	0	0
XM_006562996.3	2336	2099.15	6	0.521981
XM_006562997.3	2241	2004.15	0	0
XM_006562998.3	2291	2054.15	0	0
XM_006562999.3	2191	1954.15	0	0
XM_006563000.3	2529	2292.15	7.83619	0.624322
XM_006563001.3	1155	918.148	9	1.7901
XM_006563002.3	2892	2655.15	1	0.0687793
XM_006563003.3	1112	875.148	6.32159	1.31914
XM_006563004.3	1032	795.148	1.67841	0.385475
XM_006563005.3	996	759.148	2	0.481116
XM_006563022.3	2077	1840.15	4.95181	0.491425
XM_006563023.3	2191	1954.15	8.04819	0.752121
XM_006563025.3	2123	1886.15	0	0
XM_006563027.3	2119	1882.15	0	0
XM_006563028.3	2067	1830.15	0	0
XM_006563030.3	1729	1492.15	34	4.16115
XM_006563031.3	1714	1477.15	4.61977e-08	5.7114e-09
XM_006563034.2	2134	1897.15	6	0.577559
XM_006563035.3	687	452.796	2.34688	0.946533
XM_006563036.3	606	374.341	3.65312	1.78214
XM_006563042.2	1082	845.148	4.12907	0.892209
XM_006563044.3	1421	1184.15	12.0605	1.85997
XM_006563045.3	1433	1196.15	11.9395	1.82284
XM_006563047.3	2208	1971.15	32	2.96468
XM_006563048.3	2184	1947.15	0	0
XM_006563050.3	2143	1906.15	0	0
XM_006563051.3	1942	1705.15	0	0
XM_006563052.3	2043	1806.15	0	0
XM_006563054.3	6404	6167.15	129.078	3.8222
XM_006563055.3	6283	6046.15	0	0
XM_006563057.3	6262	6025.15	20.9206	0.634092
XM_006563060.3	755	519.871	53	18.6177
XM_006563065.2	1681	1444.15	12	1.51746
XM_006563066.2	4033	3796.15	77.3064	3.71894
XM_006563067.2	1179	942.148	0	0
XM_006563068.3	3037	2800.15	209.936	13.6915
XM_006563071.3	1267	1030.15	102	18.082
XM_006563072.3	1250	1013.15	0	0
XM_006563086.3	737	502.227	7	2.54533
XM_006563088.3	2869	2632.15	2	0.138761
XM_006563089.3	2867	2630.15	0	0
XM_006563091.3	2272	2035.15	0	0
XM_006563092.3	1972	1735.15	0	0
XM_006563093.3	2024	1787.15	0	0
XM_006563094.3	2256	2019.15	13.7226	1.24112
XM_006563095.3	1924	1687.15	51.3694	5.56029
XM_006563100.3	2666	2429.15	20	1.50357
XM_006563101.3	715	480.425	15	5.7018
XM_006563102.3	1883	1646.15	4	0.443749
XM_006563103.3	714	479.425	4	1.52365
XM_006563104.3	3488	3251.15	11.4953	0.645699
XM_006563105.3	3473	3236.15	0	0
XM_006563106.3	943	706.512	0	0
XM_006563109.3	920	683.652	0	0
XM_006563113.3	5734	5497.15	0	0
XM_006563116.3	5658	5421.15	34.2128	1.15251
XM_006563123.3	5133	4896.15	37.7769	1.40902
XM_006563124.3	6426	6189.15	1249	36.8533
XM_006563127.3	5691	5454.15	13	0.435274
XM_006563130.3	4393	4156.15	0	0
XM_006563133.3	4112	3875.15	65.9461	3.10776
XM_006563134.3	2041	1804.15	0	0
XM_006563135.3	1867	1630.15	0	0
XM_006563137.3	2289	2052.15	59.9276	5.33292
XM_006563138.3	4251	4014.15	0	0
XM_006563139.3	4327	4090.15	497.335	22.2053
XM_006563140.3	2024	1787.15	0	0
XM_006563143.2	754	518.871	3	1.05587
XM_006563144.3	706	471.425	0	0
XM_006563147.3	4534	4297.15	13.1218	0.557649
XM_006563149.3	3627	3390.15	0	0
XM_006563151.3	9063	8826.15	158.58	3.28113
XM_006563152.3	6299	6062.15	120.275	3.62322
XM_006563153.3	6544	6307.15	0.000412261	1.19367e-05
XM_006563154.3	6490	6253.15	1.99959	0.0583967
XM_006563155.3	1591	1354.15	0	0
XM_006563157.3	2677	2440.15	7	0.523876
XM_006563158.3	3604	3367.15	0.00501433	0.000271955
XM_006563163.3	2796	2559.15	42.5719	3.0379
XM_006563164.3	3307	3070.15	0	0
XM_006563165.3	3304	3067.15	0	0
XM_006563166.3	3304	3067.15	0	0
XM_006563167.3	3283	3046.15	0	0
XM_006563168.3	3283	3046.15	0	0
XM_006563169.3	3280	3043.15	0	0
XM_006563170.3	3259	3022.15	0	0
XM_006563171.3	3259	3022.15	0	0
XM_006563172.3	3256	3019.15	0	0
XM_006563173.3	3250	3013.15	0	0
XM_006563174.3	3235	2998.15	0	0
XM_006563175.3	3229	2992.15	0	0
XM_006563176.3	3226	2989.15	0	0
XM_006563178.3	3205	2968.15	18.3642	1.12988
XM_006563179.3	3205	2968.15	22.3483	1.37501
XM_006563180.3	3202	2965.15	0	0
XM_006563181.3	3202	2965.15	0	0
XM_006563182.3	3190	2953.15	0	0
XM_006563183.3	3181	2944.15	0	0
XM_006563184.3	3181	2944.15	0.000177015	1.09799e-05
XM_006563185.3	3178	2941.15	0	0
XM_006563186.3	3169	2932.15	19.3841	1.20727
XM_006563187.3	3166	2929.15	0	0
XM_006563188.3	3157	2920.15	0	0
XM_006563189.3	3145	2908.15	0.000132189	8.30092e-06
XM_006563190.3	3142	2905.15	0	0
XM_006563191.3	3121	2884.15	11.3313	0.717478
XM_006563192.3	932	695.652	4	1.05006
XM_006563198.3	4609	4372.15	0	0
XM_006563199.3	1068	831.148	4	0.878877
XM_006563201.3	2210	1973.15	36.2842	3.35818
XM_006563202.3	2720	2483.15	0	0
XM_006563203.3	1487	1250.15	1145.06	167.268
XM_006563204.3	1567	1330.15	0	0
XM_006563207.3	2027	1790.15	16	1.63222
XM_006563209.3	2009	1772.15	0	0
XM_006563210.3	1018	781.148	0	0
XM_006563212.3	2203	1966.15	5.2391	0.486616
XM_006563213.1	1187	950.148	107.495	20.6606
XM_006563214.3	723	488.376	0	0
XM_006563215.3	843	607.102	209	62.8682
XM_006563220.3	2415	2178.15	22	1.84451
XM_006563222.3	1364	1127.15	5	0.810094
XM_006563225.3	1325	1088.15	0	0
XM_006563227.3	2707	2470.15	0	0
XM_006563235.3	3866	3629.15	92	4.62945
XM_006563236.3	3770	3533.15	0	0
XM_006563238.3	1081	844.148	6	1.29801
XM_006563239.3	5610	5373.15	22.7611	0.773589
XM_006563240.3	5071	4834.15	23.8564	0.901222
XM_006563243.3	4229	3992.15	0	0
XM_006563246.3	10089	9852.15	0	0
XM_006563251.2	2666	2429.15	1882.01	141.486
XM_006563252.3	1699	1462.15	60.4906	7.55515
XM_006563253.3	591	359.748	0	0
XM_006563254.3	2119	1882.15	0	0
XM_006563255.3	2194	1957.15	0	0
XM_006563258.3	4808	4571.15	65	2.59678
XM_006563260.2	2822	2585.15	88.2464	6.23387
XM_006563261.3	1105	868.148	3	0.631065
XM_006563268.3	2677	2440.15	0	0
XM_006563272.3	5473	5236.15	26.3634	0.919465
XM_006563274.3	3296	3059.15	0	0
XM_006563281.3	624	391.496	14	6.53051
XM_006563283.2	3547	3310.15	39	2.15161
XM_006563287.3	601	369.416	0	0
XM_006563288.3	836	600.102	16.2556	4.94681
XM_006563289.2	765	529.66	0	0
XM_006563290.3	734	499.278	1.56383	0.571998
XM_006563296.3	1065	828.148	4	0.882061
XM_006563302.3	979	742.224	6	1.47626
XM_006563303.3	2938	2701.15	6	0.405648
XM_006563305.3	2149	1912.15	0.0025243	0.000241082
XM_006563307.2	2055	1818.15	2	0.200885
XM_006563309.3	8110	7873.15	70.2657	1.62983
XM_006563310.3	6094	5857.15	84.4832	2.63409
XM_006563314.2	826	590.162	0	0
XM_006563321.3	1801	1564.15	0	0
XM_006563323.3	25978	25741.1	2.87909	0.0204256
XM_006563327.3	3798	3561.15	17.4267	0.893656
XM_006563331.3	941	704.582	418.316	108.422
XM_006563334.3	4765	4528.15	0	0
XM_006563335.3	4690	4453.15	0	0
XM_006563337.3	4530	4293.15	18.7684	0.798357
XM_006563338.3	4443	4206.15	0	0
XM_006563340.3	4742	4505.15	0	0
XM_006563341.3	4713	4476.15	0	0
XM_006563342.3	4699	4462.15	0	0
XM_006563343.3	4689	4452.15	0	0
XM_006563344.3	4668	4431.15	0	0
XM_006563345.3	4606	4369.15	0	0
XM_006563346.3	4593	4356.15	0.0182864	0.000766605
XM_006563347.3	4531	4294.15	0	0
XM_006563348.3	4486	4249.15	6.48798e-05	2.7884e-06
XM_006563349.3	4444	4207.15	1.17516	0.0510098
XM_006563350.3	4434	4197.15	12.3074	0.535499
XM_006563351.3	3675	3438.15	11.0307	0.585903
XM_006563352.3	1290	1053.15	1.72664	0.299405
XM_006563355.3	1252	1015.15	37.2734	6.70526
XM_006563358.3	437	224.1	8	6.5192
XM_006563359.3	733	498.278	2621	960.599
XM_006563360.3	4444	4207.15	43.8937	1.90529
XM_006563361.3	4366	4129.15	0.106272	0.00470009
XM_006563363.3	4348	4111.15	0	0
XM_006563365.3	1109	872.148	0	0
XM_006563366.3	2364	2127.15	2.99997	0.257552
XM_006563368.3	1194	957.148	10.7344	2.04807
XM_006563370.3	2024	1787.15	0	0
XM_006563373.3	3336	3099.15	17	1.00174
XM_006563374.3	3322	3085.15	16.838	0.996692
XM_006563376.3	3249	3012.15	6.02829	0.365481
XM_006563378.3	3915	3678.15	8	0.397198
XM_006563379.3	2601	2364.15	7	0.540717
XM_006563380.3	1150	913.148	2	0.399977
XM_006563381.3	2573	2336.15	25	1.95428
XM_006563382.3	3592	3355.15	0	0
XM_006563383.3	3469	3232.15	0	0
XM_006563384.3	3108	2871.15	0	0
XM_006563385.3	2990	2753.15	0	0
XM_006563386.3	2969	2732.15	0	0
XM_006563388.3	1406	1169.15	15.5502	2.42892
XM_006563411.3	3977	3740.15	169.44	8.27319
XM_006563412.3	3590	3353.15	16.6774	0.908286
XM_006563413.3	3587	3350.15	41.9693	2.28778
XM_006563414.3	3555	3318.15	54.7475	3.01311
XM_006563417.2	4264	4027.15	19	0.861594
XM_006563418.3	1808	1571.15	0	0
XM_006563419.3	1799	1562.15	19	2.22115
XM_006563420.2	1620	1383.15	0	0
XM_006563421.3	1902	1665.15	0	0
XM_006563422.3	2024	1787.15	0.2922	0.0298583
XM_006563425.3	1565	1328.15	12	1.64999
XM_006563428.3	3580	3343.15	2.81962e-06	1.54022e-07
XM_006563429.3	3533	3296.15	3.30488	0.183103
XM_006563431.3	1640	1403.15	124	16.1386
XM_006563432.3	3419	3182.15	0	0
XM_006563434.3	2980	2743.15	0	0
XM_006563436.3	1262	1025.15	1.4034e-05	2.50002e-06
XM_006563437.3	1248	1011.15	11	1.98666
XM_006563442.3	2170	1933.15	11	1.03914
XM_006563445.3	3389	3152.15	10	0.579348
XM_006563447.2	1339	1102.15	0	0
XM_006563448.3	1521	1284.15	0	0
XM_006563449.3	2482	2245.15	0	0
XM_006563451.3	3217	2980.15	5	0.306393
XM_006563455.3	3046	2809.15	6.20761	0.403549
XM_006563456.3	3026	2789.15	25.7607	1.68668
XM_006563457.3	3019	2782.15	0	0
XM_006563458.3	2989	2752.15	1.81599e-07	1.205e-08
XM_006563459.3	2908	2671.15	0	0
XM_006563460.3	2905	2668.15	0	0
XM_006563462.3	2878	2641.15	0	0
XM_006563463.3	1229	992.148	44	8.09884
XM_006563464.3	582	351.575	1	0.519432
XM_006563467.3	3239	3002.15	0	0
XM_006563468.3	4963	4726.15	2.08077	0.0804014
XM_006563469.3	4960	4723.15	3.89406	0.150563
XM_006563470.3	1223	986.148	0	0
XM_006563471.3	2914	2677.15	3	0.204642
XM_006563473.3	974	737.297	0	0
XM_006563479.3	6129	5892.15	17.145	0.531388
XM_006563486.3	3379	3142.15	1	0.0581192
XM_006563487.3	1040	803.148	0	0
XM_006563488.3	1015	778.148	1	0.234684
XM_006563491.3	2527	2290.15	0	0
XM_006563492.3	2322	2085.15	4	0.350324
XM_006563493.3	7156	6919.15	41.6126	1.09829
XM_006563497.3	2085	1848.15	0	0
XM_006563498.3	3355	3118.15	52.4737	3.0732
XM_006563504.3	1592	1355.15	0	0
XM_006563505.3	706	471.425	2	0.774754
XM_006563506.2	4522	4285.15	35	1.49159
XM_006563507.3	751	515.871	0	0
XM_006563508.3	1497	1260.15	0	0
XM_006563509.3	1525	1288.15	0	0
XM_006563512.3	1184	947.148	2	0.385619
XM_006563513.3	752	516.871	25	8.83292
XM_006563514.3	2541	2304.15	13.6776	1.08404
XM_006563515.3	2133	1896.15	20.2858	1.95374
XM_006563516.3	2069	1832.15	18.8797	1.88183
XM_006563518.3	2897	2660.15	14.2441	0.97786
XM_006563530.3	1367	1130.15	5	0.807944
XM_006563531.3	753	517.871	1	0.352635
XM_006563532.3	736	501.227	12	4.37213
XM_006563538.3	1773	1536.15	5.33658e-07	6.3442e-08
XM_006563539.3	1691	1454.15	0	0
XM_006563546.3	922	685.652	0	0
XM_006563549.3	7493	7256.15	44.2679	1.11411
XM_006563550.3	7481	7244.15	190.743	4.80847
XM_006563552.3	2185	1948.15	9	0.843659
XM_006563553.3	2255	2018.15	0	0
XM_006563555.3	5205	4968.15	9.75402	0.358538
XM_006563557.3	2596	2359.15	6	0.464454
XM_006563558.3	2778	2541.15	0	0
XM_006563559.3	1151	914.148	2	0.39954
XM_006563565.3	1594	1357.15	1	0.134561
XM_006563567.3	2369	2132.15	138.173	11.8346
XM_006563570.3	874	637.915	270.974	77.5731
XM_006563573.3	2881	2644.15	8.32341	0.57486
XM_006563574.3	2850	2613.15	10.5394	0.736543
XM_006563575.3	2839	2602.15	0	0
XM_006563576.3	2757	2520.15	0	0
XM_006563577.3	3456	3219.15	20.9296	1.18731
XM_006563585.3	7275	7038.15	2.96132	0.0768376
XM_006563587.3	816	580.22	4.33653	1.36489
XM_006563588.3	3175	2938.15	0	0
XM_006563589.3	5182	4945.15	15.8477	0.585239
XM_006563590.3	4972	4735.15	12.3938	0.477988
XM_006563591.3	4577	4340.15	6.7585	0.284376
XM_006563594.3	620	387.575	361	170.098
XM_006563595.3	3416	3179.15	602.149	34.5891
XM_006563596.3	3401	3164.15	348.579	20.1183
XM_006563597.3	3272	3035.15	1.5099	0.0908476
XM_006563604.3	1894	1657.15	28.3133	3.12015
XM_006563605.3	2294	2057.15	9.9086	0.879616
XM_006563613.3	5976	5739.15	0	0
XM_006563614.3	4003	3766.15	73.9621	3.5864
XM_006563615.3	5973	5736.15	0	0
XM_006563616.3	5951	5714.15	27.0379	0.864107
XM_006563618.3	1557	1320.15	0	0
XM_006563623.3	4824	4587.15	0	0
XM_006563626.3	4602	4365.15	4.4098	0.184487
XM_006563627.3	4338	4101.15	11.2999	0.50317
XM_006563631.3	2696	2459.15	0	0
XM_006563633.3	2577	2340.15	0	0
XM_006563634.3	1315	1078.15	0	0
XM_006563636.3	1197	960.148	14.9494	2.84337
XM_006563637.2	1210	973.148	38.0933	7.14852
XM_006563638.3	1231	994.148	14.5771	2.67773
XM_006563639.3	1170	933.148	31.7311	6.20986
XM_006563640.3	1147	910.148	16.5984	3.33044
XM_006563642.3	1821	1584.15	10.7419	1.23832
XM_006563643.3	1689	1452.15	0	0
XM_006563644.3	1308	1071.15	7	1.19342
XM_006563646.3	2426	2189.15	4	0.333681
XM_006563647.3	792	556.333	3.00819	0.987455
XM_006563648.3	1700	1463.15	0	0
XM_006563649.3	7861	7624.15	48.7791	1.16839
XM_006563650.3	7903	7666.15	0.215461	0.00513261
XM_006563651.3	7870	7633.15	15.224	0.364227
XM_006563652.3	2020	1783.15	958	98.1126
XM_006563653.3	5779	5542.15	0	0
XM_006563655.3	2181	1944.15	0	0
XM_006563656.3	3369	3132.15	57	3.32337
XM_006563657.3	872	635.915	4	1.1487
XM_006563658.3	4998	4761.15	48.8949	1.87542
XM_006563659.3	4518	4281.15	6	0.25594
XM_006563661.3	2987	2750.15	4.23122	0.280968
XM_006563662.3	3667	3430.15	0	0
XM_006563663.3	3568	3331.15	0	0
XM_006563665.3	3564	3327.15	0	0
XM_006563666.3	6966	6729.15	11.4278	0.310133
XM_006563669.3	1454	1217.15	21.1616	3.17505
XM_006563672.3	1221	984.148	0	0
XM_006563673.3	1115	878.148	3.83851e-05	7.98254e-06
XM_006563674.3	1199	962.148	0	0
XM_006563675.3	1128	891.148	0	0
XM_006563676.3	1106	869.148	0.999962	0.210105
XM_006563677.3	1164	927.148	26.2243	5.16537
XM_006563678.3	1383	1146.15	1.7818	0.283899
XM_006563682.3	3320	3083.15	231	13.6825
XM_006563684.3	2046	1809.15	44	4.44145
XM_006563685.3	2438	2201.15	17	1.41041
XM_006563686.3	806	570.277	0	0
XM_006563687.3	680	445.977	0	0
XM_006563689.3	4446	4209.15	0	0
XM_006563690.3	3759	3522.15	0	0
XM_006563691.3	3933	3696.15	0	0
XM_006563693.3	2851	2614.15	0	0
XM_006563695.3	2046	1809.15	74	7.46972
XM_006563696.3	1761	1524.15	0	0
XM_006563697.3	1597	1360.15	0	0
XM_006563699.3	1629	1392.15	0	0
XM_006563702.3	1593	1356.15	0	0
XM_006563710.3	1491	1254.15	3	0.436837
XM_006563711.3	1721	1484.15	12.5	1.53808
XM_006563714.3	1957	1720.15	7	0.743154
XM_006563720.2	1287	1050.15	0	0
XM_006563724.1	789	553.388	8	2.64001
XM_006563744.3	2036	1799.15	0	0
XM_006563745.3	2166	1929.15	37	3.50254
XM_006563746.3	2052	1815.15	0	0
XM_006563747.3	6041	5804.15	8.9586	0.281869
XM_006563751.3	2862	2625.15	6.47528	0.450455
XM_006563753.3	2888	2651.15	6.14542	0.423315
XM_006563757.3	7390	7153.15	35.1156	0.896499
XM_006563758.3	6509	6272.15	2.88436	0.0839806
XM_006563759.3	988	751.224	2.13442	0.518869
XM_006563763.3	957	720.37	13	3.2956
XM_006563764.3	722	487.376	0	0
XM_006563770.3	1499	1262.15	13.9528	2.01883
XM_006563771.3	5457	5220.15	0	0
XM_006563772.3	5376	5139.15	12.3851	0.440104
XM_006563773.3	4605	4368.15	0	0
XM_006563774.3	4698	4461.15	0	0
XM_006563775.3	2056	1819.15	114.508	11.4952
XM_006563776.3	1758	1521.15	25.6046	3.07392
XM_006563777.3	1509	1272.15	26.4778	3.80094
XM_006563778.2	2040	1803.15	8.05772	0.816069
XM_006563779.3	1633	1396.15	0	0
XM_006563787.3	2917	2680.15	537.576	36.6292
XM_006563788.3	2924	2687.15	16.1352	1.09655
XM_006563789.3	1684	1447.15	0	0
XM_006563790.3	1868	1631.15	5.57564	0.624235
XM_006563792.3	1527	1290.15	1.87465	0.265355
XM_006563793.3	708	473.425	8.30949	3.20531
XM_006563796.3	3007	2770.15	0	0
XM_006563797.3	2978	2741.15	23.8672	1.59007
XM_006563800.3	2348	2111.15	39.6503	3.42984
XM_006563802.3	3643	3406.15	21	1.12591
XM_006563804.3	3910	3673.15	0	0
XM_006563805.3	3880	3643.15	117.02	5.86584
XM_006563806.2	3617	3380.15	12.98	0.701268
XM_006563807.3	1771	1534.15	13.5285	1.61038
XM_006563808.3	1742	1505.15	30.2598	3.67141
XM_006563813.3	586	355.218	0	0
XM_006563819.3	3444	3207.15	15.162	0.863346
XM_006563820.3	3566	3329.15	28.9608	1.58863
XM_006563821.3	3567	3330.15	0	0
XM_006563822.3	3564	3327.15	1.8761e-06	1.02975e-07
XM_006563823.3	3528	3291.15	0	0
XM_006563824.3	3522	3285.15	0	0
XM_006563825.3	3522	3285.15	9.78427	0.543901
XM_006563826.3	3510	3273.15	15.4174	0.860187
XM_006563827.3	3066	2829.15	2.84673	0.183754
XM_006563828.3	2857	2620.15	40.0979	2.79474
XM_006563829.3	2854	2617.15	0	0
XM_006563830.3	2851	2614.15	42.5107	2.96972
XM_006563831.3	2849	2612.15	0.000332829	2.32685e-05
XM_006563832.3	2815	2578.15	0	0
XM_006563833.3	2812	2575.15	0	0
XM_006563834.3	2809	2572.15	0	0
XM_006563835.3	2806	2569.15	0	0
XM_006563839.2	1326	1089.15	66	11.0663
XM_006563841.3	1274	1037.15	0	0
XM_006563844.3	1749	1512.15	8.3015	1.00256
XM_006563845.3	1403	1166.15	1	0.1566
XM_006563847.3	4862	4625.15	8.6785	0.342662
XM_006563858.3	721	486.376	0	0
XM_006563860.3	1819	1582.15	1	0.115425
XM_006563861.3	4547	4310.15	0	0
XM_006563862.3	1154	917.148	0	0
XM_006563864.3	2586	2349.15	3.52044	0.273673
XM_006563878.3	5297	5060.15	1.11856	0.0403686
XM_006563879.3	6708	6471.15	42	1.18526
XM_006563885.3	2473	2236.15	0	0
XM_006563886.3	2020	1783.15	2	0.204828
XM_006563887.3	2198	1961.15	0	0
XM_006563888.3	4337	4100.15	106	4.7212
XM_006563907.3	2597	2360.15	17.0573	1.31983
XM_006563908.3	1822	1585.15	0	0
XM_006563909.3	1905	1668.15	0	0
XM_006563910.3	1587	1350.15	52.9023	7.15549
XM_006563914.3	3728	3491.15	8.74023	0.457195
XM_006563915.3	755	519.871	13.4335	4.71888
XM_006563916.3	738	503.227	0	0
XM_006563917.3	7065	6828.15	0	0
XM_006563921.3	4884	4647.15	27.6934	1.08827
XM_006563923.3	4946	4709.15	0	0
XM_006563924.2	2674	2437.15	0	0
XM_006563925.3	3545	3308.15	0	0
XM_006563926.3	785	549.388	0	0
XM_006563927.3	4604	4367.15	9.37352	0.391969
XM_006563928.3	1524	1287.15	37.0315	5.25398
XM_006563929.3	4070	3833.15	0	0
XM_006563930.3	4007	3770.15	19.0909	0.924731
XM_006563931.3	4034	3797.15	42.9091	2.06366
XM_006563932.3	1667	1430.15	0	0
XM_006563933.3	2029	1792.15	0	0
XM_006563934.3	1975	1738.15	3	0.315196
XM_006563935.3	1633	1396.15	0	0
XM_006563936.2	2121	1884.15	14.5014	1.40554
XM_006563937.3	1453	1216.15	0	0
XM_006563940.3	2498	2261.15	0	0
XM_006563941.3	1027	790.148	0	0
XM_006563943.3	6271	6034.15	1.86523e-08	5.64498e-10
XM_006563944.3	6265	6028.15	224.726	6.80794
XM_006563945.3	6265	6028.15	0	0
XM_006563947.3	6259	6022.15	0	0
XM_006563948.3	6250	6013.15	0	0
XM_006563949.3	6244	6007.15	211.511	6.43001
XM_006563950.3	6238	6001.15	0	0
XM_006563951.3	6232	5995.15	0	0
XM_006563952.3	6217	5980.15	0	0
XM_006563953.3	6211	5974.15	216.184	6.60836
XM_006563954.3	6205	5968.15	0	0
XM_006563955.3	3176	2939.15	13.4453	0.835399
XM_006563956.3	3417	3180.15	0.287371	0.0165022
XM_006563957.3	3408	3171.15	4.71263	0.27139
XM_006563958.3	5031	4794.15	0	0
XM_006563959.3	5056	4819.15	0.000864488	3.27593e-05
XM_006563961.3	4269	4032.15	0	0
XM_006563965.3	1479	1242.15	8	1.17615
XM_006563969.2	3015	2778.15	23	1.51189
XM_006563972.3	1767	1530.15	0	0
XM_006563973.3	1709	1472.15	0	0
XM_006563975.3	4880	4643.15	123.585	4.86071
XM_006563976.3	1088	851.148	0	0
XM_006563977.3	1179	942.148	0	0
XM_006563978.3	1057	820.148	0	0
XM_006563979.3	1430	1193.15	135	20.6626
XM_006563981.3	2747	2510.15	13	0.945781
XM_006563982.3	2583	2346.15	5.37789	0.418604
XM_006563984.3	3476	3239.15	10.3473	0.583369
XM_006563985.3	2893	2656.15	0	0
XM_006563986.3	3488	3251.15	7.361	0.413472
XM_006563990.3	12305	12068.1	1382.51	20.9206
XM_006563992.3	12300	12063.1	2071.8	31.3642
XM_006563993.3	5476	5239.15	0	0
XM_006563994.3	5437	5200.15	87.7662	3.08218
XM_006563995.3	3749	3512.15	11.9601	0.621885
XM_006563996.3	5275	5038.15	7.93083	0.287471
XM_006563998.3	3587	3350.15	19.0361	1.03767
XM_006564002.3	1121	884.148	0	0
XM_006564003.3	4677	4440.15	0	0
XM_006564005.2	2540	2303.15	5.75414	0.456252
XM_006564006.3	5462	5225.15	38.9324	1.36069
XM_006564007.3	5351	5114.15	0.067599	0.00241387
XM_006564009.2	890	653.786	761	212.567
XM_006564012.3	10734	10497.1	18.6623	0.324669
XM_006564013.3	10736	10499.1	0.241485	0.00420033
XM_006564018.3	2014	1777.15	1.30661e-06	1.34267e-07
XM_006564020.3	1988	1751.15	2.71445	0.283078
XM_006564021.3	1992	1755.15	0.285544	0.0297102
XM_006564023.3	1775	1538.15	0	0
XM_006564026.3	1365	1128.15	3	0.485626
XM_006564030.3	865	628.915	5.74958	1.66952
XM_006564031.3	867	630.915	0.250416	0.0724833
XM_006564032.3	1735	1498.15	0	0
XM_006564033.3	1777	1540.15	3	0.355718
XM_006564034.3	2998	2761.15	0	0
XM_006564036.3	2866	2629.15	6.05406	0.420512
XM_006564037.3	1897	1660.15	9.94594	1.09407
XM_006564043.3	944	707.441	0	0
XM_006564049.3	5694	5457.15	7.02497	0.235085
XM_006564051.3	978	741.224	11	2.71013
XM_006564053.3	1090	853.148	3	0.64216
XM_006564055.3	1394	1157.15	5	0.789092
XM_006564060.3	2323	2086.15	2.19274e-05	1.9195e-06
XM_006564061.3	2317	2080.15	0.000376362	3.30414e-05
XM_006564063.3	2059	1822.15	0	0
XM_006564066.3	4108	3871.15	0	0
XM_006564070.1	2539	2302.15	44	3.49033
XM_006564071.1	2536	2299.15	0	0
XM_006564073.3	4278	4041.15	29.9143	1.35182
XM_006564074.3	4258	4021.15	5.48587	0.249139
XM_006564077.3	3973	3736.15	0	0
XM_006564078.1	4074	3837.15	0	0
XM_006564079.3	509	284.718	0	0
XM_006564080.3	7596	7359.15	5.78095	0.143456
XM_006564081.3	7382	7145.15	0	0
XM_006564083.3	1999	1762.15	9	0.93271
XM_006564084.3	1930	1693.15	0	0
XM_006564086.2	2062	1825.15	16.236	1.62453
XM_006564088.3	2286	2049.15	0	0
XM_006564089.3	1654	1417.15	9	1.15978
XM_006564093.3	1954	1717.15	0	0
XM_006564098.3	727	492.327	5	1.85465
XM_006564099.3	888	651.786	1	0.280183
XM_006564100.3	2306	2069.15	0	0
XM_006564101.2	2477	2240.15	6	0.489126
XM_006564102.3	1961	1724.15	0	0
XM_006564104.3	1203	966.148	0	0
XM_006564105.3	1044	807.148	3	0.678757
XM_006564107.3	976	739.224	0	0
XM_006564108.3	1365	1128.15	0	0
XM_006564109.3	1357	1120.15	1.2116	0.197528
XM_006564115.3	2770	2533.15	0	0
XM_006564119.3	2676	2439.15	0	0
XM_006564120.3	1764	1527.15	26	3.10913
XM_006564121.3	1971	1734.15	42.0892	4.43232
XM_006564123.3	4204	3967.15	26.0686	1.20001
XM_006564126.3	2103	1866.15	14.8135	1.44963
XM_006564127.3	3905	3668.15	1.86779e-08	9.2988e-10
XM_006564128.3	3893	3656.15	20.9544	1.04664
XM_006564129.3	3893	3656.15	1.63172e-08	8.15022e-10
XM_006564131.3	3686	3449.15	22.2076	1.17581
XM_006564132.3	3545	3308.15	0	0
XM_006564147.3	950	713.441	22	5.63133
XM_006564151.3	1871	1634.15	1	0.111752
XM_006564156.3	1681	1444.15	1	0.126455
XM_006564157.3	5417	5180.15	323.279	11.3968
XM_006564159.3	7760	7523.15	0	0
XM_006564160.3	7760	7523.15	59.1063	1.43476
XM_006564167.3	2073	1836.15	78	7.75771
XM_006564170.2	867	630.915	34.8234	10.0797
XM_006564171.3	1213	976.148	20.1766	3.77467
XM_006564172.3	1252	1015.15	0	0
XM_006564173.3	841	605.102	0	0
XM_006564177.3	2898	2661.15	0	0
XM_006564178.3	1392	1155.15	0	0
XM_006564180.3	2169	1932.15	0	0
XM_006564182.3	3333	3096.15	0	0
XM_006564184.3	3330	3093.15	0	0
XM_006564185.3	4968	4731.15	118.629	4.57899
XM_006564186.3	4845	4608.15	0	0
XM_006564187.3	9446	9209.15	0	0
XM_006564189.3	9236	8999.15	1.16479e-08	2.3637e-10
XM_006564190.3	9215	8978.15	102	2.07472
XM_006564191.3	9119	8882.15	1.90236e-07	3.91131e-09
XM_006564192.3	3050	2813.15	0	0
XM_006564194.3	4406	4169.15	0	0
XM_006564195.3	1884	1647.15	40.5031	4.49058
XM_006564197.3	1544	1307.15	0	0
XM_006564198.3	1663	1426.15	0	0
XM_006564200.3	1641	1404.15	0	0
XM_006564203.3	1452	1215.15	0	0
XM_006564205.3	11180	10943.1	55	0.91784
XM_006564206.3	6004	5767.15	208.778	6.61104
XM_006564208.3	497	274.338	0	0
XM_006564210.3	1237	1000.15	120	21.9111
XM_006564211.3	964	727.297	4	1.00437
XM_006564214.3	875	638.915	0	0
XM_006564215.2	1193	956.148	3	0.572984
XM_006564216.3	435	222.584	155	127.17
XM_006564217.3	266	100.538	0	0
XM_006564218.3	7078	6841.15	75.0168	2.00252
XM_006564219.3	6803	6566.15	5.9737	0.166142
XM_006564220.3	6680	6443.15	6.2092	0.175988
XM_006564221.3	6990	6753.15	38.6447	1.04503
XM_006564222.3	2447	2210.15	0	0
XM_006564226.3	1240	1003.15	0	0
XM_006564227.3	1730	1493.15	2	0.24461
XM_006564228.3	1488	1251.15	3	0.437884
XM_006564229.3	1204	967.148	0	0
XM_006564230.3	2349	2112.15	0	0
XM_006564232.3	2210	1973.15	0	0
XM_006564234.3	1656	1419.15	8	1.02946
XM_006564235.3	1957	1720.15	2	0.21233
XM_006564237.3	582	351.575	3	1.5583
XM_006564240.3	2506	2269.15	0	0
XM_006564241.3	3050	2813.15	64	4.15464
XM_006564242.3	2483	2246.15	0	0
XM_006564244.3	1742	1505.15	127.696	15.4933
XM_006564247.3	4230	3993.15	60.5463	2.76897
XM_006564258.3	3716	3479.15	31.4479	1.65069
XM_006564260.3	3688	3451.15	26.5838	1.4067
XM_006564261.3	3710	3473.15	246.968	12.9857
XM_006564265.3	1912	1675.15	64.3247	7.01247
XM_006564266.3	1576	1339.15	13.0432	1.7787
XM_006564267.3	1556	1319.15	15.9568	2.20901
XM_006564268.3	3208	2971.15	72.8571	4.47811
XM_006564269.3	3208	2971.15	12.1429	0.746351
XM_006564270.3	811	575.22	4	1.26991
XM_006564272.3	2046	1809.15	10	1.00942
XM_006564275.3	1382	1145.15	1	0.159472
XM_006564277.3	1379	1142.15	0	0
XM_006564278.3	1941	1704.15	0	0
XM_006564281.3	1792	1555.15	0	0
XM_006564282.3	1792	1555.15	6.99985	0.821985
XM_006564283.3	1791	1554.15	0	0
XM_006564284.3	1839	1602.15	0	0
XM_006564285.3	1717	1480.15	0	0
XM_006564286.3	1580	1343.15	0.000145314	1.97573e-05
XM_006564287.3	1764	1527.15	0	0
XM_006564290.3	1785	1548.15	19	2.24124
XM_006564315.3	622	389.575	268.655	125.936
XM_006564316.2	602	370.378	12.3447	6.08667
XM_006564318.3	7335	7098.15	1229.28	31.6265
XM_006564319.3	8125	7888.15	0	0
XM_006564320.3	9093	8856.15	20.1505	0.415516
XM_006564321.3	7607	7370.15	1304.25	32.317
XM_006564323.3	1574	1337.15	2.02331	0.276332
XM_006564324.3	1571	1334.15	18.5717	2.54211
XM_006564325.3	2215	1978.15	2.81488	0.259865
XM_006564326.3	2212	1975.15	12.5901	1.16406
XM_006564329.3	2119	1882.15	0	0
XM_006564334.3	5871	5634.15	0	0
XM_006564335.3	5859	5622.15	0	0
XM_006564336.3	5856	5619.15	0	0
XM_006564337.3	5841	5604.15	8.20714e-05	2.67442e-06
XM_006564338.3	5829	5592.15	0.000680815	2.22329e-05
XM_006564339.3	5826	5589.15	0	0
XM_006564340.3	5784	5547.15	0	0
XM_006564341.3	5769	5532.15	28.6413	0.945465
XM_006564342.3	6786	6549.15	0.122132	0.00340557
XM_006564344.3	2200	1963.15	8.10578e-06	7.5403e-07
XM_006564345.3	2197	1960.15	0	0
XM_006564346.3	2173	1936.15	6.99999	0.660245
XM_006564347.3	3409	3172.15	0	0
XM_006564350.3	651	417.762	2.96807	1.29745
XM_006564351.3	679	445.021	18.7369	7.68888
XM_006564352.3	3684	3447.15	15	0.794653
XM_006564353.3	3658	3421.15	0	0
XM_006564355.3	1157	920.148	18	3.57241
XM_006564356.3	7128	6891.15	14.5981	0.386857
XM_006564357.3	4703	4466.15	0	0
XM_006564358.3	4261	4024.15	0	0
XM_006564359.3	4796	4559.15	8.43518	0.337876
XM_006564361.2	4302	4065.15	28.9667	1.30128
XM_006564362.3	490	268.129	0	0
XM_006564364.3	4428	4191.15	27.3394	1.19125
XM_006564365.3	4410	4173.15	0	0
XM_006564367.2	1858	1621.15	10	1.12648
XM_006564368.3	1224	987.148	1.99186	0.368488
XM_006564374.3	1297	1060.15	0	0
XM_006564377.2	4088	3851.15	0	0
XM_006564378.3	4133	3896.15	0	0
XM_006564380.3	5025	4788.15	30.9671	1.18108
XM_006564381.3	4861	4624.15	0	0
XM_006564382.3	2664	2427.15	2	0.15048
XM_006564383.3	2136	1899.15	0	0
XM_006564384.2	3102	2865.15	0	0
XM_006564385.3	4416	4179.15	27	1.17984
XM_006564387.3	1464	1227.15	0	0
XM_006564388.3	1440	1203.15	0	0
XM_006564389.3	1429	1192.15	0	0
XM_006564390.3	864	627.915	8	2.32667
XM_006564391.3	4485	4248.15	4.10358	0.176404
XM_006564392.3	4523	4286.15	2.03283	0.0866126
XM_006564393.3	4710	4473.15	1.94869	0.0795567
XM_006564394.3	4636	4399.15	7.92118	0.328827
XM_006564395.3	4606	4369.15	1.99372	0.0833322
XM_006564396.3	1418	1181.15	0	0
XM_006564397.3	2188	1951.15	61.6338	5.76866
XM_006564403.3	2440	2203.15	0.368695	0.0305612
XM_006564412.3	2648	2411.15	7	0.530177
XM_006564414.3	4739	4502.15	20.0036	0.811398
XM_006564418.3	7388	7151.15	67.8584	1.7329
XM_006564420.3	1014	777.148	0	0
XM_006564423.3	1345	1108.15	0	0
XM_006564424.3	1103	866.148	0	0
XM_006564425.3	1304	1067.15	0	0
XM_006564426.3	1281	1044.15	14	2.44857
XM_006564429.3	1124	887.148	2.80569	0.57755
XM_006564431.1	990	753.224	0	0
XM_006564432.3	1068	831.148	3.19431	0.701852
XM_006564436.3	1562	1325.15	87	11.9895
XM_006564441.3	1654	1417.15	0	0
XM_006564442.3	1516	1279.15	0	0
XM_006564445.2	2694	2457.15	0	0
XM_006564446.3	2073	1836.15	0	0
XM_006564447.3	1969	1732.15	6.42352	0.677227
XM_006564448.3	2994	2757.15	32.2625	2.1369
XM_006564449.3	3823	3586.15	21.3085	1.0851
XM_006564450.3	2788	2551.15	9.97811	0.714264
XM_006564451.3	2775	2538.15	237.659	17.0995
XM_006564454.3	2350	2113.15	3.70024	0.319777
XM_006564456.3	7949	7712.15	58.1248	1.37636
XM_006564457.3	11742	11505.1	0	0
XM_006564458.3	11712	11475.1	0.200034	0.00318341
XM_006564459.3	11688	11451.1	1.57962	0.0251912
XM_006564464.3	1266	1029.15	0.000291955	5.18066e-05
XM_006564465.3	1252	1015.15	217	39.037
XM_006564470.3	1433	1196.15	7	1.06871
XM_006564471.3	5286	5049.15	25.3455	0.916703
XM_006564472.3	2902	2665.15	6	0.411127
XM_006564473.3	2344	2107.15	0	0
XM_006564474.3	5830	5593.15	0	0
XM_006564475.3	6313	6076.15	0	0
XM_006564476.3	6937	6700.15	10.789	0.294066
XM_006564478.3	6878	6641.15	60.1896	1.6551
XM_006564479.3	7247	7010.15	0	0
XM_006564480.3	5189	4952.15	69	2.5445
XM_006564482.3	1663	1426.15	0	0
XM_006564484.3	8762	8525.15	44	0.942534
XM_006564485.3	2095	1858.15	0.00195293	0.000191935
XM_006564486.3	1647	1410.15	0	0
XM_006564487.3	4081	3844.15	279.828	13.2935
XM_006564488.3	6511	6274.15	59.8602	1.74233
XM_006564489.3	2015	1778.15	0	0
XM_006564494.2	3146	2909.15	0	0
XM_006564498.3	7419	7182.15	108	2.7461
XM_006564502.3	977	740.224	0	0
XM_006564503.3	4808	4571.15	17.4952	0.698942
XM_006564504.3	4813	4576.15	0	0
XM_006564505.3	2148	1911.15	6	0.573328
XM_006564506.3	2552	2315.15	0.000446185	3.51952e-05
XM_006564507.3	2477	2240.15	0	0
XM_006564511.3	6729	6492.15	0.00235301	6.61884e-05
XM_006564512.3	6682	6445.15	3.06281	0.0867827
XM_006564513.2	2177	1940.15	7.86454	0.740261
XM_006564514.3	3593	3356.15	58	3.15597
XM_006564515.3	3449	3212.15	29	1.64873
XM_006564516.3	1157	920.148	8.51989	1.69092
XM_006564517.3	1049	812.148	6.48011	1.45712
XM_006564518.3	12489	12252.1	35.866	0.534586
XM_006564520.3	10781	10544.1	3.13331	0.0542672
XM_006564524.3	2674	2437.15	108	8.0926
XM_006564528.3	10019	9782.15	0	0
XM_006564534.3	1374	1137.15	147.738	23.7259
XM_006564535.3	2814	2577.15	5.43195	0.384913
XM_006564536.3	3048	2811.15	0	0
XM_006564537.3	2891	2654.15	11.2531	0.774275
XM_006564538.3	2696	2459.15	191.728	14.238
XM_006564539.3	2931	2694.15	27.3187	1.85176
XM_006564541.3	7322	7085.15	0	0
XM_006564542.3	7285	7048.15	32.9715	0.8543
XM_006564547.3	6319	6082.15	12.8189	0.384893
XM_006564548.3	2528	2291.15	35.2782	2.8119
XM_006564549.3	2550	2313.15	0	0
XM_006564552.3	2005	1768.15	0	0
XM_006564553.2	939	702.582	4	1.0397
XM_006564554.3	4706	4469.15	0	0
XM_006564555.3	4628	4391.15	85.2665	3.54606
XM_006564558.3	5585	5348.15	78.2558	2.67214
XM_006564559.3	5112	4875.15	103.426	3.87427
XM_006564561.2	3282	3045.15	0	0
XM_006564562.3	7379	7142.15	1.30994	0.0334942
XM_006564563.2	1836	1599.15	3.28482	0.37512
XM_006564564.2	1645	1408.15	0	0
XM_006564565.2	1831	1594.15	19.8512	2.27407
XM_006564567.3	2637	2400.15	0	0
XM_006564568.3	3900	3663.15	33	1.64515
XM_006564569.3	3512	3275.15	0	0
XM_006564571.3	3384	3147.15	64.572	3.74691
XM_006564572.3	3381	3144.15	59.0749	3.4312
XM_006564574.3	1746	1509.15	19.8743	2.40496
XM_006564575.3	1727	1490.15	31.4004	3.84815
XM_006564576.3	2073	1836.15	0	0
XM_006564577.3	2070	1833.15	0	0
XM_006564578.3	1985	1748.15	0	0
XM_006564579.3	3020	2783.15	0	0
XM_006564580.3	3008	2771.15	0	0
XM_006564581.3	2974	2737.15	0	0
XM_006564582.3	2962	2725.15	0	0
XM_006564583.3	3007	2770.15	0.0446384	0.00294274
XM_006564584.3	2997	2760.15	1.58451	0.104835
XM_006564585.3	3519	3282.15	10.3672	0.576833
XM_006564586.3	3244	3007.15	8.88766e-07	5.39733e-08
XM_006564587.3	2586	2349.15	0	0
XM_006564588.3	2576	2339.15	0	0
XM_006564589.3	2463	2226.15	23.6344	1.93882
XM_006564590.3	1984	1747.15	0	0
XM_006564591.3	1883	1646.15	6	0.665624
XM_006564592.3	1946	1709.15	0	0
XM_006564593.3	3023	2786.15	81	5.30918
XM_006564595.3	1219	982.148	40	7.43754
XM_006564597.3	2108	1871.15	3.98775	0.389194
XM_006564601.3	1776	1539.15	8.47652	1.00574
XM_006564602.3	1714	1477.15	5.26188	0.650525
XM_006564606.3	8006	7769.15	48	1.12827
XM_006564607.1	666	432.418	2	0.844642
XM_006564608.2	751	515.871	0	0
XM_006564609.3	2835	2598.15	75	5.27162
XM_006564610.2	3198	2961.15	0	0
XM_006564611.2	3175	2938.15	9	0.559391
XM_006564612.3	571	341.278	0	0
XM_006564613.3	394	190.211	0	0
XM_006564615.2	4366	4129.15	22	0.972991
XM_006564616.3	2962	2725.15	0	0
XM_006564617.3	2315	2078.15	7	0.615132
XM_006564622.3	10780	10543.1	0	0
XM_006564623.3	10437	10200.1	20.0976	0.359819
XM_006564624.3	10340	10103.1	14.174	0.256201
XM_006564625.3	10777	10540.1	13.3142	0.230682
XM_006564626.3	10767	10530.1	32.7899	0.568658
XM_006564627.3	10768	10531.1	0	0
XM_006564628.3	10759	10522.1	0	0
XM_006564629.3	10754	10517.1	6.37572	0.110708
XM_006564630.3	10732	10495.1	78.4886	1.36573
XM_006564631.3	10726	10489.1	13.5207	0.235399
XM_006564632.3	10717	10480.1	0	0
XM_006564633.3	10705	10468.1	0	0
XM_006564634.3	10656	10419.1	0	0
XM_006564635.3	10642	10405.1	0	0
XM_006564636.3	10622	10385.1	0	0
XM_006564638.3	10593	10356.1	0	0
XM_006564640.3	10504	10267.1	13.5969	0.241845
XM_006564641.3	10498	10261.1	2.92855	0.0521198
XM_006564642.3	10484	10247.1	0	0
XM_006564643.3	10435	10198.1	58.9737	1.05605
XM_006564644.3	10360	10123.1	73.4445	1.32492
XM_006564647.3	10119	9882.15	0	0
XM_006564648.3	7966	7729.15	0	0
XM_006564649.3	9308	9071.15	54.8179	1.10359
XM_006564651.3	8181	7944.15	0	0
XM_006564652.3	7900	7663.15	0	0
XM_006564655.3	6746	6509.15	8.19222	0.229839
XM_006564656.3	4597	4360.15	1.11776	0.0468159
XM_006564657.3	4595	4358.15	0	0
XM_006564659.3	4586	4349.15	6.67738	0.280381
XM_006564665.3	4481	4244.15	0	0
XM_006564666.3	3953	3716.15	0	0
XM_006564668.3	3765	3528.15	0	0
XM_006564669.3	1059	822.148	1.54808	0.343866
XM_006564670.3	1016	779.148	0	0
XM_006564672.3	576	345.999	51	26.9179
XM_006564673.3	6006	5769.15	32.8083	1.03853
XM_006564674.3	6080	5843.15	0	0
XM_006564676.3	6001	5764.15	0	0
XM_006564680.3	2531	2294.15	5.32746	0.424078
XM_006564681.3	2277	2040.15	11.0661	0.990556
XM_006564682.3	2641	2404.15	141.698	10.7634
XM_006564683.3	2500	2263.15	5.16112	0.416464
XM_006564684.3	2691	2454.15	0	0
XM_006564688.3	772	536.607	18	6.1258
XM_006564690.3	8463	8226.15	132.374	2.93868
XM_006564691.3	8442	8205.15	0	0
XM_006564696.1	756	520.871	3	1.05181
XM_006564701.3	669	435.331	994	416.978
XM_006564702.3	5038	4801.15	0	0
XM_006564703.3	5062	4825.15	6	0.227084
XM_006564704.3	6420	6183.15	0	0
XM_006564718.3	10905	10668.1	381.385	6.52862
XM_006564719.3	1903	1666.15	0	0
XM_006564721.3	657	423.677	0	0
XM_006564722.3	3093	2856.15	6.54266	0.418331
XM_006564723.3	3318	3081.15	118.457	7.02095
XM_006564724.3	3044	2807.15	0	0
XM_006564726.3	3448	3211.15	0	0
XM_006564727.3	1492	1255.15	0	0
XM_006564729.3	7360	7123.15	0	0
XM_006564730.3	7010	6773.15	5	0.134811
XM_006564731.3	7401	7164.15	0	0
XM_006564732.3	1467	1230.15	0	0
XM_006564734.3	5245	5008.15	11.6058	0.423198
XM_006564737.3	819	583.162	1	0.313154
XM_006564738.3	1317	1080.15	12	2.02882
XM_006564740.3	4983	4746.15	12	0.461728
XM_006564742.3	4847	4610.15	0	0
XM_006564743.3	4896	4659.15	0	0
XM_006564744.3	3342	3105.15	0	0
XM_006564745.3	947	710.441	8	2.0564
XM_006564746.2	2520	2283.15	20	1.59971
XM_006564749.3	903	666.72	0	0
XM_006564750.3	2652	2415.15	1	0.075614
XM_006564751.3	2688	2451.15	4.54725e-07	3.38786e-08
XM_006564757.3	2681	2444.15	0	0
XM_006564758.3	2779	2542.15	5.34165	0.383726
XM_006564759.3	3044	2807.15	1.65835	0.107884
XM_006564760.3	3104	2867.15	0	0
XM_006564762.3	2637	2400.15	5.81348	0.442328
XM_006564767.3	6323	6086.15	57.817	1.73484
XM_006564768.2	4309	4072.15	18.2332	0.817683
XM_006564769.3	6102	5865.15	68.6111	2.1363
XM_006564770.3	2224	1987.15	159.756	14.6816
XM_006564771.3	2425	2188.15	3	0.250375
XM_006564773.3	4690	4453.15	0.0664953	0.0027269
XM_006564774.3	4683	4446.15	0.31414	0.0129028
XM_006564777.3	1480	1243.15	3.72007	0.546481
XM_006564778.3	1458	1221.15	0	0
XM_006564779.3	1410	1173.15	0	0
XM_006564781.2	900	663.72	0.872327	0.240016
XM_006564782.2	897	660.786	69.1277	19.1046
XM_006564790.3	1105	868.148	0	0
XM_006564792.3	1151	914.148	7	1.39839
XM_006564795.3	4180	3943.15	5	0.231565
XM_006564798.3	924	687.652	4.83919	1.28514
XM_006564805.3	2032	1795.15	120.971	12.3063
XM_006564806.3	1954	1717.15	185.206	19.6967
XM_006564807.3	1847	1610.15	0	0
XM_006564809.3	1643	1406.15	8	1.03898
XM_006564811.3	1752	1515.15	0	0
XM_006564813.3	2074	1837.15	15	1.49105
XM_006564815.3	3214	2977.15	0	0
XM_006564816.3	3179	2942.15	0	0
XM_006564817.3	3101	2864.15	4.85546	0.309586
XM_006564819.3	1633	1396.15	0	0
XM_006564820.2	1118	881.148	23.9313	4.9598
XM_006564821.2	1107	870.148	3.06867	0.644026
XM_006564822.3	916	679.72	0	0
XM_006564823.3	3122	2885.15	14	0.886148
XM_006564824.3	3110	2873.15	0	0
XM_006564825.3	3582	3345.15	13.0262	0.711132
XM_006564826.3	2654	2417.15	0	0
XM_006564827.3	3576	3339.15	0	0
XM_006564828.3	3485	3248.15	4.90962	0.276032
XM_006564829.3	1790	1553.15	196	23.0457
XM_006564840.2	1600	1363.15	0	0
XM_006564843.2	1522	1285.15	11.6888	1.66098
XM_006564844.3	1508	1271.15	43.3112	6.2223
XM_006564848.3	2656	2419.15	70	5.28423
XM_006564850.3	889	652.786	34	9.51161
XM_006564851.3	1830	1593.15	0	0
XM_006564852.2	1169	932.148	30	5.87737
XM_006564853.3	1852	1615.15	0	0
XM_006564854.3	1789	1552.15	5	0.588279
XM_006564857.3	2889	2652.15	0	0
XM_006564858.3	3309	3072.15	0	0
XM_006564859.3	3243	3006.15	53	3.21967
XM_006564861.3	4206	3969.15	0	0
XM_006564862.3	9715	9478.15	6.90405	0.133023
XM_006564863.3	9709	9472.15	12.8985	0.248678
XM_006564864.3	2292	2055.15	0	0
XM_006564865.3	2421	2184.15	6.51004	0.544312
XM_006564866.3	3460	3223.15	0	0
XM_006564867.3	3651	3414.15	8.60818	0.460442
XM_006564868.3	3510	3273.15	0	0
XM_006564869.3	3891	3654.15	0	0
XM_006564870.3	3451	3214.15	3.2471	0.184492
XM_006564871.3	3448	3211.15	0	0
XM_006564872.3	3433	3196.15	0	0
XM_006564873.3	3166	2929.15	12.2903	0.766243
XM_006564875.3	3581	3344.15	8.19819	0.447691
XM_006564879.3	2959	2722.15	0	0
XM_006564880.3	3253	3016.15	25.6812	1.55492
XM_006564883.3	6023	5786.15	0	0
XM_006564884.3	6046	5809.15	27	0.848785
XM_006564885.3	2085	1848.15	29.1783	2.88317
XM_006564887.3	2016	1779.15	1.94177	0.199311
XM_006564889.3	1952	1715.15	0	0
XM_006564890.3	2107	1870.15	0	0
XM_006564891.3	1973	1736.15	0	0
XM_006564892.3	1210	973.148	3.97014	0.745029
XM_006564893.3	1177	940.148	0	0
XM_006564895.3	1978	1741.15	55	5.76864
XM_006564896.2	1287	1050.15	78	13.5641
XM_006564898.3	6513	6276.15	73.7663	2.1464
XM_006564899.3	6845	6608.15	10.4238	0.288066
XM_006564900.3	2285	2048.15	1.25082	0.111527
XM_006564901.3	2291	2054.15	66.7065	5.93039
XM_006564910.3	2944	2707.15	1.0345	0.0697855
XM_006564911.3	4731	4494.15	72.9761	2.96537
XM_006564912.3	9327	9090.15	179.76	3.61133
XM_006564914.3	2608	2371.15	8.16396	0.628766
XM_006564915.3	744	509.025	0	0
XM_006564920.3	719	484.425	6.25431	2.35776
XM_006564921.3	2309	2072.15	6.3445	0.559143
XM_006564922.3	2358	2121.15	0	0
XM_006564923.3	704	469.425	0	0
XM_006564927.3	1593	1356.15	0	0
XM_006564930.3	1546	1309.15	2	0.278989
XM_006564931.3	1550	1313.15	0	0
XM_006564934.3	1844	1607.15	15	1.70444
XM_006564935.3	1826	1589.15	0	0
XM_006564936.3	2715	2478.15	0	0
XM_006564938.3	3902	3665.15	3	0.149478
XM_006564939.3	517	291.827	1	0.625778
XM_006564940.3	669	435.331	0	0
XM_006564941.3	605	373.341	1.04005	0.50874
XM_006564944.3	942	705.582	36	9.31754
XM_006564945.3	4690	4453.15	218.465	8.95904
XM_006564950.3	1834	1597.15	0	0
XM_006564951.3	2805	2568.15	28	1.99106
XM_006564955.3	2341	2104.15	2	0.17358
XM_006564957.3	2213	1976.15	17	1.571
XM_006564958.3	2493	2256.15	29.536	2.39073
XM_006564959.3	2284	2047.15	0	0
XM_006564961.3	1419	1182.15	2	0.308962
XM_006564962.3	612	379.885	0	0
XM_006564963.3	1296	1059.15	0	0
XM_006564964.3	4133	3896.15	18.514	0.867782
XM_006564965.3	4018	3781.15	13.0324	0.629431
XM_006564975.3	2973	2736.15	0	0
XM_006564976.3	5224	4987.15	0	0
XM_006564977.3	5858	5621.15	11.9163	0.387136
XM_006564978.3	4737	4500.15	0	0
XM_006564979.3	3330	3093.15	5.44742	0.321615
XM_006564980.3	3266	3029.15	0	0
XM_006564981.3	2997	2760.15	15	0.992442
XM_006564983.3	3074	2837.15	0	0
XM_006564984.3	3270	3033.15	0	0
XM_006564985.3	2634	2397.15	0.453866	0.0345763
XM_006564986.3	3187	2950.15	36.8225	2.27938
XM_006564987.3	3044	2807.15	0	0
XM_006564988.3	3139	2902.15	0	0
XM_006564992.3	1885	1648.15	0	0
XM_006564994.3	2717	2480.15	194.471	14.3193
XM_006564995.3	2609	2372.15	1.80757	0.139155
XM_006564999.3	1848	1611.15	0	0
XM_006565003.3	4237	4000.15	40	1.82612
XM_006565004.3	1572	1335.15	15.5667	2.12918
XM_006565005.3	1979	1742.15	0	0
XM_006565006.3	4746	4509.15	0	0
XM_006565007.3	3857	3620.15	0	0
XM_006565008.3	3867	3630.15	0	0
XM_006565009.3	3864	3627.15	0	0
XM_006565010.3	4552	4315.15	7	0.296243
XM_006565011.3	1790	1553.15	4.15782	0.488876
XM_006565012.3	1721	1484.15	0	0
XM_006565013.2	2320	2083.15	1.54076e-07	1.35071e-08
XM_006565014.2	2282	2045.15	12	1.07153
XM_006565023.3	2117	1880.15	5.14115	0.499361
XM_006565024.3	1980	1743.15	0	0
XM_006565026.3	2623	2386.15	0	0
XM_006565029.3	1258	1021.15	12	2.14605
XM_006565030.3	1933	1696.15	100	10.7667
XM_006565032.3	2148	1911.15	5	0.477774
XM_006565041.3	7449	7212.15	25.0819	0.6351
XM_006565042.3	7141	6904.15	51.6994	1.36748
XM_006565043.3	7041	6804.15	46.322	1.24325
XM_006565046.3	953	716.37	2	0.509846
XM_006565047.3	810	574.277	0	0
XM_006565051.3	2821	2584.15	0	0
XM_006565052.3	5569	5332.15	60.056	2.05684
XM_006565055.3	1367	1130.15	8.99594	1.45364
XM_006565057.3	6173	5936.15	41.1666	1.26645
XM_006565058.3	5819	5582.15	10.2615	0.335702
XM_006565059.3	5792	5555.15	0	0
XM_006565062.3	2942	2705.15	1.8311	0.123614
XM_006565066.3	3841	3604.15	0	0
XM_006565067.3	3922	3685.15	50.8196	2.51839
XM_006565068.3	3789	3552.15	0	0
XM_006565069.3	3744	3507.15	18.1853	0.94692
XM_006565070.3	3692	3455.15	0	0
XM_006565071.3	3847	3610.15	25.3034	1.27997
XM_006565075.3	3177	2940.15	155.725	9.67244
XM_006565093.3	1381	1144.15	12	1.91534
XM_006565094.3	1389	1152.15	0	0
XM_006565095.3	8846	8609.15	0	0
XM_006565096.3	8847	8610.15	0	0
XM_006565097.3	1833	1596.15	0	0
XM_006565098.3	8825	8588.15	0	0
XM_006565099.3	1452	1215.15	0	0
XM_006565100.3	8706	8469.15	0	0
XM_006565101.3	8709	8472.15	0.517856	0.0111625
XM_006565102.3	1716	1479.15	1.54541e-06	1.908e-07
XM_006565103.3	1434	1197.15	0	0
XM_006565104.3	8687	8450.15	0	0
XM_006565105.3	1697	1460.15	0.177782	0.022235
XM_006565106.3	1588	1351.15	0	0
XM_006565107.3	8687	8450.15	6.74136	0.14569
XM_006565108.3	3266	3029.15	1	0.0602873
XM_006565109.3	3386	3149.15	0	0
XM_006565136.3	2260	2023.15	1.53078	0.138176
XM_006565138.3	4289	4052.15	27.9596	1.26006
XM_006565139.3	891	654.786	8	2.23119
XM_006565143.3	2311	2074.15	17.3609	1.52855
XM_006565147.3	4801	4564.15	196.248	7.85221
XM_006565148.3	4721	4484.15	20.2699	0.825502
XM_006565149.3	4660	4423.15	25.3934	1.04842
XM_006565150.3	4756	4519.15	0	0
XM_006565151.3	4759	4522.15	0	0
XM_006565152.3	2843	2606.15	37.0191	2.59402
XM_006565153.3	3917	3680.15	5.52708	0.274269
XM_006565154.2	4163	3926.15	0	0
XM_006565155.3	2289	2052.15	17.7584	1.58031
XM_006565160.3	3656	3419.15	1	0.0534107
XM_006565161.3	2079	1842.15	0	0
XM_006565162.3	2191	1954.15	11.8042	1.10313
XM_006565164.3	1457	1220.15	8.37955	1.25416
XM_006565165.3	1734	1497.15	10	1.21978
XM_006565169.3	1170	933.148	0	0
XM_006565170.3	4023	3786.15	21	1.0129
XM_006565173.3	2722	2485.15	13	0.955295
XM_006565174.3	2118	1881.15	0	0
XM_006565175.3	7692	7455.15	17.292	0.42358
XM_006565176.3	7881	7644.15	37.4034	0.893569
XM_006565177.3	7664	7427.15	18.2922	0.449771
XM_006565178.3	7630	7393.15	35.2074	0.869663
XM_006565180.3	8162	7925.15	0	0
XM_006565181.3	7023	6786.15	11.8701	0.31943
XM_006565184.3	5527	5290.15	0	0
XM_006565193.3	2806	2569.15	10.7197	0.761972
XM_006565194.3	5106	4869.15	63.9561	2.3987
XM_006565195.3	5240	5003.15	0	0
XM_006565196.3	1993	1756.15	27	2.80769
XM_006565198.3	1765	1528.15	0	0
XM_006565199.3	1942	1705.15	0	0
XM_006565200.3	1410	1173.15	11.9936	1.867
XM_006565201.1	905	668.72	425	116.062
XM_006565203.3	3849	3612.15	35	1.76949
XM_006565204.3	2222	1985.15	0	0
XM_006565205.3	683	448.977	14	5.69444
XM_006565206.3	2127	1890.15	0.74462	0.0719425
XM_006565207.3	1714	1477.15	0	0
XM_006565208.3	2245	2008.15	0	0
XM_006565211.3	2790	2553.15	0	0
XM_006565214.3	3027	2790.15	0	0
XM_006565218.3	3583	3346.15	560.965	30.6152
XM_006565219.3	3565	3328.15	0	0
XM_006565220.3	3447	3210.15	21.8964	1.24564
XM_006565222.3	3871	3634.15	0	0
XM_006565223.3	4441	4204.15	0	0
XM_006565224.3	4313	4076.15	0	0
XM_006565225.3	3674	3437.15	35.1327	1.86664
XM_006565226.3	3556	3319.15	0	0
XM_006565227.3	6254	6017.15	0	0
XM_006565229.3	2704	2467.15	17.5179	1.29668
XM_006565234.3	2625	2388.15	18	1.37644
XM_006565235.3	2540	2303.15	0	0
XM_006565238.3	1924	1687.15	0	0
XM_006565239.3	1773	1536.15	1.49252	0.177433
XM_006565240.3	2630	2393.15	16.7329	1.27688
XM_006565241.3	1742	1505.15	44.9707	5.45629
XM_006565242.3	4047	3810.15	8.09601e-07	3.88039e-08
XM_006565243.3	4000	3763.15	0.169333	0.00821743
XM_006565244.3	3744	3507.15	22.5778	1.17564
XM_006565245.3	3318	3081.15	0	0
XM_006565246.3	2807	2570.15	37	2.629
XM_006565247.3	2756	2519.15	0	0
XM_006565248.3	2742	2505.15	0	0
XM_006565249.3	2691	2454.15	0	0
XM_006565251.3	1316	1079.15	1	0.169225
XM_006565254.3	1161	924.148	428	84.5763
XM_006565255.3	1234	997.148	4	0.732566
XM_006565258.3	1760	1523.15	15.8617	1.90175
XM_006565259.3	1655	1418.15	2.1383	0.275355
XM_006565260.3	2172	1935.15	0	0
XM_006565261.3	1215	978.148	0	0
XM_006565262.3	1280	1043.15	11	1.92572
XM_006565263.3	1169	932.148	5	0.979561
XM_006565264.3	1099	862.148	0	0
XM_006565265.3	3467	3230.15	0.000227046	1.28362e-05
XM_006565266.3	4167	3930.15	0	0
XM_006565268.3	4538	4301.15	37	1.57096
XM_006565270.3	2026	1789.15	0	0
XM_006565271.3	1581	1344.15	2	0.271725
XM_006565272.3	821	585.162	0	0
XM_006565280.3	960	723.297	0	0
XM_006565281.3	3168	2931.15	1.66388	0.103665
XM_006565282.3	3070	2833.15	6.63117	0.427432
XM_006565283.3	1074	837.148	1.77761e-08	3.87776e-09
XM_006565292.3	12833	12596.1	0.00562847	8.16016e-05
XM_006565293.3	12821	12584.1	106.943	1.55195
XM_006565294.3	12848	12611.1	12.8958	0.186742
XM_006565295.3	1658	1421.15	12.9517	1.6643
XM_006565296.3	1230	993.148	8.23263	1.51381
XM_006565299.3	1162	925.148	2.92642	0.577659
XM_006565300.3	1499	1262.15	0	0
XM_006565301.3	2761	2524.15	1	0.0723488
XM_006565305.3	987	750.224	0	0
XM_006565307.3	1735	1498.15	127	15.4809
XM_006565311.3	3613	3376.15	0	0
XM_006565319.2	681	446.977	0	0
XM_006565320.2	633	400.256	0	0
XM_006565321.2	630	397.376	0	0
XM_006565322.3	827	591.162	2	0.617832
XM_006565330.3	10441	10204.1	11.5093	0.205977
XM_006565331.3	3904	3667.15	31.2492	1.55617
XM_006565332.3	1797	1560.15	13.3595	1.56376
XM_006565334.3	1596	1359.15	14.201	1.90808
XM_006565335.3	4267	4030.15	0	0
XM_006565338.3	4439	4202.15	75.6037	3.28563
XM_006565340.3	5132	4895.15	8.39627	0.313233
XM_006565341.3	2799	2562.15	24	1.71062
XM_006565347.3	3915	3678.15	5.99848	0.297823
XM_006565348.3	3946	3709.15	0.00151518	7.45995e-05
XM_006565349.3	1494	1257.15	0	0
XM_006565350.2	2689	2452.15	4.25961	0.317226
XM_006565351.3	2358	2121.15	3.02214	0.26019
XM_006565354.3	3970	3733.15	0	0
XM_006565355.3	4067	3830.15	37	1.76414
XM_006565357.3	1930	1693.15	5	0.539289
XM_006565358.3	1686	1449.15	0	0
XM_006565359.3	764	528.66	16.1651	5.58404
XM_006565360.3	893	656.786	23.9695	6.66472
XM_006565361.3	1641	1404.15	6	0.780342
XM_006565364.3	1707	1470.15	48	5.96248
XM_006565366.3	3900	3663.15	9	0.448678
XM_006565371.3	1386	1149.15	0	0
XM_006565372.3	1784	1547.15	6.95651	0.821119
XM_006565376.3	4731	4494.15	0	0
XM_006565377.3	4720	4483.15	9.93716e-08	4.04786e-09
XM_006565378.3	1500	1263.15	0	0
XM_006565383.3	666	432.418	0	0
XM_006565384.3	6862	6625.15	29.7679	0.82054
XM_006565385.3	6558	6321.15	117.232	3.38686
XM_006565386.3	2714	2477.15	0	0
XM_006565387.3	1278	1041.15	0	0
XM_006565389.1	3654	3417.15	1.92152	0.10269
XM_006565390.3	4169	3932.15	0.00729296	0.000338704
XM_006565393.3	5651	5414.15	28.1791	0.950481
XM_006565395.3	3926	3689.15	0.99187	0.0490993
XM_006565396.3	1777	1540.15	0	0
XM_006565397.3	1729	1492.15	0	0
XM_006565398.3	2512	2275.15	27.6496	2.21935
XM_006565399.3	1760	1523.15	0	0
XM_006565400.3	1778	1541.15	0	0
XM_006565401.3	1864	1627.15	6	0.673396
XM_006565403.3	5056	4819.15	103.661	3.92818
XM_006565404.3	5024	4787.15	0	0
XM_006565406.3	5050	4813.15	55.3372	2.09959
XM_006565407.3	5051	4814.15	0	0
XM_006565408.3	4897	4660.15	0	0
XM_006565410.3	6111	5874.15	36.2633	1.12738
XM_006565411.3	5328	5091.15	0	0
XM_006565412.3	1015	778.148	0	0
XM_006565413.3	820	584.162	0	0
XM_006565416.3	1906	1669.15	0.554866	0.0607072
XM_006565419.3	3510	3273.15	26	1.45062
XM_006565424.3	13776	13539.1	20.6977	0.279176
XM_006565427.3	17162	16925.1	330.814	3.56942
XM_006565432.3	4253	4016.15	7.98987e-05	3.63309e-06
XM_006565433.3	4212	3975.15	1.99992	0.0918768
XM_006565440.3	5773	5536.15	291	9.59913
XM_006565442.3	3166	2929.15	0	0
XM_006565443.3	4854	4617.15	0	0
XM_006565444.3	4812	4575.15	14	0.558817
XM_006565445.3	4725	4488.15	0	0
XM_006565450.3	2183	1946.15	9	0.844526
XM_006565453.3	1954	1717.15	1.32739	0.141168
XM_006565454.3	2191	1954.15	5	0.46726
XM_006565456.3	3495	3258.15	3	0.16815
XM_006565463.3	1951	1714.15	0	0
XM_006565464.3	1945	1708.15	0	0
XM_006565465.3	3365	3128.15	45	2.62707
XM_006565466.3	1053	816.148	0	0
XM_006565467.3	2048	1811.15	41	4.13406
XM_006565470.3	2741	2504.15	44.3236	3.23237
XM_006565474.3	4830	4593.15	0	0
XM_006565475.3	4607	4370.15	19.6352	0.820515
XM_006565476.3	2950	2713.15	16.1328	1.08588
XM_006565479.3	2961	2724.15	9.94604	0.666754
XM_006565481.3	3289	3052.15	1939	116.016
XM_006565484.3	3060	2823.15	39.7202	2.56935
XM_006565485.3	3451	3214.15	14.2798	0.811342
XM_006565486.3	2716	2479.15	21	1.5469
XM_006565487.3	3013	2776.15	0	0
XM_006565491.3	4750	4513.15	52.4785	2.12348
XM_006565492.3	4492	4255.15	70.5215	3.02659
XM_006565494.3	7955	7718.15	104.999	2.48438
XM_006565496.3	983	746.224	8	1.9578
XM_006565498.3	1439	1202.15	1	0.151911
XM_006565499.3	1609	1372.15	0	0
XM_006565503.3	2264	2027.15	40	3.60347
XM_006565504.3	2347	2110.15	0	0
XM_006565505.3	2194	1957.15	0	0
XM_006565506.3	2154	1917.15	0	0
XM_006565507.3	2177	1940.15	0	0
XM_006565508.3	2834	2597.15	11	0.773468
XM_006565510.3	3925	3688.15	1.55982	0.0772348
XM_006565517.3	1526	1289.15	2.53207	0.35869
XM_006565519.3	3359	3122.15	30.6078	1.7903
XM_006565522.3	1830	1593.15	1.14651e-08	1.31422e-09
XM_006565531.3	964	727.297	0	0
XM_006565533.3	1050	813.148	8.55212e-08	1.92066e-08
XM_006565534.3	1291	1054.15	0	0
XM_006565536.3	2318	2081.15	0	0
XM_006565538.3	2315	2078.15	0	0
XM_006565539.3	2015	1778.15	61.4461	6.31063
XM_006565540.3	2821	2584.15	12.7323	0.899776
XM_006565541.3	2202	1965.15	4	0.371716
XM_006565542.3	2903	2666.15	0.000266018	1.82211e-05
XM_006565543.3	2879	2642.15	1.99973	0.138217
XM_006565544.3	2326	2089.15	59	5.15738
XM_006565545.3	7888	7651.15	0	0
XM_006565546.3	4428	4191.15	141.042	6.14557
XM_006565548.3	2257	2020.15	0	0
XM_006565550.3	2242	2005.15	0	0
XM_006565551.3	3733	3496.15	0.00529074	0.000276359
XM_006565552.3	3610	3373.15	4.61585	0.249898
XM_006565553.3	3707	3470.15	8.37886	0.440944
XM_006565555.3	10691	10454.1	0	0
XM_006565556.3	10574	10337.1	78	1.37797
XM_006565561.3	6405	6168.15	2.71245	0.080307
XM_006565562.3	7153	6916.15	0	0
XM_006565563.3	5489	5252.15	0	0
XM_006565564.3	6924	6687.15	0	0
XM_006565568.3	6607	6370.15	0	0
XM_006565569.3	8300	8063.15	14.2019	0.321653
XM_006565570.3	1428	1191.15	14	2.14639
XM_006565572.3	1735	1498.15	7	0.853277
XM_006565579.3	10553	10316.1	96	1.69942
XM_006565581.3	11460	11223.1	0	0
XM_006565582.3	435	222.584	653	535.755
XM_006565585.3	3784	3547.15	32.96	1.69689
XM_006565586.3	3581	3344.15	0	0
XM_006565587.3	9730	9493.15	0	0
XM_006565588.3	9727	9490.15	0	0
XM_006565589.3	9712	9475.15	0	0
XM_006565590.3	9709	9472.15	0	0
XM_006565591.3	9703	9466.15	0	0
XM_006565592.3	9685	9448.15	0	0
XM_006565593.3	9663	9426.15	0	0
XM_006565594.3	9652	9415.15	0	0
XM_006565595.3	9645	9408.15	0	0
XM_006565596.3	7535	7298.15	13.4153	0.335686
XM_006565597.3	9641	9404.15	57.7175	1.12082
XM_006565598.3	9634	9397.15	0	0
XM_006565599.3	9636	9399.15	0	0
XM_006565600.3	9618	9381.15	16.8629	0.328265
XM_006565601.3	9615	9378.15	38.024	0.740435
XM_006565603.3	2458	2221.15	0	0
XM_006565605.3	3315	3078.15	22.0196	1.30637
XM_006565606.3	3170	2933.15	2.42339e-08	1.50882e-09
XM_006565607.3	3970	3733.15	509	24.8994
XM_006565621.3	1902	1665.15	0	0
XM_006565622.3	1885	1648.15	0	0
XM_006565624.3	1398	1161.15	0	0
XM_006565632.3	2224	1987.15	0	0
XM_006565634.3	3260	3023.15	1	0.060407
XM_006565637.3	4679	4442.15	19.4718	0.800496
XM_006565640.3	468	249.142	30	21.9898
XM_006565641.3	2887	2650.15	0	0
XM_006565642.2	2004	1767.15	0	0
XM_006565643.2	1956	1719.15	0	0
XM_006565644.3	3298	3061.15	8.48482	0.50618
XM_006565645.3	2690	2453.15	15.5152	1.15499
XM_006565649.3	1394	1157.15	0	0
XM_006565653.3	1283	1046.15	1.06385e-08	1.8571e-09
XM_006565654.3	1380	1143.15	0	0
XM_006565660.3	3209	2972.15	11.6137	0.713585
XM_006565662.3	3570	3333.15	46.0726	2.52426
XM_006565663.3	874	637.915	0	0
XM_006565664.3	863	626.978	0	0
XM_006565665.3	1023	786.148	0	0
XM_006565666.3	1011	774.148	34	8.0205
XM_006565680.3	4915	4678.15	0	0
XM_006565697.3	10988	10751.1	27.3476	0.464527
XM_006565698.3	10423	10186.1	39.3044	0.704657
XM_006565699.3	10419	10182.1	96.7141	1.73459
XM_006565702.3	5613	5376.15	0	0
XM_006565703.3	5394	5157.15	8.64376	0.306083
XM_006565704.3	5406	5169.15	0	0
XM_006565705.3	5377	5140.15	0	0
XM_006565706.3	5223	4986.15	35.144	1.28716
XM_006565707.3	4923	4686.15	31.043	1.20975
XM_006565708.3	5106	4869.15	0	0
XM_006565709.3	5611	5374.15	0	0
XM_006565710.3	5597	5360.15	19.8883	0.677589
XM_006565711.3	5646	5409.15	0	0
XM_006565712.3	5569	5332.15	0	0
XM_006565713.3	5564	5327.15	0	0
XM_006565714.3	5566	5329.15	0	0
XM_006565715.3	5562	5325.15	0	0
XM_006565716.3	5544	5307.15	0.000810553	2.78912e-05
XM_006565718.3	5495	5258.15	7.67018	0.266391
XM_006565720.3	2552	2315.15	0	0
XM_006565721.3	1805	1568.15	0	0
XM_006565723.2	1221	984.148	1	0.185561
XM_006565724.3	3660	3423.15	1.75471e-05	9.36107e-07
XM_006565725.3	3619	3382.15	2.56592	0.138547
XM_006565726.3	2956	2719.15	1.40152	0.094127
XM_006565729.3	4959	4722.15	0	0
XM_006565730.3	4890	4653.15	0	0
XM_006565731.3	4841	4604.15	0	0
XM_006565732.3	4818	4581.15	0	0
XM_006565733.3	4953	4716.15	28.4284	1.10081
XM_006565734.3	4194	3957.15	0.00122551	5.65565e-05
XM_006565736.3	12623	12386.1	0	0
XM_006565737.3	12438	12201.1	0	0
XM_006565738.3	702	467.519	35	13.6715
XM_006565739.3	6507	6270.15	0	0
XM_006565740.3	6573	6336.15	21	0.605258
XM_006565745.3	1029	792.148	1	0.230537
XM_006565746.3	1469	1232.15	1	0.148212
XM_006565747.3	4322	4085.15	0	0
XM_006565748.3	2551	2314.15	3.93748	0.310724
XM_006565771.3	3350	3113.15	50.0587	2.93647
XM_006565772.3	2742	2505.15	8.49627	0.619357
XM_006565773.3	2968	2731.15	0	0
XM_006565774.3	3306	3069.15	0	0
XM_006565775.3	2655	2418.15	0	0
XM_006565776.3	3101	2864.15	0	0
XM_006565778.3	2168	1931.15	11	1.04022
XM_006565779.3	1718	1481.15	741.317	91.4012
XM_006565791.3	3750	3513.15	262.187	13.6289
XM_006565792.3	3270	3033.15	21.498	1.29435
XM_006565793.3	3246	3009.15	7.31673	0.444038
XM_006565796.3	1976	1739.15	11.8161	1.24075
XM_006565797.3	1835	1598.15	0	0
XM_006565798.3	2359	2122.15	2.18387	0.187931
XM_006565799.3	1192	955.148	2	0.382389
XM_006565801.3	7679	7442.15	14	0.343539
XM_006565803.3	5001	4764.15	16.9135	0.648327
XM_006565804.3	4985	4748.15	0	0
XM_006565805.3	4952	4715.15	0	0
XM_006565806.3	4886	4649.15	2.16834e-06	8.51726e-08
XM_006565807.3	4880	4643.15	7.75676e-06	3.0508e-07
XM_006565808.3	4754	4517.15	0	0
XM_006565820.3	2612	2375.15	0	0
XM_006565823.3	1561	1324.15	0	0
XM_006565824.3	3144	2907.15	0	0
XM_006565827.3	1664	1427.15	0	0
XM_006565834.3	5648	5411.15	11	0.371236
XM_006565836.3	1625	1388.15	76.8145	10.1054
XM_006565837.3	1304	1067.15	36.5997	6.26325
XM_006565840.3	8586	8349.15	32.0758	0.701588
XM_006565844.3	4399	4162.15	4.435	0.194591
XM_006565846.3	1339	1102.15	0	0
XM_006565847.3	1315	1078.15	9.33461	1.58112
XM_006565848.3	1084	847.148	1.66539	0.359007
XM_006565852.3	1356	1119.15	11	1.79495
XM_006565854.3	4464	4227.15	0	0
XM_006565855.3	4461	4224.15	0	0
XM_006565856.3	4293	4056.15	0	0
XM_006565857.3	8173	7936.15	324.454	7.46603
XM_006565858.3	4290	4053.15	0	0
XM_006565859.3	6271	6034.15	86.2437	2.6101
XM_006565861.3	5074	4837.15	86.404	3.26205
XM_006565862.3	4965	4728.15	98.1	3.789
XM_006565863.3	5052	4815.15	36.4961	1.38415
XM_006565866.3	633	400.256	51.2116	23.3656
XM_006565867.3	6441	6204.15	22.7208	0.668786
XM_006565868.3	4842	4605.15	1.70911e-07	6.77755e-09
XM_006565869.3	4842	4605.15	52.8458	2.09562
XM_006565872.3	1940	1703.15	0	0
XM_006565873.3	1806	1569.15	0	0
XM_006565874.3	2572	2335.15	10	0.782046
XM_006565878.3	1734	1497.15	0	0
XM_006565880.3	1420	1183.15	0	0
XM_006565881.3	1354	1117.15	0	0
XM_006565882.3	1576	1339.15	0	0
XM_006565884.3	1359	1122.15	0	0
XM_006565885.3	1662	1425.15	0	0
XM_006565890.3	1595	1358.15	0	0
XM_006565895.3	1444	1207.15	0	0
XM_006565899.3	1562	1325.15	0	0
XM_006565901.3	1477	1240.15	0	0
XM_006565903.3	1608	1371.15	0	0
XM_006565906.3	1587	1350.15	0	0
XM_006565907.3	1314	1077.15	0	0
XM_006565911.3	2914	2677.15	0	0
XM_006565913.2	4649	4412.15	14	0.579461
XM_006565914.3	901	664.72	28	7.69246
XM_006565915.3	3097	2860.15	0.177808	0.011353
XM_006565916.3	2570	2333.15	0	0
XM_006565917.3	2299	2062.15	0.254466	0.0225349
XM_006565918.2	2385	2148.15	0	0
XM_006565919.3	5065	4828.15	1.74553	0.0660228
XM_006565920.3	1110	873.148	30	6.27451
XM_006565921.2	2048	1811.15	8	0.806645
XM_006565922.3	1769	1532.15	0	0
XM_006565923.3	807	571.277	13.8333	4.42207
XM_006565924.3	771	535.607	15.1506	5.16571
XM_006565925.3	1057	820.148	30	6.67999
XM_006565927.3	6885	6648.15	0	0
XM_006565936.3	1932	1695.15	178.108	19.1877
XM_006565937.3	1886	1649.15	37.8916	4.19594
XM_006565939.3	2970	2733.15	3	0.200449
XM_006565940.3	2805	2568.15	384.601	27.3487
XM_006565947.3	844	608.102	0	0
XM_006565948.3	518	292.707	4.70295	2.93416
XM_006565949.3	3604	3367.15	0	0
XM_006565950.3	3588	3351.15	0	0
XM_006565951.3	3172	2935.15	0	0
XM_006565952.3	3077	2840.15	6.32488	0.406685
XM_006565954.3	2604	2367.15	3.0671	0.236619
XM_006565955.3	2285	2048.15	13.6177	1.21419
XM_006565956.3	2335	2098.15	16.6206	1.44663
XM_006565957.3	1480	1243.15	0	0
XM_006565965.3	3284	3047.15	8	0.47945
XM_006565967.3	2825	2588.15	14	0.987837
XM_006565973.3	5392	5155.15	80	2.83397
XM_006565974.3	5454	5217.15	0	0
XM_006565975.2	1871	1634.15	0	0
XM_006565976.3	2291	2054.15	0	0
XM_006565978.3	2478	2241.15	0	0
XM_006565982.3	1170	933.148	2	0.391405
XM_006565983.3	1234	997.148	0	0
XM_006565991.3	8747	8510.15	118.144	2.53526
XM_006565992.3	8661	8424.15	119.856	2.59824
XM_006565995.3	2744	2507.15	307.09	22.3683
XM_006565996.3	2432	2195.15	4.16817	0.346759
XM_006565997.3	1019	782.148	0	0
XM_006565998.3	1022	785.148	0	0
XM_006566001.3	3292	3055.15	0	0
XM_006566002.3	1750	1513.15	10	1.20688
XM_006566003.3	4432	4195.15	32.7694	1.42649
XM_006566005.3	2324	2087.15	0	0
XM_006566006.3	2200	1963.15	55.7447	5.18558
XM_006566007.3	2320	2083.15	9.5606	0.83813
XM_006566008.3	7523	7286.15	0.0185516	0.000464974
XM_006566009.3	6468	6231.15	0	0
XM_006566010.3	6463	6226.15	0	0
XM_006566014.3	4162	3925.15	86.1826	4.00968
XM_006566016.3	3772	3535.15	4.19417	0.216663
XM_006566019.3	3353	3116.15	654.851	38.377
XM_006566025.3	4256	4019.15	0	0
XM_006566028.2	1991	1754.15	5.61269e-05	5.84321e-06
XM_006566029.3	2725	2488.15	6	0.440374
XM_006566030.2	2951	2714.15	0	0
XM_006566031.3	2589	2352.15	0	0
XM_006566032.3	800	564.277	0	0
XM_006566033.3	1624	1387.15	5	0.658254
XM_006566038.3	1703	1466.15	0	0
XM_006566039.3	1819	1582.15	0	0
XM_006566041.3	8681	8444.15	120.247	2.60056
XM_006566042.3	8648	8411.15	1.11534	0.0242159
XM_006566043.3	2036	1799.15	0	0
XM_006566044.3	2015	1778.15	0	0
XM_006566045.3	1973	1736.15	0	0
XM_006566046.2	2027	1790.15	0	0
XM_006566047.2	1736	1499.15	4	0.487261
XM_006566051.3	2358	2121.15	0	0
XM_006566054.3	1301	1064.15	10	1.71611
XM_006566055.3	1071	834.148	43	9.41395
XM_006566056.3	1255	1018.15	13.178	2.36366
XM_006566058.3	1192	955.148	0	0
XM_006566059.3	1193	956.148	18.1721	3.47077
XM_006566060.3	1141	904.148	3.50664	0.708269
XM_006566061.3	1578	1341.15	0	0
XM_006566064.3	3323	3086.15	4.76745	0.282108
XM_006566072.3	3200	2963.15	0.00854229	0.000526462
XM_006566073.3	12467	12230.1	109.215	1.63079
XM_006566075.3	2436	2199.15	3.53811	0.293808
XM_006566077.3	3239	3002.15	37.7668	2.29734
XM_006566078.3	1320	1083.15	0	0
XM_006566079.3	1361	1124.15	2.45274	0.39845
XM_006566080.3	4310	4073.15	0	0
XM_006566081.3	4161	3924.15	0	0
XM_006566082.3	4281	4044.15	0	0
XM_006566083.3	4133	3896.15	0	0
XM_006566084.3	4268	4031.15	0	0
XM_006566085.3	3303	3066.15	0	0
XM_006566086.3	4032	3795.15	0.000821873	3.95478e-05
XM_006566087.3	3025	2788.15	1.85382	0.121422
XM_006566088.2	3793	3556.15	54	2.77307
XM_006566089.3	3737	3500.15	34	1.77394
XM_006566093.3	4294	4057.15	895.159	40.2926
XM_006566096.3	4133	3896.15	75.1746	3.52356
XM_006566097.3	4127	3890.15	457.512	21.4775
XM_006566098.3	4133	3896.15	21.604	1.01262
XM_006566101.3	4241	4004.15	28.4998	1.29981
XM_006566102.3	925	688.652	6	1.5911
XM_006566104.3	2329	2092.15	2.39566	0.209112
XM_006566105.3	1669	1432.15	5	0.637571
XM_006566106.3	3446	3209.15	9.60051	0.546325
XM_006566108.3	1407	1170.15	14	2.18491
XM_006566109.3	1485	1248.15	35	5.12093
XM_006566110.3	4696	4459.15	66.6522	2.72966
XM_006566111.3	4606	4369.15	219.001	9.15367
XM_006566114.3	3434	3197.15	111.856	6.38913
XM_006566115.3	3057	2820.15	29.2372	1.89326
XM_006566121.3	1771	1534.15	9.45847	1.1259
XM_006566125.3	1382	1145.15	0	0
XM_006566128.3	1717	1480.15	0	0
XM_006566133.3	924	687.652	93	24.6979
XM_006566136.3	4532	4295.15	0	0
XM_006566137.3	4518	4281.15	0	0
XM_006566138.3	4506	4269.15	0	0
XM_006566139.2	4491	4254.15	1.3939e-08	5.98366e-10
XM_006566140.3	4472	4235.15	0	0
XM_006566141.3	4158	3921.15	0	0
XM_006566158.3	1752	1515.15	0	0
XM_006566159.3	2215	1978.15	3.38724	0.312704
XM_006566160.3	1706	1469.15	0	0
XM_006566161.3	3317	3080.15	1.88327e-06	1.11657e-07
XM_006566162.3	3314	3077.15	4.92731e-06	2.92421e-07
XM_006566163.3	3309	3072.15	2.4529e-05	1.45809e-06
XM_006566164.3	3274	3037.15	2.00064	0.120295
XM_006566166.3	3038	2801.15	2.18487	0.142441
XM_006566167.3	631	398.336	0	0
XM_006566171.3	631	398.336	0	0
XM_006566172.3	7391	7154.15	97.3143	2.48408
XM_006566173.3	5643	5406.15	3.31083	0.11184
XM_006566174.3	5419	5182.15	0	0
XM_006566176.3	2353	2116.15	2.04902	0.176826
XM_006566177.3	2363	2126.15	2.03896	0.17513
XM_006566183.3	3281	3044.15	0	0
XM_006566184.3	938	701.582	1	0.260296
XM_006566186.3	1700	1463.15	135	16.8497
XM_006566187.3	635	402.216	2.22174	1.00875
XM_006566188.3	1195	958.148	2	0.381192
XM_006566189.3	2341	2104.15	0	0
XM_006566190.3	7354	7117.15	0	0
XM_006566191.3	6383	6146.15	0	0
XM_006566192.3	6969	6732.15	13.6872	0.371285
XM_006566193.3	7277	7040.15	0	0
XM_006566194.3	5623	5386.15	0	0
XM_006566195.3	5611	5374.15	0	0
XM_006566196.3	1373	1136.15	141.953	22.8168
XM_006566197.3	1628	1391.15	0	0
XM_006566198.3	1485	1248.15	0	0
XM_006566199.3	1097	860.148	0.998953	0.212089
XM_006566201.3	2820	2583.15	306	21.6331
XM_006566202.3	3815	3578.15	140.678	7.17985
XM_006566205.3	3740	3503.15	51.3899	2.67896
XM_006566206.3	3469	3232.15	1.60279e-07	9.05589e-09
XM_006566207.3	3352	3115.15	0	0
XM_006566209.3	3997	3760.15	105.241	5.11122
XM_006566210.3	3011	2774.15	32.9889	2.17162
XM_006566211.3	3006	2769.15	35.0111	2.30891
XM_006566214.3	831	595.102	0	0
XM_006566216.3	1248	1011.15	4	0.722423
XM_006566218.3	6799	6562.15	89.9789	2.50404
XM_006566222.3	4045	3808.15	0	0
XM_006566243.3	7515	7278.15	12.2068	0.306285
XM_006566244.3	6456	6219.15	4.69031	0.137726
XM_006566247.3	6459	6222.15	29.2885	0.859613
XM_006566248.2	1014	777.148	23.2266	5.45793
XM_006566249.2	904	667.72	6.64966	1.81866
XM_006566250.3	1202	965.148	334.124	63.2208
XM_006566257.3	931	694.652	0	0
XM_006566260.3	9020	8783.15	0	0
XM_006566261.3	4255	4018.15	7.01535e-08	3.18838e-09
XM_006566263.3	2990	2753.15	31	2.05626
XM_006566265.3	5467	5230.15	29	1.01258
XM_006566266.2	2875	2638.15	33.7973	2.33953
XM_006566268.3	5832	5595.15	0	0
XM_006566269.3	5567	5330.15	7.95436	0.272529
XM_006566270.3	6590	6353.15	9.76051	0.280563
XM_006566271.3	6590	6353.15	0	0
XM_006566272.3	6584	6347.15	0	0
XM_006566273.3	6572	6335.15	0	0
XM_006566274.3	6554	6317.15	0	0
XM_006566275.3	6551	6314.15	0	0
XM_006566276.3	6509	6272.15	0	0
XM_006566277.3	6455	6218.15	0	0
XM_006566278.3	6452	6215.15	0	0
XM_006566281.3	6329	6092.15	24.8835	0.745912
XM_006566283.3	6443	6206.15	0	0
XM_006566285.3	3508	3271.15	4	0.223309
XM_006566286.3	1618	1381.15	0	0
XM_006566287.3	1838	1601.15	7.05351	0.80449
XM_006566288.3	1611	1374.15	1.32318	0.175845
XM_006566289.3	1647	1410.15	0	0
XM_006566290.3	1606	1369.15	3.72492	0.496835
XM_006566293.3	1566	1329.15	0	0
XM_006566295.3	3488	3251.15	2	0.112341
XM_006566296.3	1558	1321.15	10.2825	1.42133
XM_006566297.3	1554	1317.15	1.71748	0.238124
XM_006566299.3	1351	1114.15	0	0
XM_006566304.3	3358	3121.15	6.35276e-05	3.71702e-06
XM_006566306.3	4803	4566.15	1	0.0399941
XM_006566309.3	5851	5614.15	25.7004	0.835992
XM_006566310.3	10967	10730.1	10.8558	0.184758
XM_006566312.3	3287	3050.15	9.99657	0.598517
XM_006566319.2	6268	6031.15	0	0
XM_006566320.3	6065	5828.15	3.45894	0.108382
XM_006566321.3	1533	1296.15	20	2.81788
XM_006566322.3	11367	11130.1	3.19476e-08	5.24184e-10
XM_006566323.3	11319	11082.1	2.27526e-06	3.74933e-08
XM_006566324.3	11316	11079.1	2.97224e-06	4.89919e-08
XM_006566325.3	11307	11070.1	6.62877e-06	1.09352e-07
XM_006566332.3	6165	5928.15	0	0
XM_006566333.3	7085	6848.15	0	0
XM_006566334.3	6244	6007.15	6.84637	0.208132
XM_006566335.3	6371	6134.15	0	0
XM_006566338.3	1055	818.148	25	5.58026
XM_006566339.3	3026	2789.15	6	0.392849
XM_006566340.3	3043	2806.15	0	0
XM_006566341.3	1865	1628.15	4	0.448655
XM_006566344.3	1729	1492.15	37	4.52831
XM_006566345.3	1751	1514.15	0	0
XM_006566346.3	1485	1248.15	9	1.31681
XM_006566347.3	2021	1784.15	4.06903	0.416492
XM_006566351.3	1565	1328.15	33	4.53747
XM_006566352.3	2739	2502.15	0	0
XM_006566353.3	2151	1914.15	0	0
XM_006566354.3	2058	1821.15	37.3407	3.74441
XM_006566355.3	3474	3237.15	23.1898	1.30822
XM_006566357.3	1114	877.148	3	0.62459
XM_006566358.3	3922	3685.15	0	0
XM_006566361.3	4943	4706.15	6.46478	0.250862
XM_006566362.3	4354	4117.15	7.74433	0.343505
XM_006566363.3	3575	3338.15	0	0
XM_006566364.3	3412	3175.15	0	0
XM_006566365.3	1353	1116.15	45	7.3627
XM_006566366.3	3360	3123.15	41.7307	2.44011
XM_006566370.3	3222	2985.15	0	0
XM_006566372.3	1197	960.148	2.704	0.514298
XM_006566373.3	8825	8588.15	153.879	3.27209
XM_006566374.3	5582	5345.15	81.087	2.77037
XM_006566375.3	7014	6777.15	400.21	10.7842
XM_006566376.3	2986	2749.15	1	0.0664276
XM_006566377.3	3560	3323.15	0	0
XM_006566378.3	6980	6743.15	3.47768	0.0941831
XM_006566380.3	6122	5885.15	17.5784	0.545468
XM_006566381.3	5961	5724.15	0	0
XM_006566382.3	3849	3612.15	0	0
XM_006566383.3	3785	3548.15	0	0
XM_006566384.3	3071	2834.15	7.30539	0.470725
XM_006566386.3	684	449.977	95	38.5549
XM_006566389.3	2393	2156.15	539.575	45.7004
XM_006566391.3	2566	2329.15	23.6274	1.85253
XM_006566393.3	1392	1155.15	0	0
XM_006566394.2	2608	2371.15	27	2.07946
XM_006566395.2	2654	2417.15	9	0.679964
XM_006566399.3	4758	4521.15	0	0
XM_006566401.3	4468	4231.15	0	0
XM_006566402.3	3197	2960.15	10.3321	0.637414
XM_006566403.3	3167	2930.15	0	0
XM_006566405.3	2624	2387.15	9.6679	0.739604
XM_006566408.3	877	640.915	0	0
XM_006566409.3	1473	1236.15	22.152	3.27256
XM_006566410.3	4427	4190.15	0.104569	0.00455744
XM_006566412.3	8675	8438.15	45.9202	0.99381
XM_006566413.3	1368	1131.15	10.5555	1.70414
XM_006566414.3	1199	962.148	31.7876	6.03341
XM_006566415.3	1261	1024.15	13.2124	2.35594
XM_006566416.3	1813	1576.15	11.5047	1.33298
XM_006566431.3	1883	1646.15	0	0
XM_006566432.3	1858	1621.15	0	0
XM_006566433.3	1868	1631.15	0	0
XM_006566434.3	1843	1606.15	2.72523	0.30986
XM_006566435.3	1859	1622.15	0.994051	0.111909
XM_006566436.3	1833	1596.15	0	0
XM_006566437.3	1844	1607.15	17.6862	2.00967
XM_006566440.3	1826	1589.15	8.24341	0.947303
XM_006566442.3	1811	1574.15	23.1063	2.6806
XM_006566444.3	1801	1564.15	16.631	1.94172
XM_006566446.3	1776	1539.15	0	0
XM_006566447.3	1787	1550.15	0	0
XM_006566452.3	1757	1520.15	0	0
XM_006566454.3	5150	4913.15	3.36522	0.125083
XM_006566455.3	1497	1260.15	17.4394	2.52729
XM_006566456.3	1464	1227.15	0	0
XM_006566457.2	5741	5504.15	33.3585	1.10678
XM_006566458.2	5738	5501.15	4.56126e-07	1.51418e-08
XM_006566459.2	5669	5432.15	1.16585e-06	3.9194e-08
XM_006566460.3	4686	4449.15	0	0
XM_006566461.3	4665	4428.15	49	2.02079
XM_006566462.3	588	357.074	0	0
XM_006566465.3	2589	2352.15	16.774	1.30232
XM_006566468.3	1640	1403.15	533.438	69.4268
XM_006566469.3	1637	1400.15	17.0137	2.21907
XM_006566470.3	1608	1371.15	45.548	6.06641
XM_006566471.3	646	412.887	0	0
XM_006566473.3	950	713.441	0	0
XM_006566474.3	441	227.347	1	0.803264
XM_006566475.3	2090	1853.15	50.5962	4.98602
XM_006566479.3	2017	1780.15	37	3.7957
XM_006566480.3	967	730.297	18.7768	4.69536
XM_006566481.3	825	589.162	3	0.929894
XM_006566483.3	2681	2444.15	41.0726	3.06882
XM_006566484.3	2843	2606.15	0	0
XM_006566485.3	2936	2699.15	19.8353	1.34202
XM_006566486.3	6611	6374.15	360.096	10.3167
XM_006566488.2	1664	1427.15	0	0
XM_006566489.3	1346	1109.15	0	0
XM_006566491.3	1106	869.148	0	0
XM_006566492.3	1123	886.148	0	0
XM_006566497.3	2107	1870.15	4	0.390598
XM_006566498.3	6997	6760.15	18.5006	0.499778
XM_006566503.3	6693	6456.15	98.1298	2.77571
XM_006566506.3	4581	4344.15	9.70438	0.407952
XM_006566507.3	4613	4376.15	0	0
XM_006566508.3	4547	4310.15	0	0
XM_006566510.3	4816	4579.15	73.5595	2.9336
XM_006566511.3	1095	858.148	0	0
XM_006566512.3	4086	3849.15	0	0
XM_006566515.3	3090	2853.15	0	0
XM_006566516.3	3039	2802.15	0	0
XM_006566524.3	1682	1445.15	14.3793	1.81707
XM_006566526.3	5225	4988.15	9.85885	0.360938
XM_006566527.3	5222	4985.15	9.91169	0.363091
XM_006566528.3	4693	4456.15	0	0
XM_006566530.3	4650	4413.15	0	0
XM_006566531.3	9724	9487.15	46.341	0.892023
XM_006566532.3	10137	9900.15	108.592	2.00311
XM_006566534.3	9661	9424.15	0.759553	0.0147185
XM_006566535.3	9619	9382.15	0	0
XM_006566536.3	9520	9283.15	1.17354e-07	2.30861e-09
XM_006566537.3	2580	2343.15	6.74187	0.525445
XM_006566538.3	2474	2237.15	18.5231	1.51205
XM_006566544.3	2536	2299.15	0	0
XM_006566545.3	2470	2233.15	0	0
XM_006566546.3	1179	942.148	0	0
XM_006566549.3	1996	1759.15	8.77737	0.911189
XM_006566550.3	644	411.011	0	0
XM_006566551.3	1016	779.148	0	0
XM_006566552.3	2387	2150.15	0	0
XM_006566554.3	5195	4958.15	0.000108906	4.01123e-06
XM_006566555.3	5191	4954.15	0	0
XM_006566556.3	5169	4932.15	0	0
XM_006566557.3	5132	4895.15	32.9999	1.2311
XM_006566558.3	5105	4868.15	0	0
XM_006566560.3	2319	2082.15	5.95132	0.521974
XM_006566561.3	2448	2211.15	23.8953	1.97352
XM_006566564.3	5608	5371.15	0	0
XM_006566565.3	2660	2423.15	39.5003	2.97692
XM_006566566.3	5530	5293.15	9.14395e-06	3.15476e-07
XM_006566567.3	5500	5263.15	30.0066	1.04116
XM_006566568.3	962	725.297	0	0
XM_006566570.3	802	566.277	0	0
XM_006566571.3	806	570.277	0	0
XM_006566578.3	745	509.974	0.0657793	0.0235553
XM_006566579.3	715	480.425	6.16975	2.34525
XM_006566580.3	581	350.681	1.35088	0.703476
XM_006566581.3	2388	2151.15	43.3498	3.68013
XM_006566582.3	3166	2929.15	4.19719	0.261676
XM_006566583.3	2359	2122.15	1.04581	0.089996
XM_006566584.3	2560	2323.15	0.0129078	0.00101467
XM_006566585.3	1437	1200.15	0	0
XM_006566586.3	1873	1636.15	30.9098	3.45001
XM_006566587.3	1336	1099.15	0	0
XM_006566588.3	1303	1066.15	32.1141	5.50078
XM_006566589.3	2207	1970.15	15.5424	1.44067
XM_006566590.2	2016	1779.15	28.4576	2.92101
XM_006566596.2	1824	1587.15	0	0
XM_006566597.3	1900	1663.15	22.319	2.4507
XM_006566598.3	3238	3001.15	6.0093	0.365664
XM_006566599.3	2603	2366.15	0	0
XM_006566604.3	4073	3836.15	8	0.380839
XM_006566605.3	1606	1369.15	0	0
XM_006566606.2	1511	1274.15	1	0.143327
XM_006566607.3	1576	1339.15	0.0189748	0.00258759
XM_006566608.3	1566	1329.15	30.981	4.25666
XM_006566610.3	1058	821.148	1	0.222395
XM_006566616.3	1304	1067.15	0	0
XM_006566619.3	2178	1941.15	0	0
XM_006566625.3	4275	4038.15	5.61737	0.254037
XM_006566626.3	4272	4035.15	0	0
XM_006566627.3	4263	4026.15	0	0
XM_006566628.3	4647	4410.15	12.1284	0.502222
XM_006566629.3	4277	4040.15	5.60456	0.253332
XM_006566630.3	4795	4558.15	0	0
XM_006566631.3	4270	4033.15	5.64971	0.255816
XM_006566632.3	2056	1819.15	2.83441	0.284539
XM_006566633.3	4746	4509.15	0	0
XM_006566634.3	1010	773.148	6	1.41721
XM_006566635.3	3748	3511.15	31	1.61235
XM_006566638.3	839	603.102	3.72453	1.12779
XM_006566639.3	815	579.22	8.39179	2.64581
XM_006566640.3	4300	4063.15	71.1406	3.19743
XM_006566641.3	4346	4109.15	4.85944	0.215964
XM_006566642.3	8082	7845.15	39	0.907841
XM_006566645.3	2390	2153.15	23	1.95074
XM_006566649.3	1657	1420.15	0	0
XM_006566650.3	1652	1415.15	0	0
XM_006566651.3	1658	1421.15	13.4058	1.72267
XM_006566652.3	1659	1422.15	2.678	0.343885
XM_006566654.3	3945	3708.15	43	2.11767
XM_006566655.3	3917	3680.15	0	0
XM_006566656.3	5110	4873.15	9.01665	0.337895
XM_006566658.3	4848	4611.15	10.4629	0.414372
XM_006566661.3	5200	4963.15	10.0197	0.368674
XM_006566662.3	7472	7235.15	10.8525	0.273924
XM_006566663.3	7732	7495.15	0.000140252	3.41724e-06
XM_006566664.3	7699	7462.15	69.0339	1.68945
XM_006566665.3	7690	7453.15	279.417	6.84634
XM_006566666.3	6478	6241.15	33.6969	0.985987
XM_006566669.3	10283	10046.1	18	0.327205
XM_006566670.3	3324	3087.15	64.3932	3.80916
XM_006566671.3	2880	2643.15	9.60682	0.66375
XM_006566672.3	3631	3394.15	0	0
XM_006566674.3	1773	1536.15	42	4.99301
XM_006566676.3	2083	1846.15	8	0.791352
XM_006566678.3	5792	5555.15	76.3859	2.5111
XM_006566679.2	5751	5514.15	28.8454	0.955309
XM_006566684.3	3017	2780.15	2.11028e-05	1.38618e-06
XM_006566685.3	1765	1528.15	8.58188	1.02557
XM_006566686.3	1748	1511.15	14.9957	1.81221
XM_006566689.3	1537	1300.15	205.927	28.9246
XM_006566691.2	1369	1132.15	0	0
XM_006566692.3	1306	1069.15	0	0
XM_006566693.3	2549	2312.15	2.90997	0.229837
XM_006566695.2	1231	994.148	176.092	32.3471
XM_006566698.3	5049	4812.15	75.218	2.8545
XM_006566699.3	5015	4778.15	15.88	0.606929
XM_006566700.3	5040	4803.15	7.29987	0.277546
XM_006566701.3	4961	4724.15	0	0
XM_006566703.3	1363	1126.15	8	1.2973
XM_006566704.3	2870	2633.15	19.8958	1.37985
XM_006566705.3	2229	1992.15	0	0
XM_006566706.3	8849	8612.15	0	0
XM_006566707.3	8852	8615.15	127.826	2.70958
XM_006566709.3	3671	3434.15	0	0
XM_006566711.3	2479	2242.15	22	1.79186
XM_006566716.3	1415	1178.15	7.61296	1.18005
XM_006566717.3	1686	1449.15	1.38624	0.174692
XM_006566718.3	3644	3407.15	59	3.16233
XM_006566719.3	3197	2960.15	0	0
XM_006566720.2	2908	2671.15	0	0
XM_006566721.1	3304	3067.15	21.7682	1.29609
XM_006566722.3	1353	1116.15	3	0.490847
XM_006566724.3	901	664.72	49	13.4618
XM_006566726.3	3599	3362.15	0	0
XM_006566728.3	3957	3720.15	42.1129	2.06729
XM_006566729.3	4223	3986.15	32.2616	1.47802
XM_006566730.3	3355	3118.15	0	0
XM_006566731.3	3794	3557.15	0	0
XM_006566732.3	651	417.762	0	0
XM_006566735.3	1485	1248.15	0	0
XM_006566736.3	1213	976.148	48	8.97991
XM_006566738.3	1862	1625.15	5.57168	0.626095
XM_006566740.3	2230	1993.15	0	0
XM_006566741.3	2218	1981.15	76	7.00556
XM_006566742.3	1986	1749.15	62	6.47309
XM_006566743.3	2717	2480.15	0	0
XM_006566744.3	3514	3277.15	0	0
XM_006566745.3	3162	2925.15	0	0
XM_006566746.3	2808	2571.15	5.82347	0.41362
XM_006566747.3	2821	2584.15	0	0
XM_006566748.3	2930	2693.15	0	0
XM_006566749.3	2722	2485.15	0.0890801	0.00654598
XM_006566750.3	2636	2399.15	0	0
XM_006566758.3	4622	4385.15	61.6246	2.56635
XM_006566767.2	1253	1016.15	52	9.34529
XM_006566772.3	5293	5056.15	0	0
XM_006566773.3	5368	5131.15	11.6232	0.413672
XM_006566777.2	920	683.652	3	0.801369
XM_006566778.3	3112	2875.15	12.3756	0.786053
XM_006566779.3	3019	2782.15	0	0
XM_006566780.3	3016	2779.15	4.62442	0.303873
XM_006566781.3	1217	980.148	12	2.23582
XM_006566784.3	1555	1318.15	1	0.138542
XM_006566785.3	1535	1298.15	5.49766	0.773393
XM_006566786.3	1393	1156.15	10.5023	1.6589
XM_006566787.3	1369	1132.15	0	0
XM_006566788.3	5307	5070.15	11.0074	0.39647
XM_006566795.3	2090	1853.15	0	0
XM_006566797.3	2431	2194.15	0	0
XM_006566799.3	2002	1765.15	55.0738	5.69785
XM_006566801.3	460	242.833	24.7364	18.6027
XM_006566809.3	995	758.224	0	0
XM_006566810.3	1153	916.148	0	0
XM_006566821.3	3270	3033.15	48.0605	2.89362
XM_006566822.3	3127	2890.15	0	0
XM_006566823.3	2192	1955.15	29.5243	2.7577
XM_006566824.3	2186	1949.15	15.4152	1.44428
XM_006566825.3	3138	2901.15	0	0
XM_006566826.3	3701	3464.15	0	0
XM_006566827.3	3677	3440.15	9.92435	0.526831
XM_006566828.3	3656	3419.15	0	0
XM_006566829.3	3590	3353.15	1.80539	0.0983253
XM_006566830.3	3545	3308.15	0	0
XM_006566832.3	3155	2918.15	2.65327	0.166043
XM_006566834.3	1549	1312.15	0	0
XM_006566835.3	2912	2675.15	0	0
XM_006566836.3	2889	2652.15	2.62507	0.180754
XM_006566838.3	1445	1208.15	45.6215	6.89598
XM_006566841.3	1517	1280.15	5.71115	0.814723
XM_006566842.3	1493	1256.15	0	0
XM_006566843.3	1946	1709.15	42.82	4.57523
XM_006566844.3	2066	1829.15	10.18	1.01636
XM_006566846.3	1658	1421.15	3.25381	0.418119
XM_006566848.3	4254	4017.15	0	0
XM_006566849.3	2525	2288.15	0	0
XM_006566851.3	2606	2369.15	80.307	6.19024
XM_006566853.3	4916	4679.15	1.36947e-06	5.3448e-08
XM_006566854.2	978	741.224	3.83238	0.944204
XM_006566857.3	2793	2556.15	46.9372	3.35334
XM_006566860.3	8235	7998.15	211	4.8177
XM_006566861.3	8801	8564.15	28	0.597063
XM_006566867.3	2365	2128.15	0	0
XM_006566874.3	2887	2650.15	20	1.37818
XM_006566875.2	2764	2527.15	0	0
XM_006566877.3	2042	1805.15	171.88	17.3884
XM_006566879.2	863	626.978	8	2.33015
XM_006566880.3	1584	1347.15	0	0
XM_006566886.3	5403	5166.15	0	0
XM_006566887.3	5282	5045.15	0	0
XM_006566892.3	3285	3048.15	0	0
XM_006566894.3	3302	3065.15	0	0
XM_006566895.3	5005	4768.15	14.5943	0.55896
XM_006566896.3	3338	3101.15	1.60266	0.0943771
XM_006566897.3	1424	1187.15	7.4708	1.14923
XM_006566900.3	895	658.786	94.71	26.2541
XM_006566903.3	12434	12197.1	1.21435e-07	1.81816e-09
XM_006566907.3	11878	11641.1	0.00111411	1.74775e-05
XM_006566908.3	11845	11608.1	0.0183558	0.000288774
XM_006566909.3	11814	11577.1	0.257056	0.00405483
XM_006566910.3	11781	11544.1	4.30142	0.068045
XM_006566911.3	10903	10666.1	0	0
XM_006566912.3	10840	10603.1	0	0
XM_006566914.3	1597	1360.15	4	0.537057
XM_006566915.2	691	456.704	1.35209	0.54065
XM_006566916.3	1302	1065.15	0.135286	0.0231948
XM_006566917.3	1300	1063.15	0.864714	0.148534
XM_006566923.2	1815	1578.15	219	25.3421
XM_006566924.3	1677	1440.15	40.9755	5.19593
XM_006566926.3	1234	997.148	9.55351	1.74964
XM_006566930.2	577	346.929	8	4.2111
XM_006566934.3	1365	1128.15	30.8598	4.99544
XM_006566935.3	3591	3354.15	4	0.217783
XM_006566936.3	2172	1935.15	0	0
XM_006566938.3	2162	1925.15	0	0
XM_006566957.3	16264	16027.1	0	0
XM_006566958.3	1898	1661.15	0.437637	0.0481118
XM_006566959.3	2201	1964.15	0	0
XM_006566960.3	2728	2491.15	6.26659	0.459387
XM_006566962.3	1554	1317.15	162	22.4609
XM_006566963.3	6092	5855.15	99.1152	3.09135
XM_006566964.3	6024	5787.15	7.88478	0.248812
XM_006566974.3	532	305.232	396.359	237.14
XM_006566975.1	424	213.527	55.6414	47.5874
XM_006566976.3	4467	4230.15	0	0
XM_006566977.3	4456	4219.15	0	0
XM_006566978.3	3139	2902.15	0	0
XM_006566979.3	2910	2673.15	0	0
XM_006566980.3	3371	3134.15	0	0
XM_006566981.3	2938	2701.15	0	0
XM_006566983.3	2725	2488.15	0	0
XM_006566984.3	2992	2755.15	6.72081	0.445475
XM_006566985.3	4371	4134.15	0	0
XM_006566986.3	4359	4122.15	9.27919	0.411086
XM_006566990.3	1416	1179.15	16	2.47798
XM_006566991.3	2334	2097.15	12	1.04496
XM_006566997.3	3280	3043.15	12.9637	0.777953
XM_006566998.3	3224	2987.15	10.6902	0.653544
XM_006566999.3	2863	2626.15	0	0
XM_006567000.3	2967	2730.15	3.17195	0.212171
XM_006567002.3	4943	4706.15	13.1606	0.510689
XM_006567106.3	2671	2434.15	11.0665	0.83025
XM_006567107.2	1210	973.148	0	0
XM_006567108.3	1264	1027.15	0	0
XM_006567109.3	1630	1393.15	0	0
XM_006567110.3	3014	2777.15	6	0.394547
XM_006567111.3	1588	1351.15	10	1.35159
XM_006567126.3	1823	1586.15	0	0
XM_006567127.3	1248	1011.15	18.5357	3.34766
XM_006567128.3	1193	956.148	0	0
XM_006567135.3	5419	5182.15	0	0
XM_006567136.3	6282	6045.15	156.001	4.71267
XM_006567137.3	5517	5280.15	32.9989	1.1413
XM_006567145.3	1860	1623.15	10.7976	1.21483
XM_006567146.2	2182	1945.15	5	0.469422
XM_006567147.3	1073	836.148	19.1111	4.17396
XM_006567149.3	1886	1649.15	0	0
XM_006567150.3	1567	1330.15	0	0
XM_006567153.3	3441	3204.15	0	0
XM_006567154.3	2166	1929.15	18	1.70394
XM_006567158.3	1830	1593.15	0	0
XM_006567161.3	969	732.297	57	14.2146
XM_006567162.3	4218	3981.15	14.9966	0.687909
XM_006567163.3	1844	1607.15	6.10818	0.694069
XM_006567164.3	1911	1674.15	5.07142	0.5532
XM_006567165.3	1833	1596.15	0	0
XM_006567166.3	1509	1272.15	30.2892	4.34808
XM_006567170.2	888	651.786	0	0
XM_006567171.3	2281	2044.15	231.386	20.6714
XM_006567172.3	2404	2167.15	17.2902	1.457
XM_006567173.3	2127	1890.15	10.3241	0.997477
XM_006567174.3	484	263.018	6	4.16593
XM_006567177.3	2142	1905.15	9	0.862701
XM_006567178.3	1037	800.148	0	0
XM_006567179.3	4108	3871.15	89	4.19852
XM_006567180.3	2882	2645.15	126	8.69895
XM_006567186.3	1077	840.148	8	1.73892
XM_006567189.3	2909	2672.15	0	0
XM_006567191.3	2737	2500.15	38	2.77565
XM_006567193.3	415	206.558	59	52.1623
XM_006567195.1	2655	2418.15	0	0
XM_006567196.3	4574	4337.15	0	0
XM_006567197.3	4664	4427.15	0	0
XM_006567198.3	4694	4457.15	0	0
XM_006567199.3	3546	3309.15	0.120004	0.00662257
XM_006567200.3	2767	2530.15	3.62426	0.261589
XM_006567201.3	3615	3378.15	15.4478	0.83509
XM_006567203.3	3205	2968.15	3.92799	0.241674
XM_006567204.3	2721	2484.15	79	5.80759
XM_006567205.3	1178	941.148	0	0
XM_006567206.3	1194	957.148	0	0
XM_006567209.3	771	535.607	0	0
XM_006567210.3	757	521.871	0	0
XM_006567211.3	740	505.126	1	0.361532
XM_006567212.3	2240	2003.15	12.4755	1.13734
XM_006567213.3	2189	1952.15	0	0
XM_006567214.3	2185	1948.15	0	0
XM_006567215.3	2032	1795.15	4.12812	0.419951
XM_006567217.3	2497	2260.15	7.17269	0.579551
XM_006567218.3	2291	2054.15	18.8273	1.6738
XM_006567220.3	2274	2037.15	0	0
XM_006567223.3	3517	3280.15	57.9984	3.22901
XM_006567224.3	1125	888.148	9	1.85056
XM_006567225.3	5429	5192.15	6.96522	0.244982
XM_006567226.3	5411	5174.15	0	0
XM_006567227.3	3171	2934.15	0	0
XM_006567228.3	3108	2871.15	17	1.08128
XM_006567229.3	3084	2847.15	0	0
XM_006567242.3	2330	2093.15	0	0
XM_006567243.3	6248	6011.15	37.1616	1.12897
XM_006567244.3	2018	1781.15	7.56337	0.775464
XM_006567247.3	834	598.102	0	0
XM_006567248.3	827	591.162	0	0
XM_006567253.2	2797	2560.15	5.19119	0.370295
XM_006567254.3	2764	2527.15	10.6033	0.766226
XM_006567255.3	5980	5743.15	0.000211173	6.71484e-06
XM_006567256.3	6096	5859.15	0	0
XM_006567257.3	6032	5795.15	2.89071e-08	9.10932e-10
XM_006567261.3	6445	6208.15	12.0546	0.3546
XM_006567266.3	2803	2566.15	41	2.91775
XM_006567267.3	4704	4467.15	278	11.3648
XM_006567274.3	1742	1505.15	1.72146	0.208864
XM_006567275.3	1721	1484.15	1.73921	0.214004
XM_006567276.3	1727	1490.15	1.73405	0.21251
XM_006567279.3	3560	3323.15	0	0
XM_006567280.3	3083	2846.15	0	0
XM_006567281.3	3254	3017.15	6.94411	0.420307
XM_006567282.3	3422	3185.15	79.6764	4.56821
XM_006567284.3	3419	3182.15	0	0
XM_006567294.3	3583	3346.15	45.1611	2.46471
XM_006567298.3	3106	2869.15	15.5318	0.988587
XM_006567299.3	2994	2757.15	0	0
XM_006567300.3	3103	2866.15	7.52528	0.47948
XM_006567308.3	1331	1094.15	1	0.166905
XM_006567314.3	567	337.416	0	0
XM_006567320.3	948	711.441	0	0
XM_006567323.3	2294	2057.15	0	0
XM_006567325.3	2160	1923.15	0	0
XM_006567326.3	2143	1906.15	0	0
XM_006567327.3	2105	1868.15	0	0
XM_006567328.3	2048	1811.15	0	0
XM_006567329.3	1942	1705.15	0	0
XM_006567332.3	773	537.607	112.393	38.1786
XM_006567333.3	690	455.704	64.8384	25.9834
XM_006567335.3	6379	6142.15	34.2256	1.0176
XM_006567336.3	1534	1297.15	45	6.33533
XM_006567337.3	1607	1370.15	0	0
XM_006567338.2	1801	1564.15	5	0.583766
XM_006567340.3	1255	1018.15	4.9722	0.891834
XM_006567341.3	1321	1084.15	28.0278	4.72114
XM_006567350.3	1552	1315.15	0	0
XM_006567351.3	2177	1940.15	0.356762	0.0335808
XM_006567352.3	6504	6267.15	18	0.524504
XM_006567363.3	6696	6459.15	61.7688	1.74639
XM_006567367.3	5533	5296.15	26.9205	0.928259
XM_006567368.3	5546	5309.15	3.91366	0.134618
XM_006567370.3	5782	5545.15	3.48189	0.11467
XM_006567371.3	5666	5429.15	44.1224	1.48414
XM_006567374.3	3073	2836.15	39.3528	2.53392
XM_006567375.1	606	374.341	0	0
XM_006567376.3	369	170.944	2.07046e-05	2.21186e-05
XM_006567377.3	3264	3027.15	34.7837	2.0984
XM_006567378.3	1482	1245.15	17	2.4933
XM_006567379.3	3273	3036.15	4.14956	0.249589
XM_006567383.3	1769	1532.15	55.6665	6.63499
XM_006567389.3	7252	7015.15	929	24.1838
XM_006567391.3	9554	9317.15	455.758	8.93302
XM_006567397.3	9245	9008.15	746.235	15.1282
XM_006567398.3	2716	2479.15	9	0.662959
XM_006567400.3	2576	2339.15	0	0
XM_006567401.3	2541	2304.15	0	0
XM_006567403.3	2267	2030.15	0	0
XM_006567404.3	8568	8331.15	418	9.16258
XM_006567405.3	2060	1823.15	0.000344105	3.4468e-05
XM_006567406.3	2057	1820.15	0.0017483	0.000175411
XM_006567407.3	2045	1808.15	1.19674	0.120868
XM_006567411.1	1379	1142.15	38.5979	6.17146
XM_006567412.3	1701	1464.15	23.6602	2.95108
XM_006567415.3	667	433.375	5.80615	2.44665
XM_006567417.3	1319	1082.15	0	0
XM_006567418.3	3012	2775.15	0	0
XM_006567420.3	3556	3319.15	0	0
XM_006567424.3	2409	2172.15	6.89957	0.580068
XM_006567426.3	4167	3930.15	0	0
XM_006567427.3	4068	3831.15	0	0
XM_006567428.3	4012	3775.15	0	0
XM_006567430.3	4221	3984.15	0	0
XM_006567431.3	4143	3906.15	0	0
XM_006567433.3	2679	2442.15	10.6115	0.793505
XM_006567436.3	6169	5932.15	1.13314	0.0348832
XM_006567437.3	5330	5093.15	0	0
XM_006567438.3	3952	3715.15	0	0
XM_006567440.3	3884	3647.15	0	0
XM_006567441.3	4475	4238.15	6.08056	0.262007
XM_006567443.3	665	431.505	0	0
XM_006567444.3	2701	2464.15	0	0
XM_006567445.3	2556	2319.15	2.21526	0.174439
XM_006567446.3	1282	1045.15	35	6.11557
XM_006567448.3	2438	2201.15	1	0.0829654
XM_006567451.3	10488	10251.1	325	5.78972
XM_006567453.3	1605	1368.15	7	0.934354
XM_006567455.3	2577	2340.15	0	0
XM_006567457.3	2541	2304.15	56.9762	4.51575
XM_006567461.3	1176	939.148	1	0.194452
XM_006567463.3	2597	2360.15	23.9475	1.85297
XM_006567464.3	1710	1473.15	0.383677	0.0475626
XM_006567465.3	1706	1469.15	5.61626	0.698117
XM_006567466.3	2692	2455.15	0	0
XM_006567468.3	4124	3887.15	0	0
XM_006567470.3	3024	2787.15	0.070471	0.0046174
XM_006567471.3	665	431.505	1	0.423215
XM_006567472.3	1578	1341.15	4.00144	0.544861
XM_006567477.3	2672	2435.15	0	0
XM_006567478.3	2659	2422.15	215.666	16.2603
XM_006567480.3	2592	2355.15	7.97311	0.618239
XM_006567481.3	2669	2432.15	0	0
XM_006567500.3	3498	3261.15	0	0
XM_006567501.3	3495	3258.15	0	0
XM_006567513.3	2486	2249.15	24.4324	1.98378
XM_006567515.3	2313	2076.15	20.0458	1.76324
XM_006567516.3	1930	1693.15	0	0
XM_006567520.3	2286	2049.15	0	0
XM_006567523.2	1708	1471.15	2.63117	0.326618
XM_006567524.3	2597	2360.15	148.292	11.4743
XM_006567526.3	2114	1877.15	5.83495	0.567656
XM_006567527.3	1678	1441.15	2.72366	0.345136
XM_006567528.2	1877	1640.15	0	0
XM_006567529.3	2681	2444.15	6.38108	0.476774
XM_006567530.3	1753	1516.15	7.52901	0.906865
XM_006567531.2	1823	1586.15	12.1961	1.40419
XM_006567532.3	2055	1818.15	20.0651	2.01539
XM_006567536.3	1779	1542.15	2.44738	0.289815
XM_006567537.3	2449	2212.15	0	0
XM_006567539.3	1945	1708.15	0	0
XM_006567541.2	1834	1597.15	6.99356	0.799649
XM_006567544.3	1658	1421.15	2.79137	0.358694
XM_006567545.3	1928	1691.15	0	0
XM_006567546.2	1991	1754.15	4.16602	0.433712
XM_006567550.3	1800	1563.15	0	0
XM_006567551.2	1724	1487.15	0	0
XM_006567552.3	1799	1562.15	10.0844	1.1789
XM_006567554.3	3001	2764.15	6.34169	0.418977
XM_006567559.3	1746	1509.15	0	0
XM_006567560.3	1743	1506.15	2.67224	0.324006
XM_006567561.3	3256	3019.15	1.43283	0.0866676
XM_006567562.3	2087	1850.15	7.41554	0.731953
XM_006567563.3	1699	1462.15	0	0
XM_006567564.3	1707	1470.15	0	0
XM_006567565.3	2015	1778.15	2.46313e-07	2.52968e-08
XM_006567569.3	2015	1778.15	12.7675	1.31125
XM_006567571.3	1582	1345.15	0	0
XM_006567573.3	3634	3397.15	0	0
XM_006567575.3	3384	3147.15	3	0.174081
XM_006567576.3	3367	3130.15	0	0
XM_006567583.3	2159	1922.15	2	0.190016
XM_006567594.3	3574	3337.15	0	0
XM_006567595.3	3491	3254.15	0	0
XM_006567596.3	3542	3305.15	0.000370065	2.04472e-05
XM_006567597.3	3536	3299.15	0	0
XM_006567598.3	3434	3197.15	67.8166	3.87365
XM_006567599.3	3521	3284.15	0.199748	0.0111073
XM_006567600.3	3506	3269.15	18.3137	1.02303
XM_006567601.3	3500	3263.15	45.1033	2.52416
XM_006567602.3	2480	2243.15	0	0
XM_006567603.3	2286	2049.15	0	0
XM_006567604.3	1791	1554.15	0	0
XM_006567605.3	1778	1541.15	0	0
XM_006567608.3	1463	1226.15	8	1.1915
XM_006567609.3	1461	1224.15	63.3043	9.44379
XM_006567610.3	1461	1224.15	40.6957	6.071
XM_006567618.3	3772	3535.15	0	0
XM_006567619.3	3849	3612.15	0	0
XM_006567620.3	3090	2853.15	0	0
XM_006567621.3	3769	3532.15	0	0
XM_006567624.3	3451	3214.15	0	0
XM_006567631.3	2193	1956.15	4.39988	0.410758
XM_006567634.3	1998	1761.15	3.72194	0.38594
XM_006567635.3	1807	1570.15	1.27806	0.148647
XM_006567636.3	2789	2552.15	38	2.71909
XM_006567640.3	2974	2737.15	0	0
XM_006567641.3	2435	2198.15	15	1.24618
XM_006567644.3	883	646.786	0	0
XM_006567646.3	3141	2904.15	17	1.069
XM_006567648.3	2568	2331.15	3.97679	0.311537
XM_006567649.3	2559	2322.15	4.02321	0.316395
XM_006567650.3	2433	2196.15	6.12495	0.509316
XM_006567652.1	3211	2974.15	0	0
XM_006567654.3	6411	6174.15	74.1196	2.19231
XM_006567655.3	6360	6123.15	3.04158	0.0907134
XM_006567656.3	6438	6201.15	0	0
XM_006567657.3	7455	7218.15	8.74176	0.221166
XM_006567658.3	6411	6174.15	130.221	3.85168
XM_006567659.3	6360	6123.15	1.84505e-06	5.50275e-08
XM_006567660.3	6360	6123.15	99.4109	2.96487
XM_006567662.3	7456	7219.15	12.8318	0.3246
XM_006567663.3	7455	7218.15	24.6023	0.622439
XM_006567664.3	6461	6224.15	0.0684968	0.00200972
XM_006567665.3	6489	6252.15	0	0
XM_006567666.3	1225	988.148	4.53291	0.837726
XM_006567670.3	3863	3626.15	31	1.56121
XM_006567675.3	2679	2442.15	25.9834	1.94299
XM_006567676.3	2252	2015.15	14.7164	1.33365
XM_006567684.3	2634	2397.15	4.90451	0.373635
XM_006567685.3	2363	2126.15	7.74027	0.664828
XM_006567688.3	3573	3336.15	0	0
XM_006567689.3	3484	3247.15	0	0
XM_006567690.3	3474	3237.15	25	1.41034
XM_006567692.3	612	379.885	138	66.3397
XM_006567694.3	1743	1506.15	0	0
XM_006567695.3	1315	1078.15	0	0
XM_006567697.3	2203	1966.15	8	0.743054
XM_006567698.3	1214	977.148	1.87021	0.349523
XM_006567699.3	1212	975.148	14.1298	2.64613
XM_006567700.3	2288	2051.15	4	0.356131
XM_006567701.3	2082	1845.15	0	0
XM_006567702.3	2109	1872.15	0	0
XM_006567705.3	1440	1203.15	0	0
XM_006567707.3	1922	1685.15	3	0.32511
XM_006567708.3	1923	1686.15	32	3.46578
XM_006567712.3	3618	3381.15	0	0
XM_006567713.3	3644	3407.15	10.1296	0.542933
XM_006567714.3	3654	3417.15	0.561496	0.0300075
XM_006567715.3	3680	3443.15	0.000316402	1.67815e-05
XM_006567716.3	3564	3327.15	3.79957	0.208549
XM_006567717.3	3661	3424.15	0	0
XM_006567718.3	3472	3235.15	0	0
XM_006567719.3	2218	1981.15	2	0.184357
XM_006567722.3	2636	2399.15	9	0.685065
XM_006567723.3	1028	791.148	1.24679e-05	2.87793e-06
XM_006567730.3	2531	2294.15	0	0
XM_006567735.2	1730	1493.15	0	0
XM_006567736.2	1706	1469.15	0	0
XM_006567738.3	2876	2639.15	0	0
XM_006567739.3	2808	2571.15	24	1.70463
XM_006567740.2	1626	1389.15	0	0
XM_006567744.3	2231	1994.15	2	0.183155
XM_006567746.3	2077	1840.15	272	26.9937
XM_006567749.2	3227	2990.15	0	0
XM_006567750.3	3126	2889.15	6.87357	0.434469
XM_006567752.3	1441	1204.15	1.24017	0.188082
XM_006567754.2	2371	2134.15	18.5903	1.59078
XM_006567755.3	1235	998.148	23	4.20804
XM_006567756.3	1206	969.148	1	0.188433
XM_006567757.3	4009	3772.15	138.236	6.69237
XM_006567760.3	3511	3274.15	0	0
XM_006567761.3	3976	3739.15	29.5251	1.442
XM_006567762.3	3070	2833.15	42.2386	2.72262
XM_006567763.3	2513	2276.15	6	0.48139
XM_006567771.3	7376	7139.15	0	0
XM_006567774.3	6128	5891.15	774.665	24.0138
XM_006567775.3	2329	2092.15	0	0
XM_006567776.3	2319	2082.15	6.13139	0.537767
XM_006567777.3	2221	1984.15	0	0
XM_006567778.3	2299	2062.15	0	0
XM_006567779.3	2281	2044.15	13.1234	1.17241
XM_006567780.3	2190	1953.15	10.3265	0.96553
XM_006567781.3	2250	2013.15	39.4187	3.5758
XM_006567782.3	8974	8737.15	0	0
XM_006567783.3	8919	8682.15	73.9625	1.55572
XM_006567784.3	4192	3955.15	4.43462	0.204757
XM_006567785.3	4407	4170.15	6.88601	0.301552
XM_006567786.3	4127	3890.15	7.59403	0.356494
XM_006567789.3	3813	3576.15	14	0.714923
XM_006567792.3	3764	3527.15	16.2541	0.841563
XM_006567793.3	3822	3585.15	0	0
XM_006567796.3	1399	1162.15	0	0
XM_006567797.3	4067	3830.15	16.4939	0.786421
XM_006567798.3	5315	5078.15	0.0118562	0.000426371
XM_006567799.3	5292	5055.15	1.04664	0.0378102
XM_006567801.3	2297	2060.15	6.94149	0.61532
XM_006567806.3	5122	4885.15	3.20595e-07	1.19847e-08
XM_006567813.2	1763	1526.15	5	0.598301
XM_006567816.3	3188	2951.15	43	2.66087
XM_006567817.3	1496	1259.15	13	1.88544
XM_006567818.3	1257	1020.15	0	0
XM_006567820.3	3022	2785.15	543.182	35.6159
XM_006567821.3	3337	3100.15	146.818	8.64856
XM_006567827.3	4974	4737.15	0	0
XM_006567829.3	4929	4692.15	3.15802	0.122911
XM_006567830.3	5395	5158.15	19.3775	0.686041
XM_006567832.3	5090	4853.15	0	0
XM_006567833.3	2122	1885.15	25.6472	2.48451
XM_006567834.2	1507	1270.15	5.00463	0.719555
XM_006567836.3	1196	959.148	3.9164	0.745673
XM_006567837.3	1126	889.148	5.0836	1.0441
XM_006567839.3	701	466.519	4.29537	1.68143
XM_006567851.3	5187	4950.15	0	0
XM_006567852.3	5126	4889.15	21.368	0.798137
XM_006567853.3	5184	4947.15	0	0
XM_006567854.3	5175	4938.15	0	0
XM_006567855.3	5175	4938.15	0	0
XM_006567856.3	5169	4932.15	0	0
XM_006567857.3	5166	4929.15	0	0
XM_006567858.3	5142	4905.15	0	0
XM_006567859.3	5054	4817.15	30.2146	1.14544
XM_006567861.3	5043	4806.15	0.000307768	1.16943e-05
XM_006567862.3	2418	2181.15	14.2018	1.18907
XM_006567863.2	1272	1035.15	10.7975	1.90487
XM_006567864.3	4634	4397.15	56.2025	2.33416
XM_006567868.3	1117	880.148	5	1.03743
XM_006567869.3	2431	2194.15	0	0
XM_006567870.3	2335	2098.15	17	1.47965
XM_006567871.3	3138	2901.15	6.99996	0.440628
XM_006567872.3	2714	2477.15	0	0
XM_006567873.3	2685	2448.15	26.5861	1.98318
XM_006567874.3	2696	2459.15	32.4139	2.4071
XM_006567875.3	4439	4202.15	57.9996	2.52058
XM_006567876.3	4337	4100.15	0.000410617	1.82887e-05
XM_006567877.3	1933	1696.15	2	0.215334
XM_006567878.3	1555	1318.15	3.48408	0.482693
XM_006567879.3	1793	1556.15	12.5159	1.46878
XM_006567887.3	2806	2569.15	0	0
XM_006567888.3	2807	2570.15	5.36761	0.38139
XM_006567889.3	2693	2456.15	21.7206	1.61497
XM_006567892.3	2224	1987.15	4.20514	0.386453
XM_006567893.3	2367	2130.15	0	0
XM_006567894.3	2345	2108.15	25.7066	2.22685
XM_006567896.3	939	702.582	19	4.93859
XM_006567898.3	2307	2070.15	9	0.79394
XM_006567899.3	1956	1719.15	0	0
XM_006567900.3	849	613.102	0	0
XM_006567901.3	837	601.102	1.37989	0.419221
XM_006567904.3	1486	1249.15	0	0
XM_006567905.3	1747	1510.15	3.4716	0.419814
XM_006567906.3	1443	1206.15	0	0
XM_006567907.3	1414	1177.15	0	0
XM_006567908.2	3894	3657.15	0	0
XM_006567909.3	1024	787.148	8	1.85601
XM_006567910.3	1560	1323.15	3.90068	0.538366
XM_006567911.3	2424	2187.15	0	0
XM_006567913.3	6463	6226.15	72.1202	2.11536
XM_006567914.3	6773	6536.15	89.378	2.49721
XM_006567915.3	6187	5950.15	35.0718	1.07641
XM_006567916.3	5899	5662.15	7.42336e-05	2.39423e-06
XM_006567917.3	5895	5658.15	0.000414998	1.33942e-05
XM_006567922.3	1669	1432.15	0	0
XM_006567937.3	7378	7141.15	0	0
XM_006567938.3	7484	7247.15	4.3353	0.109244
XM_006567939.3	7758	7521.15	0	0
XM_006567940.3	7376	7139.15	0	0
XM_006567941.3	862	625.978	11	3.20908
XM_006567943.3	6462	6225.15	493.572	14.4793
XM_006567945.3	1091	854.148	0	0
XM_006567946.3	1142	905.148	15.9729	3.22263
XM_006567947.3	1038	801.148	0	0
XM_006567948.3	991	754.224	0	0
XM_006567949.3	1065	828.148	8.02709	1.77009
XM_006567951.3	6500	6263.15	0	0
XM_006567952.3	6348	6111.15	54	1.61368
XM_006567953.3	7767	7530.15	6.54574e-07	1.58745e-08
XM_006567954.3	7764	7527.15	9.69986e-07	2.35332e-08
XM_006567955.3	7764	7527.15	9.69986e-07	2.35332e-08
XM_006567956.3	7745	7508.15	1.17524e-05	2.85851e-07
XM_006567957.3	7656	7419.15	1.51912	0.0373926
XM_006567958.2	1668	1431.15	2	0.255207
XM_006567960.3	8444	8207.15	16.2725	0.362083
XM_006567961.3	8423	8186.15	39.4023	0.878999
XM_006567962.3	872	635.915	1.34979	0.387628
XM_006567963.3	3126	2889.15	5.40694	0.341766
XM_006567964.3	2922	2685.15	0	0
XM_006567965.2	2220	1983.15	0	0
XM_006567966.3	2065	1828.15	7	0.699251
XM_006567968.3	2550	2313.15	0	0
XM_006567971.3	2707	2470.15	0	0
XM_006567974.3	2463	2226.15	49.3961	4.05215
XM_006567975.3	5787	5550.15	0	0
XM_006567976.3	5699	5462.15	0.00494889	0.000165459
XM_006567984.3	7475	7238.15	0	0
XM_006567985.3	7465	7228.15	0	0
XM_006567986.3	7335	7098.15	11.4744	0.29521
XM_006567987.3	7751	7514.15	14.5256	0.353021
XM_006567988.3	10936	10699.1	44	0.751017
XM_006567992.3	9740	9503.15	110.663	2.12658
XM_006567993.3	9471	9234.15	0	0
XM_006567995.3	9429	9192.15	89.8912	1.78586
XM_006567996.3	9679	9442.15	62.4457	1.20775
XM_006568007.3	4998	4761.15	0	0
XM_006568008.3	4831	4594.15	0	0
XM_006568009.3	4765	4528.15	22.379	0.902541
XM_006568010.3	5646	5409.15	34.1837	1.15408
XM_006568011.3	6165	5928.15	55	1.6943
XM_006568018.3	3905	3668.15	0	0
XM_006568019.3	1807	1570.15	28	3.2566
XM_006568020.3	1873	1636.15	0	0
XM_006568021.3	4362	4125.15	0	0
XM_006568022.3	4490	4253.15	67.4798	2.89741
XM_006568024.3	3209	2972.15	10.0552	0.617828
XM_006568025.3	3171	2934.15	0	0
XM_006568026.3	1860	1623.15	12.7898	1.43897
XM_006568027.3	1869	1632.15	6.21017	0.694849
XM_006568028.3	1845	1608.15	0	0
XM_006568029.3	1854	1617.15	0	0
XM_006568030.3	809	573.277	528	168.196
XM_006568039.2	2114	1877.15	0	0
XM_006568040.3	1543	1306.15	18	2.51667
XM_006568042.3	6202	5965.15	283.625	8.68299
XM_006568043.3	5363	5126.15	143.224	5.10237
XM_006568044.3	5311	5074.15	279.776	10.0692
XM_006568046.3	2518	2281.15	5	0.400279
XM_006568047.3	1895	1658.15	0	0
XM_006568051.3	1770	1533.15	15.4217	1.83694
XM_006568053.3	3319	3082.15	8.66846	0.513612
XM_006568054.3	2370	2133.15	0.347038	0.02971
XM_006568055.3	4938	4701.15	0	0
XM_006568057.3	1128	891.148	0	0
XM_006568058.3	3721	3484.15	0	0
XM_006568059.3	4112	3875.15	38.4085	1.81003
XM_006568060.3	3809	3572.15	0	0
XM_006568065.2	2252	2015.15	0	0
XM_006568066.3	2403	2166.15	21	1.77043
XM_006568067.3	2254	2017.15	0	0
XM_006568069.3	2034	1797.15	0	0
XM_006568070.3	2172	1935.15	0	0
XM_006568071.3	1514	1277.15	0	0
XM_006568072.3	3971	3734.15	0	0
XM_006568073.3	4256	4019.15	11	0.49981
XM_006568074.3	4940	4703.15	24.405	0.947627
XM_006568075.3	4964	4727.15	0.160569	0.00620311
XM_006568077.3	4543	4306.15	8.6792	0.368076
XM_006568078.3	4520	4283.15	0	0
XM_006568079.3	4476	4239.15	36.5374	1.574
XM_006568080.3	4347	4110.15	0	0
XM_006568094.3	2185	1948.15	35.4965	3.32744
XM_006568096.3	1930	1693.15	0	0
XM_006568098.3	1877	1640.15	0	0
XM_006568099.3	1817	1580.15	3.5224	0.407087
XM_006568100.3	1506	1269.15	0	0
XM_006568101.3	3769	3532.15	0	0
XM_006568102.3	3742	3505.15	4.98871	0.259913
XM_006568103.3	3560	3323.15	1.72555	0.0948254
XM_006568105.3	2578	2341.15	301.552	23.5223
XM_006568106.3	3007	2770.15	0	0
XM_006568107.3	3122	2885.15	26.7627	1.69398
XM_006568108.3	1981	1744.15	0	0
XM_006568109.3	1601	1364.15	3.47145	0.464725
XM_006568110.3	1722	1485.15	0	0
XM_006568111.3	1653	1416.15	11.8896	1.53322
XM_006568112.3	1438	1201.15	10.4465	1.58826
XM_006568119.3	3322	3085.15	15	0.887895
XM_006568123.3	2085	1848.15	0	0
XM_006568124.3	1511	1274.15	0	0
XM_006568126.3	1408	1171.15	1.16017	0.180908
XM_006568128.2	1799	1562.15	0.00014627	1.70993e-05
XM_006568129.2	1784	1547.15	1.99985	0.236055
XM_006568130.3	2202	1965.15	2.82198e-06	2.62244e-07
XM_006568131.3	2115	1878.15	0	0
XM_006568132.3	2113	1876.15	0	0
XM_006568133.3	1979	1742.15	2.61486	0.2741
XM_006568135.3	1903	1666.15	0	0
XM_006568137.3	1628	1391.15	0	0
XM_006568138.3	1434	1197.15	0	0
XM_006568140.3	1806	1569.15	0	0
XM_006568141.3	1563	1326.15	0	0
XM_006568148.3	2369	2132.15	0	0
XM_006568149.3	981	744.224	148.321	36.3953
XM_006568150.3	1075	838.148	19.9556	4.34801
XM_006568151.3	1744	1507.15	17	2.05987
XM_006568152.3	1713	1476.15	274	33.8975
XM_006568158.3	2461	2224.15	0	0
XM_006568166.3	13365	13128.1	0	0
XM_006568167.3	12671	12434.1	29.9539	0.43993
XM_006568168.3	13436	13199.1	22.3694	0.309495
XM_006568172.2	1235	998.148	0	0
XM_006568173.3	1285	1048.15	9.12482	1.58982
XM_006568174.3	1730	1493.15	5.9994	0.733756
XM_006568175.3	922	685.652	527.617	140.528
XM_006568176.3	1927	1690.15	0	0
XM_006568184.3	4861	4624.15	12.2257	0.482824
XM_006568187.3	2067	1830.15	0.999076	0.0996917
XM_006568188.3	1687	1450.15	0	0
XM_006568197.3	4139	3902.15	99.4714	4.65523
XM_006568198.3	2982	2745.15	15.5286	1.03303
XM_006568201.2	764	528.66	0	0
XM_006568203.3	1205	968.148	2	0.377255
XM_006568205.3	1726	1489.15	8.96157	1.09899
XM_006568206.3	1718	1481.15	6.0392	0.744608
XM_006568207.3	1723	1486.15	2.99922	0.368547
XM_006568208.3	3478	3241.15	0	0
XM_006568209.3	2984	2747.15	2.73921	0.182092
XM_006568210.3	2943	2706.15	0	0
XM_006568211.3	1070	833.148	0	0
XM_006568212.3	2622	2385.15	1	0.0765651
XM_006568213.3	2784	2547.15	0	0
XM_006568214.3	3914	3677.15	21.4331	1.06444
XM_006568215.3	3019	2782.15	3.65562	0.239954
XM_006568219.3	2384	2147.15	10.0334	0.853361
XM_006568230.3	3409	3172.15	0	0
XM_006568231.3	2723	2486.15	0	0
XM_006568234.3	1991	1754.15	0.999958	0.104103
XM_006568235.3	2211	1974.15	0	0
XM_006568237.3	4249	4012.15	81.4989	3.70955
XM_006568238.3	1600	1363.15	52.4457	7.02609
XM_006568240.3	2541	2304.15	19	1.50588
XM_006568244.3	2436	2199.15	0	0
XM_006568252.3	1177	940.148	9.48093	1.84163
XM_006568253.3	1537	1300.15	126.554	17.7758
XM_006568254.3	1523	1286.15	49.4462	7.02083
XM_006568255.3	6290	6053.15	0	0
XM_006568256.3	6287	6050.15	0	0
XM_006568257.3	6278	6041.15	0	0
XM_006568258.3	6621	6384.15	0	0
XM_006568261.3	5868	5631.15	0	0
XM_006568262.3	1451	1214.15	4	0.601637
XM_006568265.3	814	578.22	0	0
XM_006568268.3	1641	1404.15	0	0
XM_006568274.3	1165	928.148	0	0
XM_006568278.3	4406	4169.15	1.00484e-06	4.40146e-08
XM_006568279.3	4316	4079.15	0	0
XM_006568280.3	4328	4091.15	0	0
XM_006568281.3	4278	4041.15	20.4064	0.922162
XM_006568282.3	3718	3481.15	16.853	0.884102
XM_006568283.3	2325	2088.15	0	0
XM_006568284.3	2180	1943.15	0	0
XM_006568285.3	2489	2252.15	2	0.162173
XM_006568287.3	17485	17248.1	0	0
XM_006568290.3	17275	17038.1	339.796	3.64202
XM_006568293.3	4192	3955.15	0	0
XM_006568294.3	1769	1532.15	0	0
XM_006568296.2	2541	2304.15	1.78936	0.141819
XM_006568297.3	7349	7112.15	27.0444	0.694421
XM_006568299.3	1126	889.148	6.8384	1.40452
XM_006568300.3	1020	783.148	5.67373	1.32304
XM_006568307.3	1396	1159.15	5.92012	0.932692
XM_006568309.3	3310	3073.15	1.10067	0.0654067
XM_006568313.3	1857	1620.15	0	0
XM_006568314.2	1809	1572.15	8.82392	1.02498
XM_006568315.3	1781	1544.15	1	0.118265
XM_006568318.3	5148	4911.15	0.13489	0.00501582
XM_006568319.3	5127	4890.15	9.26413	0.345962
XM_006568320.3	4607	4370.15	26.601	1.1116
XM_006568321.3	5085	4848.15	0	0
XM_006568323.3	2309	2072.15	22.6641	1.9974
XM_006568324.3	883	646.786	0	0
XM_006568325.3	916	679.72	1.49802	0.402469
XM_006568328.3	7453	7216.15	66.9693	1.69479
XM_006568329.3	4019	3782.15	0.000836782	4.04036e-05
XM_006568330.3	4007	3770.15	0.019266	0.00093321
XM_006568331.3	3998	3761.15	0.203833	0.00989691
XM_006568332.3	3986	3749.15	4.77606	0.23264
XM_006568334.3	3106	2869.15	17.7279	1.12837
XM_006568340.3	3551	3314.15	20	1.10206
XM_006568341.3	3500	3263.15	8.22934	0.460548
XM_006568342.3	3771	3534.15	20.4753	1.05801
XM_006568343.3	3530	3293.15	8.10071	0.449219
XM_006568344.2	1939	1702.15	0.989719	0.106185
XM_006568345.2	1944	1707.15	0.054729	0.00585454
XM_006568346.2	1936	1699.15	5.64499	0.606706
XM_006568347.2	1941	1704.15	0.310564	0.0332806
XM_006568348.3	2071	1834.15	0	0
XM_006568349.3	1290	1053.15	10.4818	1.81757
XM_006568350.3	1208	971.148	0	0
XM_006568351.3	5916	5679.15	21.0969	0.678393
XM_006568352.3	5899	5662.15	44.9031	1.44824
XM_006568353.3	2219	1982.15	32	2.94822
XM_006568356.3	8080	7843.15	47.3	1.10133
XM_006568360.3	2808	2571.15	4.52079e-08	3.21095e-09
XM_006568361.3	2797	2560.15	3.11181e-06	2.2197e-07
XM_006568363.3	544	315.772	0	0
XM_006568364.2	847	611.102	1.83619	0.548719
XM_006568365.3	5951	5714.15	0.220995	0.0070628
XM_006568366.3	5931	5694.15	7.03591	0.225651
XM_006568367.3	6152	5915.15	0	0
XM_006568369.3	5932	5695.15	5.91627	0.18971
XM_006568370.3	5832	5595.15	16.8268	0.549208
XM_006568371.3	2745	2508.15	0	0
XM_006568379.2	1355	1118.15	1	0.163323
XM_006568380.3	1768	1531.15	0	0
XM_006568381.3	1572	1335.15	2.82687	0.386654
XM_006568382.3	1831	1594.15	4.35973	0.499433
XM_006568384.3	3601	3364.15	6.00736	0.326103
XM_006568385.3	3427	3190.15	14.8279	0.84882
XM_006568386.3	3837	3600.15	30.0637	1.52499
XM_006568387.3	3020	2783.15	7.59722	0.498499
XM_006568388.2	3242	3005.15	4.54976	0.276483
XM_006568395.3	9059	8822.15	0	0
XM_006568396.3	8948	8711.15	12.1377	0.254452
XM_006568397.3	8935	8698.15	4.78336	0.100428
XM_006568398.3	9044	8807.15	0	0
XM_006568399.3	7112	6875.15	24.1733	0.642097
XM_006568400.3	7013	6776.15	0	0
XM_006568401.3	8721	8484.15	18.0192	0.387858
XM_006568407.3	5609	5372.15	0	0
XM_006568408.3	5595	5358.15	0	0
XM_006568410.3	5567	5330.15	0	0
XM_006568411.3	5558	5321.15	108.39	3.7199
XM_006568419.3	6687	6450.15	27.8071	0.787286
XM_006568434.3	775	539.607	1	0.33843
XM_006568435.3	4465	4228.15	13.8086	0.596413
XM_006568453.3	5713	5476.15	0	0
XM_006568454.2	4941	4704.15	0	0
XM_006568455.3	5045	4808.15	19.0679	0.724221
XM_006568456.3	5679	5442.15	66.9321	2.246
XM_006568458.3	2116	1879.15	13.5024	1.31219
XM_006568467.3	2301	2064.15	2	0.176944
XM_006568468.3	1238	1001.15	0	0
XM_006568469.3	1021	784.148	0	0
XM_006568470.2	986	749.224	5	1.21872
XM_006568477.3	3520	3283.15	20.4371	1.13678
XM_006568478.3	3457	3220.15	0	0
XM_006568479.2	2952	2715.15	9.18481	0.617765
XM_006568480.3	800	564.277	0	0
XM_006568482.3	2409	2172.15	112.412	9.45084
XM_006568485.3	1879	1642.15	5	0.556038
XM_006568487.3	2596	2359.15	9	0.696681
XM_006568491.3	2084	1847.15	0	0
XM_006568495.3	2524	2287.15	23.0053	1.83688
XM_006568502.2	1985	1748.15	65.2042	6.81151
XM_006568503.3	1757	1520.15	7.47692	0.898221
XM_006568504.2	2168	1931.15	131.178	12.4049
XM_006568505.2	1790	1553.15	25.5851	3.00829
XM_006568506.3	1286	1049.15	0	0
XM_006568507.3	1369	1132.15	0	0
XM_006568508.3	1260	1023.15	8	1.4279
XM_006568510.3	1692	1455.15	0	0
XM_006568511.3	1734	1497.15	0	0
XM_006568513.3	2633	2396.15	5.02939	0.383309
XM_006568514.3	1986	1749.15	10	1.04405
XM_006568515.3	1957	1720.15	0	0
XM_006568517.2	1449	1212.15	0	0
XM_006568519.3	1797	1560.15	0	0
XM_006568520.3	814	578.22	10	3.1583
XM_006568521.3	3300	3063.15	0	0
XM_006568522.3	3196	2959.15	4	0.246854
XM_006568523.3	2550	2313.15	0	0
XM_006568524.3	7072	6835.15	51.7011	1.38133
XM_006568525.3	7048	6811.15	36.5237	0.979267
XM_006568526.3	7039	6802.15	18.1567	0.487457
XM_006568527.3	7027	6790.15	19.2918	0.518847
XM_006568532.3	5919	5682.15	48.5622	1.56075
XM_006568534.3	6378	6141.15	0	0
XM_006568542.2	7377	7140.15	20.0717	0.513361
XM_006568544.3	2370	2133.15	18.0824	1.54804
XM_006568551.3	1280	1043.15	1.70258	0.298063
XM_006568552.3	2864	2627.15	19.4582	1.35259
XM_006568553.3	1926	1689.15	47.5418	5.1399
XM_006568554.3	2772	2535.15	0	0
XM_006568555.3	1565	1328.15	2	0.274998
XM_006568558.3	2331	2094.15	0	0
XM_006568559.3	2321	2084.15	0	0
XM_006568560.2	1167	930.148	22	4.31934
XM_006568561.3	6902	6665.15	24.2139	0.663439
XM_006568562.3	6897	6660.15	50.7861	1.39254
XM_006568563.3	930	693.652	13	3.42254
XM_006568565.3	1912	1675.15	0	0
XM_006568566.3	1852	1615.15	2	0.226133
XM_006568568.3	1892	1655.15	8	0.882673
XM_006568570.2	1504	1267.15	12	1.72942
XM_006568571.2	1501	1264.15	0	0
XM_006568572.3	2190	1953.15	0	0
XM_006568573.3	2185	1948.15	0	0
XM_006568574.3	2088	1851.15	0	0
XM_006568575.3	1929	1692.15	0	0
XM_006568577.3	2559	2322.15	0	0
XM_006568578.3	2513	2276.15	6.25047e-07	5.01486e-08
XM_006568579.3	2474	2237.15	16	1.30609
XM_006568580.2	2124	1887.15	0	0
XM_006568581.3	1657	1420.15	0.000308882	3.97197e-05
XM_006568582.3	1642	1405.15	10.9997	1.42957
XM_006568583.3	2470	2233.15	10	0.817766
XM_006568586.3	2750	2513.15	0	0
XM_006568587.3	2729	2492.15	22.1324	1.62182
XM_006568589.3	2681	2444.15	16.8676	1.26029
XM_006568590.2	2208	1971.15	0	0
XM_006568591.3	1933	1696.15	0.00013357	1.43811e-05
XM_006568593.3	2877	2640.15	0	0
XM_006568594.3	792	556.333	0.0816722	0.0268093
XM_006568595.3	885	648.786	0	0
XM_006568597.2	3494	3257.15	0	0
XM_006568598.3	1905	1668.15	15	1.64211
XM_006568600.3	6454	6217.15	26.9098	0.790435
XM_006568601.3	6490	6253.15	0.0901585	0.00263302
XM_006568602.2	1739	1502.15	59	7.17275
XM_006568603.1	1788	1551.15	0	0
XM_006568604.1	1798	1561.15	0	0
XM_006568605.3	1717	1480.15	0.0274993	0.00339284
XM_006568606.3	2668	2431.15	2	0.150233
XM_006568607.3	4668	4431.15	0	0
XM_006568612.3	4571	4334.15	0	0
XM_006568615.3	4697	4460.15	18.0787	0.740226
XM_006568616.3	1765	1528.15	8.17329	0.976738
XM_006568623.3	1684	1447.15	20.8669	2.63324
XM_006568624.3	1689	1452.15	60.6312	7.62486
XM_006568625.3	1882	1645.15	13	1.44306
XM_006568626.3	1822	1585.15	0	0
XM_006568627.3	1688	1451.15	0	0
XM_006568628.3	9851	9614.15	2.36232	0.044872
XM_006568629.3	9680	9443.15	5.00296e-05	9.67513e-07
XM_006568630.3	9836	9599.15	88.8817	1.69093
XM_006568632.3	8252	8015.15	76.3103	1.73867
XM_006568633.3	8121	7884.15	54.9382	1.27252
XM_006568634.3	8022	7785.15	0	0
XM_006568636.3	2562	2325.15	0	0
XM_006568637.3	2426	2189.15	0	0
XM_006568639.3	1473	1236.15	18	2.65918
XM_006568640.3	3704	3467.15	1.41115e-06	7.4327e-08
XM_006568641.3	3701	3464.15	3.3161e-06	1.74814e-07
XM_006568646.3	3216	2979.15	17.5963	1.07864
XM_006568647.3	2251	2014.15	0	0
XM_006568668.3	1845	1608.15	0	0
XM_006568669.3	2372	2135.15	30.5708	2.61472
XM_006568670.3	2373	2136.15	0	0
XM_006568671.3	2374	2137.15	0	0
XM_006568672.3	1513	1276.15	327.76	46.9031
XM_006568679.3	2356	2119.15	0	0
XM_006568681.3	2356	2119.15	0	0
XM_006568682.3	1495	1258.15	0	0
XM_006568683.3	1504	1267.15	8.03836	1.15847
XM_006568684.3	1506	1269.15	12.5144	1.80071
XM_006568685.3	1506	1269.15	10.0115	1.44057
XM_006568690.3	934	697.652	202.182	52.9236
XM_006568692.3	4597	4360.15	2.07267	0.0868112
XM_006568693.3	1924	1687.15	0	0
XM_006568694.3	7040	6803.15	96.1505	2.581
XM_006568695.3	8154	7917.15	35.0348	0.808122
XM_006568697.3	2117	1880.15	0	0
XM_006568698.3	2256	2019.15	29.1844	2.63955
XM_006568699.3	2572	2335.15	0	0
XM_006568700.3	2221	1984.15	10.7237	0.987
XM_006568701.3	2537	2300.15	13.203	1.04824
XM_006568702.3	2070	1833.15	9.07334	0.903891
XM_006568704.3	4395	4158.15	0	0
XM_006568717.3	3560	3323.15	12.1715	0.668867
XM_006568718.3	2999	2762.15	61.8285	4.08779
XM_006568722.3	3593	3356.15	133.033	7.23879
XM_006568723.3	4899	4662.15	0	0
XM_006568730.3	4893	4656.15	7.16236e-07	2.80915e-08
XM_006568732.3	2588	2351.15	0	0
XM_006568734.3	1068	831.148	7	1.53804
XM_006568735.3	996	759.148	0	0
XM_006568736.3	3579	3342.15	0	0
XM_006568737.3	2907	2670.15	6.05622	0.414203
XM_006568738.3	2492	2255.15	0	0
XM_006568739.3	3432	3195.15	0	0
XM_006568740.3	13865	13628.1	688.62	9.22762
XM_006568744.3	2722	2485.15	39.5627	2.90724
XM_006568745.3	2683	2446.15	9.43729	0.704549
XM_006568747.3	4712	4475.15	0	0
XM_006568748.3	4703	4466.15	0	0
XM_006568749.3	4688	4451.15	16	0.656439
XM_006568750.3	5361	5124.15	8.70081	0.310088
XM_006568751.3	1419	1182.15	24	3.70754
XM_006568752.3	1629	1392.15	8	1.04942
XM_006568756.3	2067	1830.15	27.7007	2.76408
XM_006568757.3	3638	3401.15	170.098	9.13316
XM_006568758.3	2314	2077.15	64	5.62677
XM_006568760.3	4124	3887.15	0	0
XM_006568761.3	4133	3896.15	196	9.18686
XM_006568762.3	1742	1505.15	16	1.94128
XM_006568764.3	1219	982.148	1	0.185939
XM_006568767.3	5030	4793.15	27	1.0287
XM_006568768.3	2583	2346.15	4.6393	0.361113
XM_006568769.3	2584	2347.15	3.04641	0.237025
XM_006568771.3	2729	2492.15	0	0
XM_006568773.3	2482	2245.15	25	2.03349
XM_006568774.3	3663	3426.15	0	0
XM_006568776.3	1117	880.148	14.0024	2.90532
XM_006568777.3	1369	1132.15	8.99757	1.45134
XM_006568778.2	2175	1938.15	93.6801	8.82687
XM_006568779.3	2344	2107.15	64.3199	5.57438
XM_006568780.3	9077	8840.15	0	0
XM_006568781.3	6549	6312.15	0.239517	0.00692957
XM_006568782.3	6535	6298.15	2.14345	0.0621507
XM_006568783.3	5412	5175.15	4.12652	0.145616
XM_006568786.3	2194	1957.15	36.3051	3.38759
XM_006568787.3	2182	1945.15	0	0
XM_006568788.2	2934	2697.15	0	0
XM_006568790.3	1445	1208.15	0	0
XM_006568791.3	1406	1169.15	2	0.312397
XM_006568792.3	2294	2057.15	2.60981	0.231681
XM_006568794.3	6392	6155.15	0.721312	0.0214009
XM_006568797.3	2067	1830.15	0	0
XM_006568799.3	1416	1179.15	0	0
XM_006568800.3	1400	1163.15	0	0
XM_006568801.3	1409	1172.15	5	0.778994
XM_006568802.3	1758	1521.15	0	0
XM_006568805.2	1986	1749.15	7	0.730833
XM_006568809.3	989	752.224	1.6959	0.411719
XM_006568810.1	1280	1043.15	20	3.50131
XM_006568813.3	1356	1119.15	9.29019	1.51595
XM_006568814.3	1488	1251.15	6.70981	0.979372
XM_006568816.3	3360	3123.15	12.3024	0.719358
XM_006568817.3	3195	2958.15	2.1575	0.133192
XM_006568819.3	1143	906.148	13	2.61994
XM_006568820.3	1132	895.148	0	0
XM_006568822.3	1146	909.148	9	1.80782
XM_006568824.3	5454	5217.15	193.041	6.75713
XM_006568825.3	4739	4502.15	92.9593	3.77068
XM_006568826.3	5388	5151.15	0	0
XM_006568827.3	5281	5044.15	0	0
XM_006568828.3	5266	5029.15	0	0
XM_006568830.3	5152	4915.15	13.1976	0.490347
XM_006568831.3	5045	4808.15	0	0
XM_006568832.3	5350	5113.15	75.9225	2.71162
XM_006568834.3	9988	9751.15	141.678	2.65334
XM_006568835.3	1620	1383.15	10.7422	1.41831
XM_006568837.3	3109	2872.15	40.0298	2.54521
XM_006568838.3	3128	2891.15	26.7565	1.69007
XM_006568839.3	3031	2794.15	22.2136	1.45183
XM_006568840.3	3050	2813.15	27.3128	1.77305
XM_006568843.3	3025	2788.15	0	0
XM_006568844.3	14575	14338.1	3680.76	46.8803
XM_006568845.3	14389	14152.1	727.293	9.38499
XM_006568847.3	14296	14059.1	12.4095	0.161192
XM_006568851.3	13924	13687.1	0.000156259	2.08486e-06
XM_006568852.3	13831	13594.1	48.3344	0.649308
XM_006568855.3	11863	11626.1	2.79775e-05	4.3946e-07
XM_006568858.3	2792	2555.15	29.9557	2.14096
XM_006568859.3	2859	2622.15	8.33834	0.580723
XM_006568860.3	2817	2580.15	0	0
XM_006568862.3	2617	2380.15	63.7638	4.89234
XM_006568865.3	1942	1705.15	10	1.07099
XM_006568867.3	2703	2466.15	14	1.03671
XM_006568877.2	975	738.297	3.82099	0.945128
XM_006568878.3	1079	842.148	1	0.216849
XM_006568879.3	2385	2148.15	0.0245404	0.00208624
XM_006568881.3	8443	8206.15	0	0
XM_006568882.3	4314	4077.15	10.5865	0.474178
XM_006568884.3	8437	8200.15	102.808	2.28957
XM_006568885.3	8413	8176.15	203.795	4.55188
XM_006568886.3	4507	4270.15	0	0
XM_006568887.3	8407	8170.15	0	0
XM_006568889.3	8380	8143.15	13.6429	0.305958
XM_006568890.3	8353	8116.15	0	0
XM_006568891.3	8350	8113.15	0	0
XM_006568893.3	8122	7885.15	0	0
XM_006568894.3	8092	7855.15	0	0
XM_006568895.3	8086	7849.15	37.1186	0.863605
XM_006568898.3	8317	8080.15	0	0
XM_006568899.3	5067	4830.15	181.403	6.85853
XM_006568900.3	569	339.347	0	0
XM_006568901.3	1056	819.148	0	0
XM_006568902.3	950	713.441	0	0
XM_006568903.3	670	436.243	0	0
XM_006568904.3	1926	1689.15	3.0425	0.328935
XM_006568907.3	1936	1699.15	4.56639	0.490782
XM_006568909.3	1638	1401.15	101	13.1639
XM_006568910.3	7364	7127.15	0	0
XM_006568911.3	7422	7185.15	0	0
XM_006568912.3	7271	7034.15	0	0
XM_006568913.3	7241	7004.15	37.5792	0.979803
XM_006568914.3	7404	7167.15	0	0
XM_006568915.3	7405	7168.15	13.3543	0.340221
XM_006568916.3	7081	6844.15	6.52552e-08	1.74117e-09
XM_006568917.3	7172	6935.15	0	0
XM_006568918.3	7068	6831.15	4.26166e-07	1.13928e-08
XM_006568919.3	8085	7848.15	3.83428	0.0892201
XM_006568923.3	6196	5959.15	0	0
XM_006568924.3	5746	5509.15	2	0.0662967
XM_006568925.3	2161	1924.15	0	0
XM_006568926.3	2130	1893.15	0	0
XM_006568929.3	1525	1288.15	0	0
XM_006568930.3	1848	1611.15	0	0
XM_006568932.3	1433	1196.15	0	0
XM_006568933.3	1444	1207.15	466	70.4972
XM_006568935.3	2178	1941.15	0	0
XM_006568936.3	2018	1781.15	65.8028	6.74669
XM_006568937.3	2760	2523.15	17.7849	1.28723
XM_006568938.3	3688	3451.15	54.4879	2.88325
XM_006568939.3	3592	3355.15	7.29915	0.397289
XM_006568948.3	6079	5842.15	3.71034	0.115981
XM_006568949.3	6022	5785.15	0	0
XM_006568950.3	5715	5478.15	0	0
XM_006568951.3	5658	5421.15	0	0
XM_006568952.3	5601	5364.15	4.12958	0.140589
XM_006568953.3	5544	5307.15	0	0
XM_006568954.3	3037	2800.15	6.75818	0.440753
XM_006568955.3	3283	3046.15	23.0652	1.38278
XM_006568956.3	2103	1866.15	0	0
XM_006568957.3	2629	2392.15	0	0
XM_006568958.3	2379	2142.15	1	0.0852505
XM_006568959.2	1965	1728.15	347	36.6687
XM_006568960.3	3137	2900.15	0	0
XM_006568961.3	3070	2833.15	0	0
XM_006568962.3	3064	2827.15	0	0
XM_006568963.3	7411	7174.15	14.6716	0.373469
XM_006568964.3	8226	7989.15	187.789	4.29256
XM_006568970.3	4062	3825.15	134	6.39739
XM_006568971.3	3736	3499.15	1	0.0521896
XM_006568972.3	710	475.425	0	0
XM_006568973.3	4180	3943.15	0	0
XM_006568975.3	1214	977.148	0	0
XM_006568978.3	3443	3206.15	0	0
XM_006568980.3	3404	3167.15	46	2.65238
XM_006568981.3	7876	7639.15	0.000397901	9.51211e-06
XM_006568982.3	7804	7567.15	178.702	4.31265
XM_006568983.3	8183	7946.15	279.62	6.42625
XM_006568984.3	4435	4198.15	0	0
XM_006568985.3	4154	3917.15	0	0
XM_006568986.3	1867	1630.15	67.8399	7.59984
XM_006568987.3	1381	1144.15	17.1601	2.73895
XM_006568988.3	1000	763.148	26	6.22173
XM_006568993.3	1527	1290.15	0	0
XM_006568994.3	1542	1305.15	2	0.279844
XM_006568998.2	1471	1234.15	241	35.6612
XM_006568999.3	4451	4214.15	5.2544	0.227698
XM_006569001.3	3058	2821.15	0	0
XM_006569002.3	2369	2132.15	1	0.0856503
XM_006569003.3	6964	6727.15	7.9488	0.215783
XM_006569004.3	6946	6709.15	45.6783	1.24334
XM_006569010.3	6762	6525.15	12.4728	0.349076
XM_006569011.3	6744	6507.15	0	0
XM_006569014.3	7233	6996.15	0.606045	0.0158195
XM_006569015.3	7659	7422.15	0	0
XM_006569016.3	7215	6978.15	1.60514	0.0420068
XM_006569017.3	7603	7366.15	0	0
XM_006569018.3	7248	7011.15	21.9844	0.572627
XM_006569035.3	16815	16578.1	0	0
XM_006569042.3	16740	16503.1	0	0
XM_006569043.3	16710	16473.1	5.27217e-08	5.84466e-10
XM_006569044.3	16695	16458.1	518.331	5.75138
XM_006569045.3	16740	16503.1	250.681	2.77397
XM_006569047.3	16746	16509.1	1.78315e-06	1.97247e-08
XM_006569049.3	9364	9127.15	0	0
XM_006569050.3	3703	3466.15	0	0
XM_006569051.3	3682	3445.15	0	0
XM_006569052.3	3481	3244.15	0	0
XM_006569053.3	3677	3440.15	6.15362	0.326663
XM_006569054.3	3460	3223.15	18.8464	1.06781
XM_006569055.3	712	477.425	1	0.382509
XM_006569056.3	2666	2429.15	0	0
XM_006569073.3	760	524.818	145.261	50.5459
XM_006569075.3	2927	2690.15	48.6415	3.302
XM_006569076.3	2595	2358.15	10.253	0.794007
XM_006569077.2	1605	1368.15	5.87699	0.784455
XM_006569083.3	2235	1998.15	12	1.09673
XM_006569087.3	8058	7821.15	0	0
XM_006569089.3	7903	7666.15	7.86407	0.187334
XM_006569090.3	8030	7793.15	0	0
XM_006569091.3	8088	7851.15	0	0
XM_006569092.3	7901	7664.15	38.03	0.906169
XM_006569093.3	7468	7231.15	0	0
XM_006569094.3	7939	7702.15	0	0
XM_006569096.3	6269	6032.15	0	0
XM_006569097.3	5911	5674.15	0	0
XM_006569104.3	6508	6271.15	103.96	3.02738
XM_006569107.3	6447	6210.15	166.366	4.89225
XM_006569110.3	5413	5176.15	0	0
XM_006569111.3	6378	6141.15	175.09	5.20665
XM_006569113.3	5353	5116.15	0	0
XM_006569115.3	5284	5047.15	0	0
XM_006569135.2	889	652.786	2	0.559507
XM_006569137.3	785	549.388	5	1.66202
XM_006569138.3	663	429.548	0	0
XM_006569139.3	2532	2295.15	0	0
XM_006569140.3	3498	3261.15	0	0
XM_006569141.3	3492	3255.15	0	0
XM_006569142.3	4092	3855.15	27.6323	1.30895
XM_006569143.3	3837	3600.15	0	0
XM_006569144.3	3916	3679.15	0	0
XM_006569146.3	5306	5069.15	27.7284	0.998933
XM_006569148.3	3690	3453.15	49.2789	2.60611
XM_006569149.3	2972	2735.15	7.90387	0.527722
XM_006569150.3	2941	2704.15	0	0
XM_006569151.3	8215	7978.15	106.025	2.4269
XM_006569152.3	8711	8474.15	68.2165	1.47008
XM_006569153.3	8571	8334.15	0	0
XM_006569154.3	8028	7791.15	14.7585	0.345929
XM_006569156.3	4235	3998.15	79	3.6084
XM_006569158.3	2258	2021.15	0	0
XM_006569159.2	1931	1694.15	19.8098	2.13538
XM_006569160.3	1948	1711.15	91.6909	9.78555
XM_006569161.3	1972	1735.15	420.499	44.2563
XM_006569165.3	1183	946.148	11.5932	2.23764
XM_006569167.3	5283	5046.15	2.00624e-05	7.26056e-07
XM_006569171.3	719	484.425	0	0
XM_006569173.3	902	665.72	10.6145	2.91176
XM_006569174.3	3084	2847.15	13.1114	0.840979
XM_006569176.3	3048	2811.15	28.2524	1.83535
XM_006569177.3	3363	3126.15	306.909	17.9286
XM_006569178.3	2873	2636.15	23.5331	1.63026
XM_006569180.3	2626	2389.15	4	0.305748
XM_006569181.3	2609	2372.15	61.2826	4.71783
XM_006569182.3	2196	1959.15	0	0
XM_006569187.3	4677	4440.15	4.94996	0.203587
XM_006569191.3	3966	3729.15	0	0
XM_006569194.3	4209	3972.15	5.99111	0.275441
XM_006569195.3	3453	3216.15	0	0
XM_006569199.3	2921	2684.15	7	0.476253
XM_006569201.3	1232	995.148	0	0
XM_006569202.3	3655	3418.15	19	1.0151
XM_006569207.3	3815	3578.15	0	0
XM_006569208.3	3803	3566.15	2.00557	0.102703
XM_006569211.3	1279	1042.15	2.81054	0.4925
XM_006569212.3	1119	882.148	0	0
XM_006569213.3	8245	8008.15	35.0543	0.799383
XM_006569218.3	2232	1995.15	35.8167	3.27836
XM_006569219.3	2142	1905.15	0	0
XM_006569220.3	2228	1991.15	12.6986	1.16466
XM_006569221.3	2153	1916.15	0	0
XM_006569222.3	1444	1207.15	4.72138	0.714258
XM_006569223.3	2467	2230.15	56.8554	4.6557
XM_006569224.3	2465	2228.15	8.14458	0.667531
XM_006569226.3	1812	1575.15	6.87816	0.797438
XM_006569233.3	6655	6418.15	0	0
XM_006569235.3	4399	4162.15	0	0
XM_006569236.3	5737	5500.15	20.3776	0.676588
XM_006569237.3	4757	4520.15	0	0
XM_006569238.3	5137	4900.15	10.7153	0.399341
XM_006569241.3	4576	4339.15	0	0
XM_006569242.3	2386	2149.15	54	4.58853
XM_006569243.3	1877	1640.15	15.9175	1.7723
XM_006569244.3	1224	987.148	1	0.184997
XM_006569245.3	1085	848.148	0	0
XM_006569246.3	3116	2879.15	13	0.824567
XM_006569247.3	2442	2205.15	6	0.49689
XM_006569248.3	1882	1645.15	0	0
XM_006569252.3	1968	1731.15	20	2.1098
XM_006569253.3	1165	928.148	53	10.4281
XM_006569255.3	1568	1331.15	10	1.37189
XM_006569256.2	1590	1353.15	1	0.134959
XM_006569258.3	1336	1099.15	1	0.166146
XM_006569260.3	1166	929.148	0	0
XM_006569264.3	3842	3605.15	5.94128e-08	3.00956e-09
XM_006569265.3	4565	4328.15	0	0
XM_006569278.3	5564	5327.15	40	1.37123
XM_006569280.3	3514	3277.15	19.0961	1.06413
XM_006569281.3	3352	3115.15	6.4006	0.375222
XM_006569282.2	3308	3071.15	5.51694	0.328053
XM_006569290.3	3230	2993.15	0	0
XM_006569292.3	3157	2920.15	19.6975	1.23183
XM_006569293.3	3127	2890.15	0	0
XM_006569295.3	3316	3079.15	58.9019	3.49338
XM_006569296.3	3354	3117.15	6.83275	0.400299
XM_006569299.3	4999	4762.15	109.321	4.19227
XM_006569306.3	2034	1797.15	0	0
XM_006569307.3	4491	4254.15	0	0
XM_006569308.3	4157	3920.15	8	0.372678
XM_006569310.2	1310	1073.15	0	0
XM_006569313.3	1398	1161.15	0	0
XM_006569315.3	1462	1225.15	7	1.04341
XM_006569316.3	2665	2428.15	17	1.27856
XM_006569317.3	7563	7326.15	2.7092	0.0675324
XM_006569318.3	8803	8566.15	6.33086	0.134966
XM_006569319.3	8418	8181.15	0	0
XM_006569320.3	8493	8256.15	15.8303	0.350154
XM_006569321.3	8939	8702.15	0	0
XM_006569323.3	8554	8317.15	0	0
XM_006569324.3	7898	7661.15	0.0261915	0.000624328
XM_006569325.3	7743	7506.15	20.7976	0.50599
XM_006569326.3	1445	1208.15	0	0
XM_006569327.3	1376	1139.15	1.48677	0.238347
XM_006569329.3	1046	809.148	8	1.80555
XM_006569333.3	1296	1059.15	4	0.689684
XM_006569334.3	808	572.277	9.44172	3.01294
XM_006569337.3	797	561.277	25	8.13409
XM_006569339.3	897	660.786	0	0
XM_006569340.3	10110	9873.15	42.106	0.778815
XM_006569341.3	486	264.853	0	0
XM_006569345.3	4188	3951.15	4.13853	0.19128
XM_006569346.3	3905	3668.15	6.24992	0.311153
XM_006569347.3	4161	3924.15	0	0
XM_006569351.3	3423	3186.15	7.20153	0.412768
XM_006569353.3	3508	3271.15	0	0
XM_006569372.3	2749	2512.15	91.0345	6.6177
XM_006569373.3	511	286.393	10	6.37652
XM_006569374.3	3184	2947.15	37.2166	2.30612
XM_006569375.3	2653	2416.15	27.7834	2.09995
XM_006569379.3	2205	1968.15	19.4822	1.8077
XM_006569380.3	2100	1863.15	0	0
XM_006569381.3	2103	1866.15	0	0
XM_006569388.3	12251	12014.1	2.48836	0.037824
XM_006569392.3	1723	1486.15	0	0
XM_006569399.3	1361	1124.15	75.5685	12.2762
XM_006569403.3	3354	3117.15	113	6.62014
XM_006569406.3	1296	1059.15	10	1.72421
XM_006569407.3	2425	2188.15	0	0
XM_006569408.3	2822	2585.15	14.3741	1.01541
XM_006569415.3	2262	2025.15	3	0.270527
XM_006569420.3	2198	1961.15	199	18.5306
XM_006569421.2	3369	3132.15	10.9477	0.638305
XM_006569422.3	5666	5429.15	0	0
XM_006569423.3	5666	5429.15	0	0
XM_006569424.3	3426	3189.15	0	0
XM_006569425.2	5336	5099.15	0	0
XM_006569426.3	7116	6879.15	12	0.318561
XM_006569427.3	9092	8855.15	68.0013	1.40239
XM_006569428.3	9046	8809.15	0	0
XM_006569431.2	808	572.277	2.32285	0.741245
XM_006569432.3	2200	1963.15	28	2.60466
XM_006569433.3	3520	3283.15	0	0
XM_006569434.3	3435	3198.15	3.13617	0.17908
XM_006569435.3	3460	3223.15	0.00144102	8.16463e-05
XM_006569436.3	4285	4048.15	0	0
XM_006569437.3	2741	2504.15	1.86239	0.135818
XM_006569438.3	5500	5263.15	0	0
XM_006569441.3	4370	4133.15	207.451	9.16604
XM_006569447.3	5948	5711.15	25.5467	0.816881
XM_006569448.3	3394	3157.15	0	0
XM_006569449.3	3391	3154.15	17.2352	0.997883
XM_006569450.2	1970	1733.15	0	0
XM_006569451.2	668	434.375	0	0
XM_006569452.3	1882	1645.15	0	0
XM_006569453.3	1866	1629.15	0	0
XM_006569454.3	602	370.378	1	0.493061
XM_006569457.3	2214	1977.15	7	0.646555
XM_006569460.2	1469	1232.15	13.2922	1.97006
XM_006569461.3	1427	1190.15	3.77125	0.578669
XM_006569462.3	1668	1431.15	5.23891	0.668502
XM_006569463.3	2083	1846.15	5.76109	0.569882
XM_006569464.3	1920	1683.15	0	0
XM_006569465.3	4095	3858.15	19.103	0.904209
XM_006569466.3	3528	3291.15	20	1.10976
XM_006569470.3	4822	4585.15	0	0
XM_006569472.3	4789	4552.15	0	0
XM_006569473.3	4702	4465.15	0.00170413	6.9697e-05
XM_006569482.3	887	650.786	19.4222	5.45011
XM_006569483.3	876	639.915	3.57784	1.02105
XM_006569487.1	1433	1196.15	3.3859	0.516935
XM_006569488.3	1669	1432.15	0.0402246	0.00512921
XM_006569489.3	3591	3354.15	14	0.762241
XM_006569491.3	941	704.582	4	1.03675
XM_006569493.3	2671	2434.15	20.9902	1.57477
XM_006569496.3	2233	1996.15	2	0.182972
XM_006569499.3	2840	2603.15	2.60864	0.183004
XM_006569500.3	3654	3417.15	56	2.99275
XM_006569507.3	2514	2277.15	10	0.801965
XM_006569509.3	1674	1437.15	79.0446	10.0442
XM_006569514.3	1449	1212.15	6	0.903945
XM_006569515.3	1653	1416.15	1	0.128955
XM_006569528.3	1248	1011.15	10.8733	1.96377
XM_006569529.3	1208	971.148	0	0
XM_006569530.3	2335	2098.15	12.6295	1.09925
XM_006569531.3	2381	2144.15	0	0
XM_006569538.2	3144	2907.15	25.3805	1.59434
XM_006569540.3	2915	2678.15	1.61949	0.11043
XM_006569541.3	1552	1315.15	0	0
XM_006569542.3	1510	1273.15	0	0
XM_006569543.3	2528	2291.15	24.1146	1.92209
XM_006569544.3	1167	930.148	2	0.392667
XM_006569546.3	1096	859.148	0	0
XM_006569547.3	991	754.224	0	0
XM_006569548.3	995	758.224	0	0
XM_006569558.3	2108	1871.15	0	0
XM_006569559.3	1769	1532.15	13	1.54949
XM_006569560.3	1496	1259.15	0	0
XM_006569561.2	1674	1437.15	4	0.508282
XM_006569562.3	2914	2677.15	16	1.09143
XM_006569564.3	1650	1413.15	0.012019	0.0015532
XM_006569567.3	1547	1310.15	0	0
XM_006569568.3	1578	1341.15	0	0
XM_006569572.3	555	325.955	2	1.12052
XM_006569573.3	687	452.796	0	0
XM_006569574.3	2976	2739.15	0	0
XM_006569575.3	2970	2733.15	6	0.400899
XM_006569576.3	3208	2971.15	0	0
XM_006569578.3	1313	1076.15	3.07002	0.520973
XM_006569579.3	1279	1042.15	0	0
XM_006569580.3	2401	2164.15	2.18966	0.184772
XM_006569586.3	3238	3001.15	10	0.608498
XM_006569589.3	2115	1878.15	10	0.972337
XM_006569590.3	3269	3032.15	0	0
XM_006569592.3	2775	2538.15	6.84745	0.492672
XM_006569593.3	2833	2596.15	12.9914	0.913848
XM_006569594.3	2749	2512.15	3.51182	0.25529
XM_006569597.3	1319	1082.15	0	0
XM_006569598.3	1737	1500.15	0	0
XM_006569599.3	2414	2177.15	0	0
XM_006569600.3	2431	2194.15	0	0
XM_006569601.3	2453	2216.15	27.6836	2.28124
XM_006569602.3	2069	1832.15	0.382943	0.0381698
XM_006569603.3	2060	1823.15	49.4265	4.9509
XM_006569604.3	2018	1781.15	41	4.20369
XM_006569605.3	3837	3600.15	0	0
XM_006569606.3	3461	3224.15	0	0
XM_006569607.3	3147	2910.15	0	0
XM_006569610.3	3250	3013.15	0	0
XM_006569611.3	3475	3238.15	0	0
XM_006569612.3	976	739.224	0	0
XM_006569613.3	4393	4156.15	2.26022	0.0993131
XM_006569614.3	4098	3861.15	11.0156	0.521
XM_006569615.3	5145	4908.15	73.3655	2.72973
XM_006569616.3	3997	3760.15	0	0
XM_006569618.3	1344	1107.15	2	0.329891
XM_006569620.3	3476	3239.15	34.6433	1.95315
XM_006569621.3	4922	4685.15	0	0
XM_006569622.3	5006	4769.15	0	0
XM_006569623.3	4472	4235.15	0	0
XM_006569624.3	4552	4315.15	0	0
XM_006569625.3	4914	4677.15	0	0
XM_006569626.3	4464	4227.15	37.2136	1.60768
XM_006569627.3	4549	4312.15	19.7153	0.83494
XM_006569628.3	4908	4671.15	25.2542	0.987315
XM_006569629.3	4855	4618.15	9.20139	0.363858
XM_006569630.3	4840	4603.15	7.51277	0.298052
XM_006569631.3	4596	4359.15	0	0
XM_006569632.2	1122	885.148	23	4.74524
XM_006569633.3	1910	1673.15	46	5.02077
XM_006569634.3	4258	4021.15	108.698	4.9365
XM_006569635.3	4332	4095.15	0	0
XM_006569636.3	4250	4013.15	75.0254	3.41405
XM_006569637.3	5038	4801.15	0.001232	4.68611e-05
XM_006569640.3	3527	3290.15	0	0
XM_006569646.3	1899	1662.15	0	0
XM_006569647.3	1672	1435.15	0	0
XM_006569649.3	4191	3954.15	0	0
XM_006569650.3	2426	2189.15	0	0
XM_006569657.3	1026	789.148	4.9012	1.1342
XM_006569658.3	4858	4621.15	222.016	8.77365
XM_006569659.3	1093	856.148	0	0
XM_006569664.3	1545	1308.15	0	0
XM_006569666.3	2211	1974.15	8.27914	0.765864
XM_006569667.3	2151	1914.15	11.3423	1.08211
XM_006569668.3	2148	1911.15	71.0942	6.79339
XM_006569669.3	2132	1895.15	0	0
XM_006569675.3	795	559.277	0	0
XM_006569676.3	717	482.425	5	1.89272
XM_006569677.3	6243	6006.15	0.0782376	0.00237885
XM_006569678.3	6234	5997.15	1.43547e-07	4.37116e-09
XM_006569679.3	6159	5922.15	67.2592	2.07405
XM_006569680.3	5898	5661.15	22.1558	0.71471
XM_006569681.3	5459	5222.15	0	0
XM_006569683.3	5470	5233.15	0	0
XM_006569685.3	5440	5203.15	0	0
XM_006569688.3	1857	1620.15	1.59818e-07	1.80142e-08
XM_006569692.3	2683	2446.15	0	0
XM_006569693.3	3105	2868.15	0	0
XM_006569694.3	3102	2865.15	18.3957	1.17251
XM_006569695.3	3087	2850.15	12.6043	0.8076
XM_006569696.3	3043	2806.15	0	0
XM_006569697.3	3040	2803.15	0	0
XM_006569699.3	619	386.614	398	187.998
XM_006569704.3	2604	2367.15	12.1469	0.937099
XM_006569706.3	2663	2426.15	107.056	8.05825
XM_006569707.3	913	676.72	0	0
XM_006569708.3	811	575.22	0	0
XM_006569710.3	2118	1881.15	16	1.55326
XM_006569716.3	2360	2123.15	2.02766	0.174406
XM_006569720.3	1216	979.148	0	0
XM_006569725.3	1024	787.148	0	0
XM_006569726.2	2687	2450.15	15	1.11801
XM_006569728.3	2796	2559.15	9	0.642234
XM_006569730.3	1711	1474.15	40.3383	4.99716
XM_006569731.3	1458	1221.15	31.0275	4.64007
XM_006569732.3	2632	2395.15	9	0.686209
XM_006569733.3	2202	1965.15	0	0
XM_006569741.3	2944	2707.15	1.51146	0.10196
XM_006569742.3	2939	2702.15	0	0
XM_006569743.3	3088	2851.15	0	0
XM_006569764.3	6805	6568.15	9.06165e-06	2.51948e-07
XM_006569766.3	6766	6529.15	369.509	10.3351
XM_006569768.3	6742	6505.15	231.041	6.48602
XM_006569771.3	1505	1268.15	1.08275e-05	1.55921e-06
XM_006569772.3	2391	2154.15	2.17993	0.184805
XM_006569773.3	2008	1771.15	0	0
XM_006569775.3	1829	1592.15	0	0
XM_006569776.3	4045	3808.15	335.2	16.0745
XM_006569777.3	3877	3640.15	176.618	8.86058
XM_006569778.3	2843	2606.15	0	0
XM_006569779.3	3172	2935.15	12.9665	0.806751
XM_006569780.3	2738	2501.15	9.32696	0.681
XM_006569781.3	2821	2584.15	7.63647	0.539662
XM_006569784.3	1698	1461.15	0	0
XM_006569788.3	2174	1937.15	4.10553	0.387037
XM_006569789.3	2139	1902.15	0	0
XM_006569790.3	1688	1451.15	7.50411	0.944353
XM_006569791.3	1575	1338.15	6	0.81883
XM_006569794.3	7158	6921.15	585.097	15.4382
XM_006569795.3	7158	6921.15	998.222	26.3388
XM_006569796.3	7158	6921.15	1356.69	35.7971
XM_006569797.3	7158	6921.15	284.289	7.50117
XM_006569798.3	7158	6921.15	7.98067e-05	2.10575e-06
XM_006569799.3	7158	6921.15	206.635	5.45219
XM_006569800.3	7158	6921.15	5.77568e-05	1.52395e-06
XM_006569801.3	7155	6918.15	169.865	4.48394
XM_006569803.3	7155	6918.15	81.7328	2.15751
XM_006569805.3	7220	6983.15	1786.93	46.7308
XM_006569807.3	2479	2242.15	17.6075	1.4341
XM_006569808.3	2773	2536.15	0	0
XM_006569809.3	2607	2370.15	0	0
XM_006569810.3	2297	2060.15	0	0
XM_006569813.3	2631	2394.15	0	0
XM_006569814.3	2583	2346.15	10.3336	0.804349
XM_006569816.3	2471	2234.15	19.4206	1.58744
XM_006569817.3	4454	4217.15	0	0
XM_006569818.3	4417	4180.15	0	0
XM_006569819.3	3981	3744.15	0	0
XM_006569825.3	2201	1964.15	2.73303	0.254107
XM_006569826.2	894	657.786	3	0.832881
XM_006569834.3	1628	1391.15	46	6.03853
XM_006569841.3	1541	1304.15	15	2.10044
XM_006569844.3	2652	2415.15	0	0
XM_006569845.3	2649	2412.15	0	0
XM_006569846.3	2665	2428.15	24.777	1.86346
XM_006569847.3	2273	2036.15	6.22298	0.55813
XM_006569853.3	890	653.786	14	3.91056
XM_006569854.3	1135	898.148	9	1.82996
XM_006569855.3	1624	1387.15	0	0
XM_006569857.3	1919	1682.15	88	9.55355
XM_006569859.3	2235	1998.15	10.4827	0.958055
XM_006569860.3	3234	2997.15	6.46612	0.393987
XM_006569876.3	2774	2537.15	4.64974	0.33468
XM_006569889.2	2031	1794.15	3.43248	0.349379
XM_006569890.3	2567	2330.15	1084.59	85.0022
XM_006569891.2	2453	2216.15	409.467	33.7417
XM_006569892.2	2586	2349.15	2.103	0.163484
XM_006569894.2	2579	2342.15	12.8361	1.00084
XM_006569896.3	1816	1579.15	0	0
XM_006569897.3	3745	3508.15	5	0.260279
XM_006569898.3	2006	1769.15	0	0
XM_006569900.3	3008	2771.15	5.36228	0.353375
XM_006569901.3	6704	6467.15	25.7157	0.72616
XM_006569902.3	3944	3707.15	3.02718e-05	1.49123e-06
XM_006569907.3	1901	1664.15	11	1.20711
XM_006569911.3	1129	892.148	0	0
XM_006569915.3	1482	1245.15	26	3.81328
XM_006569916.3	1868	1631.15	0	0
XM_006569918.3	3220	2983.15	1	0.0612169
XM_006569921.3	2198	1961.15	0	0
XM_006569923.3	1865	1628.15	0	0
XM_006569927.3	633	400.256	4	1.82502
XM_006569928.3	2045	1808.15	10	1.00998
XM_006569929.3	10044	9807.15	207.56	3.86499
XM_006569930.3	1444	1207.15	11.1992	1.69423
XM_006569931.3	1365	1128.15	10.7443	1.73923
XM_006569932.3	2043	1806.15	7.16515	0.724467
XM_006569933.3	1303	1066.15	31	5.30995
XM_006569936.3	6164	5927.15	18	0.554591
XM_006569937.3	1570	1333.15	0	0
XM_006569938.3	1922	1685.15	0	0
XM_006569940.3	8486	8249.15	50.4061	1.11589
XM_006569945.3	4401	4164.15	0	0
XM_006569946.3	4377	4140.15	0	0
XM_006569947.3	959	722.37	28.6634	7.24627
XM_006569950.3	624	391.496	5	2.33233
XM_006569951.2	3704	3467.15	89	4.68775
XM_006569959.2	1381	1144.15	5	0.798058
XM_006569961.3	1417	1180.15	0	0
XM_006569965.3	2221	1984.15	0	0
XM_006569967.3	4502	4265.15	0	0
XM_006569968.3	4497	4260.15	0	0
XM_006569975.3	12861	12624.1	0.365029	0.00528046
XM_006569976.3	12859	12622.1	0.426818	0.00617526
XM_006569977.3	12853	12616.1	0.682419	0.00987804
XM_006569978.3	12833	12596.1	3.26674	0.0473612
XM_006569979.3	12834	12597.1	3.02054	0.0437884
XM_006569980.3	12095	11858.1	0	0
XM_006569981.3	12924	12687.1	10.2385	0.147373
XM_006569984.3	3582	3345.15	0	0
XM_006569986.3	4378	4141.15	5.44898	0.240293
XM_006569987.3	4264	4027.15	0	0
XM_006569991.3	1402	1165.15	3.34501	0.524279
XM_006569992.3	1415	1178.15	4.98055	0.772012
XM_006569993.3	1400	1163.15	1.67444	0.262894
XM_006569995.3	2473	2236.15	6	0.490001
XM_006569996.3	2335	2098.15	0	0
XM_006570002.3	3730	3493.15	0	0
XM_006570003.3	5034	4797.15	0	0
XM_006570004.3	406	199.27	2	1.83288
XM_006570005.3	2779	2542.15	0	0
XM_006570006.3	2754	2517.15	0	0
XM_006570007.3	2645	2408.15	9	0.682505
XM_006570009.3	2645	2408.15	9	0.682505
XM_006570010.3	2223	1986.15	0.931859	0.0856811
XM_006570013.3	2289	2052.15	0	0
XM_006570014.3	2113	1876.15	0	0
XM_006570015.3	2220	1983.15	0.000194183	1.78814e-05
XM_006570016.3	1838	1601.15	0	0
XM_006570018.3	5036	4799.15	5.26381e-08	2.00301e-09
XM_006570019.3	4891	4654.15	47.1898	1.85163
XM_006570020.3	4823	4586.15	0	0
XM_006570021.3	4808	4571.15	0	0
XM_006570024.3	1389	1152.15	0	0
XM_006570025.3	1580	1343.15	1.87329	0.254699
XM_006570026.3	4287	4050.15	0	0
XM_006570028.3	4219	3982.15	4.0815	0.187176
XM_006570029.3	4478	4241.15	0	0
XM_006570030.3	4136	3899.15	0	0
XM_006570031.3	4097	3860.15	4.52189	0.213926
XM_006570032.3	5779	5542.15	65.6512	2.16327
XM_006570033.3	5796	5559.15	0.142512	0.00468155
XM_006570034.3	5776	5539.15	0	0
XM_006570035.3	5703	5466.15	14.9731	0.500238
XM_006570036.3	5194	4957.15	0.124296	0.00457902
XM_006570037.3	5179	4942.15	2.4745	0.091436
XM_006570038.3	5140	4903.15	42.8158	1.59469
XM_006570043.3	1553	1316.15	1.86969	0.259425
XM_006570045.3	1156	919.148	6.79753	1.35055
XM_006570046.3	2091	1854.15	0	0
XM_006570047.3	2132	1895.15	2.35625	0.227051
XM_006570048.3	1915	1678.15	7.48625	0.814668
XM_006570049.3	1815	1578.15	0	0
XM_006570050.3	1727	1490.15	0	0
XM_006570051.3	2073	1836.15	0	0
XM_006570052.3	2064	1827.15	0	0
XM_006570053.3	2001	1764.15	0	0
XM_006570054.3	1995	1758.15	0	0
XM_006570055.3	1718	1481.15	3.58512	0.44203
XM_006570058.3	3479	3242.15	0	0
XM_006570059.3	1977	1740.15	0	0
XM_006570060.3	1974	1737.15	11.3575	1.19397
XM_006570061.3	1968	1731.15	0	0
XM_006570062.3	1905	1668.15	0	0
XM_006570063.3	1628	1391.15	3.53006	0.463399
XM_006570064.3	1541	1304.15	2.0064	0.280956
XM_006570065.3	1887	1650.15	0	0
XM_006570066.3	1878	1641.15	0	0
XM_006570067.3	3161	2924.15	4.98567	0.311365
XM_006570068.3	1769	1532.15	6	0.71515
XM_006570069.2	776	540.607	1	0.337804
XM_006570070.3	6431	6194.15	0	0
XM_006570071.3	3051	2814.15	2.54033e-07	1.6485e-08
XM_006570072.3	3322	3085.15	0	0
XM_006570076.3	3178	2941.15	36.6186	2.27369
XM_006570077.3	3000	2763.15	17.5558	1.16028
XM_006570080.3	2408	2171.15	0	0
XM_006570081.3	2267	2030.15	0	0
XM_006570089.3	895	658.786	14	3.88088
XM_006570090.3	2951	2714.15	64.7602	4.35734
XM_006570091.3	3407	3170.15	0	0
XM_006570093.3	2196	1959.15	0	0
XM_006570100.3	4510	4273.15	0	0
XM_006570101.3	4655	4418.15	0	0
XM_006570102.3	4802	4565.15	0	0
XM_006570103.3	4904	4667.15	40.6218	1.58948
XM_006570105.3	4529	4292.15	46.4685	1.97711
XM_006570106.3	4771	4534.15	17.0025	0.684799
XM_006570107.3	4418	4181.15	3.35282	0.14644
XM_006570108.3	4372	4135.15	9.26087	0.408985
XM_006570110.3	4511	4274.15	2	0.0854529
XM_006570113.3	2977	2740.15	2.34154	0.156053
XM_006570114.3	2665	2428.15	5.65846	0.425569
XM_006570115.3	720	485.425	41	15.4244
XM_006570116.3	870	633.915	0	0
XM_006570118.3	2368	2131.15	0	0
XM_006570119.3	1279	1042.15	0	0
XM_006570120.3	1190	953.148	0	0
XM_006570121.3	1154	917.148	0	0
XM_006570122.3	2483	2246.15	8	0.650426
XM_006570141.3	889	652.786	3.53669	0.989402
XM_006570142.3	863	626.978	0	0
XM_006570146.3	1162	925.148	0	0
XM_006570147.3	2441	2204.15	0	0
XM_006570148.3	5314	5077.15	0	0
XM_006570149.3	5289	5052.15	0	0
XM_006570150.3	5230	4993.15	0	0
XM_006570151.3	5193	4956.15	0.153145	0.00564295
XM_006570152.3	5456	5219.15	38.6882	1.35371
XM_006570153.3	5005	4768.15	17.9469	0.687363
XM_006570155.3	5534	5297.15	3.99471	0.137718
XM_006570156.3	5230	4993.15	4.88547	0.178681
XM_006570157.3	4998	4761.15	0	0
XM_006570158.3	5226	4989.15	0	0
XM_006570159.3	4932	4695.15	0	0
XM_006570160.3	5154	4917.15	0	0
XM_006570166.3	1329	1092.15	0	0
XM_006570167.3	2550	2313.15	0	0
XM_006570172.3	1659	1422.15	17	2.18298
XM_006570173.3	1402	1165.15	1	0.156735
XM_006570174.3	1430	1193.15	0	0
XM_006570178.3	4985	4748.15	0.0492481	0.00189414
XM_006570180.3	4955	4718.15	25.6621	0.993271
XM_006570181.3	4663	4426.15	11.2913	0.465868
XM_006570183.3	3491	3254.15	0.18742	0.0105178
XM_006570184.3	4785	4548.15	0	0
XM_006570185.3	4685	4448.15	0	0
XM_006570186.3	1536	1299.15	16.783	2.35916
XM_006570187.2	2994	2757.15	252	16.6912
XM_006570188.3	1634	1397.15	0	0
XM_006570190.3	3935	3698.15	156.725	7.73928
XM_006570191.3	2833	2596.15	1.27492	0.0896809
XM_006570192.3	4781	4544.15	0	0
XM_006570194.3	4075	3838.15	0	0
XM_006570195.3	1295	1058.15	0	0
XM_006570196.3	5605	5368.15	0.000425748	1.44835e-05
XM_006570197.3	5545	5308.15	27.9996	0.963285
XM_006570198.3	4965	4728.15	0	0
XM_006570201.3	2428	2191.15	0	0
XM_006570208.3	669	435.331	70	29.3647
XM_006570209.3	881	644.786	0	0
XM_006570210.2	698	463.566	3.9408	1.55246
XM_006570211.3	601	369.416	105	51.9063
XM_006570212.3	4716	4479.15	17.0929	0.696894
XM_006570213.3	1866	1629.15	2.10023	0.235425
XM_006570214.3	1848	1611.15	2.12637	0.241018
XM_006570215.3	1794	1557.15	0	0
XM_006570216.3	1668	1431.15	0	0
XM_006570217.3	3695	3458.15	7.13041	0.376545
XM_006570218.3	2374	2137.15	0	0
XM_006570219.3	2375	2138.15	0	0
XM_006570222.3	2254	2017.15	0	0
XM_006570223.3	4516	4279.15	0	0
XM_006570227.3	2101	1864.15	89.2865	8.74686
XM_006570228.3	2165	1928.15	10.3416	0.979474
XM_006570229.3	1013	776.148	189	44.4697
XM_006570233.3	651	417.762	0	0
XM_006570234.3	920	683.652	6	1.60274
XM_006570236.3	857	621.102	326.108	95.8838
XM_006570237.3	1106	869.148	259.892	54.6066
XM_006570238.3	4416	4179.15	40.4286	1.76664
XM_006570239.3	4051	3814.15	0	0
XM_006570242.3	2698	2461.15	0	0
XM_006570243.3	1859	1622.15	11	1.23837
XM_006570246.3	1615	1378.15	6.20069	0.821657
XM_006570247.3	1572	1335.15	0	0
XM_006570249.3	1225	988.148	0	0
XM_006570250.3	1313	1076.15	0	0
XM_006570251.3	1252	1015.15	0	0
XM_006570253.3	1165	928.148	0	0
XM_006570255.3	1263	1026.15	0	0
XM_006570257.3	1780	1543.15	0	0
XM_006570258.2	1706	1469.15	32.7915	4.07608
XM_006570268.3	5253	5016.15	44.1224	1.60633
XM_006570273.3	1488	1251.15	14.6887	2.14398
XM_006570274.3	1220	983.148	0	0
XM_006570275.3	7479	7242.15	0	0
XM_006570279.3	2385	2148.15	3.2843e-06	2.79206e-07
XM_006570281.3	590	358.82	0	0
XM_006570283.3	8217	7980.15	3.30942e-05	7.57334e-07
XM_006570287.3	883	646.786	2	0.564697
XM_006570291.3	1095	858.148	4.19917	0.893609
XM_006570292.3	978	741.224	0	0
XM_006570293.3	669	435.331	5.42304	2.27494
XM_006570295.3	3908	3671.15	170.209	8.46697
XM_006570296.3	4560	4323.15	43.5339	1.83897
XM_006570298.3	4031	3794.15	0	0
XM_006570300.3	3158	2921.15	5	0.312581
XM_006570301.3	1405	1168.15	135	21.1049
XM_006570302.3	2351	2114.15	0	0
XM_006570303.3	2264	2027.15	0	0
XM_006570304.3	4172	3935.15	485.734	22.5416
XM_006570310.3	7777	7540.15	0	0
XM_006570314.3	7096	6859.15	225.345	5.99963
XM_006570316.3	8264	8027.15	169.108	3.84724
XM_006570319.3	2424	2187.15	1.35668	0.113278
XM_006570320.3	3123	2886.15	1.2488	0.0790173
XM_006570321.2	3004	2767.15	35.4763	2.34127
XM_006570322.3	2612	2375.15	0	0
XM_006570323.3	3018	2781.15	2.47363	0.162426
XM_006570324.3	1423	1186.15	18	2.77128
XM_006570325.3	1230	993.148	6	1.10328
XM_006570328.3	3404	3167.15	5.88999	0.33962
XM_006570334.3	6637	6400.15	0	0
XM_006570348.3	2030	1793.15	16	1.62948
XM_006570349.3	1752	1515.15	5.17911e-05	6.24232e-06
XM_006570350.3	1841	1604.15	81.7222	9.3034
XM_006570351.2	2204	1967.15	98.2778	9.12357
XM_006570356.3	2374	2137.15	0	0
XM_006570358.3	2790	2553.15	23.5516	1.68457
XM_006570359.3	1761	1524.15	18.647	2.23423
XM_006570360.3	4351	4114.15	0	0
XM_006570361.3	4160	3923.15	0	0
XM_006570362.3	3985	3748.15	16.6432	0.810898
XM_006570364.3	3762	3525.15	5.86486e-06	3.03827e-07
XM_006570365.3	1294	1057.15	3.46376	0.598354
XM_006570366.3	1296	1059.15	0.536242	0.0924593
XM_006570369.3	1948	1711.15	8.13542	0.868238
XM_006570370.3	2690	2453.15	17.0357	1.26819
XM_006570372.3	1731	1494.15	4.15216	0.50749
XM_006570373.3	2546	2309.15	38.8121	3.06946
XM_006570374.3	2890	2653.15	23.5835	1.62328
XM_006570379.2	4921	4684.15	132.369	5.16063
XM_006570380.2	4846	4609.15	70.7847	2.80456
XM_006570384.3	589	357.929	2.24098	1.14337
XM_006570385.3	3298	3061.15	160.863	9.59665
XM_006570386.3	3289	3052.15	21.0162	1.25746
XM_006570387.3	2513	2276.15	0	0
XM_006570388.3	2687	2450.15	0	0
XM_006570390.2	3292	3055.15	0	0
XM_006570392.3	2392	2155.15	5219.04	442.242
XM_006570393.3	2389	2152.15	14829.6	1258.36
XM_006570399.3	2179	1942.15	44.5029	4.18458
XM_006570403.3	3875	3638.15	0	0
XM_006570406.3	4498	4261.15	9.42108	0.403758
XM_006570407.3	1377	1140.15	0	0
XM_006570408.3	1436	1199.15	4	0.609163
XM_006570410.3	1676	1439.15	52.3623	6.64446
XM_006570412.3	3680	3443.15	121.027	6.41907
XM_006570414.3	5112	4875.15	109	4.08305
XM_006570415.3	4489	4252.15	0	0
XM_006570417.3	1702	1465.15	6.8931	0.859171
XM_006570418.3	1567	1330.15	0	0
XM_006570420.3	3154	2917.15	7.14379	0.447216
XM_006570421.3	3129	2892.15	0	0
XM_006570426.3	1984	1747.15	0	0
XM_006570427.3	2136	1899.15	10.9975	1.0575
XM_006570429.3	2308	2071.15	20.0025	1.76368
XM_006570430.3	2003	1766.15	2.44151	0.252452
XM_006570434.3	3589	3352.15	104.962	5.71817
XM_006570435.3	3569	3332.15	33.392	1.83006
XM_006570436.3	3393	3156.15	0	0
XM_006570440.3	2406	2169.15	17.4793	1.47157
XM_006570443.3	3022	2785.15	12	0.786827
XM_006570444.3	5842	5605.15	0	0
XM_006570445.3	5782	5545.15	0	0
XM_006570446.3	8432	8195.15	2.96852e-06	6.615e-08
XM_006570447.3	8387	8150.15	0.000680392	1.52454e-05
XM_006570448.3	8325	8088.15	45.8663	1.0356
XM_006570449.3	8750	8513.15	0	0
XM_006570450.3	8747	8510.15	52.3877	1.12419
XM_006570451.3	5101	4864.15	0	0
XM_006570452.3	5704	5467.15	0	0
XM_006570453.3	5701	5464.15	45.3731	1.51643
XM_006570456.3	3537	3300.15	14.2161	0.786672
XM_006570457.3	3148	2911.15	44.6492	2.80089
XM_006570458.3	8953	8716.15	0	0
XM_006570459.3	8579	8342.15	0	0
XM_006570460.3	8830	8593.15	0	0
XM_006570461.3	8951	8714.15	0	0
XM_006570462.3	8864	8627.15	45.8591	0.970743
XM_006570463.3	8847	8610.15	0	0
XM_006570464.3	8948	8711.15	0	0
XM_006570465.3	8119	7882.15	17.654	0.40902
XM_006570466.3	8385	8148.15	48.4312	1.08546
XM_006570469.3	4457	4220.15	0	0
XM_006570470.3	1997	1760.15	9	0.93377
XM_006570497.3	1444	1207.15	34.1138	5.16079
XM_006570498.3	2721	2484.15	0	0
XM_006570499.3	1954	1717.15	1.99913	0.212608
XM_006570500.3	2205	1968.15	7.03384	0.652652
XM_006570502.3	1392	1155.15	12.018	1.89995
XM_006570507.3	1775	1538.15	21	2.49326
XM_006570509.3	15848	15611.1	0	0
XM_006570510.3	15826	15589.1	10.6967	0.125307
XM_006570511.3	15490	15253.1	116.998	1.40076
XM_006570512.3	15656	15419.1	29.6908	0.351648
XM_006570513.3	16256	16019.1	0.000180329	2.05576e-06
XM_006570514.3	16223	15986.1	0.00138041	1.57692e-05
XM_006570515.3	16119	15882.1	0.86646	0.0099629
XM_006570516.3	16086	15849.1	6.75031	0.0777793
XM_006570517.3	15494	15257.1	10.2737	0.12297
XM_006570518.3	15603	15366.1	35.8369	0.425904
XM_006570520.3	15458	15221.1	0	0
XM_006570521.3	15357	15120.1	7.23025	0.087326
XM_006570528.3	4881	4644.15	0	0
XM_006570529.3	4945	4708.15	0	0
XM_006570532.3	4078	3841.15	0	0
XM_006570533.3	3957	3720.15	3	0.147268
XM_006570535.3	4853	4616.15	0	0
XM_006570540.3	1655	1418.15	5.21674	0.671775
XM_006570547.3	1842	1605.15	272.626	31.0169
XM_006570548.3	1818	1581.15	12.3172	1.42261
XM_006570549.2	1833	1596.15	7.58618	0.867953
XM_006570550.3	6490	6253.15	0	0
XM_006570551.3	849	613.102	2	0.595722
XM_006570552.3	845	609.102	0	0
XM_006570555.3	5966	5729.15	18.0113	0.574117
XM_006570556.3	5980	5743.15	0	0
XM_006570557.3	5964	5727.15	18.4637	0.588743
XM_006570558.3	6114	5877.15	7.77641	0.241635
XM_006570559.3	5938	5701.15	52.876	1.69372
XM_006570560.3	6097	5860.15	31.9145	0.994549
XM_006570564.3	1081	844.148	0	0
XM_006570570.3	907	670.72	2511	683.678
XM_006570574.3	826	590.162	1	0.309439
XM_006570576.3	3408	3171.15	232.44	13.3857
XM_006570577.3	4359	4122.15	668.363	29.6098
XM_006570578.3	3282	3045.15	24.6717	1.47958
XM_006570579.3	3396	3159.15	212.89	12.3064
XM_006570580.3	3447	3210.15	45.7178	2.6008
XM_006570581.3	2897	2660.15	8.26166	0.567163
XM_006570583.3	1028	791.148	36.6799	8.46676
XM_006570584.3	5303	5066.15	0	0
XM_006570585.3	5291	5054.15	0.0538377	0.00194529
XM_006570586.3	5285	5048.15	0	0
XM_006570587.3	5261	5024.15	0	0
XM_006570588.3	5135	4898.15	0	0
XM_006570589.3	5117	4880.15	140.475	5.25667
XM_006570590.3	5093	4856.15	0	0
XM_006570591.3	6315	6078.15	0	0
XM_006570592.3	6147	5910.15	111.706	3.45164
XM_006570596.3	4909	4672.15	67.4249	2.63542
XM_006570602.3	5249	5012.15	52.1436	1.89987
XM_006570603.3	2060	1823.15	0	0
XM_006570609.2	1731	1494.15	3	0.366669
XM_006570610.3	1563	1326.15	18	2.47872
XM_006570611.3	2285	2048.15	15	1.33745
XM_006570612.3	767	531.607	5.44792	1.87149
XM_006570620.3	1411	1174.15	0	0
XM_006570621.3	1273	1036.15	0	0
XM_006570622.3	1357	1120.15	36.9386	6.02215
XM_006570623.3	4456	4219.15	80	3.46267
XM_006570634.3	2796	2559.15	0	0
XM_006570635.3	2584	2347.15	1	0.0778047
XM_006570642.3	2662	2425.15	11	0.828325
XM_006570664.3	6336	6099.15	1.93254e-08	5.78635e-10
XM_006570665.3	6180	5943.15	28.1522	0.865053
XM_006570666.3	6500	6263.15	0	0
XM_006570667.3	1637	1400.15	3	0.391286
XM_006570668.3	2191	1954.15	5	0.46726
XM_006570673.2	2496	2259.15	53	4.28428
XM_006570674.3	2567	2330.15	21.5755	1.69092
XM_006570675.3	2552	2315.15	7.4924	0.591002
XM_006570676.3	2305	2068.15	2.11899e-06	1.87108e-07
XM_006570677.3	2103	1866.15	0	0
XM_006570678.3	2764	2527.15	0	0
XM_006570680.3	3730	3493.15	11.3591	0.593846
XM_006570681.3	2473	2236.15	16.0255	1.30875
XM_006570683.3	2784	2547.15	7.57548	0.543128
XM_006570684.3	2751	2514.15	9.66226	0.701834
XM_006570685.3	2822	2585.15	0.195465	0.013808
XM_006570686.3	2813	2576.15	0	0
XM_006570687.3	2808	2571.15	41.5668	2.95234
XM_006570689.2	1594	1357.15	30	4.03683
XM_006570696.3	1027	790.148	95.5908	22.093
XM_006570698.3	2605	2368.15	0	0
XM_006570699.3	2602	2365.15	7.07969	0.546641
XM_006570700.3	3188	2951.15	11.7655	0.72806
XM_006570702.3	2577	2340.15	0	0
XM_006570703.3	2638	2401.15	2.98986	0.227393
XM_006570704.3	1889	1652.15	5.16492	0.570901
XM_006570705.1	2723	2486.15	14	1.02837
XM_006570709.3	5004	4767.15	3.98357	0.152602
XM_006570710.3	4866	4629.15	0	0
XM_006570711.3	4918	4681.15	0	0
XM_006570712.3	4930	4693.15	0	0
XM_006570713.3	6327	6090.15	23.0164	0.690171
XM_006570714.3	1779	1542.15	0	0
XM_006570715.3	2644	2407.15	7.48555	0.567894
XM_006570716.3	2524	2287.15	0	0
XM_006570718.2	1997	1760.15	0	0
XM_006570726.3	1555	1318.15	43.9358	6.08697
XM_006570727.3	1696	1459.15	34.0642	4.26329
XM_006570729.3	631	398.336	9	4.12609
XM_006570730.2	876	639.915	31	8.84679
XM_006570731.3	3464	3227.15	0	0
XM_006570732.3	3461	3224.15	0	0
XM_006570733.3	3452	3215.15	3.69457	0.20985
XM_006570734.3	3405	3168.15	0	0
XM_006570735.3	3398	3161.15	0	0
XM_006570737.3	4500	4263.15	9.74881	0.417607
XM_006570738.3	4467	4230.15	0	0
XM_006570740.3	4188	3951.15	7.9031	0.365276
XM_006570741.3	4178	3941.15	0	0
XM_006570742.3	3937	3700.15	0	0
XM_006570744.3	3886	3649.15	3.91891	0.196119
XM_006570748.3	3298	3061.15	0	0
XM_006570749.3	3241	3004.15	7.08942	0.430959
XM_006570751.3	2901	2664.15	0	0
XM_006570752.3	4716	4479.15	0	0
XM_006570753.3	4707	4470.15	0	0
XM_006570754.3	4665	4428.15	0	0
XM_006570755.3	4656	4419.15	0	0
XM_006570756.3	4647	4410.15	5.39427	0.22337
XM_006570757.3	4644	4407.15	0	0
XM_006570758.3	4638	4401.15	13.1551	0.545851
XM_006570759.3	4533	4296.15	61.3366	2.60728
XM_006570760.3	4524	4287.15	8.00603e-06	3.41032e-07
XM_006570761.3	4404	4167.15	3.73504	0.163682
XM_006570762.3	4338	4101.15	4.37897	0.19499
XM_006570763.3	4329	4092.15	0	0
XM_006570780.3	1404	1167.15	1	0.156466
XM_006570781.3	4896	4659.15	0	0
XM_006570782.1	1263	1026.15	0	0
XM_006570784.3	1606	1369.15	0	0
XM_006570785.3	4466	4229.15	0	0
XM_006570786.3	4442	4205.15	28.778	1.24976
XM_006570787.3	5231	4994.15	1.66312	0.0608148
XM_006570788.3	1919	1682.15	0	0
XM_006570795.3	1824	1587.15	14.6881	1.69003
XM_006570797.3	2217	1980.15	7	0.645575
XM_006570798.3	1083	846.148	60	12.9495
XM_006570800.3	434	221.728	19	15.6487
XM_006570803.2	3039	2802.15	3	0.195513
XM_006570804.3	1530	1293.15	0	0
XM_006570805.3	1565	1328.15	8.05914e-08	1.10812e-08
XM_006570806.3	1540	1303.15	11.2651	1.57866
XM_006570810.3	3854	3617.15	367.532	18.5556
XM_006570813.3	2131	1894.15	144.208	13.9034
XM_006570814.3	1091	854.148	34.7925	7.43873
XM_006570819.3	3155	2918.15	5.26013	0.329182
XM_006570821.3	2435	2198.15	5.02462	0.417439
XM_006570822.3	2057	1820.15	0	0
XM_006570823.3	2632	2395.15	0	0
XM_006570830.3	1478	1241.15	5	0.735687
XM_006570831.3	3408	3171.15	582.5	33.5449
XM_006570832.3	3046	2809.15	20.7222	1.34713
XM_006570836.3	699	464.566	21.2448	8.35124
XM_006570837.3	7431	7194.15	172.424	4.37689
XM_006570840.3	2716	2479.15	0	0
XM_006570842.3	2541	2304.15	6.55402e-07	5.1945e-08
XM_006570855.3	1948	1711.15	13.9859	1.49262
XM_006570856.3	1960	1723.15	0.0141299	0.00149748
XM_006570857.3	7861	7624.15	0	0
XM_006570858.3	7196	6959.15	4.4339	0.116353
XM_006570860.3	10126	9889.15	48.9315	0.903599
XM_006570861.3	9075	8838.15	109.375	2.25997
XM_006570869.3	576	345.999	0	0
XM_006570870.3	1346	1109.15	36.8098	6.06068
XM_006570873.3	3810	3573.15	21.9703	1.12288
XM_006570875.3	3365	3128.15	23	1.34272
XM_006570876.2	6887	6650.15	44.2537	1.21525
XM_006570878.3	1333	1096.15	2.51872	0.419621
XM_006570881.3	5104	4867.15	0	0
XM_006570882.3	5067	4830.15	0	0
XM_006570883.3	4193	3956.15	0	0
XM_006570884.3	4450	4213.15	103.698	4.49479
XM_006570885.3	2837	2600.15	0	0
XM_006570886.3	1255	1018.15	0	0
XM_006570889.3	4422	4185.15	7.3843	0.322214
XM_006570891.1	2128	1891.15	47.7653	4.61247
XM_006570893.3	3864	3627.15	0	0
XM_006570894.3	3880	3643.15	0	0
XM_006570898.2	3671	3434.15	0	0
XM_006570899.3	2389	2152.15	0.00300455	0.00025495
XM_006570900.3	2058	1821.15	0	0
XM_006570901.3	2295	2058.15	0	0
XM_006570902.3	847	611.102	0	0
XM_006570903.3	974	737.297	0	0
XM_006570906.3	506	282.07	65	42.0826
XM_006570908.3	1300	1063.15	6	1.03063
XM_006570910.3	2735	2498.15	0	0
XM_006570912.3	4157	3920.15	10.8696	0.506357
XM_006570913.3	2341	2104.15	1	0.0867901
XM_006570914.3	1175	938.148	13.8793	2.70173
XM_006570915.3	2551	2314.15	11.0611	0.872881
XM_006570917.3	1237	1000.15	14	2.55629
XM_006570919.3	2199	1962.15	15	1.39607
XM_006570920.3	1635	1398.15	1	0.130615
XM_006570922.3	2139	1902.15	23	2.20816
XM_006570926.3	6820	6583.15	160.921	4.46401
XM_006570928.3	2045	1808.15	5.30036	0.535326
XM_006570929.3	1999	1762.15	0	0
XM_006570931.3	1217	980.148	4	0.745272
XM_006570932.3	966	729.297	0	0
XM_006570933.3	3203	2966.15	57.0761	3.51405
XM_006570934.3	3228	2991.15	11.9239	0.727995
XM_006570937.3	6509	6272.15	126	3.6686
XM_006570938.3	4432	4195.15	0	0
XM_006570939.3	2129	1892.15	0	0
XM_006570943.3	2571	2334.15	0	0
XM_006570944.3	2498	2261.15	24.19	1.95368
XM_006570949.3	2787	2550.15	0	0
XM_006570950.3	2462	2225.15	0	0
XM_006570951.3	2715	2478.15	7.96053	0.586626
XM_006570952.3	2497	2260.15	0	0
XM_006570953.2	637	404.175	12	5.42198
XM_006570954.3	1989	1752.15	0	0
XM_006570955.3	1738	1501.15	0	0
XM_006570957.3	1528	1291.15	0	0
XM_006570958.3	3865	3628.15	35.1967	1.77159
XM_006570959.3	3890	3653.15	15.8033	0.789999
XM_006570961.3	1581	1344.15	0	0
XM_006570972.3	2351	2114.15	9.95441	0.859858
XM_006570986.3	1404	1167.15	1.31245	0.205355
XM_006570988.3	1394	1157.15	2	0.315637
XM_006570990.3	2867	2630.15	21.3345	1.48132
XM_006570992.3	930	693.652	6.42585	1.69175
XM_006570993.3	4084	3847.15	2	0.0949374
XM_006570996.3	4834	4597.15	4.25581	0.16906
XM_006570997.3	2764	2527.15	0	0
XM_006570998.3	8698	8461.15	0	0
XM_006570999.3	8791	8554.15	43.7914	0.934885
XM_006571000.3	8690	8453.15	0	0
XM_006571001.3	8696	8459.15	57.2188	1.23526
XM_006571005.3	3078	2841.15	0	0
XM_006571006.3	2976	2739.15	1.48903	0.0992736
XM_006571007.3	3082	2845.15	0	0
XM_006571008.3	2854	2617.15	0	0
XM_006571009.3	3056	2819.15	0	0
XM_006571010.3	2883	2646.15	0	0
XM_006571011.3	2767	2530.15	0	0
XM_006571013.3	5028	4791.15	0	0
XM_006571014.3	2452	2215.15	0	0
XM_006571015.3	2601	2364.15	0	0
XM_006571018.3	2052	1815.15	0	0
XM_006571019.3	2001	1764.15	10	1.03517
XM_006571020.3	6305	6068.15	221.154	6.65556
XM_006571021.3	6243	6006.15	0.00567952	0.000172688
XM_006571022.3	6366	6129.15	13.5712	0.404356
XM_006571023.3	5887	5650.15	0	0
XM_006571024.3	6182	5945.15	47.5262	1.45988
XM_006571030.3	4735	4498.15	6.71084	0.272452
XM_006571069.3	4833	4596.15	0	0
XM_006571070.3	4821	4584.15	0.000143573	5.71955e-06
XM_006571071.3	4821	4584.15	0	0
XM_006571072.3	4818	4581.15	21.1202	0.84192
XM_006571073.3	4758	4521.15	0	0
XM_006571074.3	4755	4518.15	0	0
XM_006571075.3	7156	6919.15	22.4218	0.591785
XM_006571076.3	3269	3032.15	75.3672	4.53919
XM_006571078.3	4404	4167.15	0	0
XM_006571079.3	4392	4155.15	19.3199	0.849113
XM_006571081.3	4328	4091.15	5.85994e-05	2.61574e-06
XM_006571082.3	4325	4088.15	36.0821	1.6118
XM_006571083.3	5522	5285.15	0	0
XM_006571084.3	3738	3501.15	0	0
XM_006571086.2	3196	2959.15	24.402	1.50593
XM_006571091.3	1025	788.148	150.12	34.7838
XM_006571092.2	1172	935.148	4.88002	0.95299
XM_006571095.3	3104	2867.15	0	0
XM_006571096.3	3098	2861.15	0	0
XM_006571108.3	5807	5570.15	0	0
XM_006571109.3	1656	1419.15	3	0.386047
XM_006571110.3	1418	1181.15	0	0
XM_006571112.3	2798	2561.15	2	0.142607
XM_006571113.3	3760	3523.15	0.859329	0.0445425
XM_006571114.3	3757	3520.15	1.99211	0.103347
XM_006571115.3	3754	3517.15	4.62147	0.239958
XM_006571116.2	976	739.224	17	4.19971
XM_006571117.3	1541	1304.15	5	0.700148
XM_006571120.2	1888	1651.15	1.76163e-05	1.94838e-06
XM_006571122.3	3666	3429.15	2.89581	0.154216
XM_006571123.3	3552	3315.15	2.50477	0.137978
XM_006571124.3	3565	3328.15	6.77049	0.371505
XM_006571125.3	507	283.041	0	0
XM_006571132.3	2213	1976.15	1	0.0924117
XM_006571136.3	4376	4139.15	11.4019	0.503051
XM_006571138.3	4342	4105.15	11.6726	0.519258
XM_006571151.3	4211	3974.15	8.145e-05	3.74277e-06
XM_006571154.2	3174	2937.15	42.949	2.67038
XM_006571155.2	2660	2423.15	28	2.1102
XM_006571156.3	5500	5263.15	30	1.04093
XM_006571157.3	4837	4600.15	8.60792e-08	3.41722e-09
XM_006571158.3	5515	5278.15	6.49148	0.224599
XM_006571161.3	2269	2032.15	26.4265	2.37482
XM_006571162.3	2994	2757.15	24	1.58964
XM_006571163.3	3908	3671.15	81	4.0293
XM_006571164.3	2568	2331.15	8.00113	0.626799
XM_006571165.3	6705	6468.15	0	0
XM_006571167.3	4890	4653.15	0	0
XM_006571168.3	5420	5183.15	0	0
XM_006571169.3	5385	5148.15	0	0
XM_006571170.3	6700	6463.15	0	0
XM_006571171.3	6679	6442.15	0	0
XM_006571172.3	6673	6436.15	0	0
XM_006571173.3	6666	6429.15	0	0
XM_006571174.3	6661	6424.15	0	0
XM_006571175.3	6657	6420.15	0	0
XM_006571176.3	6649	6412.15	1.39101	0.0396162
XM_006571177.3	6643	6406.15	3.5044	0.0998996
XM_006571178.3	6635	6398.15	0	0
XM_006571179.3	6629	6392.15	1.25556e-06	3.58705e-08
XM_006571180.3	6608	6371.15	0	0
XM_006571181.3	6601	6364.15	0	0
XM_006571182.3	6575	6338.15	0	0
XM_006571183.3	6562	6325.15	0	0
XM_006571184.3	6558	6321.15	0	0
XM_006571185.3	6531	6294.15	5.266	0.152788
XM_006571188.2	2350	2113.15	0	0
XM_006571189.2	2242	2005.15	16	1.4572
XM_006571191.3	1070	833.148	6.40457	1.40383
XM_006571192.3	831	595.102	1.70093	0.521963
XM_006571193.3	3107	2870.15	0	0
XM_006571194.3	3454	3217.15	0	0
XM_006571197.3	1616	1379.15	0	0
XM_006571198.3	1457	1220.15	4	0.598679
XM_006571200.3	3425	3188.15	0	0
XM_006571201.3	3373	3136.15	1.73528	0.101046
XM_006571202.3	3419	3182.15	0	0
XM_006571203.3	3414	3177.15	0	0
XM_006571204.3	3409	3172.15	0	0
XM_006571206.3	4105	3868.15	0	0
XM_006571221.3	4410	4173.15	0	0
XM_006571222.3	4590	4353.15	1.82451e-05	7.65403e-07
XM_006571224.3	1881	1644.15	1.24347	0.138115
XM_006571225.3	3157	2920.15	0	0
XM_006571226.3	1786	1549.15	0	0
XM_006571234.2	1847	1610.15	0	0
XM_006571235.3	1485	1248.15	0.017052	0.00249492
XM_006571236.3	3476	3239.15	0	0
XM_006571237.3	2836	2599.15	0	0
XM_006571238.3	3461	3224.15	0	0
XM_006571240.3	5040	4803.15	0	0
XM_006571241.3	4915	4678.15	0	0
XM_006571250.3	3212	2975.15	0	0
XM_006571251.3	3203	2966.15	0	0
XM_006571252.3	2851	2614.15	0	0
XM_006571253.3	3068	2831.15	0	0
XM_006571254.3	2806	2569.15	14.1768	1.00771
XM_006571255.3	2709	2472.15	6.09282	0.450081
XM_006571256.3	2915	2678.15	23.7116	1.61686
XM_006571257.1	1648	1411.15	6	0.776471
XM_006571262.3	14058	13821.1	100.329	1.32565
XM_006571263.3	6974	6737.15	5.27678	0.143034
XM_006571272.3	2448	2211.15	172	14.2055
XM_006571273.3	1194	957.148	3	0.572386
XM_006571275.3	2054	1817.15	1.64916	0.165737
XM_006571276.3	1806	1569.15	7.35084	0.855499
XM_006571277.3	730	495.278	10.8222	3.99037
XM_006571280.3	3204	2967.15	4	0.246188
XM_006571281.3	12863	12626.1	0.430148	0.00622148
XM_006571282.3	12842	12605.1	2.22406	0.0322214
XM_006571283.3	12839	12602.1	2.81304	0.0407641
XM_006571284.3	12824	12587.1	9.11358	0.132223
XM_006571285.3	10169	9932.15	8	0.147093
XM_006571288.3	4890	4653.15	0	0
XM_006571289.3	4887	4650.15	29.2199	1.14752
XM_006571290.3	4848	4611.15	0	0
XM_006571291.3	4820	4583.15	0	0
XM_006571293.3	4717	4480.15	20.8364	0.849332
XM_006571294.3	4676	4439.15	0	0
XM_006571295.3	2446	2209.15	0	0
XM_006571296.3	4081	3844.15	1222	58.052
XM_006571297.3	3277	3040.15	0	0
XM_006571302.3	817	581.162	0	0
XM_006571311.2	2423	2186.15	0.0560819	0.00468479
XM_006571319.3	2803	2566.15	134	9.53607
XM_006571320.3	1570	1333.15	18	2.4657
XM_006571321.3	6119	5882.15	8	0.248371
XM_006571322.3	3789	3552.15	12.0262	0.618278
XM_006571323.3	3395	3158.15	0	0
XM_006571324.3	2635	2398.15	3.67969	0.280209
XM_006571325.2	1477	1240.15	1	0.147256
XM_006571326.3	760	524.818	5	1.73983
XM_006571327.3	1427	1190.15	0	0
XM_006571328.3	1408	1171.15	0	0
XM_006571330.3	1391	1154.15	41	6.48737
XM_006571331.3	1960	1723.15	0	0
XM_006571332.3	1983	1746.15	17	1.77793
XM_006571333.3	1878	1641.15	0	0
XM_006571334.3	1834	1597.15	0	0
XM_006571337.3	2241	2004.15	0	0
XM_006571338.3	1496	1259.15	0	0
XM_006571341.3	2607	2370.15	40	3.08199
XM_006571342.3	2165	1928.15	0	0
XM_006571343.3	1182	945.148	1.17349	0.226739
XM_006571345.3	1098	861.148	0	0
XM_006571347.3	6824	6587.15	0	0
XM_006571348.3	7368	7131.15	2.77572	0.0710825
XM_006571349.3	6825	6588.15	7.60931	0.210925
XM_006571350.3	6778	6541.15	0	0
XM_006571351.3	6625	6388.15	20.7228	0.592407
XM_006571353.3	4233	3996.15	0.000419158	1.9155e-05
XM_006571356.3	1537	1300.15	0	0
XM_006571360.3	2823	2586.15	2.23706e-07	1.57969e-08
XM_006571362.3	4320	4083.15	0.00677975	0.000303225
XM_006571363.3	974	737.297	0	0
XM_006571364.3	738	503.227	5.36549	1.94712
XM_006571365.3	1411	1174.15	0	0
XM_006571367.3	8362	8125.15	0.0138018	0.000310206
XM_006571368.3	8311	8074.15	3.51905	0.079593
XM_006571369.3	8236	7999.15	53.2324	1.21529
XM_006571371.3	1598	1361.15	22	2.95164
XM_006571373.3	1545	1308.15	0	0
XM_006571374.3	3761	3524.15	7.99126	0.414102
XM_006571375.3	4017	3780.15	90.2899	4.36191
XM_006571376.3	3924	3687.15	0.00306469	0.00015179
XM_006571377.3	4578	4341.15	0	0
XM_006571378.3	4420	4183.15	31.9313	1.39399
XM_006571382.3	1612	1375.15	5.901	0.78365
XM_006571383.3	1611	1374.15	12.099	1.60791
XM_006571384.3	798	562.277	0	0
XM_006571387.3	3722	3485.15	0	0
XM_006571389.3	5929	5692.15	46.8154	1.50196
XM_006571390.3	1063	826.148	7	1.54734
XM_006571391.3	897	660.786	0	0
XM_006571400.3	6864	6627.15	6.14096	0.169222
XM_006571402.3	5776	5539.15	0	0
XM_006571403.3	5246	5009.15	0	0
XM_006571406.3	1118	881.148	1	0.207251
XM_006571417.3	4131	3894.15	14.6396	0.686536
XM_006571418.3	2441	2204.15	0	0
XM_006571429.3	3003	2766.15	0	0
XM_006571430.3	4031	3794.15	0	0
XM_006571433.3	6334	6097.15	0	0
XM_006571435.3	6992	6755.15	4.73547	0.128019
XM_006571436.3	1602	1365.15	0	0
XM_006571437.3	910	673.72	0	0
XM_006571440.3	6267	6030.15	0	0
XM_006571441.3	6174	5937.15	0	0
XM_006571442.3	6065	5828.15	0	0
XM_006571443.3	5972	5735.15	0	0
XM_006571444.3	5766	5529.15	36	1.18902
XM_006571448.3	6675	6438.15	0	0
XM_006571449.3	4965	4728.15	0	0
XM_006571453.3	5562	5325.15	0	0
XM_006571456.3	2829	2592.15	0	0
XM_006571457.3	2505	2268.15	0	0
XM_006571459.3	1470	1233.15	0	0
XM_006571461.3	528	301.637	0	0
XM_006571462.3	934	697.652	27	7.06759
XM_006571464.2	4143	3906.15	0	0
XM_006571465.2	2487	2250.15	0	0
XM_006571467.3	1933	1696.15	0	0
XM_006571475.2	1466	1229.15	0	0
XM_006571478.3	1768	1531.15	43.7409	5.21696
XM_006571479.3	1852	1615.15	43.2591	4.89115
XM_006571480.3	731	496.278	0	0
XM_006571481.3	709	474.425	3.55006	1.36651
XM_006571482.3	633	400.256	2.44994	1.1178
XM_006571483.3	1170	933.148	0	0
XM_006571484.3	1326	1089.15	0	0
XM_006571485.3	1483	1246.15	1.27449	0.186772
XM_006571487.3	1594	1357.15	8.72551	1.17411
XM_006571489.3	1957	1720.15	0	0
XM_006571490.3	1896	1659.15	0	0
XM_006571491.3	7735	7498.15	6.19565e-08	1.50897e-09
XM_006571492.3	7277	7040.15	0	0
XM_006571493.3	7777	7540.15	0	0
XM_006571494.3	7283	7046.15	0	0
XM_006571497.3	1448	1211.15	39.203	5.9111
XM_006571498.3	1523	1286.15	5.06836	0.719653
XM_006571499.3	1494	1257.15	2.62716	0.381633
XM_006571508.3	906	669.72	0	0
XM_006571509.3	2314	2077.15	0	0
XM_006571510.3	5521	5284.15	29.4331	1.0172
XM_006571524.3	5624	5387.15	15.5473	0.527037
XM_006571525.3	1852	1615.15	16	1.80906
XM_006571530.3	6974	6737.15	0	0
XM_006571531.3	6708	6471.15	0	0
XM_006571532.3	6950	6713.15	43	1.16974
XM_006571535.3	2472	2235.15	16.512	1.34908
XM_006571536.3	2116	1879.15	0	0
XM_006571537.3	1183	946.148	0	0
XM_006571538.3	1304	1067.15	9.43863	1.61522
XM_006571539.3	1284	1047.15	35.5614	6.20179
XM_006571540.3	1186	949.148	0	0
XM_006571541.3	979	742.224	0	0
XM_006571554.3	3250	3013.15	31.5185	1.91026
XM_006571555.3	3193	2956.15	0	0
XM_006571556.3	3235	2998.15	24.4815	1.49118
XM_006571557.3	3177	2940.15	0	0
XM_006571558.3	3456	3219.15	0	0
XM_006571560.3	1481	1244.15	0	0
XM_006571561.3	1352	1115.15	1.51616	0.248289
XM_006571564.3	2210	1973.15	0	0
XM_006571565.3	2225	1988.15	0	0
XM_006571566.3	2213	1976.15	5.10811	0.472049
XM_006571567.2	2409	2172.15	22.3601	1.87988
XM_006571568.3	2102	1865.15	0	0
XM_006571570.3	1807	1570.15	11.5318	1.34123
XM_006571571.3	2027	1790.15	0	0
XM_006571572.3	747	511.974	3	1.07009
XM_006571574.3	2772	2535.15	0	0
XM_006571575.3	2721	2484.15	5.96453	0.438475
XM_006571577.3	3814	3577.15	0	0
XM_006571579.3	8126	7889.15	0.000854577	1.97819e-05
XM_006571581.3	2870	2633.15	0	0
XM_006571582.3	2765	2528.15	0	0
XM_006571583.2	1704	1467.15	54	6.7215
XM_006571584.3	1209	972.148	7	1.31496
XM_006571585.3	1347	1110.15	2	0.329
XM_006571586.3	1379	1142.15	0	0
XM_006571587.3	1319	1082.15	0	0
XM_006571588.3	1186	949.148	0	0
XM_006571589.3	1190	953.148	6.42591	1.23118
XM_006571590.3	1184	947.148	0.589927	0.113744
XM_006571591.3	1094	857.148	1.47201	0.313618
XM_006571592.3	1354	1117.15	15.1149	2.47082
XM_006571594.3	559	329.722	3.14087e-07	1.7396e-07
XM_006571595.3	861	624.978	8.30837	2.42771
XM_006571598.3	4957	4720.15	49.4923	1.91482
XM_006571599.3	4954	4717.15	0	0
XM_006571600.3	4927	4690.15	0.887074	0.0345398
XM_006571601.3	4909	4672.15	39.4645	1.54254
XM_006571602.3	4906	4669.15	0	0
XM_006571603.3	1800	1563.15	6.91295	0.807625
XM_006571604.3	3772	3535.15	0	0
XM_006571606.3	2882	2645.15	7.22675	0.49893
XM_006571607.3	3148	2911.15	11.5521	0.724677
XM_006571608.3	10349	10112.1	36.0828	0.651633
XM_006571609.3	9846	9609.15	16.3075	0.30992
XM_006571610.3	1467	1230.15	5	0.742265
XM_006571612.3	3826	3589.15	12	0.610571
XM_006571623.3	2887	2650.15	0	0
XM_006571631.3	1127	890.148	6	1.23094
XM_006571632.3	4880	4643.15	177	6.96157
XM_006571633.2	766	530.607	9	3.09753
XM_006571634.3	3546	3309.15	5	0.275931
XM_006571635.3	1988	1751.15	0	0
XM_006571638.3	1742	1505.15	7.45686	0.904739
XM_006571641.3	1824	1587.15	0	0
XM_006571642.3	1660	1423.15	0	0
XM_006571643.3	6410	6173.15	0	0
XM_006571644.3	6554	6317.15	13.9061	0.402004
XM_006571647.3	7015	6778.15	0	0
XM_006571648.3	7003	6766.15	0	0
XM_006571649.3	7003	6766.15	0	0
XM_006571650.3	6973	6736.15	0.00235982	6.39755e-05
XM_006571651.3	6916	6679.15	0	0
XM_006571652.3	6903	6666.15	53.7157	1.47154
XM_006571653.3	6895	6658.15	0	0
XM_006571655.3	6874	6637.15	0	0
XM_006571656.3	6862	6625.15	0	0
XM_006571657.3	6853	6616.15	59.0018	1.62857
XM_006571658.3	6838	6601.15	61.2801	1.6953
XM_006571659.3	6799	6562.15	0	0
XM_006571661.3	6757	6520.15	2.96481e-08	8.30398e-10
XM_006571667.3	1174	937.148	13	2.53327
XM_006571673.3	2445	2208.15	0	0
XM_006571674.3	1946	1709.15	2.25701e-05	2.41158e-06
XM_006571676.3	2105	1868.15	0	0
XM_006571679.3	6020	5783.15	168	5.30507
XM_006571681.3	5059	4822.15	0	0
XM_006571686.3	4289	4052.15	15	0.676009
XM_006571687.3	2137	1900.15	2.85738e-05	2.74616e-06
XM_006571688.3	1613	1376.15	54	7.16597
XM_006571697.3	3393	3156.15	5.6604	0.327519
XM_006571698.3	5220	4983.15	1.1146e-08	4.08473e-10
XM_006571702.3	2669	2432.15	18	1.35154
XM_006571703.3	2348	2111.15	11.9536	1.03402
XM_006571704.3	1477	1240.15	10.738	1.58123
XM_006571706.1	1303	1066.15	4.53798	0.777305
XM_006571708.3	2744	2507.15	4	0.291358
XM_006571710.3	5132	4895.15	86.641	3.23224
XM_006571711.3	3692	3455.15	3.86544	0.204305
XM_006571712.3	3689	3452.15	9.11053	0.481949
XM_006571713.3	658	424.634	17	7.31106
XM_006571714.3	489	267.38	0	0
XM_006571716.3	4601	4364.15	44.4567	1.8603
XM_006571717.3	4632	4395.15	0	0
XM_006571718.2	4786	4549.15	117.206	4.70508
XM_006571719.3	4778	4541.15	9.43781	0.379535
XM_006571724.3	3937	3700.15	0	0
XM_006571725.3	4167	3930.15	3	0.139399
XM_006571726.3	1535	1298.15	0	0
XM_006571728.3	3648	3411.15	0	0
XM_006571729.3	3408	3171.15	6.19745	0.356897
XM_006571730.3	3422	3185.15	0.0801637	0.00459615
XM_006571731.3	1428	1191.15	3.40639	0.522247
XM_006571742.3	3868	3631.15	1	0.0502924
XM_006571754.3	2512	2275.15	0	0
XM_006571758.3	2548	2311.15	25.2134	1.99228
XM_006571762.3	1707	1470.15	6	0.74531
XM_006571763.3	2406	2169.15	8	0.673515
XM_006571764.3	882	645.786	0	0
XM_006571765.3	5102	4865.15	33	1.23869
XM_006571766.3	5877	5640.15	15.252	0.493836
XM_006571769.3	1261	1024.15	12.0132	2.14212
XM_006571770.3	6828	6591.15	41.21	1.1418
XM_006571771.3	6727	6490.15	0	0
XM_006571773.3	5954	5717.15	24.79	0.79185
XM_006571776.3	1899	1662.15	3	0.329608
XM_006571779.3	2711	2474.15	0	0
XM_006571781.3	2678	2441.15	6	0.448852
XM_006571805.3	2619	2382.15	0	0
XM_006571807.3	1373	1136.15	0	0
XM_006571808.3	1283	1046.15	2	0.349127
XM_006571809.3	1405	1168.15	0	0
XM_006571810.3	1319	1082.15	0	0
XM_006571812.3	2590	2353.15	65	5.04441
XM_006571813.3	684	449.977	0	0
XM_006571814.3	575	345.104	0	0
XM_006571815.3	629	396.376	0	0
XM_006571819.3	5161	4924.15	23.4483	0.869615
XM_006571821.3	755	519.871	0	0
XM_006571823.3	1566	1329.15	137	18.8232
XM_006571829.3	1810	1573.15	4.42894	0.514134
XM_006571833.3	996	759.148	0	0
XM_006571834.3	1582	1345.15	5	0.678807
XM_006571835.3	2124	1887.15	0	0
XM_006571836.3	2122	1885.15	0	0
XM_006571837.3	3521	3284.15	0	0
XM_006571838.3	3196	2959.15	0	0
XM_006571839.3	3349	3112.15	21	1.23227
XM_006571841.3	759	523.871	1	0.348596
XM_006571849.3	4592	4355.15	71.4143	2.99453
XM_006571850.3	4641	4404.15	40.0434	1.66041
XM_006571851.3	2482	2245.15	0	0
XM_006571852.3	2377	2140.15	10.1041	0.862181
XM_006571855.3	766	530.607	0	0
XM_006571857.3	1396	1159.15	0	0
XM_006571861.3	8605	8368.15	12.3586	0.269704
XM_006571862.3	8599	8362.15	237.073	5.17738
XM_006571863.3	8578	8341.15	66.3175	1.45194
XM_006571868.3	1655	1418.15	21	2.70423
XM_006571869.3	3848	3611.15	20	1.01142
XM_006571883.3	1634	1397.15	0	0
XM_006571885.3	1849	1612.15	4	0.453108
XM_006571889.3	1415	1178.15	7.70281	1.19398
XM_006571892.3	998	761.148	2	0.479852
XM_006571893.3	1753	1516.15	10	1.20449
XM_006571895.3	798	562.277	158.124	51.3564
XM_006571897.3	712	477.425	12.8757	4.92507
XM_006571901.3	4507	4270.15	1.63934	0.0701088
XM_006571904.3	593	361.711	1	0.504876
XM_006571912.3	1049	812.148	0	0
XM_006571914.3	1019	782.148	0	0
XM_006571919.3	6950	6713.15	3.99993	0.108811
XM_006571921.3	5555	5318.15	0	0
XM_006571923.3	5465	5228.15	0	0
XM_006571924.1	417	208.169	0	0
XM_006571927.3	1659	1422.15	4	0.513643
XM_006571928.3	1566	1329.15	0	0
XM_006571936.3	1952	1715.15	0	0
XM_006571941.3	1149	912.148	7	1.40146
XM_006571942.3	4873	4636.15	63	2.48159
XM_006571943.3	4862	4625.15	3.04615e-05	1.20274e-06
XM_006571944.3	4676	4439.15	0	0
XM_006571945.3	4665	4428.15	2.57944e-08	1.06378e-09
XM_006571947.3	2913	2676.15	108.612	7.41167
XM_006571948.3	2969	2732.15	4.38754	0.293267
XM_006571950.3	9130	8893.15	0	0
XM_006571951.3	9178	8941.15	0	0
XM_006571952.3	8888	8651.15	0	0
XM_006571953.3	8531	8294.15	3	0.0660535
XM_006571956.3	5032	4795.15	0	0
XM_006571957.3	1320	1083.15	0	0
XM_006571958.3	1193	956.148	2	0.381989
XM_006571959.3	1383	1146.15	0.00250477	0.000399093
XM_006571961.2	1006	769.148	7.95809	1.88949
XM_006571971.3	1569	1332.15	0	0
XM_006571972.3	1493	1256.15	1	0.14538
XM_006571975.3	2003	1766.15	4.11689	0.425686
XM_006571976.3	1543	1306.15	0	0
XM_006571977.3	1477	1240.15	0	0
XM_006571978.2	1574	1337.15	2.88311	0.393756
XM_006571986.3	1985	1748.15	37	3.86518
XM_006571988.3	1534	1297.15	14	1.97099
XM_006571991.3	3075	2838.15	0	0
XM_006571992.3	2857	2620.15	3.54074	0.246783
XM_006571993.3	2028	1791.15	0	0
XM_006571995.3	1674	1437.15	0	0
XM_006571996.3	1274	1037.15	2.72869	0.480463
XM_006571997.3	1931	1694.15	6	0.646765
XM_006572005.2	2238	2001.15	0.00228032	0.000208096
XM_006572009.3	4092	3855.15	0	0
XM_006572017.3	3463	3226.15	0	0
XM_006572019.3	1520	1283.15	50	7.11606
XM_006572022.3	1436	1199.15	0	0
XM_006572023.3	1432	1195.15	26	3.97281
XM_006572025.3	1736	1499.15	0	0
XM_006572028.3	1147	910.148	0	0
XM_006572029.2	1373	1136.15	1	0.160735
XM_006572032.3	1391	1154.15	0	0
XM_006572033.3	1133	896.148	0	0
XM_006572034.3	1957	1720.15	0	0
XM_006572037.3	813	577.22	0	0
XM_006572038.3	2518	2281.15	15	1.20084
XM_006572049.3	726	491.327	0	0
XM_006572056.3	688	453.75	6	2.4148
XM_006572061.3	2391	2154.15	20	1.69551
XM_006572068.3	1873	1636.15	1	0.111615
XM_006572072.3	702	467.519	1	0.390613
XM_006572073.3	763	527.713	65	22.4938
XM_006572075.3	3143	2906.15	0	0
XM_006572084.3	1973	1736.15	0	0
XM_006572085.3	1671	1434.15	0	0
XM_006572090.3	2485	2248.15	0	0
XM_006572091.3	2556	2319.15	0	0
XM_006572095.3	1701	1464.15	52.5837	6.55863
XM_006572096.3	1680	1443.15	80.4163	10.1761
XM_006572097.3	2124	1887.15	3	0.29031
XM_006572098.3	2185	1948.15	118	11.0613
XM_006572109.3	1840	1603.15	28	3.18956
XM_006572110.3	1666	1429.15	0	0
XM_006572111.3	1606	1369.15	0	0
XM_006572113.3	6423	6186.15	72	2.12549
XM_006572115.3	5280	5043.15	119	4.30915
XM_006572117.3	1791	1554.15	4	0.470018
XM_006572121.2	1202	965.148	0	0
XM_006572122.3	2902	2665.15	0	0
XM_006572123.3	1354	1117.15	3.77418	0.616962
XM_006572129.3	812	576.22	2.13291	0.675976
XM_006572131.3	1828	1591.15	30.3213	3.48003
XM_006572132.3	5664	5427.15	41	1.37962
XM_006572136.3	1876	1639.15	2.99264	0.333414
XM_006572139.2	2261	2024.15	0	0
XM_006572140.2	2302	2065.15	0	0
XM_006572141.3	4482	4245.15	0	0
XM_006572148.3	3001	2764.15	0	0
XM_006572149.3	1880	1643.15	4.80003	0.533474
XM_006572151.3	880	643.851	0	0
XM_006572153.2	4226	3989.15	1.91985e-06	8.78888e-08
XM_006572154.2	4223	3986.15	0	0
XM_006572158.3	4686	4449.15	0.0001056	4.33443e-06
XM_006572159.3	4484	4247.15	0	0
XM_006572160.2	3988	3751.15	7.83534	0.381452
XM_006572168.3	798	562.277	5.78698	1.87952
XM_006572170.3	755	519.871	3	1.05383
XM_006572172.3	2306	2069.15	0	0
XM_006572174.3	3276	3039.15	10	0.600889
XM_006572176.3	1184	947.148	23	4.43462
XM_006572178.1	5694	5457.15	3.22995e-06	1.08088e-07
XM_006572181.3	1874	1637.15	10.2322	1.14137
XM_006572191.3	693	458.704	124.238	49.4615
XM_006572192.3	854	618.102	8.93362	2.63945
XM_006572194.3	1613	1376.15	0	0
XM_006572195.3	1559	1322.15	0	0
XM_006572198.3	430	218.421	10	8.36087
XM_006572199.3	1161	924.148	0	0
XM_006572201.3	1197	960.148	0	0
XM_006572202.3	2758	2521.15	11	0.796784
XM_006572203.3	2654	2417.15	0	0
XM_006572206.3	3204	2967.15	24	1.47713
XM_006572207.3	2973	2736.15	0	0
XM_006572208.2	929	692.652	24	6.32765
XM_006572209.3	1065	828.148	19	4.18979
XM_006572213.3	1981	1744.15	27.4426	2.87335
XM_006572214.3	2083	1846.15	16.8785	1.6696
XM_006572215.3	1946	1709.15	16.6789	1.78211
XM_006572216.3	1908	1671.15	0	0
XM_006572217.2	3312	3075.15	0	0
XM_006572218.3	3677	3440.15	10	0.530847
XM_006572219.3	3291	3054.15	0	0
XM_006572220.3	3585	3348.15	0	0
XM_006572221.3	3258	3021.15	0	0
XM_006572222.3	3282	3045.15	0	0
XM_006572223.3	3076	2839.15	0	0
XM_006572225.3	2373	2136.15	36.7075	3.13813
XM_006572227.3	1522	1285.15	1.12576	0.15997
XM_006572229.3	1876	1639.15	0	0
XM_006572230.3	1898	1661.15	0	0
XM_006572240.3	3482	3245.15	8	0.450196
XM_006572241.3	1537	1300.15	2	0.280921
XM_006572242.3	491	269.045	0	0
XM_006572243.3	443	228.929	0	0
XM_006572244.3	707	472.425	10	3.86557
XM_006572254.3	770	534.607	162	55.3384
XM_006572256.3	1690	1453.15	0	0
XM_006572257.3	4241	4004.15	19	0.866543
XM_006572258.3	4259	4022.15	38.8829	1.76541
XM_006572259.3	4255	4018.15	13.1171	0.596156
XM_006572262.3	1175	938.148	90	17.5193
XM_006572266.3	1170	933.148	5	0.978512
XM_006572267.3	1147	910.148	0	0
XM_006572269.3	2012	1775.15	6	0.617253
XM_006572272.3	16855	16618.1	2.60044e-06	2.85766e-08
XM_006572273.3	16834	16597.1	245.463	2.70084
XM_006572274.3	16822	16585.1	64.1683	0.706558
XM_006572275.3	16642	16405.1	13.626	0.151682
XM_006572276.3	1473	1236.15	9.35139e-05	1.3815e-05
XM_006572277.3	1416	1179.15	0	0
XM_006572278.3	1311	1074.15	0	0
XM_006572282.3	865	628.915	0	0
XM_006572283.3	423	212.807	0	0
XM_006572290.3	802	566.277	21.168	6.82648
XM_006572291.3	631	398.336	0	0
XM_006572293.3	2211	1974.15	7	0.647537
XM_006572294.3	1873	1636.15	0	0
XM_006572299.3	604	372.341	0	0
XM_006572306.3	1047	810.148	9.30112	2.09661
XM_006572307.3	5268	5031.15	6.42988	0.23339
XM_006572310.3	4369	4132.15	0	0
XM_006572311.3	4091	3854.15	60.2954	2.85695
XM_006572312.3	4065	3828.15	0.00241783	0.000115341
XM_006572313.3	3902	3665.15	1.70218	0.0848128
XM_006572315.3	2895	2658.15	0	0
XM_006572321.3	1988	1751.15	0	0
XM_006572322.3	1562	1325.15	6.11686	0.842967
XM_006572323.2	1450	1213.15	0	0
XM_006572324.3	1500	1263.15	8.16839	1.18094
XM_006572325.3	493	270.764	2	1.34892
XM_006572332.3	3788	3551.15	27.4289	1.41054
XM_006572342.3	704	469.425	2.14235	0.833434
XM_006572344.3	2826	2589.15	41	2.89183
XM_006572351.3	1856	1619.15	0	0
XM_006572354.3	3108	2871.15	0.160292	0.0101954
XM_006572355.3	1547	1310.15	0	0
XM_006572356.3	1447	1210.15	2.4469	0.369254
XM_006572360.3	1863	1626.15	2.13663	0.239947
XM_006572361.2	2301	2064.15	30.9912	2.74186
XM_006572362.3	2184	1947.15	0	0
XM_006572365.3	1334	1097.15	8.11311e-08	1.35042e-08
XM_006572368.3	3619	3382.15	0	0
XM_006572369.3	3614	3377.15	23	1.24372
XM_006572376.3	1593	1356.15	0	0
XM_006572386.3	1208	971.148	4	0.752179
XM_006572454.3	1157	920.148	0	0
XM_006572462.3	648	414.804	319	140.441
XM_006572519.3	1874	1637.15	0	0
XM_006572587.3	1527	1290.15	1448	204.963
XM_006572634.3	1031	794.148	0	0
XM_016910663.2	6196	5959.15	0	0
XM_016910669.2	7429	7192.15	37.1107	0.942296
XM_016910671.2	7322	7085.15	110.416	2.84595
XM_016910672.2	5945	5708.15	0	0
XM_016910675.2	5202	4965.15	0	0
XM_016910676.2	1562	1325.15	0	0
XM_016910677.2	4544	4307.15	0	0
XM_016910679.2	6391	6154.15	0	0
XM_016910680.2	6365	6128.15	55.2787	1.64731
XM_016910681.2	4408	4171.15	0.000470279	2.05895e-05
XM_016910682.2	4395	4158.15	34.7012	1.52402
XM_016910683.2	2164	1927.15	2	0.189523
XM_016910684.2	2844	2607.15	36.1373	2.53126
XM_016910685.2	2810	2573.15	6.50669	0.461787
XM_016910686.2	2960	2723.15	27.7377	1.86014
XM_016910687.2	2793	2556.15	56.1484	4.01141
XM_016910688.2	3403	3166.15	4.75493	0.274258
XM_016910689.2	3388	3151.15	0.00203498	0.000117934
XM_016910690.2	6469	6232.15	30.276	0.887171
XM_016910691.2	6643	6406.15	0	0
XM_016910692.2	6481	6244.15	18.9628	0.554594
XM_016910694.2	6411	6174.15	45.4341	1.34385
XM_016910696.2	2163	1926.15	5.21986	0.494898
XM_016910699.2	3805	3568.15	302.409	15.4774
XM_016910700.2	8011	7774.15	7.46095	0.175262
XM_016910701.2	6969	6732.15	0.771256	0.0209214
XM_016910704.2	7027	6790.15	0	0
XM_016910705.2	6998	6761.15	0	0
XM_016910706.2	6969	6732.15	0	0
XM_016910707.2	5679	5442.15	13.0831	0.439024
XM_016910713.2	14674	14437.1	189.616	2.3985
XM_016910715.2	10817	10580.1	0	0
XM_016910716.2	1955	1718.15	43.0661	4.57743
XM_016910717.2	8397	8160.15	14.0808	0.315119
XM_016910718.2	2744	2507.15	0	0
XM_016910719.2	2314	2077.15	42.05	3.69696
XM_016910732.2	890	653.786	0	0
XM_016910733.2	8153	7916.15	5.50436e-07	1.26981e-08
XM_016910734.2	8198	7961.15	23.685	0.543306
XM_016910735.2	8091	7854.15	32.2384	0.749584
XM_016910736.2	7907	7670.15	59.8361	1.42464
XM_016910739.1	945	708.441	25.1991	6.49572
XM_016910740.2	857	621.102	0	0
XM_016910742.2	6307	6070.15	17.2881	0.52011
XM_016910744.2	6280	6043.15	0	0
XM_016910745.2	6242	6005.15	0	0
XM_016910746.2	6234	5997.15	0	0
XM_016910747.2	6168	5931.15	0	0
XM_016910748.2	6087	5850.15	65.5139	2.04509
XM_016910749.2	6013	5776.15	0	0
XM_016910750.2	5989	5752.15	0	0
XM_016910751.2	5925	5688.15	10.3147	0.331155
XM_016910753.2	5838	5601.15	0	0
XM_016910755.2	5841	5604.15	4.08721	0.133188
XM_016910757.2	5772	5535.15	115.83	3.82154
XM_016910761.2	5616	5379.15	26.9488	0.914897
XM_016910765.2	9161	8924.15	1	0.0204635
XM_016910766.2	2104	1867.15	0	0
XM_016910767.2	1516	1279.15	18.6949	2.669
XM_016910768.2	9248	9011.15	0	0
XM_016910769.2	9230	8993.15	2.40643e-08	4.88661e-10
XM_016910770.2	9192	8955.15	1.57195e-06	3.20562e-08
XM_016910771.2	9068	8831.15	1.49046	0.0308212
XM_016910773.2	9175	8938.15	1.0255e-05	2.09525e-07
XM_016910774.2	6028	5791.15	0	0
XM_016910776.2	5473	5236.15	3.91385e-05	1.36502e-06
XM_016910777.2	3140	2903.15	0	0
XM_016910778.2	1933	1696.15	4.95748	0.533757
XM_016910779.2	2096	1859.15	6.58278	0.646609
XM_016910780.2	2566	2329.15	10.4597	0.820106
XM_016910781.2	2918	2681.15	0	0
XM_016910785.2	5650	5413.15	22.4791	0.758361
XM_016910786.2	5270	5033.15	0	0
XM_016910787.2	5258	5021.15	9.53823	0.346906
XM_016910789.2	1190	953.148	1	0.191596
XM_016910793.2	3212	2975.15	9.78581	0.600668
XM_016910794.2	2313	2076.15	8	0.703685
XM_016910797.2	4800	4563.15	36	1.44074
XM_016910799.2	3385	3148.15	0	0
XM_016910803.2	2843	2606.15	0	0
XM_016910810.2	2647	2410.15	0	0
XM_016910811.2	4125	3888.15	28.8502	1.35504
XM_016910812.2	4055	3818.15	16.2793	0.778626
XM_016910813.2	4046	3809.15	0	0
XM_016910814.2	4030	3793.15	0	0
XM_016910815.2	5494	5257.15	39.8251	1.38342
XM_016910816.2	3658	3421.15	45.9214	2.45126
XM_016910817.2	869	632.915	52.6956	15.2046
XM_016910823.2	4445	4208.15	18.931	0.821543
XM_016910824.2	4908	4671.15	0	0
XM_016910825.2	4907	4670.15	7.51549	0.293882
XM_016910826.2	3207	2970.15	0	0
XM_016910827.2	4973	4736.15	36.1938	1.39558
XM_016910828.2	5074	4837.15	3.78288	0.142817
XM_016910829.2	4677	4440.15	0	0
XM_016910830.2	4744	4507.15	0	0
XM_016910831.2	4906	4669.15	0	0
XM_016910832.2	2705	2468.15	0	0
XM_016910842.2	2257	2020.15	4.41225	0.398863
XM_016910843.2	4234	3997.15	8.08023	0.369164
XM_016910848.2	910	673.72	79.4459	21.5347
XM_016910851.2	2736	2499.15	38.5102	2.81404
XM_016910856.2	1635	1398.15	62.4898	8.16211
XM_016910861.2	2252	2015.15	0	0
XM_016910863.2	880	643.851	0	0
XM_016910864.2	4778	4541.15	253.137	10.1798
XM_016910869.2	5932	5695.15	19.8803	0.637478
XM_016910871.2	5987	5750.15	3.56577	0.113245
XM_016910873.2	2740	2503.15	7.26165	0.52978
XM_016910874.2	6335	6098.15	0	0
XM_016910875.2	2665	2428.15	27.1335	2.04069
XM_016910879.2	7817	7580.15	196.997	4.74601
XM_016910880.2	7761	7524.15	180.189	4.37337
XM_016910882.2	7997	7760.15	698.814	16.4452
XM_016910883.2	3581	3344.15	2.68074	0.146392
XM_016910885.2	3746	3509.15	1.31926	0.0686553
XM_016910886.2	4858	4621.15	0	0
XM_016910887.2	3695	3458.15	0	0
XM_016910890.2	6280	6043.15	0	0
XM_016910891.2	6160	5923.15	5.75634	0.177476
XM_016910892.2	7677	7440.15	0	0
XM_016910894.2	6818	6581.15	0	0
XM_016910895.2	5002	4765.15	125.42	4.80658
XM_016910897.2	2976	2739.15	34	2.26678
XM_016910900.2	1506	1269.15	13.3419	1.91979
XM_016910901.1	1738	1501.15	0	0
XM_016910902.2	761	525.765	4.01611	1.39495
XM_016910903.2	771	535.607	0	0
XM_016910904.2	758	522.871	0	0
XM_016910905.2	1500	1263.15	2.73069	0.394788
XM_016910906.2	2156	1919.15	12.667	1.20534
XM_016910907.2	1907	1670.15	56.884	6.21987
XM_016910911.2	8676	8439.15	0	0
XM_016910914.2	863	626.978	0	0
XM_016910915.2	1796	1559.15	0	0
XM_016910921.2	4066	3829.15	8	0.381535
XM_016910922.2	1526	1289.15	0	0
XM_016910924.2	568	338.381	4.78838	2.58422
XM_016910925.2	2878	2641.15	16.0405	1.10911
XM_016910926.2	2512	2275.15	19.1343	1.53585
XM_016910927.2	6762	6525.15	5.13446	0.143698
XM_016910928.2	12860	12623.1	0.00068008	9.83872e-06
XM_016910937.2	3501	3264.15	3	0.167841
XM_016910943.2	3771	3534.15	0	0
XM_016910944.1	3657	3420.15	0	0
XM_016910946.2	3454	3217.15	0	0
XM_016910947.2	3342	3105.15	0	0
XM_016910948.2	2183	1946.15	0	0
XM_016910949.2	8973	8736.15	18.9935	0.397037
XM_016910952.2	1332	1095.15	8	1.33402
XM_016910960.2	2931	2694.15	179.149	12.1434
XM_016910962.2	2680	2443.15	0	0
XM_016910975.2	6225	5988.15	283.146	8.63505
XM_016910976.2	4340	4103.15	0	0
XM_016910977.2	3606	3369.15	0	0
XM_016910978.2	4078	3841.15	0	0
XM_016910979.2	4178	3941.15	12	0.556039
XM_016910982.2	6162	5925.15	127.854	3.94058
XM_016910983.2	2037	1800.15	0	0
XM_016910984.2	1607	1370.15	6	0.799706
XM_016910988.2	1500	1263.15	0	0
XM_016910995.2	1204	967.148	0	0
XM_016910996.2	2798	2561.15	1	0.0713037
XM_016910997.2	2468	2231.15	0	0
XM_016910999.2	1393	1156.15	0	0
XM_016911002.2	2240	2003.15	0	0
XM_016911005.2	2388	2151.15	0	0
XM_016911007.2	982	745.224	0	0
XM_016911008.2	971	734.297	0	0
XM_016911019.2	495	272.68	207.974	139.285
XM_016911024.2	4382	4145.15	0	0
XM_016911038.2	7978	7741.15	0	0
XM_016911043.2	8154	7917.15	2.03207	0.0468723
XM_016911048.2	8014	7777.15	0	0
XM_016911049.2	7448	7211.15	0	0
XM_016911052.2	5569	5332.15	0	0
XM_016911058.2	2454	2217.15	26	2.14153
XM_016911068.2	4085	3848.15	3.00801	0.142749
XM_016911073.2	470	250.852	5	3.63998
XM_016911075.2	997	760.148	3	0.720725
XM_016911077.2	2793	2556.15	0.0265801	0.00189896
XM_016911078.2	2772	2535.15	91.3396	6.57964
XM_016911084.2	6685	6448.15	0	0
XM_016911085.2	6602	6365.15	7.49192e-06	2.14947e-07
XM_016911086.2	6416	6179.15	0	0
XM_016911087.2	7588	7351.15	33.9804	0.844151
XM_016911090.2	4190	3953.15	0	0
XM_016911095.2	5885	5648.15	0	0
XM_016911096.2	5837	5600.15	0	0
XM_016911097.2	3078	2841.15	0	0
XM_016911099.2	5464	5227.15	34	1.18785
XM_016911104.2	1918	1681.15	3.22955	0.350819
XM_016911107.2	4654	4417.15	28.5976	1.18232
XM_016911108.2	4615	4378.15	4.93603e-07	2.05889e-08
XM_016911110.2	4409	4172.15	29.2874	1.28194
XM_016911111.2	3778	3541.15	0	0
XM_016911114.2	473	253.454	0	0
XM_016911119.2	7175	6938.15	0	0
XM_016911122.2	7278	7041.15	0	0
XM_016911123.2	5546	5309.15	90.6479	3.11802
XM_016911124.2	5545	5308.15	0	0
XM_016911125.2	4681	4444.15	0	0
XM_016911128.2	2467	2230.15	34.709	2.8422
XM_016911129.2	3087	2850.15	71	4.54922
XM_016911134.2	4863	4626.15	0	0
XM_016911139.2	2515	2278.15	2.73715	0.219413
XM_016911140.2	2394	2157.15	0	0
XM_016911157.2	1945	1708.15	12.7388	1.36192
XM_016911158.2	1285	1048.15	14.2121	2.47618
XM_016911159.2	1249	1012.15	71.0275	12.8153
XM_016911160.2	1223	986.148	5.76042	1.06674
XM_016911161.2	7490	7253.15	0	0
XM_016911162.2	7450	7213.15	10.3555	0.262176
XM_016911163.2	7372	7135.15	15.2418	0.390103
XM_016911165.2	1529	1292.15	0	0
XM_016911166.2	6153	5916.15	0	0
XM_016911167.2	5731	5494.15	39.3556	1.30813
XM_016911168.2	6146	5909.15	0	0
XM_016911169.2	5627	5390.15	18.1482	0.614865
XM_016911170.1	4317	4080.15	0	0
XM_016911173.2	4010	3773.15	18.0588	0.874043
XM_016911174.2	3798	3561.15	0	0
XM_016911175.2	2645	2408.15	3	0.227502
XM_016911181.2	5880	5643.15	0	0
XM_016911182.2	2722	2485.15	4.52759	0.332706
XM_016911183.2	9758	9521.15	0	0
XM_016911184.2	9357	9120.15	0	0
XM_016911185.2	9715	9478.15	0	0
XM_016911186.2	2095	1858.15	18.9862	1.86597
XM_016911187.2	1344	1107.15	0	0
XM_016911191.2	1491	1254.15	1.52255	0.221702
XM_016911194.2	3848	3611.15	3.79992	0.192166
XM_016911195.2	2249	2012.15	0	0
XM_016911196.2	2186	1949.15	6.98303	0.654253
XM_016911212.2	4900	4663.15	0	0
XM_016911213.2	2015	1778.15	0	0
XM_016911215.2	3033	2796.15	0	0
XM_016911217.2	2185	1948.15	7	0.656179
XM_016911223.2	2958	2721.15	12.9232	0.867288
XM_016911224.2	3875	3638.15	8.15651	0.409421
XM_016911225.2	3130	2893.15	0	0
XM_016911226.2	3041	2804.15	5.56238	0.362248
XM_016911227.2	2793	2556.15	9.1523	0.653869
XM_016911228.2	2590	2353.15	4.02929	0.312698
XM_016911229.2	3007	2770.15	0	0
XM_016911230.2	3732	3495.15	0	0
XM_016911231.2	3164	2927.15	7.49173	0.467395
XM_016911232.2	9578	9341.15	0	0
XM_016911234.2	2137	1900.15	6.9509	0.668037
XM_016911235.2	2390	2153.15	5.09567e-08	4.32189e-09
XM_016911236.2	2350	2113.15	5.56286	0.480745
XM_016911237.2	2788	2551.15	0	0
XM_016911241.2	2428	2191.15	0	0
XM_016911242.2	1568	1331.15	1.57112	0.215541
XM_016911243.2	1849	1612.15	1.42888	0.161859
XM_016911244.2	1677	1440.15	0	0
XM_016911245.2	1666	1429.15	0	0
XM_016911246.2	5891	5654.15	13.9644	0.451027
XM_016911247.2	5428	5191.15	8.34456	0.293553
XM_016911250.2	1596	1359.15	12	1.61236
XM_016911252.1	10371	10134.1	0	0
XM_016911253.2	9754	9517.15	0	0
XM_016911254.1	10242	10005.1	54.7389	0.999123
XM_016911255.1	10113	9876.15	19.268	0.356283
XM_016911256.2	8888	8651.15	124.993	2.63851
XM_016911259.2	1422	1185.15	0	0
XM_016911260.2	5001	4764.15	71.9405	2.75762
XM_016911261.2	1539	1302.15	0	0
XM_016911264.2	2408	2171.15	55	4.62615
XM_016911265.2	1846	1609.15	0	0
XM_016911266.2	1464	1227.15	8.08535	1.20323
XM_016911268.2	5228	4991.15	99	3.62227
XM_016911270.2	5230	4993.15	4	0.146296
XM_016911272.2	6013	5776.15	0	0
XM_016911273.2	6000	5763.15	0	0
XM_016911279.2	6286	6049.15	0	0
XM_016911280.2	6280	6043.15	34.5996	1.04557
XM_016911283.2	4118	3881.15	0	0
XM_016911284.2	1651	1414.15	6.46789	0.835245
XM_016911285.2	1602	1365.15	0	0
XM_016911287.2	7039	6802.15	0	0
XM_016911289.2	4166	3929.15	0	0
XM_016911292.2	3821	3584.15	0	0
XM_016911293.2	3810	3573.15	0.289512	0.0147966
XM_016911294.2	1143	906.148	0	0
XM_016911295.2	3713	3476.15	0	0
XM_016911296.2	1144	907.148	0	0
XM_016911297.2	1169	932.148	4.92221	0.964321
XM_016911298.2	1020	783.148	0	0
XM_016911299.2	3068	2831.15	11.6452	0.751156
XM_016911300.2	1439	1202.15	39	5.92452
XM_016911302.2	4004	3767.15	0	0
XM_016911303.2	7462	7225.15	84.2384	2.12917
XM_016911304.2	4607	4370.15	8.00927	0.33469
XM_016911305.2	434	221.728	0	0
XM_016911306.2	689	454.75	0	0
XM_016911307.2	362	165.72	0	0
XM_016911308.2	3591	3354.15	0	0
XM_016911310.2	5101	4864.15	0	0
XM_016911312.2	5071	4834.15	10.7402	0.405733
XM_016911313.2	5856	5619.15	0	0
XM_016911314.2	2523	2286.15	0	0
XM_016911317.2	4584	4347.15	0	0
XM_016911318.2	761	525.765	0	0
XM_016911319.2	5492	5255.15	0	0
XM_016911320.2	5325	5088.15	0	0
XM_016911321.2	5441	5204.15	30.144	1.05778
XM_016911322.2	7583	7346.15	24.856	0.617901
XM_016911324.2	4501	4264.15	0	0
XM_016911326.2	1948	1711.15	2	0.213446
XM_016911328.2	2346	2109.15	0	0
XM_016911329.2	2611	2374.15	57.4691	4.42052
XM_016911331.2	2520	2283.15	0	0
XM_016911332.2	3089	2852.15	8.76636	0.561298
XM_016911333.2	2933	2696.15	65.2502	4.41962
XM_016911334.2	2825	2588.15	21.4755	1.51531
XM_016911335.2	2412	2175.15	18.2254	1.53015
XM_016911336.2	1868	1631.15	0	0
XM_016911337.2	773	537.607	4	1.35876
XM_016911338.2	936	699.582	0	0
XM_016911339.2	721	486.376	0	0
XM_016911340.2	6777	6540.15	0	0
XM_016911341.2	6484	6247.15	23.5562	0.688606
XM_016911342.2	6224	5987.15	0	0
XM_016911343.2	6411	6174.15	1.08512e-05	3.20957e-07
XM_016911344.2	6292	6055.15	0	0
XM_016911345.2	6281	6044.15	0	0
XM_016911346.2	6272	6035.15	14.936	0.451954
XM_016911347.2	6267	6030.15	0	0
XM_016911348.2	5433	5196.15	26.1888	0.920408
XM_016911349.2	5329	5092.15	0	0
XM_016911350.2	6112	5875.15	0	0
XM_016911351.2	6294	6057.15	8.31892	0.25081
XM_016911355.2	8741	8504.15	122.964	2.64055
XM_016911356.2	8687	8450.15	44.9629	0.971709
XM_016911357.2	6842	6605.15	2.98046	0.0824039
XM_016911358.2	6790	6553.15	6.06539	0.169027
XM_016911359.2	6839	6602.15	4.66677	0.129086
XM_016911360.2	6787	6550.15	9.53097	0.265725
XM_016911361.2	2674	2437.15	0	0
XM_016911362.2	4373	4136.15	9.91397	0.437722
XM_016911363.2	4323	4086.15	0	0
XM_016911364.2	2113	1876.15	16.833	1.63847
XM_016911365.2	3958	3721.15	31.2531	1.53378
XM_016911366.2	1024	787.148	0	0
XM_016911368.2	3932	3695.15	147	7.26494
XM_016911369.2	1737	1500.15	12.1307	1.47672
XM_016911370.2	1606	1369.15	0	0
XM_016911371.2	1356	1119.15	0	0
XM_016911372.2	1925	1688.15	1.75427	0.189772
XM_016911373.2	1102	865.148	0	0
XM_016911374.2	985	748.224	0	0
XM_016911375.2	6461	6224.15	0	0
XM_016911376.2	6405	6168.15	0	0
XM_016911377.2	2423	2186.15	93.7212	7.82897
XM_016911378.2	2659	2422.15	35.9343	2.70929
XM_016911382.2	1278	1041.15	0	0
XM_016911383.2	6590	6353.15	14.8271	0.4262
XM_016911384.2	5398	5161.15	36.0532	1.27568
XM_016911385.2	855	619.102	100.15	29.5417
XM_016911386.2	1159	922.148	0	0
XM_016911388.2	5333	5096.15	18.0002	0.645032
XM_016911389.2	964	727.297	9.15839	2.29961
XM_016911390.2	5400	5163.15	4.33135	0.153199
XM_016911391.2	2211	1974.15	9	0.832548
XM_016911392.2	907	670.72	46.2431	12.5908
XM_016911393.2	1073	836.148	28.5728	6.24045
XM_016911394.2	893	656.786	12.1765	3.38567
XM_016911396.2	7229	6992.15	15.0352	0.392686
XM_016911398.2	7226	6989.15	22.9648	0.600046
XM_016911399.2	7166	6929.15	1.67469e-07	4.41369e-09
XM_016911400.2	7163	6926.15	2.56779e-07	6.77041e-09
XM_016911403.2	3672	3435.15	0	0
XM_016911409.2	3958	3721.15	0	0
XM_016911410.2	3008	2771.15	0	0
XM_016911411.2	1125	888.148	7	1.43933
XM_016911417.2	3564	3327.15	0	0
XM_016911419.2	3482	3245.15	61.2484	3.44672
XM_016911420.2	3894	3657.15	0	0
XM_016911421.2	4573	4336.15	32.872	1.38442
XM_016911422.2	3697	3460.15	0	0
XM_016911423.2	1445	1208.15	1	0.151156
XM_016911424.2	3699	3462.15	10.4777	0.552671
XM_016911425.2	1902	1665.15	5.08816	0.558026
XM_016911426.2	3506	3269.15	0	0
XM_016911427.1	683	448.977	1	0.406745
XM_016911428.2	1739	1502.15	11	1.33729
XM_016911432.2	1408	1171.15	0	0
XM_016911435.2	1553	1316.15	6	0.832517
XM_016911436.2	1743	1506.15	17.9303	2.17404
XM_016911437.2	6348	6111.15	4.28846	0.128152
XM_016911438.2	1659	1422.15	17.0697	2.19193
XM_016911439.1	4109	3872.15	14	0.660271
XM_016911440.2	1330	1093.15	2.56189	0.427985
XM_016911442.2	3091	2854.15	6.67324	0.426979
XM_016911443.2	3826	3589.15	46.4632	2.36409
XM_016911444.2	4184	3947.15	57.8955	2.6786
XM_016911445.2	3027	2790.15	0	0
XM_016911446.1	3065	2828.15	18.1611	1.1727
XM_016911447.2	1311	1074.15	3.27652	0.557051
XM_016911450.2	2206	1969.15	19	1.76206
XM_016911451.2	2239	2002.15	0	0
XM_016911456.2	1894	1657.15	4	0.440804
XM_016911459.2	758	522.871	8.36631	2.92204
XM_016911460.2	773	537.607	10.6337	3.61215
XM_016911461.2	876	639.915	0	0
XM_016911463.2	2658	2421.15	9.17951	0.69238
XM_016911464.2	2655	2418.15	0	0
XM_016911465.2	2224	1987.15	0	0
XM_016911466.2	4334	4097.15	0	0
XM_016911467.2	2699	2462.15	2	0.148341
XM_016911468.2	6993	6756.15	0	0
XM_016911469.2	2758	2521.15	0	0
XM_016911473.2	1568	1331.15	18.9685	2.60228
XM_016911474.2	1307	1070.15	0	0
XM_016911475.2	829	593.102	0	0
XM_016911476.2	709	474.425	1.56653	0.603
XM_016911477.2	6340	6103.15	8.01968	0.239966
XM_016911478.1	785	549.388	7.16889	2.38297
XM_016911483.2	2362	2125.15	4.77572e-06	4.10389e-07
XM_016911484.2	2362	2125.15	0	0
XM_016911486.2	3744	3507.15	5	0.260353
XM_016911487.2	2901	2664.15	2.67791e-08	1.83562e-09
XM_016911488.2	2841	2604.15	0	0
XM_016911489.2	2823	2586.15	0	0
XM_016911492.2	954	717.37	0	0
XM_016911493.2	1187	950.148	0	0
XM_016911494.2	935	698.582	7.41482	1.93834
XM_016911495.1	3865	3628.15	0.630346	0.0317278
XM_016911497.2	5441	5204.15	43.6711	1.53247
XM_016911498.2	3612	3375.15	64.6356	3.49724
XM_016911499.2	3949	3712.15	0	0
XM_016911500.2	3495	3258.15	0	0
XM_016911501.2	12466	12229.1	181.116	2.70463
XM_016911504.2	1264	1027.15	0	0
XM_016911505.2	1453	1216.15	0	0
XM_016911508.2	2953	2716.15	4.14599e-06	2.78754e-07
XM_016911510.2	2911	2674.15	19.8443	1.35518
XM_016911515.2	1519	1282.15	0	0
XM_016911516.2	1126	889.148	0	0
XM_016911517.2	4516	4279.15	2	0.0853531
XM_016911518.2	1853	1616.15	0	0
XM_016911520.2	1469	1232.15	2	0.296424
XM_016911521.2	3058	2821.15	0	0
XM_016911523.2	1077	840.148	5	1.08683
XM_016911528.2	2374	2137.15	0	0
XM_016911529.2	2353	2116.15	54.9025	4.73798
XM_016911530.2	2350	2113.15	0	0
XM_016911531.2	2328	2091.15	0	0
XM_016911562.2	11824	11587.1	0	0
XM_016911563.2	11764	11527.1	0.000286951	4.54603e-06
XM_016911564.2	11668	11431.1	0	0
XM_016911565.2	11650	11413.1	0	0
XM_016911566.2	11605	11368.1	0	0
XM_016911567.2	11548	11311.1	50.8819	0.821492
XM_016911568.2	11530	11293.1	1.00806e-05	1.63011e-07
XM_016911569.2	5166	4929.15	18.5448	0.687062
XM_016911570.2	1612	1375.15	1	0.1328
XM_016911572.2	6102	5865.15	0	0
XM_016911573.2	6094	5857.15	0	0
XM_016911575.2	6081	5844.15	43.5742	1.36161
XM_016911576.2	5818	5581.15	0	0
XM_016911577.2	6523	6286.15	60.3588	1.75349
XM_016911579.2	7260	7023.15	12.7317	0.331055
XM_016911580.2	5309	5072.15	10.451	0.37628
XM_016911581.2	2862	2625.15	18.6592	1.29804
XM_016911582.2	2176	1939.15	0.000159726	1.50422e-05
XM_016911588.2	1683	1446.15	1	0.12628
XM_016911597.2	1878	1641.15	0	0
XM_016911601.2	1923	1686.15	0	0
XM_016911605.2	712	477.425	1	0.382509
XM_016911608.2	654	420.762	0	0
XM_016911609.2	703	468.472	55.188	21.5133
XM_016911620.2	27169	26932.1	0	0
XM_016911621.2	2728	2491.15	0	0
XM_016911622.2	2726	2489.15	0	0
XM_016911625.2	785	549.388	11	3.65645
XM_016911626.2	2867	2630.15	0	0
XM_016911628.2	3993	3756.15	19.0961	0.928426
XM_016911629.2	3708	3471.15	0	0
XM_016911630.2	3621	3384.15	3.20303e-08	1.72845e-09
XM_016911632.2	788	552.388	0	0
XM_016911633.2	10335	10098.1	1.51657	0.0274263
XM_016911635.2	707	472.425	0	0
XM_016911637.2	5309	5072.15	0	0
XM_016911641.2	3955	3718.15	0	0
XM_016911642.2	2301	2064.15	0	0
XM_016911644.2	1947	1710.15	0	0
XM_016911645.2	17161	16924.1	0.000328223	3.54167e-06
XM_016911646.2	16920	16683.1	104.128	1.13982
XM_016911649.2	13764	13527.1	14.4218	0.194697
XM_016911650.2	2776	2539.15	31.3991	2.25827
XM_016911654.2	516	290.887	9	5.65021
XM_016911655.2	1686	1449.15	0	0
XM_016911656.2	3297	3060.15	0	0
XM_016911658.2	4487	4250.15	9.22199	0.396248
XM_016911659.2	4891	4654.15	519.197	20.3722
XM_016911660.2	4263	4026.15	167.221	7.58485
XM_016911661.2	2640	2403.15	183	13.9065
XM_016911665.2	4467	4230.15	0	0
XM_016911667.2	2149	1912.15	1	0.0955047
XM_016911668.2	4599	4362.15	0	0
XM_016911669.2	3569	3332.15	0	0
XM_016911670.2	3556	3319.15	0	0
XM_016911671.2	2969	2732.15	3.70365	0.247555
XM_016911672.1	2383	2146.15	37	3.14839
XM_016911675.2	3371	3134.15	4.67501	0.272402
XM_016911676.2	3349	3112.15	0	0
XM_016911677.2	3343	3106.15	0	0
XM_016911678.2	3340	3103.15	0	0
XM_016911679.2	3337	3100.15	0	0
XM_016911680.2	1980	1743.15	0	0
XM_016911681.2	3461	3224.15	3.64846	0.206653
XM_016911682.2	3470	3233.15	0	0
XM_016911683.2	3467	3230.15	11.4621	0.648019
XM_016911684.2	1998	1761.15	0	0
XM_016911685.2	3186	2949.15	12.1535	0.752579
XM_016911686.2	3022	2785.15	4.84536	0.317705
XM_016911687.2	3179	2942.15	39.1325	2.42895
XM_016911688.2	3188	2951.15	48.5204	3.00248
XM_016911690.2	4256	4019.15	3.8044	0.172862
XM_016911691.2	4253	4016.15	0	0
XM_016911692.2	3294	3057.15	0	0
XM_016911693.2	3207	2970.15	23.8158	1.46431
XM_016911695.2	2326	2089.15	48	4.19584
XM_016911705.2	1028	791.148	3.42474	0.790525
XM_016911706.2	1026	789.148	1.71546	0.396981
XM_016911709.2	1180	943.148	27.3978	5.30496
XM_016911711.2	3723	3486.15	37	1.93822
XM_016911712.2	4124	3887.15	1.31497	0.0617775
XM_016911713.2	4681	4444.15	28.4938	1.17087
XM_016911714.2	607	375.303	3	1.45977
XM_016911715.1	390	187.171	1	0.975679
XM_016911721.2	5389	5152.15	40.999	1.45322
XM_016911722.2	857	621.102	1	0.294024
XM_016911724.2	825	589.162	2	0.619929
XM_016911725.2	1162	925.148	18	3.5531
XM_016911731.2	6817	6580.15	0	0
XM_016911732.2	6808	6571.15	0	0
XM_016911734.2	4058	3821.15	0	0
XM_016911735.2	1642	1405.15	0	0
XM_016911740.2	1830	1593.15	4.80195	0.550438
XM_016911742.2	1175	938.148	0	0
XM_016911751.2	4025	3788.15	0	0
XM_016911757.2	1020	783.148	1	0.233186
XM_016911760.2	5226	4989.15	0	0
XM_016911763.2	6209	5972.15	19.7547	0.604068
XM_016911764.2	6201	5964.15	21.7846	0.667033
XM_016911765.2	3875	3638.15	2.33205	0.117059
XM_016911767.2	3865	3628.15	0	0
XM_016911769.2	10350	10113.1	25.5938	0.462163
XM_016911770.2	2564	2327.15	1.30255	0.102215
XM_016911771.2	3134	2897.15	12.2653	0.773133
XM_016911773.2	1155	918.148	3	0.596699
XM_016911774.2	1246	1009.15	0	0
XM_016911775.2	8230	7993.15	0	0
XM_016911780.2	1338	1101.15	0	0
XM_016911781.2	1775	1538.15	8	0.949813
XM_016911782.2	8340	8103.15	0	0
XM_016911783.2	8300	8063.15	15.2271	0.344873
XM_016911785.2	9776	9539.15	13.8032	0.264252
XM_016911786.2	6669	6432.15	20.2754	0.575653
XM_016911787.2	9264	9027.15	2.02113e-07	4.08875e-09
XM_016911788.1	2536	2299.15	32	2.54173
XM_016911789.2	10208	9971.15	218.29	3.99793
XM_016911790.2	10205	9968.15	87.8122	1.60874
XM_016911791.2	10178	9941.15	63.734	1.1708
XM_016911792.2	10175	9938.15	43.6604	0.802284
XM_016911793.2	10094	9857.15	0.000551038	1.02089e-05
XM_016911794.1	1826	1589.15	6.37958	0.733118
XM_016911795.2	1785	1548.15	1.62042	0.191145
XM_016911797.1	2410	2173.15	20.2025	1.69771
XM_016911798.2	6880	6643.15	48.356	1.3293
XM_016911799.2	6877	6640.15	0	0
XM_016911802.2	2047	1810.15	161	16.2427
XM_016911803.2	1768	1531.15	0	0
XM_016911804.2	2271	2034.15	0	0
XM_016911806.2	6016	5779.15	40.0023	1.26406
XM_016911807.2	1232	995.148	24	4.40423
XM_016911809.2	13118	12881.1	0	0
XM_016911810.2	12672	12435.1	0.0318282	0.00046742
XM_016911811.2	12598	12361.1	11.5151	0.170119
XM_016911812.2	12486	12249.1	0	0
XM_016911813.2	12654	12417.1	0.132964	0.0019555
XM_016911814.2	4604	4367.15	0	0
XM_016911815.2	4454	4217.15	0	0
XM_016911832.2	6248	6011.15	74.9829	2.27799
XM_016911833.2	6045	5808.15	0.0170853	0.000537195
XM_016911834.2	4245	4008.15	54.2949	2.47378
XM_016911837.1	1479	1242.15	8	1.17615
XM_016911842.2	2319	2082.15	0	0
XM_016911843.2	2550	2313.15	0	0
XM_016911844.2	1840	1603.15	0	0
XM_016911846.2	6004	5767.15	14.3096	0.453119
XM_016911847.2	4767	4530.15	2.63872e-06	1.06372e-07
XM_016911848.1	5324	5087.15	0	0
XM_016911849.2	2741	2504.15	2	0.145853
XM_016911850.2	4857	4620.15	0	0
XM_016911851.2	1313	1076.15	0	0
XM_016911852.2	1525	1288.15	0	0
XM_016911853.2	1047	810.148	0	0
XM_016911854.2	1474	1237.15	2	0.295226
XM_016911855.2	503	279.622	4	2.61237
XM_016911856.2	1827	1590.15	0	0
XM_016911857.2	4741	4504.15	0.000773811	3.13739e-05
XM_016911859.2	1815	1578.15	0	0
XM_016911860.2	1409	1172.15	0	0
XM_016911863.2	2951	2714.15	8	0.538273
XM_016911866.2	2086	1849.15	0	0
XM_016911869.2	2605	2368.15	1	0.0771148
XM_016911871.2	5430	5193.15	0	0
XM_016911874.2	19086	18849.1	10	0.0968846
XM_016911875.2	2619	2382.15	0	0
XM_016911876.2	7790	7553.15	0	0
XM_016911877.2	7782	7545.15	0	0
XM_016911878.2	3847	3610.15	2	0.10117
XM_016911881.2	1565	1328.15	1.07025	0.147158
XM_016911883.2	5705	5468.15	95.534	3.19054
XM_016911884.2	4303	4066.15	14.6933	0.659907
XM_016911886.2	1705	1468.15	4.47015	0.556031
XM_016911887.2	6176	5939.15	0	0
XM_016911889.2	5835	5598.15	0	0
XM_016911894.2	871	634.915	0	0
XM_016911895.2	3744	3507.15	19.9131	1.03689
XM_016911897.2	2396	2159.15	0	0
XM_016911898.2	2384	2147.15	28	2.38146
XM_016911899.2	551	322.218	0	0
XM_016911900.2	4342	4105.15	0	0
XM_016911901.2	4345	4108.15	0	0
XM_016911902.2	4264	4027.15	0	0
XM_016911903.2	4358	4121.15	0	0
XM_016911904.2	3415	3178.15	20.8745	1.19947
XM_016911906.2	888	651.786	6	1.6811
XM_016911907.2	4291	4054.15	9.66289e-06	4.35265e-07
XM_016911910.2	3669	3432.15	29.0052	1.54332
XM_016911911.2	3863	3626.15	0	0
XM_016911912.2	3872	3635.15	0	0
XM_016911913.2	3921	3684.15	6.82058	0.338089
XM_016911914.2	3661	3424.15	4.17425	0.222624
XM_016911915.2	1952	1715.15	0	0
XM_016911916.2	2276	2039.15	22	1.97025
XM_016911917.2	1164	927.148	0	0
XM_016911922.2	626	393.456	198.845	92.2924
XM_016911923.2	1153	916.148	2	0.398668
XM_016911924.2	5432	5195.15	11.1509	0.391973
XM_016911926.2	1114	877.148	0	0
XM_016911927.2	1112	875.148	7.0761	1.47659
XM_016911928.2	996	759.148	0	0
XM_016911929.2	1003	766.148	2.9239	0.696941
XM_016911930.2	3944	3707.15	40.7808	2.00892
XM_016911931.2	3083	2846.15	3.97557	0.255087
XM_016911932.2	3092	2855.15	11.8159	0.755759
XM_016911933.2	2403	2166.15	0	0
XM_016911935.2	822	586.162	5.57526	1.73698
XM_016911937.2	1860	1623.15	0	0
XM_016911938.2	1062	825.148	0	0
XM_016911940.2	7448	7211.15	0	0
XM_016911941.2	7980	7743.15	0	0
XM_016911942.2	7914	7677.15	0	0
XM_016911944.2	4649	4412.15	0	0
XM_016911945.2	4646	4409.15	0	0
XM_016911946.2	8090	7853.15	0.078028	0.00181448
XM_016911947.2	4434	4197.15	7.65547e-08	3.33092e-09
XM_016911948.2	4432	4195.15	1.2254e-07	5.3343e-09
XM_016911949.2	2370	2133.15	47	4.02368
XM_016911950.1	910	673.72	9	2.43955
XM_016911953.2	920	683.652	3	0.801369
XM_016911954.2	4881	4644.15	0.758905	0.029842
XM_016911955.2	4866	4629.15	18.4888	0.72938
XM_016911956.2	4145	3908.15	38.7523	1.81081
XM_016911957.2	946	709.441	603	155.22
XM_016911959.2	4550	4313.15	2	0.0846802
XM_016911962.2	1902	1665.15	0	0
XM_016911964.2	1965	1728.15	1	0.105673
XM_016911965.2	2568	2331.15	0	0
XM_016911966.2	3822	3585.15	48.5277	2.47189
XM_016911968.2	3621	3384.15	0	0
XM_016911973.2	4913	4676.15	3.99275	0.15593
XM_016911974.2	4132	3895.15	33	1.54716
XM_016911979.2	1073	836.148	0	0
XM_016911983.2	2537	2300.15	8.21202	0.65199
XM_016911992.2	1110	873.148	0	0
XM_016911994.2	3222	2985.15	19.9218	1.21873
XM_016911997.2	2402	2165.15	0	0
XM_016911998.2	2572	2335.15	0	0
XM_016911999.2	2615	2378.15	0	0
XM_016912000.2	2485	2248.15	4.82281	0.391761
XM_016912001.2	2400	2163.15	0	0
XM_016912002.2	2610	2373.15	0	0
XM_016912003.2	2161	1924.15	0	0
XM_016912004.2	2372	2135.15	0	0
XM_016912005.2	2159	1922.15	0	0
XM_016912006.2	2400	2163.15	0	0
XM_016912008.2	3028	2791.15	11.8839	0.777541
XM_016912009.2	1950	1713.15	0	0
XM_016912014.2	3488	3251.15	2	0.112341
XM_016912016.2	1641	1404.15	5.62137	0.731098
XM_016912026.2	2561	2324.15	0	0
XM_016912027.2	2506	2269.15	0	0
XM_016912029.2	1982	1745.15	9	0.941796
XM_016912030.2	2108	1871.15	2	0.195195
XM_016912031.2	1227	990.148	20	3.68873
XM_016912033.2	971	734.297	0	0
XM_016912034.2	694	459.658	2	0.794587
XM_016912040.2	981	744.224	0	0
XM_016912041.2	1105	868.148	22.1708	4.66374
XM_016912042.2	3521	3284.15	0	0
XM_016912043.2	2166	1929.15	0	0
XM_016912046.2	1965	1728.15	15.136	1.59948
XM_016912047.2	1932	1695.15	28.0059	3.01709
XM_016912048.2	1804	1567.15	10.5997	1.23518
XM_016912049.2	2088	1851.15	0	0
XM_016912051.2	4660	4423.15	0	0
XM_016912054.2	4512	4275.15	1	0.0427165
XM_016912056.2	1625	1388.15	0	0
XM_016912057.2	6024	5787.15	11	0.347116
XM_016912061.2	5682	5445.15	0.0148925	0.000499463
XM_016912062.2	5615	5378.15	3.02717	0.10279
XM_016912063.2	5477	5240.15	0	0
XM_016912064.2	5644	5407.15	14.9575	0.50517
XM_016912066.2	5565	5328.15	0	0
XM_016912067.2	5176	4939.15	0	0
XM_016912074.2	3653	3416.15	9	0.481119
XM_016912077.2	1039	802.148	0	0
XM_016912081.2	1648	1411.15	15	1.94118
XM_016912098.2	12226	11989.1	4.01112	0.0610975
XM_016912099.2	11917	11680.1	105.008	1.6418
XM_016912100.2	12307	12070.1	0.00521203	7.88571e-05
XM_016912101.2	11360	11123.1	248.578	4.08113
XM_016912103.2	11113	10876.1	475.736	7.98799
XM_016912104.2	10914	10677.1	658.812	11.2681
XM_016912108.2	4271	4034.15	31.5296	1.42729
XM_016912113.2	6377	6140.15	281.716	8.37874
XM_016912115.2	804	568.277	3	0.964067
XM_016912116.2	2111	1874.15	2	0.194882
XM_016912120.2	7322	7085.15	0	0
XM_016912122.2	6336	6099.15	24.4638	0.73249
XM_016912129.2	3547	3310.15	21.7459	1.19971
XM_016912131.2	2701	2464.15	11.4929	0.851743
XM_016912133.2	2676	2439.15	23.6726	1.77237
XM_016912134.2	2582	2345.15	100.642	7.83711
XM_016912135.2	1146	909.148	0	0
XM_016912136.2	5222	4985.15	13.4168	0.491494
XM_016912138.2	1411	1174.15	7	1.08873
XM_016912139.2	1288	1051.15	0	0
XM_016912140.2	1284	1047.15	2	0.348794
XM_016912141.2	1106	869.148	7	1.47079
XM_016912146.2	1382	1145.15	2.4776	0.395109
XM_016912147.1	1360	1123.15	7.45305	1.21183
XM_016912148.2	5154	4917.15	0	0
XM_016912149.2	2435	2198.15	8	0.664629
XM_016912150.2	17855	17618.1	130.643	1.35417
XM_016912151.2	17594	17357.1	34.9099	0.367297
XM_016912161.2	7508	7271.15	87.2221	2.19063
XM_016912162.2	3703	3466.15	0	0
XM_016912169.2	7760	7523.15	0	0
XM_016912171.2	7868	7631.15	0	0
XM_016912172.2	5420	5183.15	387.765	13.6622
XM_016912173.2	4769	4532.15	148.306	5.97588
XM_016912174.2	4445	4208.15	48.327	2.09723
XM_016912175.2	879	642.851	0	0
XM_016912180.2	3192	2955.15	0	0
XM_016912182.2	3346	3109.15	62.173	3.6518
XM_016912184.2	1012	775.148	43.7356	10.3038
XM_016912185.2	2236	1999.15	0	0
XM_016912186.2	4864	4627.15	16.435	0.648639
XM_016912187.2	4917	4680.15	85.7004	3.34403
XM_016912188.2	1193	956.148	9.46709	1.80816
XM_016912189.2	1085	848.148	0	0
XM_016912190.2	2428	2191.15	0	0
XM_016912191.2	2373	2136.15	0	0
XM_016912192.2	2342	2105.15	18.5531	1.60946
XM_016912193.2	2306	2069.15	1.57386e-06	1.38906e-07
XM_016912194.2	2214	1977.15	38.2546	3.53339
XM_016912195.2	2065	1828.15	200.493	20.0278
XM_016912196.2	2787	2550.15	0	0
XM_016912197.2	2641	2404.15	0	0
XM_016912198.2	3619	3382.15	1	0.053995
XM_016912200.2	3902	3665.15	0	0
XM_016912201.2	3553	3316.15	3.27917	0.180583
XM_016912202.2	2933	2696.15	59	3.99627
XM_016912203.2	737	502.227	2	0.727237
XM_016912205.2	1303	1066.15	0	0
XM_016912206.2	1298	1061.15	0	0
XM_016912207.2	1400	1163.15	0	0
XM_016912208.2	1982	1745.15	478.553	50.0777
XM_016912210.2	1953	1716.15	3.9244e-07	4.17605e-08
XM_016912211.2	1556	1319.15	25.8777	3.58244
XM_016912216.2	1708	1471.15	76	9.43417
XM_016912223.2	3015	2778.15	76.825	5.05003
XM_016912233.2	2077	1840.15	5.60012	0.555765
XM_016912234.2	5144	4907.15	0	0
XM_016912235.2	5295	5058.15	0	0
XM_016912236.2	5059	4822.15	0	0
XM_016912237.2	5298	5061.15	0	0
XM_016912238.2	4069	3832.15	0	0
XM_016912243.2	2618	2381.15	0	0
XM_016912244.2	2698	2461.15	13	0.964611
XM_016912245.2	3366	3129.15	0	0
XM_016912248.2	1685	1448.15	10	1.26105
XM_016912251.1	1024	787.148	0	0
XM_016912253.2	7239	7002.15	0.000871507	2.27293e-05
XM_016912255.2	2122	1885.15	10	0.968726
XM_016912260.2	4526	4289.15	0	0
XM_016912262.2	1222	985.148	8	1.48298
XM_016912263.2	5013	4776.15	1.42441	0.0544633
XM_016912266.2	2362	2125.15	0	0
XM_016912269.2	6438	6201.15	11.1193	0.327454
XM_016912272.2	5212	4975.15	0	0
XM_016912275.2	1045	808.148	25	5.64931
XM_016912276.2	3422	3185.15	3.2464	0.186131
XM_016912278.2	466	247.639	0	0
XM_016912282.2	4721	4484.15	5.11918e-07	2.08481e-08
XM_016912284.2	2563	2326.15	4.83943	0.37993
XM_016912285.2	2100	1863.15	28.0382	2.74821
XM_016912288.2	1074	837.148	30.7057	6.69829
XM_016912289.2	2566	2329.15	0	0
XM_016912290.2	2618	2381.15	0	0
XM_016912291.2	4602	4365.15	2.9586e-08	1.23775e-09
XM_016912292.2	4513	4276.15	20	0.854129
XM_016912293.2	1443	1206.15	2	0.302814
XM_016912295.2	2611	2374.15	2	0.15384
XM_016912296.2	1150	913.148	0	0
XM_016912297.2	1105	868.148	0	0
XM_016912298.2	1375	1138.15	32.8411	5.26945
XM_016912299.2	1587	1350.15	0	0
XM_016912300.2	5810	5573.15	49.4629	1.62079
XM_016912301.2	1305	1068.15	0	0
XM_016912302.2	1027	790.148	4.33661	1.00228
XM_016912303.2	4163	3926.15	0	0
XM_016912305.2	1890	1653.15	2.1394	0.236334
XM_016912306.2	3665	3428.15	0	0
XM_016912309.2	1312	1075.15	3.5284	0.599316
XM_016912310.2	3326	3089.15	1.68306	0.0994967
XM_016912311.2	3170	2933.15	0.00115416	7.18587e-05
XM_016912312.2	2269	2032.15	1	0.0898651
XM_016912313.2	6457	6220.15	62	1.82028
XM_016912320.2	2146	1909.15	77.4969	7.41295
XM_016912321.2	4316	4079.15	7.60569	0.340499
XM_016912326.2	1431	1194.15	0	0
XM_016912330.2	5201	4964.15	0	0
XM_016912331.2	1827	1590.15	14.0257	1.61077
XM_016912335.2	4283	4046.15	1.48581e-07	6.70606e-09
XM_016912338.2	2218	1981.15	0	0
XM_016912339.2	1278	1041.15	0	0
XM_016912342.2	8474	8237.15	51.5939	1.14385
XM_016912343.1	2704	2467.15	0.00582688	0.000431308
XM_016912344.2	2779	2542.15	0	0
XM_016912346.1	2684	2447.15	17.9659	1.34071
XM_016912347.1	1973	1736.15	0	0
XM_016912348.2	3899	3662.15	6.02826	0.300609
XM_016912351.2	1388	1151.15	0.888595	0.140968
XM_016912356.2	3469	3232.15	0	0
XM_016912359.2	1958	1721.15	0	0
XM_016912360.2	1342	1105.15	0	0
XM_016912361.2	1394	1157.15	0	0
XM_016912362.2	4807	4570.15	0	0
XM_016912365.2	1577	1340.15	0	0
XM_016912366.2	4682	4445.15	0	0
XM_016912367.2	7999	7762.15	0	0
XM_016912368.2	4992	4755.15	10.417	0.400058
XM_016912369.2	8148	7911.15	0	0
XM_016912370.2	539	311.285	0	0
XM_016912371.2	547	318.61	0	0
XM_016912372.2	2068	1831.15	3	0.299188
XM_016912375.2	4592	4355.15	3.83171	0.160671
XM_016912378.2	666	432.418	0	0
XM_016912379.2	2841	2604.15	19	1.3324
XM_016912380.2	8032	7795.15	17	0.398264
XM_016912382.2	1981	1744.15	0	0
XM_016912383.2	3317	3080.15	16.1264	0.956121
XM_016912384.2	1344	1107.15	0	0
XM_016912386.2	3007	2770.15	0	0
XM_016912388.2	467	248.351	12	8.82391
XM_016912390.2	3377	3140.15	9.18726	0.534297
XM_016912391.2	3064	2827.15	0	0
XM_016912392.2	2853	2616.15	0	0
XM_016912393.2	2038	1801.15	5	0.506952
XM_016912397.2	4983	4746.15	106.999	4.11703
XM_016912399.2	2605	2368.15	0	0
XM_016912402.2	1593	1356.15	13	1.75058
XM_016912403.2	4013	3776.15	0	0
XM_016912404.2	3457	3220.15	0	0
XM_016912405.2	533	306.107	6	3.57952
XM_016912408.2	2248	2011.15	4.51097	0.409612
XM_016912409.2	2328	2091.15	4.48903	0.392025
XM_016912410.2	2750	2513.15	12	0.871986
XM_016912411.2	1175	938.148	19	3.69853
XM_016912412.2	2161	1924.15	18.7175	1.77646
XM_016912413.2	1782	1545.15	0	0
XM_016912414.2	2144	1907.15	0	0
XM_016912415.2	1325	1088.15	13	2.18173
XM_016912416.2	3213	2976.15	3.83544	0.235346
XM_016912417.2	3195	2958.15	0	0
XM_016912418.2	2136	1899.15	0	0
XM_016912421.2	2734	2497.15	0	0
XM_016912422.2	2742	2505.15	0	0
XM_016912423.2	2903	2666.15	5.89856	0.404025
XM_016912424.2	3231	2994.15	0	0
XM_016912426.2	2480	2243.15	0.000137731	1.1213e-05
XM_016912427.2	2451	2214.15	52.1013	4.29723
XM_016912428.2	2478	2241.15	0	0
XM_016912430.2	823	587.162	0	0
XM_016912431.2	3886	3649.15	6	0.300266
XM_016912433.2	2062	1825.15	0	0
XM_016912435.2	1542	1305.15	1	0.139922
XM_016912438.2	2640	2403.15	0.00709612	0.000539246
XM_016912440.2	2133	1896.15	11.8696	1.14317
XM_016912442.2	2149	1912.15	9	0.859543
XM_016912444.2	1322	1085.15	9	1.51461
XM_016912445.2	824	588.162	0	0
XM_016912447.2	8003	7766.15	0	0
XM_016912448.2	1138	901.148	4	0.810607
XM_016912453.2	2190	1953.15	0	0
XM_016912454.2	2241	2004.15	15	1.36681
XM_016912455.2	2094	1857.15	0	0
XM_016912456.2	1155	918.148	3.25574	0.647565
XM_016912457.2	5501	5264.15	3.86921	0.134227
XM_016912458.2	5658	5421.15	0	0
XM_016912460.2	5035	4798.15	0	0
XM_016912463.2	4177	3940.15	10.4536	0.484506
XM_016912464.2	1448	1211.15	0	0
XM_016912466.2	2209	1972.15	0	0
XM_016912467.2	2168	1931.15	0	0
XM_016912468.2	4113	3876.15	0	0
XM_016912470.2	1305	1068.15	0	0
XM_016912472.2	2548	2311.15	0	0
XM_016912475.2	1850	1613.15	0	0
XM_016912478.2	301	121.491	0	0
XM_016912484.2	6052	5815.15	4.64074e-08	1.45738e-09
XM_016912485.2	11012	10775.1	0	0
XM_016912486.2	5947	5710.15	3	0.0959445
XM_016912487.2	1628	1391.15	0	0
XM_016912489.2	2019	1782.15	304.742	31.2273
XM_016912491.2	2362	2125.15	149.978	12.8879
XM_016912495.2	1115	878.148	0	0
XM_016912517.2	883	646.786	0	0
XM_016912519.2	3349	3112.15	12.5093	0.734042
XM_016912526.2	3538	3301.15	0	0
XM_016912527.1	999	762.148	0	0
XM_016912529.2	1867	1630.15	0	0
XM_016912531.1	2785	2548.15	0	0
XM_016912534.2	1523	1286.15	0	0
XM_016912543.2	1551	1314.15	0	0
XM_016912544.2	2026	1789.15	0	0
XM_016912550.2	3463	3226.15	39	2.20763
XM_016912552.2	3186	2949.15	16.9893	1.05202
XM_016912556.2	5372	5135.15	6.14492	0.218529
XM_016912558.2	3369	3132.15	0	0
XM_016912569.2	8611	8374.15	0.00373191	8.13836e-05
XM_016912570.2	11104	10867.1	336.115	5.64831
XM_016912571.2	11101	10864.1	0.600735	0.010098
XM_016912589.2	1758	1521.15	35.0258	4.20497
XM_016912595.2	540	312.253	7.11082	4.15871
XM_016912596.2	5111	4874.15	0	0
XM_016912597.2	6736	6499.15	10.2684	0.28853
XM_016912598.2	5146	4909.15	5.80177	0.215824
XM_016912599.2	4005	3768.15	45.3022	2.19552
XM_016912600.2	4006	3769.15	0	0
XM_016912601.2	4087	3850.15	0	0
XM_016912602.2	5115	4878.15	0	0
XM_016912603.2	1093	856.148	0	0
XM_016912606.2	2567	2330.15	0	0
XM_016912612.2	8484	8247.15	9.29086e-06	2.0573e-07
XM_016912613.2	8456	8219.15	27.8408	0.618589
XM_016912614.2	8205	7968.15	0	0
XM_016912615.2	8156	7919.15	1.23581e-05	2.84984e-07
XM_016912616.2	8129	7892.15	59.9166	1.38643
XM_016912622.2	1504	1267.15	0	0
XM_016912626.2	681	446.977	2.8879	1.17989
XM_016912629.2	3277	3040.15	0	0
XM_016912637.2	2684	2447.15	0	0
XM_016912638.2	2019	1782.15	0	0
XM_016912639.2	1704	1467.15	0	0
XM_016912640.2	2328	2091.15	0	0
XM_016912641.2	1627	1390.15	0	0
XM_016912642.2	1597	1360.15	0	0
XM_016912643.2	514	289.067	0	0
XM_016912646.2	9252	9015.15	0	0
XM_016912649.2	3641	3404.15	189.033	10.1409
XM_016912650.2	3525	3288.15	22.4258	1.2455
XM_016912656.2	2947	2710.15	5.82409	0.392447
XM_016912658.2	1729	1492.15	60.4706	7.4008
XM_016912661.2	4270	4033.15	0	0
XM_016912667.2	5153	4916.15	188.577	7.00505
XM_016912668.2	6287	6050.15	38.3501	1.15757
XM_016912669.2	637	404.175	0	0
XM_016912670.2	6287	6050.15	36.355	1.09735
XM_016912671.2	4173	3936.15	0	0
XM_016912672.2	5390	5153.15	6.35404	0.225177
XM_016912673.2	4379	4142.15	10.4402	0.460288
XM_016912674.2	3836	3599.15	0	0
XM_016912675.2	3840	3603.15	0	0
XM_016912676.2	3622	3385.15	54.3388	2.93143
XM_016912679.2	4785	4548.15	13.5897	0.545661
XM_016912683.2	6876	6639.15	27.7788	0.764095
XM_016912686.2	2887	2650.15	66.5673	4.58709
XM_016912687.2	6258	6021.15	0	0
XM_016912688.2	6204	5967.15	46.2338	1.41494
XM_016912689.2	7652	7415.15	40.614	1.00023
XM_016912690.2	6120	5883.15	0	0
XM_016912693.2	5216	4979.15	5.85037	0.214573
XM_016912694.2	5625	5388.15	0	0
XM_016912696.2	5251	5014.15	18.5814	0.67675
XM_016912697.2	5194	4957.15	0	0
XM_016912699.2	4557	4320.15	10.0306	0.424007
XM_016912701.2	5721	5484.15	0	0
XM_016912702.2	5696	5459.15	0	0
XM_016912703.2	4933	4696.15	5.4147	0.210561
XM_016912704.2	5705	5468.15	0	0
XM_016912705.2	5672	5435.15	8.56019e-07	2.87619e-08
XM_016912706.2	4358	4121.15	12.0632	0.534555
XM_016912708.2	4253	4016.15	30.3357	1.3794
XM_016912709.2	5559	5322.15	0	0
XM_016912710.2	6555	6318.15	31.3136	0.905084
XM_016912711.2	5557	5320.15	15.7079	0.539188
XM_016912712.2	5544	5307.15	0	0
XM_016912713.2	5541	5304.15	0	0
XM_016912715.2	5382	5145.15	19.7789	0.702022
XM_016912718.2	3930	3693.15	8.52168	0.421381
XM_016912724.2	3742	3505.15	2.97868	0.15519
XM_016912725.2	1616	1379.15	458.434	60.7033
XM_016912726.2	4245	4008.15	8	0.364496
XM_016912728.2	2094	1857.15	63.3748	6.23184
XM_016912729.2	4075	3838.15	16.1139	0.766702
XM_016912733.2	5977	5740.15	6.44273e-08	2.04971e-09
XM_016912734.2	5531	5294.15	0	0
XM_016912735.2	5930	5693.15	6.8723	0.220443
XM_016912736.2	5408	5171.15	13.1006	0.462647
XM_016912738.2	1749	1512.15	11	1.32845
XM_016912741.2	3035	2798.15	71	4.63377
XM_016912743.2	1759	1522.15	0	0
XM_016912744.2	3613	3376.15	0	0
XM_016912745.2	2598	2361.15	0	0
XM_016912746.2	2586	2349.15	7.81731e-08	6.07706e-09
XM_016912747.2	2552	2315.15	0	0
XM_016912748.2	2805	2568.15	7.61739	0.541667
XM_016912749.2	2519	2282.15	3.34355	0.267553
XM_016912750.2	2484	2247.15	0	0
XM_016912751.2	2472	2235.15	1.56077e-08	1.2752e-09
XM_016912752.2	2437	2200.15	0	0
XM_016912753.2	2425	2188.15	20.0885	1.67655
XM_016912754.2	3486	3249.15	0	0
XM_016912755.2	3511	3274.15	0	0
XM_016912756.2	1597	1360.15	0	0
XM_016912758.2	7850	7613.15	2.17253	0.0521132
XM_016912759.2	7738	7501.15	37.515	0.913321
XM_016912760.2	7820	7583.15	0	0
XM_016912761.2	7814	7577.15	0	0
XM_016912762.2	7837	7600.15	0	0
XM_016912763.2	6903	6666.15	50.3125	1.37831
XM_016912765.2	2739	2502.15	0	0
XM_016912766.2	2734	2497.15	13.7189	1.00328
XM_016912767.2	2702	2465.15	0	0
XM_016912768.2	2679	2442.15	0	0
XM_016912769.2	2231	1994.15	0	0
XM_016912770.2	2131	1894.15	5.27083	0.508173
XM_016912771.2	2105	1868.15	0	0
XM_016912773.2	1735	1498.15	0.0121145	0.00147672
XM_016912774.2	1173	936.148	4.21714	0.82266
XM_016912775.2	3056	2819.15	0	0
XM_016912777.2	3819	3582.15	1	0.0509804
XM_016912778.2	699	464.566	0	0
XM_016912786.2	2124	1887.15	2.46753	0.238783
XM_016912787.2	1977	1740.15	0	0
XM_016912788.2	1786	1549.15	0	0
XM_016912791.2	1772	1535.15	3.55427	0.422812
XM_016912793.2	3356	3119.15	0	0
XM_016912794.2	1565	1328.15	0	0
XM_016912795.2	6327	6090.15	0	0
XM_016912796.1	6183	5946.15	4.46975	0.137276
XM_016912797.2	6522	6285.15	7.53025	0.218796
XM_016912799.2	2596	2359.15	1	0.077409
XM_016912801.2	1486	1249.15	2.03208	0.297081
XM_016912803.2	2596	2359.15	6	0.464454
XM_016912804.2	2584	2347.15	0	0
XM_016912806.2	2187	1950.15	35.2695	3.30277
XM_016912807.2	2764	2527.15	4.47958	0.323708
XM_016912812.2	1365	1128.15	0	0
XM_016912813.2	1633	1396.15	0	0
XM_016912815.2	1439	1202.15	1	0.151911
XM_016912818.2	1006	769.148	1.97387	0.468656
XM_016912821.2	3973	3736.15	5.99707e-08	2.93131e-09
XM_016912822.2	3908	3671.15	2	0.0994889
XM_016912823.2	3725	3488.15	0	0
XM_016912824.2	3751	3514.15	0	0
XM_016912825.2	7140	6903.15	13.7463	0.363651
XM_016912826.2	6905	6668.15	0	0
XM_016912827.2	6890	6653.15	0	0
XM_016912828.2	2839	2602.15	0	0
XM_016912829.2	2803	2566.15	0	0
XM_016912830.2	2770	2533.15	6.04302	0.435652
XM_016912832.2	2767	2530.15	290.666	20.9794
XM_016912833.2	923	686.652	6.57415	1.74844
XM_016912836.1	1128	891.148	6	1.22955
XM_016912840.2	982	745.224	0	0
XM_016912842.1	2466	2229.15	4	0.327693
XM_016912843.2	1122	885.148	0	0
XM_016912844.2	2442	2205.15	3	0.248445
XM_016912845.2	2355	2118.15	0	0
XM_016912846.1	2072	1835.15	0	0
XM_016912847.2	2131	1894.15	24.7648	2.38763
XM_016912848.2	1482	1245.15	0	0
XM_016912849.2	1421	1184.15	6.78753	1.04677
XM_016912851.2	6580	6343.15	0	0
XM_016912856.2	3198	2961.15	24.8672	1.5336
XM_016912860.2	6879	6642.15	27.0855	0.744688
XM_016912862.2	1755	1518.15	43	5.1725
XM_016912864.2	1458	1221.15	0	0
XM_016912866.2	4152	3915.15	0	0
XM_016912867.2	4091	3854.15	0	0
XM_016912868.2	4077	3840.15	0	0
XM_016912869.2	4434	4197.15	19.1901	0.834968
XM_016912870.2	1950	1713.15	0	0
XM_016912871.2	1777	1540.15	0	0
XM_016912872.2	4272	4035.15	0	0
XM_016912873.2	887	650.786	2	0.561226
XM_016912874.2	1107	870.148	0	0
XM_016912883.2	1399	1162.15	3	0.471418
XM_016912885.2	2502	2265.15	0	0
XM_016912887.2	1094	857.148	1.6148	0.344039
XM_016912888.2	3206	2969.15	0	0
XM_016912889.2	3392	3155.15	0	0
XM_016912890.2	3012	2775.15	0	0
XM_016912893.2	2358	2121.15	0	0
XM_016912894.2	2005	1768.15	5	0.516414
XM_016912895.2	4050	3813.15	0	0
XM_016912896.2	4047	3810.15	0	0
XM_016912897.2	4166	3929.15	1.13041	0.0525393
XM_016912902.1	2096	1859.15	2.35725	0.231546
XM_016912905.2	1999	1762.15	7.64275	0.792052
XM_016912909.2	2821	2584.15	0	0
XM_016912910.2	958	721.37	11	2.78472
XM_016912911.2	879	642.851	0	0
XM_016912913.2	5194	4957.15	11.6772	0.430184
XM_016912922.2	2805	2568.15	0	0
XM_016912924.2	3367	3130.15	1	0.058342
XM_016912925.2	1699	1462.15	8	0.999183
XM_016912928.2	1833	1596.15	0	0
XM_016912934.2	4738	4501.15	8.25065	0.334743
XM_016912935.2	1377	1140.15	5	0.800858
XM_016912938.2	1900	1663.15	0	0
XM_016912939.2	1081	844.148	58	12.5475
XM_016912940.2	2505	2268.15	1.21416	0.0977579
XM_016912941.2	2524	2287.15	0	0
XM_016912943.2	2202	1965.15	0	0
XM_016912945.2	2117	1880.15	4	0.388521
XM_016912946.2	1238	1001.15	6	1.09446
XM_016912947.2	3603	3366.15	0	0
XM_016912953.2	4581	4344.15	0	0
XM_016912958.2	3848	3611.15	106	5.36052
XM_016912970.2	2172	1935.15	4.7734	0.450464
XM_016912972.2	8027	7790.15	0	0
XM_016912973.2	4068	3831.15	197.91	9.43378
XM_016912974.2	3785	3548.15	72.4105	3.72689
XM_016912975.2	3511	3274.15	0	0
XM_016912976.2	3110	2873.15	28	1.7797
XM_016912977.2	2991	2754.15	0	0
XM_016912978.2	1846	1609.15	3	0.340464
XM_016912985.2	1972	1735.15	6.2774	0.660678
XM_016912986.2	2644	2407.15	0	0
XM_016912987.2	1611	1374.15	4.02862	0.535389
XM_016912991.2	943	706.512	2	0.51696
XM_016912994.2	1944	1707.15	3	0.32092
XM_016912995.2	2186	1949.15	0	0
XM_016912998.2	1804	1567.15	0	0
XM_016912999.2	6979	6742.15	351.621	9.52408
XM_016913000.2	1431	1194.15	0	0
XM_016913002.2	1691	1454.15	0	0
XM_016913006.2	4953	4716.15	56.9414	2.20489
XM_016913007.2	4421	4184.15	9.05864	0.395369
XM_016913008.2	3890	3653.15	0	0
XM_016913010.2	16838	16601.1	0	0
XM_016913011.2	16829	16592.1	0	0
XM_016913013.2	3205	2968.15	0.233544	0.0143691
XM_016913014.2	3195	2958.15	6.53085	0.403177
XM_016913015.2	2909	2672.15	18.2356	1.24625
XM_016913021.2	2713	2476.15	7.23981	0.533946
XM_016913022.2	8825	8588.15	15.4585	0.328711
XM_016913023.2	2987	2750.15	139.194	9.24296
XM_016913024.2	2824	2587.15	360.482	25.4454
XM_016913025.2	3380	3143.15	23.8302	1.38455
XM_016913026.2	3064	2827.15	7.09098	0.458041
XM_016913027.2	3065	2828.15	0	0
XM_016913028.2	2718	2481.15	0	0
XM_016913039.2	12231	11994.1	12.8849	0.196182
XM_016913041.2	5991	5754.15	6.62673	0.210312
XM_016913042.2	9740	9503.15	5.85829e-05	1.12577e-06
XM_016913044.2	5235	4998.15	18.2219	0.665782
XM_016913045.2	5166	4929.15	22.0003	0.815086
XM_016913047.2	4909	4672.15	8.48407	0.331615
XM_016913053.2	4242	4005.15	81.5596	3.7188
XM_016913054.2	1900	1663.15	235.723	25.8832
XM_016913055.2	1897	1660.15	231.496	25.465
XM_016913057.2	1291	1054.15	0	0
XM_016913066.2	886	649.786	0	0
XM_016913067.2	7974	7737.15	0.000276306	6.52163e-06
XM_016913068.2	7967	7730.15	0.000675112	1.5949e-05
XM_016913070.2	1811	1574.15	11.641	1.35049
XM_016913071.2	2091	1854.15	2	0.196985
XM_016913073.2	4669	4432.15	2.57767	0.106208
XM_016913077.2	4887	4650.15	3.72395	0.146246
XM_016913078.2	4711	4474.15	0	0
XM_016913079.2	4365	4128.15	0	0
XM_016913080.2	3051	2814.15	0	0
XM_016913084.2	3944	3707.15	0	0
XM_016913085.2	3663	3426.15	0	0
XM_016913086.2	3928	3691.15	0	0
XM_016913087.2	4150	3913.15	3.01511	0.140709
XM_016913088.2	3642	3405.15	0	0
XM_016913089.2	1758	1521.15	9	1.08048
XM_016913090.2	2009	1772.15	1.72971	0.178246
XM_016913091.2	4342	4105.15	61	2.71361
XM_016913092.2	4160	3923.15	0	0
XM_016913095.2	1334	1097.15	1	0.166449
XM_016913096.2	1545	1308.15	3.5019	0.48887
XM_016913097.2	5084	4847.15	175.017	6.59388
XM_016913098.2	6141	5904.15	45.1988	1.39803
XM_016913099.2	5949	5712.15	0	0
XM_016913100.2	2851	2614.15	0	0
XM_016913101.2	4471	4234.15	0	0
XM_016913102.2	4468	4231.15	13.1088	0.565785
XM_016913103.2	4408	4171.15	15.8737	0.694973
XM_016913104.2	4514	4277.15	12.4924	0.533383
XM_016913106.2	3077	2840.15	0	0
XM_016913107.2	3883	3646.15	12.2663	0.614362
XM_016913109.2	948	711.441	0	0
XM_016913110.2	4089	3852.15	0	0
XM_016913111.2	2489	2252.15	0	0
XM_016913113.2	5770	5533.15	0	0
XM_016913115.2	4941	4704.15	0	0
XM_016913118.2	1888	1651.15	0	0
XM_016913129.2	4128	3891.15	114	5.35024
XM_016913135.2	1778	1541.15	97.9755	11.6097
XM_016913136.2	884	647.786	0	0
XM_016913139.2	2708	2471.15	1	0.0739006
XM_016913140.2	5109	4872.15	0	0
XM_016913143.2	4412	4175.15	2.82052	0.123368
XM_016913144.2	4402	4165.15	30.0765	1.31869
XM_016913145.1	2049	1812.15	0	0
XM_016913149.2	5103	4866.15	113.103	4.24458
XM_016913150.2	1495	1258.15	0	0
XM_016913152.2	3065	2828.15	0	0
XM_016913155.2	4870	4633.15	60.5362	2.38608
XM_016913156.2	2508	2271.15	0.999999	0.0804083
XM_016913157.2	3106	2869.15	0.134982	0.00859153
XM_016913158.2	1914	1677.15	3.86187	0.420506
XM_016913160.2	4232	3995.15	9.65456	0.441312
XM_016913168.2	5446	5209.15	0	0
XM_016913171.2	9168	8931.15	0	0
XM_016913172.2	8873	8636.15	107.206	2.26696
XM_016913173.2	8881	8644.15	0	0
XM_016913174.2	8753	8516.15	88.4209	1.89609
XM_016913175.2	3015	2778.15	98.8301	6.49651
XM_016913177.2	7737	7500.15	0	0
XM_016913178.2	2237	2000.15	0	0
XM_016913180.1	1432	1195.15	0	0
XM_016913181.2	2020	1783.15	20.9514	2.14571
XM_016913186.2	7266	7029.15	0	0
XM_016913188.2	8661	8424.15	24.1623	0.523791
XM_016913191.2	1914	1677.15	0	0
XM_016913192.2	2158	1921.15	31.8643	3.02894
XM_016913193.2	1665	1428.15	10.311	1.31848
XM_016913194.2	1174	937.148	0	0
XM_016913195.2	1049	812.148	0	0
XM_016913196.2	1033	796.148	1.3609	0.312162
XM_016913197.2	1399	1162.15	8.55406	1.34418
XM_016913199.2	913	676.72	0	0
XM_016913200.2	913	676.72	0	0
XM_016913201.2	1524	1287.15	1.08504	0.153944
XM_016913202.2	4637	4400.15	0	0
XM_016913203.2	4483	4246.15	0	0
XM_016913204.2	4633	4396.15	0	0
XM_016913207.2	1882	1645.15	2.17479	0.241412
XM_016913212.2	1644	1407.15	8.65722	1.12353
XM_016913213.2	3322	3085.15	259	15.331
XM_016913214.2	4336	4099.15	0	0
XM_016913216.2	1934	1697.15	7.76802	0.835866
XM_016913217.2	1095	858.148	1	0.212806
XM_016913222.2	2353	2116.15	25.3359	2.18643
XM_016913225.2	1237	1000.15	0	0
XM_016913226.2	1154	917.148	0	0
XM_016913234.2	955	718.37	0	0
XM_016913235.2	2759	2522.15	8	0.57925
XM_016913237.2	4936	4699.15	0	0
XM_016913242.2	1596	1359.15	77.0474	10.3523
XM_016913243.2	1768	1531.15	14.4954	1.72885
XM_016913244.2	949	712.441	0	0
XM_016913246.2	4888	4651.15	0	0
XM_016913247.2	2507	2270.15	0	0
XM_016913248.2	1364	1127.15	0	0
XM_016913249.2	2521	2284.15	8.22375	0.657495
XM_016913250.2	2893	2656.15	0	0
XM_016913257.2	1749	1512.15	0	0
XM_016913258.2	1757	1520.15	30.203	3.62837
XM_016913259.2	1583	1346.15	15	2.03491
XM_016913260.2	2045	1808.15	0	0
XM_016913261.2	2230	1993.15	1.69216e-08	1.55041e-09
XM_016913262.2	864	627.915	16.1638	4.70099
XM_016913265.2	1672	1435.15	0	0
XM_016913266.2	1666	1429.15	0	0
XM_016913267.2	553	324.087	7.69163	4.33415
XM_016913268.2	1567	1330.15	6	0.823754
XM_016913269.2	630	397.376	0	0
XM_016913270.2	627	394.456	0	0
XM_016913271.2	1864	1627.15	0	0
XM_016913275.2	1060	823.148	7	1.55298
XM_016913276.2	1473	1236.15	0	0
XM_016913279.2	1873	1636.15	6	0.669692
XM_016913281.2	1236	999.148	2	0.36555
XM_016913284.2	1482	1245.15	1.76659	0.259096
XM_016913285.2	1657	1420.15	5.28953	0.680189
XM_016913286.2	7511	7274.15	6.76092	0.169734
XM_016913293.2	4250	4013.15	12.8989	0.586969
XM_016913294.2	3941	3704.15	32.5772	1.6061
XM_016913295.2	3079	2842.15	65.4319	4.20426
XM_016913298.2	4042	3805.15	291.863	14.0073
XM_016913299.2	1540	1303.15	1.91072	0.267762
XM_016913302.1	938	701.582	0	0
XM_016913308.1	717	482.425	0	0
XM_016913321.2	2951	2714.15	0	0
XM_016913327.2	983	746.224	8	1.9578
XM_016913332.2	6251	6014.15	0	0
XM_016913334.2	5323	5086.15	0	0
XM_016913335.2	6236	5999.15	0	0
XM_016913338.2	2869	2632.15	0	0
XM_016913340.2	2613	2376.15	0	0
XM_016913342.2	2397	2160.15	5.47013	0.462446
XM_016913344.2	2832	2595.15	3	0.211108
XM_016913353.2	1454	1217.15	0	0
XM_016913356.2	3068	2831.15	4.97975	0.321212
XM_016913357.2	2087	1850.15	43.9446	4.33756
XM_016913358.2	1899	1662.15	0	0
XM_016913359.2	1923	1686.15	0.103025	0.0111582
XM_016913360.2	2780	2543.15	2.95235	0.212003
XM_016913361.2	1670	1433.15	3.83617	0.488825
XM_016913363.2	4993	4756.15	0	0
XM_016913364.2	3110	2873.15	20.3985	1.29654
XM_016913365.2	2744	2507.15	22.2359	1.61965
XM_016913369.2	9132	8895.15	74.2004	1.52335
XM_016913370.2	9072	8835.15	42.4365	0.877146
XM_016913372.2	9063	8826.15	33.227	0.687489
XM_016913379.2	4732	4495.15	6.38542e-08	2.59413e-09
XM_016913380.2	4728	4491.15	1.53742e-07	6.25145e-09
XM_016913381.2	4652	4415.15	3.18079	0.131564
XM_016913383.2	3330	3093.15	0	0
XM_016913384.2	4161	3924.15	9.32939e-06	4.34164e-07
XM_016913387.2	2324	2087.15	6	0.524982
XM_016913388.2	5987	5750.15	11.4538	0.363761
XM_016913390.2	5265	5028.15	137.196	4.98288
XM_016913393.2	5063	4826.15	0	0
XM_016913395.2	2413	2176.15	0.849362	0.0712772
XM_016913396.2	2408	2171.15	8.22442	0.691771
XM_016913397.2	4938	4701.15	62	2.40843
XM_016913399.2	3018	2781.15	0	0
XM_016913406.2	1558	1321.15	7.57475	1.04704
XM_016913407.2	1670	1433.15	30.3155	3.86296
XM_016913408.2	837	601.102	1.69051	0.51359
XM_016913409.2	4951	4714.15	3.65296	0.14151
XM_016913410.2	5591	5354.15	44.6997	1.52462
XM_016913412.2	8469	8232.15	0.0191025	0.000423764
XM_016913413.2	8449	8212.15	0	0
XM_016913415.2	7158	6921.15	1.02255e-06	2.69806e-08
XM_016913416.2	7158	6921.15	0	0
XM_016913417.2	7158	6921.15	4.87923e-07	1.28742e-08
XM_016913418.2	7157	6920.15	164.325	4.33646
XM_016913419.2	7158	6921.15	0	0
XM_016913422.2	7158	6921.15	0	0
XM_016913423.2	7155	6918.15	186.357	4.91928
XM_016913424.2	7155	6918.15	289.772	7.64914
XM_016913425.2	7155	6918.15	1.35051e-07	3.56495e-09
XM_016913426.2	7155	6918.15	0	0
XM_016913427.2	7155	6918.15	0	0
XM_016913428.2	7155	6918.15	0	0
XM_016913430.2	7155	6918.15	0	0
XM_016913431.2	7155	6918.15	0	0
XM_016913432.2	7217	6980.15	531.691	13.9104
XM_016913433.2	1609	1372.15	4.81178	0.6404
XM_016913434.2	1537	1300.15	12.1985	1.71341
XM_016913435.2	2161	1924.15	0	0
XM_016913438.2	6919	6682.15	5.54675	0.151589
XM_016913439.2	6929	6692.15	1.26775	0.0345952
XM_016913440.2	6925	6688.15	2.28729	0.0624542
XM_016913441.2	7488	7251.15	0.520144	0.0130998
XM_016913442.2	7486	7249.15	32.0417	0.80719
XM_016913443.2	7477	7240.15	0	0
XM_016913444.2	3644	3407.15	0	0
XM_016913445.2	7406	7169.15	0	0
XM_016913446.1	7638	7401.15	0	0
XM_016913447.1	7628	7391.15	48.5008	1.19835
XM_016913448.2	7629	7392.15	0	0
XM_016913449.1	7613	7376.15	83.2349	2.06074
XM_016913450.2	4898	4661.15	92.7645	3.63442
XM_016913454.2	7466	7229.15	10.4381	0.263682
XM_016913456.2	1837	1600.15	0	0
XM_016913457.2	1736	1499.15	3	0.365446
XM_016913458.2	1841	1604.15	0	0
XM_016913459.2	2954	2717.15	2	0.13442
XM_016913462.2	2226	1989.15	2.66648	0.244804
XM_016913464.2	3113	2876.15	0	0
XM_016913467.2	4325	4088.15	2.29029	0.102308
XM_016913469.2	3852	3615.15	421.058	21.2697
XM_016913470.2	858	622.04	2	0.587162
XM_016913474.2	3280	3043.15	0	0
XM_016913475.2	2179	1942.15	23.7253	2.23088
XM_016913477.2	1452	1215.15	5	0.751428
XM_016913479.2	4378	4141.15	0	0
XM_016913480.2	4368	4131.15	0	0
XM_016913481.2	4360	4123.15	0	0
XM_016913482.2	2384	2147.15	17.4744	1.48623
XM_016913483.2	1395	1158.15	0	0
XM_016913484.2	1635	1398.15	16.8631	2.20258
XM_016913485.1	1485	1248.15	9	1.31681
XM_016913487.2	3018	2781.15	150	9.84949
XM_016913488.2	4715	4478.15	0	0
XM_016913489.2	4635	4398.15	0	0
XM_016913490.2	5692	5455.15	37.7978	1.26534
XM_016913491.2	4907	4670.15	26.4588	1.03463
XM_016913496.2	1246	1009.15	16	2.89542
XM_016913497.2	1949	1712.15	0	0
XM_016913501.2	2840	2603.15	3.12545	0.219261
XM_016913503.2	2447	2210.15	37.6918	3.11438
XM_016913506.2	4518	4281.15	0	0
XM_016913511.2	5675	5438.15	0	0
XM_016913515.2	3150	2913.15	0	0
XM_016913516.2	5672	5435.15	0	0
XM_016913517.2	2576	2339.15	15.5324	1.21263
XM_016913518.2	2501	2264.15	0	0
XM_016913519.2	5672	5435.15	0	0
XM_016913520.2	1707	1470.15	8.07274	1.00278
XM_016913521.2	5654	5417.15	0	0
XM_016913523.2	2553	2316.15	6.3586	0.501351
XM_016913526.2	5654	5417.15	0	0
XM_016913527.2	1663	1426.15	1491.58	190.998
XM_016913528.2	1825	1588.15	411.416	47.3082
XM_016913530.2	5651	5414.15	0	0
XM_016913531.2	4106	3869.15	56.9993	2.6903
XM_016913532.2	4007	3770.15	0.000695381	3.3683e-05
XM_016913533.2	1499	1262.15	0	0
XM_016913534.2	1016	779.148	0	0
XM_016913535.2	770	534.607	0.80348	0.274465
XM_016913537.2	5627	5390.15	0	0
XM_016913538.2	7031	6794.15	149.605	4.02121
XM_016913539.2	5624	5387.15	0	0
XM_016913540.2	3182	2945.15	3.82954	0.237458
XM_016913542.2	5606	5369.15	0	0
XM_016913543.2	7344	7107.15	0	0
XM_016913544.2	5606	5369.15	4.48766	0.152637
XM_016913545.2	7307	7070.15	0	0
XM_016913546.2	7761	7524.15	0	0
XM_016913547.2	7253	7016.15	0	0
XM_016913548.2	7149	6912.15	139.661	3.68984
XM_016913549.2	7706	7469.15	86.7054	2.11993
XM_016913550.2	5603	5366.15	0	0
XM_016913551.2	4334	4097.15	3.78437	0.168678
XM_016913552.2	4472	4235.15	0	0
XM_016913553.2	5603	5366.15	27.532	0.936961
XM_016913559.2	5969	5732.15	3.43957	0.10958
XM_016913560.2	5174	4937.15	59.8326	2.21314
XM_016913561.2	4912	4675.15	6.35713	0.24832
XM_016913562.2	4718	4481.15	3.50957	0.143025
XM_016913563.2	5504	5267.15	0	0
XM_016913564.2	4534	4297.15	0	0
XM_016913566.2	4850	4613.15	0.599613	0.0237367
XM_016913567.2	4843	4606.15	2.68409	0.106416
XM_016913568.2	6754	6517.15	7.86896	0.220499
XM_016913569.2	5856	5619.15	7.35499	0.239033
XM_016913570.2	4263	4026.15	6.70411	0.304087
XM_016913571.2	4800	4563.15	0	0
XM_016913572.2	4309	4072.15	5	0.22423
XM_016913574.2	2268	2031.15	7	0.629365
XM_016913576.2	3189	2952.15	12.292	0.760379
XM_016913577.2	3641	3404.15	253.314	13.5893
XM_016913578.2	2031	1794.15	3.34959	0.340941
XM_016913579.2	2357	2120.15	6.14536	0.529331
XM_016913580.2	3792	3555.15	12	0.61641
XM_016913581.2	1347	1110.15	11.8666	1.95206
XM_016913582.2	1064	827.148	10	2.20782
XM_016913583.2	1953	1716.15	0	0
XM_016913585.2	2260	2023.15	0	0
XM_016913590.2	4332	4095.15	80.8091	3.60361
XM_016913591.2	4356	4119.15	3.19086	0.141464
XM_016913594.2	1214	977.148	0	0
XM_016913597.2	1978	1741.15	0	0
XM_016913600.2	1863	1626.15	40.4686	4.5447
XM_016913604.2	4670	4433.15	0	0
XM_016913605.2	4680	4443.15	0	0
XM_016913606.2	4666	4429.15	0	0
XM_016913607.2	4667	4430.15	0	0
XM_016913608.2	4664	4427.15	0	0
XM_016913609.2	4661	4424.15	3.13095e-07	1.29239e-08
XM_016913610.2	4634	4397.15	0	0
XM_016913611.2	4631	4394.15	0	0
XM_016913612.2	4631	4394.15	0	0
XM_016913613.2	4631	4394.15	0	0
XM_016913614.2	4628	4391.15	0	0
XM_016913615.2	4628	4391.15	0	0
XM_016913616.2	4594	4357.15	2.20486	0.0924115
XM_016913617.2	3871	3634.15	0	0
XM_016913620.2	2232	1995.15	0.0127274	0.00116496
XM_016913621.2	2545	2308.15	0	0
XM_016913622.2	7612	7375.15	0	0
XM_016913624.2	2678	2441.15	16.6064	1.24231
XM_016913625.2	10354	10117.1	30.5134	0.550781
XM_016913626.2	2886	2649.15	2.79063	0.192373
XM_016913627.2	2930	2693.15	31.7902	2.15566
XM_016913628.2	3196	2959.15	6.27118	0.387016
XM_016913630.2	4141	3904.15	17	0.795187
XM_016913633.2	3858	3621.15	25	1.26078
XM_016913634.2	2403	2166.15	3.97425	0.335053
XM_016913635.2	6323	6086.15	2.65934	0.0797954
XM_016913636.2	902	665.72	9.48713	2.60249
XM_016913640.2	6796	6559.15	3.50724e-05	9.76482e-07
XM_016913641.2	6746	6509.15	26.4496	0.742063
XM_016913642.2	6886	6649.15	0	0
XM_016913644.2	4815	4578.15	0.000470963	1.87864e-05
XM_016913645.2	1535	1298.15	0	0
XM_016913646.2	1059	822.148	0	0
XM_016913647.2	1015	778.148	8.73591	2.05018
XM_016913648.2	1449	1212.15	11.7871	1.77582
XM_016913649.2	2303	2066.15	7.47697	0.660862
XM_016913651.1	800	564.277	1	0.323634
XM_016913652.2	2376	2139.15	2	0.17074
XM_016913653.2	2174	1937.15	5.55097	0.523303
XM_016913657.2	1484	1247.15	2	0.292859
XM_016913658.2	2558	2321.15	0	0
XM_016913660.2	4100	3863.15	12.799	0.605038
XM_016913661.2	2421	2184.15	6.44864	0.539178
XM_016913662.2	1891	1654.15	40	4.41603
XM_016913666.2	9108	8871.15	0.758603	0.0156164
XM_016913667.2	9103	8866.15	1.32337	0.0272578
XM_016913668.2	9091	8854.15	5.03771	0.103904
XM_016913669.2	3981	3744.15	19.9568	0.973384
XM_016913670.2	4034	3797.15	3.01607	0.145054
XM_016913671.2	3681	3444.15	0	0
XM_016913672.2	3900	3663.15	11.8879	0.592649
XM_016913673.2	3497	3260.15	0	0
XM_016913674.2	1804	1567.15	0	0
XM_016913675.2	1219	982.148	0	0
XM_016913676.2	1640	1403.15	4.91271e-06	6.39387e-07
XM_016913677.2	1464	1227.15	0	0
XM_016913678.2	1230	993.148	2	0.367758
XM_016913682.2	741	506.126	0	0
XM_016913688.2	4268	4031.15	197.192	8.93319
XM_016913692.2	2666	2429.15	2	0.150357
XM_016913693.2	1539	1302.15	110.549	15.5039
XM_016913694.2	1560	1323.15	0	0
XM_016913696.2	1494	1257.15	1217.43	176.849
XM_016913697.2	1505	1268.15	82.2835	11.8492
XM_016913699.2	2105	1868.15	20	1.95508
XM_016913700.2	2341	2104.15	1.89447	0.164421
XM_016913702.2	6743	6506.15	12.9124	0.362434
XM_016913703.2	3058	2821.15	0	0
XM_016913705.1	5537	5300.15	0	0
XM_016913708.2	5522	5285.15	0	0
XM_016913712.2	5298	5061.15	0	0
XM_016913713.2	5368	5131.15	0	0
XM_016913714.2	5407	5170.15	0	0
XM_016913715.2	5398	5161.15	0	0
XM_016913716.1	5212	4975.15	0	0
XM_016913717.2	3148	2911.15	0	0
XM_016913718.2	5346	5109.15	6.83885	0.244445
XM_016913719.1	5152	4915.15	17.7738	0.660375
XM_016913720.1	4754	4517.15	9.38732	0.37951
XM_016913723.2	3600	3363.15	0.107646	0.00584519
XM_016913724.2	3769	3532.15	17.2326	0.890958
XM_016913725.2	3120	2883.15	0	0
XM_016913726.2	1483	1246.15	16.6036	2.43321
XM_016913727.2	1543	1306.15	1	0.139815
XM_016913730.2	2958	2721.15	0	0
XM_016913731.2	3785	3548.15	0	0
XM_016913735.2	1247	1010.15	0	0
XM_016913737.2	3128	2891.15	0	0
XM_016913739.2	1303	1066.15	0	0
XM_016913741.2	769	533.607	0	0
XM_016913742.2	824	588.162	9	2.79442
XM_016913744.2	3645	3408.15	5	0.267916
XM_016913745.2	4298	4061.15	0	0
XM_016913746.2	4288	4051.15	0.00475867	0.000214513
XM_016913747.2	4128	3891.15	0	0
XM_016913748.2	2706	2469.15	0	0
XM_016913749.1	2546	2309.15	6	0.474511
XM_016913750.2	2593	2356.15	13.8577	1.07407
XM_016913751.2	8604	8367.15	0	0
XM_016913753.2	4617	4380.15	2.3215	0.0967891
XM_016913756.2	2372	2135.15	7	0.59871
XM_016913759.2	988	751.224	8	1.94477
XM_016913760.2	2665	2428.15	0	0
XM_016913762.2	3646	3409.15	0	0
XM_016913763.2	3633	3396.15	11	0.591497
XM_016913765.2	2158	1921.15	78.7542	7.48617
XM_016913768.2	1581	1344.15	14	1.90207
XM_016913770.2	3020	2783.15	0	0
XM_016913771.2	4021	3784.15	10	0.48259
XM_016913772.2	676	442.199	3	1.23894
XM_016913773.2	492	269.905	0	0
XM_016913774.2	1095	858.148	0	0
XM_016913775.2	13792	13555.1	1	0.0134723
XM_016913776.2	1643	1406.15	10	1.29872
XM_016913778.1	4654	4417.15	37.0154	1.53034
XM_016913781.2	1179	942.148	3.01776	0.584942
XM_016913782.2	1360	1123.15	0	0
XM_016913784.2	1189	952.148	0	0
XM_016913786.2	1282	1045.15	0	0
XM_016913787.2	1555	1318.15	3.47282	0.481133
XM_016913790.2	2680	2443.15	0	0
XM_016913791.2	4601	4364.15	0	0
XM_016913792.2	2734	2497.15	12	0.877573
XM_016913793.2	1716	1479.15	11	1.35809
XM_016913795.2	2641	2404.15	7.01611	0.532944
XM_016913796.2	3131	2894.15	24	1.51439
XM_016913797.2	2286	2049.15	0.000582456	5.19083e-05
XM_016913799.2	2472	2235.15	0	0
XM_016913803.2	2119	1882.15	0.0122515	0.00118873
XM_016913805.2	1580	1343.15	0	0
XM_016913806.2	1511	1274.15	0	0
XM_016913807.2	1448	1211.15	0	0
XM_016913809.2	3774	3537.15	1	0.0516289
XM_016913810.2	1242	1005.15	4	0.726736
XM_016913812.2	3233	2996.15	0	0
XM_016913815.2	1737	1500.15	0	0
XM_016913816.2	1136	899.148	0	0
XM_016913819.2	4994	4757.15	0	0
XM_016913823.2	5689	5452.15	6.41821	0.214977
XM_016913824.2	4838	4601.15	15.6213	0.620009
XM_016913826.2	4637	4400.15	0	0
XM_016913830.2	8145	7908.15	0	0
XM_016913834.2	15390	15153.1	0	0
XM_016913836.2	15362	15125.1	2.49994e-08	3.0184e-10
XM_016913837.2	15418	15181.1	0	0
XM_016913838.2	15227	14990.1	47.2288	0.57537
XM_016913840.2	5819	5582.15	3	0.0981446
XM_016913841.2	2481	2244.15	1.53752	0.125117
XM_016913842.2	2367	2130.15	53.3014	4.56957
XM_016913845.2	2213	1976.15	0	0
XM_016913846.2	1845	1608.15	12.1208	1.37642
XM_016913848.2	3833	3596.15	0	0
XM_016913850.2	5526	5289.15	0	0
XM_016913853.2	1185	948.148	2	0.385213
XM_016913856.2	1758	1521.15	11.9995	1.44059
XM_016913859.2	1179	942.148	0	0
XM_016913861.2	2690	2453.15	94.9892	7.07126
XM_016913863.2	2067	1830.15	6.48924	0.647521
XM_016913864.2	2590	2353.15	0	0
XM_016913865.2	2111	1874.15	0	0
XM_016913866.2	1579	1342.15	0	0
XM_016913867.2	2287	2050.15	45.9977	4.09729
XM_016913868.2	4682	4445.15	18.9682	0.779267
XM_016913869.2	1635	1398.15	0	0
XM_016913870.2	1759	1522.15	32.4327	3.8911
XM_016913871.2	2626	2389.15	22.696	1.73481
XM_016913872.2	6094	5857.15	10	0.311789
XM_016913876.2	1442	1205.15	3	0.454598
XM_016913877.2	804	568.277	2	0.642712
XM_016913878.2	869	632.915	3.97431	1.14674
XM_016913880.2	4068	3831.15	0	0
XM_016913881.2	1739	1502.15	0	0
XM_016913882.2	2078	1841.15	0	0
XM_016913883.2	1622	1385.15	1.64708	0.217152
XM_016913893.2	4071	3834.15	0	0
XM_016913895.2	2148	1911.15	0	0
XM_016913896.2	5375	5138.15	0	0
XM_016913901.2	5418	5181.15	26.1183	0.920587
XM_016913914.1	2668	2431.15	142	10.6665
XM_016913915.2	2718	2481.15	0	0
XM_016913916.2	1926	1689.15	0	0
XM_016913917.2	1967	1730.15	4.42227	0.466775
XM_016913918.2	1452	1215.15	0	0
XM_016913919.2	1349	1112.15	2	0.328408
XM_016913926.2	4977	4740.15	21.1412	0.814487
XM_016913927.2	1892	1655.15	0	0
XM_016913931.2	1797	1560.15	0	0
XM_016913932.2	1481	1244.15	0.000156037	2.29035e-05
XM_016913933.2	1470	1233.15	0.999844	0.148069
XM_016913936.2	1395	1158.15	0	0
XM_016913937.2	1354	1117.15	0	0
XM_016913938.2	1261	1024.15	0	0
XM_016913939.2	1326	1089.15	0	0
XM_016913940.2	1233	996.148	6.99413e-07	1.2822e-07
XM_016913943.2	9814	9577.15	72.0025	1.37296
XM_016913946.2	2593	2356.15	0	0
XM_016913947.2	1723	1486.15	6.57488e-05	8.07927e-06
XM_016913948.2	4170	3933.15	0	0
XM_016913949.2	5454	5217.15	0	0
XM_016913951.2	1169	932.148	4	0.783649
XM_016913953.2	2296	2059.15	0	0
XM_016913955.2	2158	1921.15	21	1.9962
XM_016913957.2	2549	2312.15	0	0
XM_016913959.2	7596	7359.15	265.315	6.58387
XM_016913962.2	7379	7142.15	102.672	2.62524
XM_016913963.2	5660	5423.15	3	0.101022
XM_016913972.2	3742	3505.15	5	0.260501
XM_016913974.2	1910	1673.15	26	2.83782
XM_016913975.2	9587	9350.15	0	0
XM_016913976.2	9466	9229.15	0	0
XM_016913979.2	1162	925.148	13.2711	2.61964
XM_016913981.2	2672	2435.15	173.095	12.981
XM_016913982.2	2676	2439.15	17.4666	1.30773
XM_016913983.2	2123	1886.15	5.55375	0.537721
XM_016913984.2	2135	1898.15	111.497	10.727
XM_016913985.2	2131	1894.15	68.1235	6.56794
XM_016913986.2	2064	1827.15	20.1571	2.01466
XM_016913987.2	2053	1816.15	4.10683	0.412955
XM_016913988.2	3179	2942.15	0	0
XM_016913989.2	4834	4597.15	0	0
XM_016913990.2	2068	1831.15	40	3.98917
XM_016913993.2	1971	1734.15	6.62232	0.697382
XM_016913994.2	1666	1429.15	11.2155	1.43313
XM_016913996.2	7523	7286.15	16.3597	0.410038
XM_016913997.2	7652	7415.15	0	0
XM_016913998.2	7513	7276.15	63.458	1.59269
XM_016913999.2	7333	7096.15	34.1822	0.879679
XM_016914001.2	3088	2851.15	647.553	41.4765
XM_016914006.2	1482	1245.15	5.69089e-05	8.34653e-06
XM_016914007.2	504	280.361	6.26084	4.07813
XM_016914008.2	6045	5808.15	0	0
XM_016914009.2	3995	3758.15	0	0
XM_016914010.2	4224	3987.15	0	0
XM_016914011.2	3876	3639.15	14.4014	0.72269
XM_016914012.2	3851	3614.15	9.75508	0.492914
XM_016914023.2	5115	4878.15	44	1.64719
XM_016914024.2	5047	4810.15	0	0
XM_016914026.2	3136	2899.15	0	0
XM_016914027.2	2328	2091.15	0	0
XM_016914029.2	1147	910.148	0	0
XM_016914031.2	2111	1874.15	9	0.876971
XM_016914032.2	551	322.218	4	2.26702
XM_016914033.2	448	233.111	0	0
XM_016914035.2	2457	2220.15	0	0
XM_016914038.2	2694	2457.15	5	0.371608
XM_016914040.2	2572	2335.15	0	0
XM_016914041.2	1376	1139.15	0	0
XM_016914042.2	983	746.224	4	0.978898
XM_016914045.2	2195	1958.15	0	0
XM_016914047.2	1335	1098.15	0.373317	0.0620817
XM_016914048.2	1181	944.148	0	0
XM_016914049.2	1383	1146.15	0	0
XM_016914050.2	2362	2125.15	0	0
XM_016914051.2	2111	1874.15	0	0
XM_016914052.1	1014	777.148	0	0
XM_016914055.2	3372	3135.15	3.60841e-06	2.10186e-07
XM_016914056.2	3050	2813.15	0	0
XM_016914057.2	2492	2255.15	0	0
XM_016914058.2	2470	2233.15	0	0
XM_016914059.2	1484	1247.15	5	0.732147
XM_016914061.2	2601	2364.15	0	0
XM_016914069.2	3344	3107.15	0	0
XM_016914073.2	909	672.72	40.9012	11.1032
XM_016914074.2	3324	3087.15	3.20183e-08	1.89403e-09
XM_016914076.2	2525	2288.15	0	0
XM_016914077.2	4867	4630.15	0	0
XM_016914082.2	2494	2257.15	0	0
XM_016914084.2	1350	1113.15	0	0
XM_016914087.2	3778	3541.15	4.8662	0.250953
XM_016914089.2	2441	2204.15	0	0
XM_016914090.2	2259	2022.15	0	0
XM_016914091.2	2674	2437.15	37.2281	2.78956
XM_016914092.2	961	724.297	0.000549219	0.000138476
XM_016914093.2	954	717.37	7.23454	1.84168
XM_016914094.2	944	707.441	0	0
XM_016914095.2	938	701.582	0	0
XM_016914096.2	3322	3085.15	36.5368	2.16272
XM_016914098.2	6554	6317.15	0	0
XM_016914100.2	6548	6311.15	25.1674	0.728243
XM_016914101.2	6455	6218.15	6.83262	0.200665
XM_016914102.2	10850	10613.1	0	0
XM_016914103.2	5533	5296.15	11.2757	0.388802
XM_016914104.2	1133	896.148	0	0
XM_016914106.2	2288	2051.15	0	0
XM_016914107.2	2418	2181.15	13.7963	1.15511
XM_016914112.2	1071	834.148	12.7544	2.79231
XM_016914118.1	412	204.171	0	0
XM_016914127.2	4103	3866.15	44.5168	2.10277
XM_016914128.2	3947	3710.15	2.48321	0.122228
XM_016914129.2	3943	3706.15	0	0
XM_016914133.2	2240	2003.15	0	0
XM_016914134.2	3739	3502.15	18.5589	0.967753
XM_016914141.2	2092	1855.15	25.2138	2.48203
XM_016914150.2	4578	4341.15	0	0
XM_016914151.2	4263	4026.15	1	0.0453583
XM_016914154.2	3482	3245.15	18.6809	1.05126
XM_016914155.2	2034	1797.15	4.80117	0.487876
XM_016914156.2	4682	4445.15	0	0
XM_016914157.2	1926	1689.15	0	0
XM_016914159.2	2740	2503.15	0	0
XM_016914160.2	4673	4436.15	0	0
XM_016914161.2	4930	4693.15	9.07064	0.352956
XM_016914162.2	4542	4305.15	0	0
XM_016914163.1	1725	1488.15	7.69508	0.944307
XM_016914164.1	2138	1901.15	6.27038	0.602316
XM_016914165.1	1651	1414.15	0	0
XM_016914166.2	2168	1931.15	3.03454	0.286961
XM_016914170.2	2174	1937.15	1.64324	0.154912
XM_016914173.2	563	333.621	26.9824	14.7698
XM_016914174.2	2610	2373.15	9.90231	0.762005
XM_016914175.2	5374	5137.15	0.176792	0.00628472
XM_016914176.2	5366	5129.15	0.823208	0.0293097
XM_016914178.2	1633	1396.15	7	0.915615
XM_016914179.2	2834	2597.15	0	0
XM_016914181.2	6929	6692.15	0	0
XM_016914182.2	5567	5330.15	0	0
XM_016914183.2	861	624.978	0	0
XM_016914185.2	3140	2903.15	1	0.0629039
XM_016914186.2	876	639.915	0	0
XM_016914187.2	600	368.453	0	0
XM_016914188.2	1317	1080.15	0	0
XM_016914190.2	2416	2179.15	0	0
XM_016914191.2	2564	2327.15	0	0
XM_016914192.2	980	743.224	3	0.737137
XM_016914193.2	865	628.915	1.45473	0.422414
XM_016914194.2	867	630.915	0	0
XM_016914195.2	788	552.388	0	0
XM_016914207.2	3892	3655.15	83.0208	4.1479
XM_016914214.1	1144	907.148	5	1.00656
XM_016914216.2	1632	1395.15	0	0
XM_016914220.2	892	655.786	5	1.39237
XM_016914231.1	387	184.806	1	0.988166
XM_016914235.2	1872	1635.15	0	0
XM_016914238.2	1697	1460.15	0	0
XM_016914239.2	619	386.614	0	0
XM_016914243.2	3517	3280.15	366.471	20.4029
XM_016914244.2	3451	3214.15	82.8834	4.70921
XM_016914245.2	4091	3854.15	28.0377	1.3285
XM_016914248.2	3078	2841.15	0	0
XM_016914249.2	2966	2729.15	121.039	8.09927
XM_016914250.2	3030	2793.15	3.04206	0.198893
XM_016914251.2	3700	3463.15	13.7554	0.725353
XM_016914252.2	2477	2240.15	0	0
XM_016914264.2	4094	3857.15	14	0.662839
XM_016914268.2	923	686.652	4	1.06382
XM_016914269.2	3862	3625.15	33.5109	1.68813
XM_016914270.2	2455	2218.15	4.2403	0.349103
XM_016914272.2	3137	2900.15	0	0
XM_016914273.2	3051	2814.15	10.0189	0.650162
XM_016914276.2	1896	1659.15	29.2521	3.21972
XM_016914280.2	487	265.714	0	0
XM_016914282.2	3061	2824.15	21.3872	1.38297
XM_016914283.2	2652	2415.15	9.61281	0.726864
XM_016914284.1	935	698.582	1.59646	0.417336
XM_016914288.2	4171	3934.15	5.57575e-08	2.58821e-09
XM_016914290.2	2530	2293.15	0	0
XM_016914292.2	814	578.22	4.30437	1.35945
XM_016914294.2	5199	4962.15	35	1.28809
XM_016914295.2	4622	4385.15	11.1304	0.463526
XM_016914298.2	4908	4671.15	6.86956	0.268566
XM_016914299.2	5065	4828.15	0	0
XM_016914300.2	4733	4496.15	0	0
XM_016914301.2	5037	4800.15	0	0
XM_016914302.2	2284	2047.15	28	2.49779
XM_016914303.2	1552	1315.15	0	0
XM_016914304.2	4776	4539.15	33.4614	1.34622
XM_016914308.2	6182	5945.15	122.219	3.75425
XM_016914309.2	3027	2790.15	24.567	1.60794
XM_016914311.2	4817	4580.15	35.9156	1.43202
XM_016914312.2	4497	4260.15	27.6346	1.18461
XM_016914313.2	4447	4210.15	43.1163	1.87021
XM_016914315.2	2546	2309.15	0	0
XM_016914316.2	5343	5106.15	0	0
XM_016914317.2	2543	2306.15	60.602	4.79895
XM_016914318.2	1867	1630.15	13	1.45634
XM_016914322.2	1496	1259.15	0	0
XM_016914324.2	7620	7383.15	0.745573	0.0184414
XM_016914325.2	5594	5357.15	8.06547	0.274943
XM_016914326.2	7590	7353.15	41.4734	1.03001
XM_016914327.2	7276	7039.15	0	0
XM_016914328.2	7508	7271.15	0.0103491	0.000259924
XM_016914329.2	7455	7218.15	10.8676	0.27495
XM_016914330.2	6174	5937.15	8.83766	0.271835
XM_016914331.2	2924	2687.15	41.4289	2.81552
XM_016914332.2	5032	4795.15	62.9838	2.39869
XM_016914333.2	4758	4521.15	0	0
XM_016914334.2	2457	2220.15	41.4619	3.41047
XM_016914336.2	4063	3826.15	0	0
XM_016914337.2	3968	3731.15	1.87522	0.0917815
XM_016914338.2	11871	11634.1	0	0
XM_016914339.2	11847	11610.1	0	0
XM_016914340.2	11841	11604.1	6.14804	0.0967542
XM_016914341.2	11823	11586.1	0	0
XM_016914342.2	10989	10752.1	0	0
XM_016914343.2	11724	11487.1	0	0
XM_016914344.2	11655	11418.1	0	0
XM_016914345.2	11652	11415.1	0	0
XM_016914346.2	11643	11406.1	0	0
XM_016914347.2	11550	11313.1	0	0
XM_016914348.2	11496	11259.1	0	0
XM_016914349.2	12114	11877.1	2.15659	0.0331591
XM_016914350.2	7184	6947.15	0	0
XM_016914351.2	10965	10728.1	0	0
XM_016914354.2	8366	8129.15	58.2348	1.30823
XM_016914355.2	10516	10279.1	0	0
XM_016914356.2	10520	10283.1	0	0
XM_016914360.2	3019	2782.15	6	0.393838
XM_016914362.2	1433	1196.15	30	4.58018
XM_016914363.2	4147	3910.15	17.5391	0.819143
XM_016914364.2	5850	5613.15	5.36499	0.174546
XM_016914366.2	6269	6032.15	0	0
XM_016914367.2	6163	5926.15	0	0
XM_016914369.2	4805	4568.15	91	3.63787
XM_016914371.2	8215	7978.15	0	0
XM_016914372.2	1867	1630.15	1.76404	0.197618
XM_016914376.2	2803	2566.15	0.482942	0.0343684
XM_016914377.2	2733	2496.15	16.2431	1.18835
XM_016914378.2	2269	2032.15	1.51	0.135696
XM_016914379.2	2266	2029.15	6.49	0.584087
XM_016914381.2	4060	3823.15	0.0785979	0.00375436
XM_016914383.2	967	730.297	2.03388	0.508596
XM_016914389.2	4552	4315.15	0	0
XM_016914390.2	1370	1133.15	0	0
XM_016914391.2	4732	4495.15	0	0
XM_016914392.2	4642	4405.15	0	0
XM_016914393.2	4482	4245.15	69.4718	2.98856
XM_016914394.2	4493	4256.15	73.036	3.13377
XM_016914395.2	3068	2831.15	33.6044	2.16761
XM_016914397.2	2238	2001.15	0	0
XM_016914398.2	1692	1455.15	0	0
XM_016914399.2	1691	1454.15	0	0
XM_016914401.2	1794	1557.15	0	0
XM_016914402.2	2125	1888.15	2.03488	0.196811
XM_016914403.2	2189	1952.15	0	0
XM_016914405.2	870	633.915	1.58848	0.457611
XM_016914414.2	832	596.102	0	0
XM_016914415.2	836	600.102	2	0.608627
XM_016914417.2	4042	3805.15	0	0
XM_016914418.2	3946	3709.15	10	0.492348
XM_016914419.2	894	657.786	5	1.38813
XM_016914420.2	4789	4552.15	39	1.56457
XM_016914424.2	1858	1621.15	12	1.35178
XM_016914425.2	1889	1652.15	0	0
XM_016914427.2	5460	5223.15	0	0
XM_016914430.2	6384	6147.15	254.288	7.55437
XM_016914431.2	2664	2427.15	0	0
XM_016914432.2	2149	1912.15	0	0
XM_016914433.2	2136	1899.15	0	0
XM_016914436.2	1811	1574.15	3	0.348034
XM_016914442.2	1017	780.148	0.0138525	0.00324264
XM_016914443.2	1102	865.148	2273.56	479.913
XM_016914444.2	1066	829.148	1285.5	283.13
XM_016914445.2	1054	817.148	75.9386	16.971
XM_016914446.2	1119	882.148	5	1.03508
XM_016914448.2	724	489.327	0.740385	0.276315
XM_016914449.2	647	413.845	0	0
XM_016914450.2	2695	2458.15	0	0
XM_016914451.2	2611	2374.15	1.25961	0.0968894
XM_016914452.2	791	555.333	0	0
XM_016914454.2	6802	6565.15	172.925	4.81016
XM_016914458.2	1779	1542.15	0	0
XM_016914459.2	659	425.634	0	0
XM_016914461.2	994	757.224	0	0
XM_016914462.2	3153	2916.15	114.49	7.16978
XM_016914467.2	5687	5450.15	16.5068	0.553096
XM_016914468.2	1114	877.148	13	2.70656
XM_016914470.2	817	581.162	0	0
XM_016914471.2	5432	5195.15	6.61902	0.232671
XM_016914472.2	7395	7158.15	0	0
XM_016914473.2	5799	5562.15	34.2024	1.12295
XM_016914476.2	5421	5184.15	0	0
XM_016914479.2	5816	5579.15	0.289903	0.00948923
XM_016914481.2	1150	913.148	5	0.999943
XM_016914482.1	1974	1737.15	0.83869	0.088168
XM_016914484.2	8046	7809.15	2.73214	0.063892
XM_016914486.2	7720	7483.15	0	0
XM_016914487.2	5657	5420.15	0	0
XM_016914491.2	6156	5919.15	0	0
XM_016914497.2	4876	4639.15	12.5764	0.495066
XM_016914498.2	4843	4606.15	123.424	4.89336
XM_016914500.2	1262	1025.15	4	0.712558
XM_016914501.1	1181	944.148	0	0
XM_016914502.2	1398	1161.15	2.62597	0.412999
XM_016914503.2	787	551.388	0	0
XM_016914504.2	789	553.388	8.38547	2.76722
XM_016914505.2	635	402.216	0	0
XM_016914506.2	559	329.722	1.3483	0.74677
XM_016914507.2	561	331.688	1.45349	0.800256
XM_016914508.2	857	621.102	31.1982	9.17303
XM_016914518.2	3989	3752.15	37.2126	1.81116
XM_016914519.2	2286	2049.15	1	0.0891196
XM_016914522.2	2026	1789.15	60	6.12423
XM_016914523.2	1324	1087.15	0	0
XM_016914524.2	3456	3219.15	13.0492	0.740268
XM_016914526.2	2200	1963.15	9.68412	0.900852
XM_016914528.2	3535	3298.15	0	0
XM_016914529.2	451	235.459	2.4634	1.91058
XM_016914530.2	1022	785.148	0	0
XM_016914531.2	4252	4015.15	3.08585	0.140352
XM_016914534.2	1096	859.148	0	0
XM_016914535.1	1320	1083.15	0	0
XM_016914543.2	3866	3629.15	0	0
XM_016914544.2	3755	3518.15	0	0
XM_016914546.2	3631	3394.15	31.85	1.71366
XM_016914547.2	1256	1019.15	0	0
XM_016914548.2	1133	896.148	1.30567	0.266073
XM_016914549.2	1525	1288.15	0	0
XM_016914551.2	5578	5341.15	17	0.581247
XM_016914552.2	5572	5335.15	0	0
XM_016914553.2	5567	5330.15	0	0
XM_016914554.2	5518	5281.15	0	0
XM_016914555.2	4543	4306.15	0	0
XM_016914561.2	4409	4172.15	2.31756e-07	1.01442e-08
XM_016914563.2	2802	2565.15	24.7403	1.76132
XM_016914568.2	12035	11798.1	0	0
XM_016914569.2	12120	11883.1	0	0
XM_016914572.1	4170	3933.15	0	0
XM_016914573.2	2848	2611.15	0	0
XM_016914574.2	2722	2485.15	0	0
XM_016914575.2	2698	2461.15	0	0
XM_016914576.2	9203	8966.15	90.3544	1.8403
XM_016914577.2	3527	3290.15	0	0
XM_016914578.2	3491	3254.15	0	0
XM_016914579.2	1084	847.148	2	0.431139
XM_016914581.2	2687	2450.15	16.7885	1.25131
XM_016914582.2	2547	2310.15	0	0
XM_016914583.2	3262	3025.15	6.53039	0.39422
XM_016914584.2	3807	3570.15	27.6392	1.41379
XM_016914585.2	747	511.974	0	0
XM_016914592.2	3360	3123.15	0.354516	0.0207296
XM_016914593.2	1882	1645.15	0	0
XM_016914595.2	4416	4179.15	0	0
XM_016914596.2	3728	3491.15	36.0367	1.88505
XM_016914597.2	4107	3870.15	6	0.28312
XM_016914602.2	4433	4196.15	2.91784	0.126986
XM_016914603.2	3948	3711.15	0	0
XM_016914604.2	4157	3920.15	0	0
XM_016914605.2	4004	3767.15	1.22753	0.0595065
XM_016914608.2	4157	3920.15	39.1463	1.82362
XM_016914616.2	1617	1380.15	21.2252	2.80849
XM_016914617.2	3534	3297.15	65.8419	3.64679
XM_016914618.2	3419	3182.15	17.1581	0.98468
XM_016914619.2	3230	2993.15	0	0
XM_016914622.2	1985	1748.15	108	11.2822
XM_016914625.2	1062	825.148	4.68927	1.03781
XM_016914626.2	1179	942.148	0.0297258	0.00576184
XM_016914627.2	1173	936.148	16.281	3.17602
XM_016914628.2	1050	813.148	0	0
XM_016914630.2	703	468.472	1	0.389819
XM_016914634.2	5124	4887.15	0	0
XM_016914635.2	5074	4837.15	0	0
XM_016914636.2	5023	4786.15	0	0
XM_016914640.2	4874	4637.15	3	0.118145
XM_016914641.2	441	227.347	0	0
XM_016914642.2	6296	6059.15	0	0
XM_016914645.2	4979	4742.15	0	0
XM_016914646.2	4967	4730.15	0	0
XM_016914648.2	1861	1624.15	0	0
XM_016914652.2	4456	4219.15	0	0
XM_016914654.2	4300	4063.15	0	0
XM_016914656.2	601	369.416	0	0
XM_016914657.2	4495	4258.15	0	0
XM_016914659.2	2049	1812.15	4.25118	0.428413
XM_016914661.2	6646	6409.15	0	0
XM_016914662.2	1107	870.148	7.79529	1.63601
XM_016914665.2	3263	3026.15	54.4736	3.28732
XM_016914666.2	914	677.72	0	0
XM_016914667.2	1269	1032.15	5.08446	0.899601
XM_016914668.2	1269	1032.15	0	0
XM_016914669.2	1130	893.148	18.0968	3.7002
XM_016914674.2	1186	949.148	1	0.192403
XM_016914689.2	2384	2147.15	0	0
XM_016914690.1	368	170.323	1	1.0722
XM_016914695.2	2378	2141.15	7	0.597032
XM_016914699.2	8046	7809.15	0	0
XM_016914700.2	8850	8613.15	0	0
XM_016914701.2	7474	7237.15	63.0558	1.59112
XM_016914704.2	5839	5602.15	67.3695	2.19612
XM_016914705.2	2822	2585.15	20.9444	1.47955
XM_016914706.2	2901	2664.15	0	0
XM_016914707.2	3643	3406.15	51.7422	2.77413
XM_016914710.2	1641	1404.15	4.71469	0.613178
XM_016914711.2	1872	1635.15	0	0
XM_016914712.2	2405	2168.15	3.98285	0.335468
XM_016914714.2	2783	2546.15	0	0
XM_016914715.2	3584	3347.15	10.2882	0.561323
XM_016914716.2	2110	1873.15	0	0
XM_016914717.2	5983	5746.15	436.806	13.8822
XM_016914719.2	6568	6331.15	0	0
XM_016914720.2	6212	5975.15	0	0
XM_016914724.2	2234	1997.15	18.3428	1.67726
XM_016914725.2	2519	2282.15	7.23961	0.579319
XM_016914726.2	1294	1057.15	5	0.863735
XM_016914727.2	8199	7962.15	0.000327975	7.52242e-06
XM_016914729.2	4611	4374.15	37.6387	1.57141
XM_016914730.2	3761	3524.15	0	0
XM_016914731.2	3219	2982.15	1.90204	0.116476
XM_016914732.2	1091	854.148	1.998	0.427179
XM_016914733.2	2784	2547.15	0	0
XM_016914734.2	2646	2409.15	8.71744	0.660803
XM_016914735.2	2778	2541.15	30.5344	2.19435
XM_016914736.2	2766	2529.15	3.86851	0.279329
XM_016914738.2	2362	2125.15	4253.42	365.507
XM_016914741.2	2356	2119.15	0	0
XM_016914746.2	2320	2083.15	1536.92	134.734
XM_016914748.2	2290	2053.15	864.471	76.8912
XM_016914749.2	2272	2035.15	985.486	88.4302
XM_016914755.2	2128	1891.15	233.345	22.533
XM_016914758.2	2581	2344.15	5.67478	0.44209
XM_016914759.2	1201	964.148	1	0.18941
XM_016914761.2	3040	2803.15	0	0
XM_016914762.2	3943	3706.15	5	0.246373
XM_016914765.2	2227	1990.15	0	0
XM_016914768.2	5362	5125.15	9.19596	0.32767
XM_016914769.2	5440	5203.15	20.8128	0.730486
XM_016914772.2	1632	1395.15	58.0597	7.59978
XM_016914773.2	1694	1457.15	60.4356	7.57418
XM_016914774.2	1732	1495.15	3.57488	0.43664
XM_016914775.2	1714	1477.15	0	0
XM_016914777.2	1702	1465.15	31.7326	3.95522
XM_016914778.2	1814	1577.15	43.1594	4.99746
XM_016914779.2	1828	1591.15	14.2262	1.63277
XM_016914781.2	1799	1562.15	0	0
XM_016914782.2	1786	1549.15	0	0
XM_016914783.2	1773	1536.15	4.98324	0.592414
XM_016914784.2	1771	1534.15	126.937	15.1102
XM_016914785.2	1400	1163.15	34.5606	5.42617
XM_016914792.2	1992	1755.15	0	0
XM_016914793.2	6537	6300.15	44.4998	1.28989
XM_016914795.2	2948	2711.15	2.71842	0.183109
XM_016914796.2	3675	3438.15	66.3916	3.52643
XM_016914797.2	846	610.102	230	68.8449
XM_016914798.2	513	288.215	0	0
XM_016914800.2	3579	3342.15	6	0.327848
XM_016914801.2	3579	3342.15	6	0.327848
XM_016914803.2	7705	7468.15	1.52761	0.0373547
XM_016914804.2	7663	7426.15	399.472	9.82358
XM_016914805.2	2014	1777.15	332	34.1162
XM_016914807.2	2547	2310.15	0	0
XM_016914808.2	1611	1374.15	0	0
XM_016914809.2	7774	7537.15	42.2121	1.02277
XM_016914810.2	7768	7531.15	0	0
XM_016914811.2	8808	8571.15	5.03503	0.107278
XM_016914812.2	8805	8568.15	0	0
XM_016914813.2	8719	8482.15	20.6992	0.44565
XM_016914814.2	6967	6730.15	0	0
XM_016914817.2	2498	2261.15	0	0
XM_016914818.2	9760	9523.15	2.18687	0.0419362
XM_016914823.2	4234	3997.15	0	0
XM_016914830.2	3843	3606.15	0	0
XM_016914831.2	1736	1499.15	0	0
XM_016914834.2	3884	3647.15	0	0
XM_016914835.2	2761	2524.15	0	0
XM_016914836.2	2685	2448.15	0	0
XM_016914837.2	2170	1933.15	0	0
XM_016914838.2	5126	4889.15	0	0
XM_016914839.2	4505	4268.15	0	0
XM_016914843.2	2663	2426.15	0	0
XM_016914845.2	4638	4401.15	4.01277	0.166504
XM_016914846.2	4961	4724.15	0	0
XM_016914861.2	2268	2031.15	0	0
XM_016914862.2	1937	1700.15	0	0
XM_016914863.2	6273	6036.15	8.41497	0.254589
XM_016914864.2	6455	6218.15	1.98854	0.058401
XM_016914865.2	6450	6213.15	4.39895	0.129296
XM_016914866.2	6266	6029.15	8.48805	0.257098
XM_016914867.2	11334	11097.1	15.9136	0.26188
XM_016914869.2	11142	10905.1	18.1348	0.303687
XM_016914870.2	11130	10893.1	0	0
XM_016914871.2	1706	1469.15	103.072	12.8121
XM_016914872.2	1680	1443.15	0	0
XM_016914873.2	1739	1502.15	15.928	1.9364
XM_016914876.2	1303	1066.15	30.9337	5.29859
XM_016914877.2	1318	1081.15	11.6191	1.96261
XM_016914879.2	1179	942.148	6.44726	1.24969
XM_016914880.2	3372	3135.15	3	0.174747
XM_016914884.2	3766	3529.15	42.2429	2.1859
XM_016914885.2	3149	2912.15	0	0
XM_016914886.2	2678	2441.15	0	0
XM_016914887.2	2693	2456.15	0	0
XM_016914889.2	1243	1006.15	0	0
XM_016914890.2	1097	860.148	0	0
XM_016914891.2	1193	956.148	0	0
XM_016914892.2	3709	3472.15	0	0
XM_016914893.2	3712	3475.15	0	0
XM_016914894.2	3857	3620.15	7.19597	0.363003
XM_016914895.2	3639	3402.15	0	0
XM_016914896.2	4588	4351.15	10.5775	0.44394
XM_016914897.2	5042	4805.15	0	0
XM_016914898.2	5251	5014.15	7.92926	0.28879
XM_016914899.2	5407	5170.15	0	0
XM_016914901.2	3600	3363.15	0	0
XM_016914902.2	1575	1338.15	0	0
XM_016914903.2	1709	1472.15	0	0
XM_016914905.2	14799	14562.1	229.233	2.87474
XM_016914906.2	14042	13805.1	218.795	2.89429
XM_016914908.2	6873	6636.15	16.8179	0.462809
XM_016914909.2	4891	4654.15	4.4179	0.173349
XM_016914913.2	2579	2342.15	11.3354	0.88383
XM_016914916.2	1416	1179.15	38.8525	6.01724
XM_016914918.2	1762	1525.15	1.42976	0.171197
XM_016914919.2	2143	1906.15	0	0
XM_016914921.2	1934	1697.15	8	0.860829
XM_016914922.2	659	425.634	1	0.429052
XM_016914925.2	1914	1677.15	0	0
XM_016914926.2	1819	1582.15	46	5.30954
XM_016914931.2	1789	1552.15	0	0
XM_016914932.2	6204	5967.15	233.419	7.14359
XM_016914933.2	2541	2304.15	0	0
XM_016914934.2	2524	2287.15	1.98305	0.158338
XM_016914935.2	2870	2633.15	10.3971	0.721079
XM_016914937.2	1504	1267.15	17	2.45001
XM_016914939.2	4282	4045.15	93.7113	4.23062
XM_016914943.2	1556	1319.15	1	0.138437
XM_016914946.2	2362	2125.15	28.8782	2.48157
XM_016914948.2	3664	3427.15	0	0
XM_016914951.2	1760	1523.15	120	14.3875
XM_016914953.2	2318	2081.15	4.8937	0.429419
XM_016914954.2	2097	1860.15	9.1063	0.894007
XM_016914955.2	2683	2446.15	0	0
XM_016914956.2	2434	2197.15	5.44041	0.452187
XM_016914957.2	2258	2021.15	0	0
XM_016914958.2	2508	2271.15	0	0
XM_016914959.2	2327	2090.15	0	0
XM_016914960.2	1963	1726.15	0	0
XM_016914961.2	2140	1903.15	0	0
XM_016914962.2	1796	1559.15	13.1909	1.54502
XM_016914963.2	4630	4393.15	39.3051	1.63388
XM_016914964.2	4621	4384.15	56.0104	2.33308
XM_016914965.2	3501	3264.15	16.5962	0.928505
XM_016914966.2	3779	3542.15	0	0
XM_016914967.2	3772	3535.15	0	0
XM_016914968.2	3900	3663.15	13.5851	0.677258
XM_016914969.2	3597	3360.15	0	0
XM_016914970.2	3590	3353.15	0	0
XM_016914971.2	3749	3512.15	0	0
XM_016914972.2	3429	3192.15	0	0
XM_016914974.2	2325	2088.15	0	0
XM_016914975.2	2570	2333.15	3.41491	0.26729
XM_016914976.2	2829	2592.15	0	0
XM_016914977.2	2069	1832.15	0	0
XM_016914978.2	1821	1584.15	0	0
XM_016914980.2	1770	1533.15	0	0
XM_016914985.2	2374	2137.15	10.5145	0.898459
XM_016914986.2	5182	4945.15	0	0
XM_016914987.2	5320	5083.15	0	0
XM_016914989.2	1765	1528.15	5	0.597518
XM_016914991.2	1689	1452.15	0	0
XM_016914998.2	4587	4350.15	0	0
XM_016915000.2	4639	4402.15	0	0
XM_016915003.2	5793	5556.15	0	0
XM_016915004.2	6273	6036.15	131.298	3.97233
XM_016915005.2	851	615.102	0	0
XM_016915006.2	694	459.658	0	0
XM_016915007.2	743	508.076	2.60841	0.937548
XM_016915008.2	2299	2062.15	17.769	1.57358
XM_016915009.2	2583	2346.15	5.31312	0.413562
XM_016915011.2	5259	5022.15	0	0
XM_016915012.2	12280	12043.1	19.2331	0.291646
XM_016915019.2	2317	2080.15	0	0
XM_016915020.2	3724	3487.15	0	0
XM_016915023.2	3718	3481.15	84.9581	4.45686
XM_016915026.2	3694	3457.15	0	0
XM_016915029.2	1111	874.148	0	0
XM_016915030.2	754	518.871	2	0.70391
XM_016915033.2	2791	2554.15	0	0
XM_016915034.2	2149	1912.15	22	2.1011
XM_016915039.2	494	271.68	0	0
XM_016915040.2	1517	1280.15	47	6.70477
XM_016915041.2	2805	2568.15	47	3.34214
XM_016915043.2	4761	4524.15	0	0
XM_016915044.2	4731	4494.15	0	0
XM_016915045.2	4702	4465.15	6.99645	0.286146
XM_016915046.2	3647	3410.15	0	0
XM_016915047.2	4066	3829.15	17.9208	0.854675
XM_016915049.2	3476	3239.15	2.92058	0.164659
XM_016915060.2	6195	5958.15	0	0
XM_016915061.2	6191	5954.15	18.5767	0.569763
XM_016915063.2	6121	5884.15	0	0
XM_016915064.2	6177	5940.15	0	0
XM_016915065.2	5624	5387.15	0	0
XM_016915066.2	5606	5369.15	9.01072	0.306479
XM_016915069.2	5173	4936.15	0	0
XM_016915070.2	5351	5114.15	13.4126	0.478946
XM_016915071.2	2746	2509.15	60.4754	4.40148
XM_016915072.2	2592	2355.15	34.5246	2.67706
XM_016915073.2	1062	825.148	0	0
XM_016915074.2	6087	5850.15	20.5398	0.641174
XM_016915075.2	3382	3145.15	10.6118	0.616162
XM_016915077.2	3375	3138.15	95.6919	5.56863
XM_016915078.2	493	270.764	0	0
XM_016915079.2	1171	934.148	0	0
XM_016915082.2	1696	1459.15	0	0
XM_016915085.2	4241	4004.15	61	2.78206
XM_016915086.2	4136	3899.15	0	0
XM_016915087.2	5264	5027.15	22	0.799185
XM_016915089.2	1924	1687.15	0	0
XM_016915091.2	1767	1530.15	8.38018	1.00015
XM_016915092.2	1762	1525.15	5.61982	0.67291
XM_016915095.2	1224	987.148	3.4454	0.637388
XM_016915096.2	1199	962.148	143.488	27.2345
XM_016915097.2	5927	5690.15	0	0
XM_016915098.2	2748	2511.15	6.2027	0.451081
XM_016915103.2	6055	5818.15	0	0
XM_016915105.2	4388	4151.15	9.59609	0.422155
XM_016915106.2	4118	3881.15	466.278	21.9397
XM_016915111.2	616	383.769	0	0
XM_016915129.2	2990	2753.15	0.32181	0.021346
XM_016915131.2	3404	3167.15	29.8361	1.72036
XM_016915134.2	2200	1963.15	8	0.744189
XM_016915135.2	1189	952.148	57.7873	11.0834
XM_016915136.2	708	473.425	0	0
XM_016915139.2	4420	4183.15	33	1.44065
XM_016915150.2	4185	3948.15	17.0546	0.788852
XM_016915154.2	2801	2564.15	30	2.13661
XM_016915160.2	2516	2279.15	0	0
XM_016915164.1	3021	2784.15	10.1891	0.668329
XM_016915165.2	6053	5816.15	0	0
XM_016915168.2	3259	3022.15	8.94323	0.540412
XM_016915172.2	5677	5440.15	0	0
XM_016915173.2	2301	2064.15	0	0
XM_016915174.2	2253	2016.15	37.0353	3.35459
XM_016915180.2	2563	2326.15	2.71904	0.213464
XM_016915181.2	2454	2217.15	0	0
XM_016915183.2	991	754.224	9.69619	2.34773
XM_016915184.2	991	754.224	0	0
XM_016915185.2	987	750.224	0	0
XM_016915188.2	1521	1284.15	0	0
XM_016915189.2	1217	980.148	0	0
XM_016915190.2	1843	1606.15	0	0
XM_016915193.2	10139	9902.15	42.5691	0.785076
XM_016915194.2	2851	2614.15	17.7833	1.24231
XM_016915195.2	2410	2173.15	232.701	19.5549
XM_016915198.1	2955	2718.15	0	0
XM_016915199.2	2481	2244.15	19	1.54614
XM_016915209.2	2748	2511.15	0	0
XM_016915211.2	2644	2407.15	1.43427	0.108812
XM_016915214.2	3745	3508.15	6.77456	0.352655
XM_016915217.2	2897	2660.15	0	0
XM_016915218.2	2875	2638.15	80	5.5378
XM_016915219.2	2269	2032.15	0	0
XM_016915220.1	761	525.765	4	1.38936
XM_016915222.2	6342	6105.15	28.3085	0.846773
XM_016915223.2	6407	6170.15	0	0
XM_016915224.2	3464	3227.15	47.2062	2.67132
XM_016915226.2	890	653.786	16.8008	4.6929
XM_016915227.2	4823	4586.15	0	0
XM_016915228.2	4930	4693.15	0	0
XM_016915229.2	4717	4480.15	1.03288	0.0421023
XM_016915230.2	3678	3441.15	0	0
XM_016915234.2	2490	2253.15	0	0
XM_016915235.2	2472	2235.15	0	0
XM_016915236.2	5540	5303.15	0	0
XM_016915237.2	5465	5228.15	3.92321	0.137038
XM_016915238.2	5251	5014.15	0	0
XM_016915239.2	4911	4674.15	1.57756	0.0616353
XM_016915245.2	1137	900.148	5.88367	1.19366
XM_016915246.2	3105	2868.15	0	0
XM_016915247.2	5904	5667.15	0	0
XM_016915248.2	5905	5668.15	178.612	5.75462
XM_016915249.2	5899	5662.15	0	0
XM_016915250.2	5755	5518.15	2.63375	0.0871621
XM_016915251.2	5598	5361.15	0	0
XM_016915252.2	3280	3043.15	2.60025	0.156041
XM_016915257.2	2420	2183.15	3	0.250948
XM_016915261.1	533	306.107	6	3.57952
XM_016915263.2	1158	921.148	0	0
XM_016915264.2	658	424.634	0	0
XM_016915265.2	1664	1427.15	0	0
XM_016915266.2	1093	856.148	4	0.853213
XM_016915267.2	1754	1517.15	0	0
XM_016915268.2	1691	1454.15	0	0
XM_016915269.2	1673	1436.15	0	0
XM_016915270.2	1609	1372.15	3	0.39927
XM_016915271.2	1753	1516.15	0	0
XM_016915275.1	1274	1037.15	0	0
XM_016915281.2	1489	1252.15	32.3135	4.71275
XM_016915282.2	3331	3094.15	0	0
XM_016915283.2	1902	1665.15	1.42728	0.156532
XM_016915284.2	1360	1123.15	0	0
XM_016915288.2	2277	2040.15	8	0.716102
XM_016915289.2	2285	2048.15	0	0
XM_016915291.2	2057	1820.15	0	0
XM_016915293.2	2017	1780.15	0	0
XM_016915294.2	1973	1736.15	0	0
XM_016915299.2	1577	1340.15	0	0
XM_016915303.2	1642	1405.15	0	0
XM_016915304.2	1285	1048.15	6.09697	1.06228
XM_016915305.2	1194	957.148	0	0
XM_016915306.1	1018	781.148	40	9.35133
XM_016915307.2	1018	781.148	0	0
XM_016915310.2	1181	944.148	0	0
XM_016915311.2	1140	903.148	0	0
XM_016915317.2	1698	1461.15	0	0
XM_016915318.2	1787	1550.15	0	0
XM_016915320.2	1446	1209.15	2	0.302063
XM_016915324.2	1138	901.148	6	1.21591
XM_016915325.1	875	638.915	1	0.285827
XM_016915327.2	944	707.441	0	0
XM_016915329.2	2934	2697.15	0	0
XM_016915335.2	1351	1114.15	0	0
XM_016915338.2	1806	1569.15	21.8939	2.54804
XM_016915340.2	4049	3812.15	0	0
XM_016915342.2	4451	4214.15	0.098412	0.00426466
XM_016915343.2	674	440.199	0	0
XM_016915344.2	632	399.296	0	0
XM_016915345.2	643	410.011	1	0.4454
XM_016915347.2	11356	11119.1	0.0160548	0.000263682
XM_016915351.2	2686	2449.15	5.22035e-07	3.89253e-08
XM_016915353.2	1308	1071.15	0	0
XM_016915360.2	3854	3617.15	0	0
XM_016915364.2	2195	1958.15	1	0.0932612
XM_016915365.2	9209	8972.15	0	0
XM_016915374.2	16675	16438.1	0	0
XM_016915375.2	16663	16426.1	62.3429	0.693103
XM_016915376.2	16663	16426.1	0	0
XM_016915377.2	16651	16414.1	0	0
XM_016915378.2	16645	16408.1	64.5802	0.718764
XM_016915380.2	16402	16165.1	0	0
XM_016915381.2	16537	16300.1	0	0
XM_016915382.2	16432	16195.1	0	0
XM_016915383.2	2331	2094.15	0	0
XM_016915384.2	1811	1574.15	13.9999	1.62415
XM_016915385.2	1830	1593.15	0.000100763	1.15502e-05
XM_016915393.2	5666	5429.15	0	0
XM_016915394.2	1476	1239.15	1	0.147375
XM_016915400.2	3935	3698.15	5.00045	0.246928
XM_016915406.2	1428	1191.15	0	0
XM_016915407.2	4011	3774.15	25	1.20967
XM_016915408.2	2360	2123.15	13.1153	1.12809
XM_016915409.2	3077	2840.15	61.5389	3.9569
XM_016915410.2	1194	957.148	0.892378	0.170261
XM_016915411.2	3234	2997.15	33	2.01072
XM_016915413.2	904	667.72	9	2.46147
XM_016915414.2	2294	2057.15	28.5442	2.53395
XM_016915415.2	3969	3732.15	0	0
XM_016915416.2	1050	813.148	15	3.36875
XM_016915417.2	2231	1994.15	64	5.86096
XM_016915418.2	1696	1459.15	28.1498	3.52308
XM_016915419.2	1801	1564.15	3.6627	0.427632
XM_016915420.2	1677	1440.15	5.86269	0.743423
XM_016915421.2	1565	1328.15	0	0
XM_016915423.2	2758	2521.15	13.5228	0.979522
XM_016915430.2	7787	7550.15	0	0
XM_016915431.2	5095	4858.15	0	0
XM_016915435.2	1552	1315.15	12	1.6663
XM_016915436.2	1915	1678.15	0	0
XM_016915438.2	2904	2667.15	10.4821	0.717708
XM_016915440.2	2052	1815.15	0	0
XM_016915442.2	3080	2843.15	12.201	0.783689
XM_016915443.2	2634	2397.15	16.1629	1.23132
XM_016915444.2	2596	2359.15	0	0
XM_016915445.2	2691	2454.15	15.666	1.16575
XM_016915446.2	2293	2056.15	8.83001	0.784248
XM_016915447.2	3198	2961.15	10.14	0.625354
XM_016915448.2	2261	2024.15	0	0
XM_016915449.2	2061	1824.15	0	0
XM_016915452.2	1688	1451.15	0	0
XM_016915453.2	3270	3033.15	783	47.1427
XM_016915454.2	4007	3770.15	0	0
XM_016915455.2	3895	3658.15	0	0
XM_016915456.2	3879	3642.15	0	0
XM_016915459.2	3731	3494.15	7.47416	0.390631
XM_016915461.2	4208	3971.15	0	0
XM_016915462.2	4387	4150.15	0	0
XM_016915463.2	3606	3369.15	0	0
XM_016915464.2	3804	3567.15	0	0
XM_016915465.2	2031	1794.15	0	0
XM_016915470.2	7735	7498.15	0.00607598	0.000147982
XM_016915471.2	7673	7436.15	22.0152	0.540655
XM_016915472.2	5184	4947.15	26.9788	0.995895
XM_016915477.2	1237	1000.15	71	12.964
XM_016915478.2	1462	1225.15	0	0
XM_016915479.2	1441	1204.15	10	1.51658
XM_016915485.2	1710	1473.15	0	0
XM_016915486.2	13344	13107.1	0	0
XM_016915488.2	10154	9917.15	157.701	2.90398
XM_016915492.2	4314	4077.15	10.592	0.474427
XM_016915493.2	5509	5272.15	874.243	30.2825
XM_016915494.2	915	678.72	0	0
XM_016915495.2	1185	948.148	1	0.192606
XM_016915496.2	1251	1014.15	0	0
XM_016915497.2	979	742.224	1	0.246043
XM_016915498.2	1237	1000.15	2	0.365184
XM_016915499.2	3511	3274.15	21.7238	1.21167
XM_016915500.2	1799	1562.15	25.8301	3.0196
XM_016915501.2	1678	1441.15	0	0
XM_016915502.2	4395	4158.15	0	0
XM_016915506.2	2243	2006.15	32.8597	2.99121
XM_016915507.2	10408	10171.1	36.094	0.648054
XM_016915508.2	10150	9913.15	54.6374	1.00653
XM_016915509.2	8950	8713.15	80.0347	1.67745
XM_016915510.2	9120	8883.15	63.9125	1.31391
XM_016915511.2	9382	9145.15	3.00616	0.0600298
XM_016915512.2	8582	8345.15	0	0
XM_016915513.2	8579	8342.15	3.82085	0.0836429
XM_016915518.2	2255	2018.15	0	0
XM_016915519.2	2107	1870.15	0	0
XM_016915526.2	4458	4221.15	0	0
XM_016915529.2	5379	5142.15	1.53824	0.0546295
XM_016915530.2	4415	4178.15	40.1055	1.75294
XM_016915531.2	8325	8088.15	15.0034	0.338756
XM_016915532.2	8454	8217.15	0	0
XM_016915534.2	4206	3969.15	28.253	1.29991
XM_016915537.2	1240	1003.15	0	0
XM_016915539.2	10371	10134.1	0	0
XM_016915540.2	10179	9942.15	0.337633	0.0062017
XM_016915547.2	4519	4282.15	17	0.724993
XM_016915554.2	1657	1420.15	0.0142592	0.00183361
XM_016915556.2	4323	4086.15	0	0
XM_016915558.2	3934	3697.15	35.2372	1.74053
XM_016915559.2	971	734.297	0	0
XM_016915560.2	4807	4570.15	0	0
XM_016915561.2	1026	789.148	0	0
XM_016915568.2	3074	2837.15	0	0
XM_016915571.2	1988	1751.15	2	0.208571
XM_016915572.2	2139	1902.15	59.9809	5.75857
XM_016915573.2	4417	4180.15	9.04713	0.395244
XM_016915574.2	1338	1101.15	0	0
XM_016915575.2	4165	3928.15	0	0
XM_016915576.2	2621	2384.15	0	0
XM_016915577.2	1820	1583.15	2.59373	0.299191
XM_016915579.2	3481	3244.15	7.93148	0.446478
XM_016915580.2	839	603.102	5	1.514
XM_016915581.2	1535	1298.15	0	0
XM_016915582.2	1555	1318.15	0	0
XM_016915583.2	1430	1193.15	0	0
XM_016915586.2	1774	1537.15	0	0
XM_016915594.2	1402	1165.15	0	0
XM_016915598.2	2617	2380.15	0	0
XM_016915599.2	2681	2444.15	8	0.597735
XM_016915600.2	6395	6158.15	38	1.12689
XM_016915602.2	2788	2551.15	0.00338242	0.000242124
XM_016915604.2	2829	2592.15	0	0
XM_016915605.2	4320	4083.15	28	1.2523
XM_016915606.2	1140	903.148	0	0
XM_016915608.2	2586	2349.15	0	0
XM_016915610.2	3549	3312.15	3.55046e-07	1.95759e-08
XM_016915611.2	3523	3286.15	36.1987	2.01165
XM_016915612.2	788	552.388	0	0
XM_016915614.2	4385	4148.15	0	0
XM_016915617.2	824	588.162	0	0
XM_016915620.2	1759	1522.15	2	0.239949
XM_016915622.2	3255	3018.15	0	0
XM_016915623.2	1748	1511.15	63	7.61342
XM_016915624.2	1173	936.148	1.61806e-06	3.15644e-07
XM_016915626.2	1934	1697.15	0	0
XM_016915634.2	1695	1458.15	0	0
XM_016915637.2	3126	2889.15	0	0
XM_016915642.2	1072	835.148	0	0
XM_016915645.1	3326	3089.15	0	0
XM_016915675.2	8311	8074.15	0	0
XM_016915677.2	4106	3869.15	0	0
XM_016915678.2	1846	1609.15	42.7373	4.85017
XM_016915679.2	7155	6918.15	0	0
XM_016915680.2	6316	6079.15	0	0
XM_016915681.2	6057	5820.15	12.9289	0.40567
XM_016915682.2	2141	1904.15	3.94348e-06	3.78203e-07
XM_016915683.2	1283	1046.15	4.20518	0.734071
XM_016915684.2	7628	7391.15	2.72721	0.0673834
XM_016915685.2	7613	7376.15	20.2547	0.501467
XM_016915686.2	3233	2996.15	0	0
XM_016915687.2	1333	1096.15	11	1.83261
XM_016915694.2	1962	1725.15	2971	314.502
XM_016915708.2	4163	3926.15	0	0
XM_016915709.2	4239	4002.15	0	0
XM_016915711.2	4675	4438.15	0	0
XM_016915712.2	3928	3691.15	31.3061	1.54887
XM_016915713.2	2923	2686.15	0	0
XM_016915714.2	4661	4424.15	0	0
XM_016915715.2	3659	3422.15	13.9238	0.743029
XM_016915716.2	3473	3236.15	4.0583	0.229014
XM_016915717.2	2868	2631.15	0	0
XM_016915718.2	2966	2729.15	0	0
XM_016915721.2	5145	4908.15	13.2588	0.493327
XM_016915723.2	3143	2906.15	32.1883	2.02268
XM_016915724.2	2082	1845.15	3.55208	0.351559
XM_016915725.2	1463	1226.15	3	0.446812
XM_016915735.2	3020	2783.15	0	0
XM_016915740.2	5699	5462.15	124.063	4.14786
XM_016915741.2	5646	5409.15	4.32005	0.14585
XM_016915742.2	5955	5718.15	315.754	10.0842
XM_016915744.2	5084	4847.15	163.036	6.14248
XM_016915745.2	4023	3786.15	27.566	1.3296
XM_016915746.2	4012	3775.15	185.224	8.96002
XM_016915747.2	4000	3763.15	0	0
XM_016915748.2	3973	3736.15	16.2345	0.793528
XM_016915753.2	6557	6320.15	16.7792	0.48483
XM_016915754.2	4199	3962.15	72.0041	3.31874
XM_016915755.2	3423	3186.15	12.329	0.706659
XM_016915756.2	4224	3987.15	11.8809	0.544169
XM_016915762.2	4813	4576.15	0.914485	0.0364941
XM_016915765.2	1085	848.148	0	0
XM_016915766.2	2682	2445.15	0	0
XM_016915767.2	2311	2074.15	0	0
XM_016915768.2	2911	2674.15	4.05804	0.277126
XM_016915769.2	2937	2700.15	3.94196	0.266607
XM_016915770.2	1596	1359.15	6.65907	0.894733
XM_016915772.2	8027	7790.15	41.4069	0.970673
XM_016915773.2	3853	3616.15	6.04529	0.305293
XM_016915774.2	1480	1243.15	0	0
XM_016915775.2	3789	3552.15	0	0
XM_016915776.2	4989	4752.15	2	0.0768575
XM_016915777.2	4369	4132.15	61	2.69588
XM_016915778.2	683	448.977	4.83673	1.96732
XM_016915779.2	7905	7668.15	0	0
XM_016915780.2	7508	7271.15	30.4929	0.765847
XM_016915781.2	6823	6586.15	23.7572	0.658734
XM_016915782.2	6795	6558.15	0	0
XM_016915783.2	2491	2254.15	3.72948	0.302143
XM_016915784.2	2140	1903.15	7	0.671695
XM_016915785.2	1069	832.148	4	0.877821
XM_016915790.2	5144	4907.15	2	0.0744299
XM_016915791.2	1795	1558.15	0	0
XM_016915796.1	1000	763.148	0	0
XM_016915803.2	6848	6611.15	0	0
XM_016915804.2	4271	4034.15	15.4837	0.700921
XM_016915805.2	4709	4472.15	66.1795	2.70242
XM_016915806.2	4313	4076.15	57.7672	2.58808
XM_016915807.2	4469	4232.15	20.0164	0.863717
XM_016915808.2	7149	6912.15	156.567	4.13652
XM_016915809.2	7023	6786.15	74.604	2.00764
XM_016915810.2	4067	3830.15	47.5708	2.26815
XM_016915816.2	9420	9183.15	11.7008	0.232685
XM_016915817.2	2218	1981.15	2.59107	0.238841
XM_016915818.2	1767	1530.15	0	0
XM_016915819.2	1690	1453.15	0	0
XM_016915822.2	11175	10938.1	15.2643	0.254847
XM_016915824.2	3750	3513.15	0	0
XM_016915825.2	3531	3294.15	0	0
XM_016915826.2	3489	3252.15	0	0
XM_016915827.2	3584	3347.15	0.0051811	0.000282679
XM_016915828.2	9489	9252.15	0	0
XM_016915829.2	9459	9222.15	0	0
XM_016915830.2	8410	8173.15	51.411	1.14872
XM_016915831.2	1786	1549.15	53	6.24783
XM_016915836.2	5389	5152.15	0	0
XM_016915837.2	5319	5082.15	0	0
XM_016915842.2	9793	9556.15	0.0119874	0.00022908
XM_016915845.2	7497	7260.15	6.44564	0.162131
XM_016915846.2	1999	1762.15	3.92165	0.406417
XM_016915847.2	2006	1769.15	0.078355	0.00808815
XM_016915851.2	5390	5153.15	0	0
XM_016915853.2	5438	5201.15	11.0739	0.388819
XM_016915856.2	4194	3957.15	0	0
XM_016915857.2	4510	4273.15	0	0
XM_016915858.2	4165	3928.15	0	0
XM_016915859.2	4156	3919.15	0	0
XM_016915860.2	4914	4677.15	902.976	35.2567
XM_016915869.2	2248	2011.15	0	0
XM_016915870.2	2938	2701.15	0	0
XM_016915872.2	1315	1078.15	0	0
XM_016915873.2	3938	3701.15	6	0.296047
XM_016915875.2	6788	6551.15	0	0
XM_016915877.2	1160	923.148	0	0
XM_016915878.2	6226	5989.15	243.938	7.43807
XM_016915879.2	6120	5883.15	8.43751	0.261909
XM_016915881.2	3503	3266.15	0	0
XM_016915882.2	3499	3262.15	4.59404	0.25718
XM_016915883.2	3017	2780.15	0	0
XM_016915884.2	3027	2790.15	0	0
XM_016915886.2	3368	3131.15	0	0
XM_016915887.2	2866	2629.15	0	0
XM_016915889.2	5715	5478.15	31.1003	1.03676
XM_016915893.2	2296	2059.15	6.50482	0.576892
XM_016915898.2	3031	2794.15	0	0
XM_016915899.2	2285	2048.15	0	0
XM_016915900.2	2374	2137.15	0	0
XM_016915902.2	2313	2076.15	4.47729	0.393825
XM_016915911.2	2431	2194.15	0	0
XM_016915912.2	2605	2368.15	2.06738	0.159425
XM_016915913.2	1361	1124.15	0	0
XM_016915917.2	2979	2742.15	0	0
XM_016915919.2	8778	8541.15	8.46703e-05	1.81034e-06
XM_016915920.2	1867	1630.15	8.13042	0.91082
XM_016915922.2	1719	1482.15	0	0
XM_016915923.2	4952	4715.15	0	0
XM_016915924.2	3770	3533.15	0	0
XM_016915925.2	3767	3530.15	0	0
XM_016915926.2	3293	3056.15	3	0.179264
XM_016915927.2	2730	2493.15	0	0
XM_016915928.2	2591	2354.15	0	0
XM_016915929.2	3097	2860.15	0	0
XM_016915930.2	1742	1505.15	0	0
XM_016915931.2	1941	1704.15	0	0
XM_016915932.2	1839	1602.15	0	0
XM_016915933.2	1152	915.148	21	4.19058
XM_016915934.2	1015	778.148	0	0
XM_016915935.2	1037	800.148	0	0
XM_016915937.2	3335	3098.15	37.7819	2.22704
XM_016915938.2	5023	4786.15	0	0
XM_016915939.2	1765	1528.15	115.934	13.8545
XM_016915940.2	1575	1338.15	8.06633	1.10082
XM_016915945.2	405	198.514	0	0
XM_016915946.2	1435	1198.15	4.12978	0.629452
XM_016915947.2	2649	2412.15	0	0
XM_016915949.2	1946	1709.15	0	0
XM_016915952.2	2018	1781.15	1	0.102529
XM_016915963.2	4756	4519.15	0.175571	0.00709482
XM_016915967.2	5206	4969.15	2.19365	0.080618
XM_016915968.2	5382	5145.15	71.7296	2.54593
XM_016915969.2	5074	4837.15	0	0
XM_016915970.2	4402	4165.15	17.8159	0.78113
XM_016915971.2	2784	2547.15	4.64062	0.332712
XM_016915972.2	4541	4304.15	0	0
XM_016915973.2	4388	4151.15	0	0
XM_016915974.2	1946	1709.15	8.45439	0.903335
XM_016915976.2	6862	6625.15	0	0
XM_016915980.2	6796	6559.15	0	0
XM_016915981.2	6002	5765.15	94.0192	2.97819
XM_016915982.2	5990	5753.15	98.6499	3.13139
XM_016915983.2	5973	5736.15	0	0
XM_016915984.2	5924	5687.15	0	0
XM_016915985.2	5945	5708.15	0	0
XM_016915986.2	6754	6517.15	0	0
XM_016915987.2	7554	7317.15	1.03064	0.0257223
XM_016915988.2	9660	9423.15	0	0
XM_016915990.2	9564	9327.15	15.9147	0.311598
XM_016915994.2	309	127.008	1	1.43786
XM_016915995.2	1782	1545.15	2	0.236378
XM_016916001.2	524	298.069	0	0
XM_016916005.2	7276	7039.15	8.84658	0.22951
XM_016916006.2	7897	7660.15	4.95207e-07	1.18058e-08
XM_016916007.2	7862	7625.15	1.26373	0.0302658
XM_016916009.2	7344	7107.15	9.133	0.234674
XM_016916010.2	6910	6673.15	0	0
XM_016916012.2	7930	7693.15	4.5889e-05	1.08931e-06
XM_016916019.2	3206	2969.15	0	0
XM_016916020.2	877	640.915	28	7.97818
XM_016916021.2	5978	5741.15	0	0
XM_016916023.2	6252	6015.15	6.15273	0.186796
XM_016916024.2	5880	5643.15	35.257	1.14096
XM_016916025.2	5886	5649.15	0	0
XM_016916026.2	5051	4814.15	5.55933	0.210887
XM_016916027.2	4665	4428.15	0	0
XM_016916028.2	4766	4529.15	0	0
XM_016916029.2	3957	3720.15	8.66916	0.425562
XM_016916032.2	5488	5251.15	27.5261	0.957274
XM_016916033.2	5468	5231.15	28.4142	0.991939
XM_016916034.2	4259	4022.15	0	0
XM_016916035.2	663	429.548	1	0.425142
XM_016916036.2	4247	4010.15	105.532	4.80585
XM_016916039.2	2686	2449.15	23.619	1.76113
XM_016916040.2	678	444.021	1	0.411285
XM_016916041.2	2289	2052.15	3.08851	0.274844
XM_016916044.2	444	229.732	0	0
XM_016916045.2	625	392.496	0	0
XM_016916046.2	553	324.087	0	0
XM_016916047.2	899	662.72	0	0
XM_016916050.2	4640	4403.15	3	0.124424
XM_016916051.2	4166	3929.15	0	0
XM_016916052.2	8701	8464.15	1	0.0215756
XM_016916056.2	12866	12629.1	0.340237	0.00491988
XM_016916070.2	2237	2000.15	4	0.365211
XM_016916071.2	2704	2467.15	0	0
XM_016916072.2	4465	4228.15	113.814	4.91578
XM_016916074.2	576	345.999	1.68594	0.889845
XM_016916075.2	7004	6767.15	0	0
XM_016916076.2	6720	6483.15	15.349	0.432354
XM_016916077.2	6883	6646.15	0	0
XM_016916078.2	6866	6629.15	0	0
XM_016916079.2	9696	9459.15	15.6956	0.30302
XM_016916080.2	9558	9321.15	0.505359	0.00990096
XM_016916082.2	3207	2970.15	0	0
XM_016916083.2	1338	1101.15	0	0
XM_016916085.2	8496	8259.15	44	0.97289
XM_016916086.2	3756	3519.15	2.00311	0.103948
XM_016916092.2	5540	5303.15	2.02799	0.0698358
XM_016916093.2	5528	5291.15	18.972	0.654802
XM_016916094.2	5535	5298.15	0	0
XM_016916096.2	3773	3536.15	0	0
XM_016916101.2	2825	2588.15	1	0.0705598
XM_016916102.2	2832	2595.15	0	0
XM_016916103.2	2102	1865.15	9.83315	0.962778
XM_016916104.2	2030	1793.15	79.3207	8.07824
XM_016916105.2	3071	2834.15	18	1.15984
XM_016916106.2	2837	2600.15	0	0
XM_016916107.2	1401	1164.15	3	0.470608
XM_016916121.2	3683	3446.15	0	0
XM_016916123.2	1552	1315.15	39.529	5.48893
XM_016916124.2	1481	1244.15	97.9914	14.3834
XM_016916125.2	1634	1397.15	3.95939	0.517527
XM_016916126.2	1486	1249.15	10.0401	1.46781
XM_016916127.2	1197	960.148	7.99814	1.52124
XM_016916128.2	1586	1349.15	3.3271	0.450353
XM_016916130.2	3220	2983.15	5.90403	0.361427
XM_016916134.2	3043	2806.15	3.36652	0.219087
XM_016916135.2	10339	10102.1	0.431745	0.00780476
XM_016916137.2	3293	3056.15	2.49259	0.148944
XM_016916152.2	1324	1087.15	0	0
XM_016916153.2	1318	1081.15	0	0
XM_016916154.2	973	736.297	1.14804	0.284741
XM_016916157.2	4066	3829.15	24.2106	1.15465
XM_016916162.2	1758	1521.15	0	0
XM_016916163.1	3325	3088.15	0.25863	0.0152942
XM_016916164.1	3322	3085.15	0.674986	0.0399545
XM_016916165.2	2018	1781.15	0	0
XM_016916166.2	1916	1679.15	0	0
XM_016916167.2	6618	6381.15	0	0
XM_016916169.2	2007	1770.15	0	0
XM_016916170.2	1833	1596.15	5.28885	0.605111
XM_016916171.2	1827	1590.15	2.66094	0.305593
XM_016916172.2	1766	1529.15	0	0
XM_016916173.2	1660	1423.15	0	0
XM_016916174.2	1660	1423.15	0	0
XM_016916178.2	3358	3121.15	12.1445	0.71058
XM_016916179.2	2880	2643.15	0	0
XM_016916180.2	2897	2660.15	0	0
XM_016916184.2	990	753.224	5	1.21225
XM_016916185.2	3133	2896.15	16.494	1.04004
XM_016916194.2	8976	8739.15	0	0
XM_016916195.2	8963	8726.15	0	0
XM_016916196.2	8910	8673.15	0	0
XM_016916197.2	8897	8660.15	0	0
XM_016916199.2	8849	8612.15	0.0045072	9.55745e-05
XM_016916200.2	8087	7850.15	7.94643	0.184859
XM_016916201.2	3989	3752.15	0	0
XM_016916202.2	8004	7767.15	0	0
XM_016916203.2	3762	3525.15	20.6021	1.06729
XM_016916204.2	8837	8600.15	74.4469	1.58084
XM_016916205.2	7990	7753.15	0	0
XM_016916207.2	6326	6089.15	0	0
XM_016916208.2	6337	6100.15	0	0
XM_016916209.2	6144	5907.15	0	0
XM_016916214.2	3906	3669.15	13	0.64703
XM_016916216.2	2186	1949.15	3	0.281075
XM_016916217.2	2308	2071.15	0	0
XM_016916219.2	1246	1009.15	1	0.180964
XM_016916228.2	1654	1417.15	5.49504	0.708112
XM_016916229.2	2073	1836.15	0	0
XM_016916230.2	5321	5084.15	0	0
XM_016916234.2	5070	4833.15	52	1.96481
XM_016916235.2	3308	3071.15	0	0
XM_016916236.2	3236	2999.15	28	1.70493
XM_016916237.2	3177	2940.15	8.60249e-07	5.3432e-08
XM_016916239.2	4290	4053.15	0	0
XM_016916242.2	6498	6261.15	0	0
XM_016916244.2	3523	3286.15	0	0
XM_016916251.2	3043	2806.15	136	8.85064
XM_016916252.2	7739	7502.15	7.51262	0.182874
XM_016916253.2	3362	3125.15	0	0
XM_016916255.2	3353	3116.15	0	0
XM_016916256.2	3350	3113.15	67.2336	3.94397
XM_016916257.2	3331	3094.15	37.7243	2.22652
XM_016916258.2	3322	3085.15	0	0
XM_016916259.2	3316	3079.15	27.8336	1.65077
XM_016916260.2	3304	3067.15	10.1871	0.606547
XM_016916261.2	3295	3058.15	0	0
XM_016916262.2	3251	3014.15	0	0
XM_016916263.2	3239	3002.15	0	0
XM_016916264.2	2888	2651.15	35.9626	2.47721
XM_016916265.2	1135	898.148	159.271	32.3844
XM_016916266.2	13733	13496.1	0	0
XM_016916267.2	13730	13493.1	0	0
XM_016916268.2	13712	13475.1	0	0
XM_016916269.2	4257	4020.15	0	0
XM_016916270.2	13664	13427.1	31.8077	0.432608
XM_016916271.2	13654	13417.1	0	0
XM_016916272.2	13651	13414.1	0	0
XM_016916273.2	13637	13400.1	0	0
XM_016916274.2	13633	13396.1	0	0
XM_016916275.2	10975	10738.1	0	0
XM_016916276.2	13630	13393.1	0	0
XM_016916277.2	13593	13356.1	38.037	0.520082
XM_016916278.2	13701	13464.1	0	0
XM_016916279.2	13501	13264.1	0	0
XM_016916280.2	13497	13260.1	0	0
XM_016916282.2	800	564.277	0	0
XM_016916283.2	6213	5976.15	6.8827	0.210322
XM_016916284.2	700	465.519	0	0
XM_016916285.2	6062	5825.15	276.117	8.65632
XM_016916288.2	3038	2801.15	4.11486	0.268266
XM_016916289.2	3133	2896.15	0	0
XM_016916290.2	2984	2747.15	39.4491	2.62242
XM_016916293.2	3176	2939.15	12.2762	0.762764
XM_016916294.2	7131	6894.15	0	0
XM_016916295.2	7150	6913.15	5.03445	0.132991
XM_016916296.2	9392	9155.15	16.0788	0.320726
XM_016916297.2	1285	1048.15	1.25009	0.217804
XM_016916299.2	1793	1556.15	1	0.117353
XM_016916300.2	2719	2482.15	1.64455	0.120995
XM_016916301.2	1528	1291.15	0	0
XM_016916305.2	1296	1059.15	0	0
XM_016916306.2	1569	1332.15	0	0
XM_016916307.2	1043	806.148	6.002	1.35965
XM_016916308.2	1094	857.148	0	0
XM_016916309.2	1058	821.148	9.9223	2.20667
XM_016916311.1	3296	3059.15	5.44292	0.324921
XM_016916312.2	2023	1786.15	5.40007	0.552114
XM_016916313.2	2481	2244.15	5	0.406879
XM_016916314.2	1154	917.148	457	90.9962
XM_016916315.2	1609	1372.15	0	0
XM_016916316.2	1520	1283.15	0	0
XM_016916317.2	2226	1989.15	0	0
XM_016916318.2	2137	1900.15	14.5664	1.39994
XM_016916321.2	1276	1039.15	1	0.175739
XM_016916323.2	1335	1098.15	0	0
XM_016916324.2	4283	4046.15	12	0.541609
XM_016916327.2	1114	877.148	0	0
XM_016916329.2	737	502.227	0	0
XM_016916330.2	725	490.327	0	0
XM_016916331.2	2062	1825.15	0	0
XM_016916332.2	3822	3585.15	0	0
XM_016916333.2	3818	3581.15	5.59506	0.285318
XM_016916334.2	3819	3582.15	0	0
XM_016916335.2	3801	3564.15	0	0
XM_016916336.2	3794	3557.15	0	0
XM_016916337.2	3771	3534.15	0	0
XM_016916338.2	3747	3510.15	2.20129	0.114524
XM_016916339.2	3744	3507.15	5.119	0.266549
XM_016916340.2	3727	3490.15	3.30507	0.172935
XM_016916341.2	3727	3490.15	0	0
XM_016916343.2	3473	3236.15	0	0
XM_016916344.2	3381	3144.15	0	0
XM_016916345.2	3359	3122.15	0	0
XM_016916348.2	2538	2301.15	0.163808	0.0129998
XM_016916349.2	5373	5136.15	0	0
XM_016916350.1	1519	1282.15	0	0
XM_016916351.2	1524	1287.15	0	0
XM_016916353.2	1477	1240.15	0	0
XM_016916356.2	3265	3028.15	0	0
XM_016916357.2	3253	3016.15	0	0
XM_016916358.2	5187	4950.15	0	0
XM_016916360.2	1512	1275.15	0	0
XM_016916361.2	719	484.425	129	48.6306
XM_016916363.2	5679	5442.15	0	0
XM_016916364.2	1621	1384.15	12	1.58323
XM_016916367.2	2319	2082.15	8.33845	0.731341
XM_016916370.2	2052	1815.15	4.95273	0.498286
XM_016916371.2	4273	4036.15	0	0
XM_016916372.2	4183	3946.15	0	0
XM_016916374.2	3950	3713.15	0	0
XM_016916375.2	643	410.011	0	0
XM_016916376.2	1904	1667.15	2.81925	0.308821
XM_016916384.2	1031	794.148	0	0
XM_016916388.2	3191	2954.15	985.073	60.8951
XM_016916389.2	2864	2627.15	0	0
XM_016916390.2	2805	2568.15	5	0.355546
XM_016916393.2	1216	979.148	0	0
XM_016916394.2	3634	3397.15	0.0325363	0.00174904
XM_016916396.2	3097	2860.15	0	0
XM_016916398.2	3452	3215.15	0	0
XM_016916402.2	1380	1143.15	7.01359	1.12043
XM_016916403.2	1126	889.148	0	0
XM_016916404.2	776	540.607	0	0
XM_016916405.2	2458	2221.15	0	0
XM_016916406.2	2500	2263.15	0.0142406	0.00114911
XM_016916409.2	891	654.786	0	0
XM_016916410.2	2674	2437.15	31.9668	2.39532
XM_016916411.2	2708	2471.15	0	0
XM_016916412.2	1926	1689.15	9.0516	0.978597
XM_016916414.2	1627	1390.15	50	6.56834
XM_016916415.2	4343	4106.15	3	0.133424
XM_016916416.2	2982	2745.15	6.71511	0.446718
XM_016916434.2	1374	1137.15	0	0
XM_016916436.2	2651	2414.15	2	0.151291
XM_016916437.2	2104	1867.15	0	0
XM_016916438.2	1820	1583.15	2	0.230704
XM_016916439.2	1560	1323.15	0	0
XM_016916440.2	1568	1331.15	0	0
XM_016916441.2	1668	1431.15	5	0.638017
XM_016916442.2	824	588.162	4.24295	1.3174
XM_016916443.2	2260	2023.15	5	0.451324
XM_016916449.2	579	348.788	1	0.523582
XM_016916450.2	1194	957.148	0	0
XM_016916451.2	1144	907.148	0	0
XM_016916452.2	4336	4099.15	0	0
XM_016916453.2	25997	25760.1	2792.74	19.7983
XM_016916454.2	1038	801.148	27	6.15457
XM_016916455.2	25739	25502.1	2397.13	17.1657
XM_016916459.2	2262	2025.15	1.64241	0.148105
XM_016916460.2	4590	4353.15	0	0
XM_016916461.2	4412	4175.15	0	0
XM_016916462.2	3662	3425.15	0	0
XM_016916465.2	2985	2748.15	1.07856	0.0716719
XM_016916466.2	3639	3402.15	0	0
XM_016916467.2	3759	3522.15	7.13293	0.369834
XM_016916472.2	3127	2890.15	0	0
XM_016916477.2	3554	3317.15	0	0
XM_016916482.2	1256	1019.15	11.9454	2.14047
XM_016916484.2	2788	2551.15	0	0
XM_016916486.2	666	432.418	4	1.68928
XM_016916487.2	1242	1005.15	0	0
XM_016916488.2	2803	2566.15	8.18791	0.58269
XM_016916497.2	2507	2270.15	0.895399	0.0720293
XM_016916499.2	2503	2266.15	5.1046	0.411358
XM_016916500.2	2023	1786.15	52.1229	5.32914
XM_016916502.2	1416	1179.15	175	27.1029
XM_016916503.2	1527	1290.15	0	0
XM_016916508.2	456	239.474	3	2.28776
XM_016916511.2	7343	7106.15	68.3874	1.75747
XM_016916512.2	2395	2158.15	6.86206e-07	5.80657e-08
XM_016916513.2	1879	1642.15	0	0
XM_016916514.2	1819	1582.15	0	0
XM_016916515.2	1460	1223.15	0	0
XM_016916519.2	3266	3029.15	27	1.62776
XM_016916520.2	2006	1769.15	4.55417	0.470101
XM_016916521.2	3852	3615.15	63.8511	3.22544
XM_016916523.2	2546	2309.15	8.01769	0.63408
XM_016916524.2	573	343.139	0	0
XM_016916525.2	1296	1059.15	3	0.517263
XM_016916528.2	666	432.418	11.9245	5.03597
XM_016916529.2	2159	1922.15	0.00148808	0.00014138
XM_016916532.2	6462	6225.15	0	0
XM_016916534.2	2718	2481.15	0	0
XM_016916535.2	2210	1973.15	10	0.925522
XM_016916536.2	1221	984.148	0	0
XM_016916538.2	8836	8599.15	55.3588	1.17565
XM_016916539.2	3196	2959.15	0	0
XM_016916540.2	2143	1906.15	33	3.16158
XM_016916542.2	4768	4531.15	0	0
XM_016916543.2	4404	4167.15	0	0
XM_016916544.2	1443	1206.15	0	0
XM_016916545.2	3458	3221.15	0	0
XM_016916547.2	3382	3145.15	0	0
XM_016916549.2	3997	3760.15	96	4.66243
XM_016916550.2	2589	2352.15	3.02517	0.234872
XM_016916551.2	3650	3413.15	0	0
XM_016916552.2	2442	2205.15	1	0.0828149
XM_016916555.2	3160	2923.15	0	0
XM_016916561.2	3254	3017.15	0	0
XM_016916562.2	2571	2334.15	3	0.234714
XM_016916565.2	4106	3869.15	36.4463	1.72022
XM_016916568.2	5177	4940.15	6.714	0.248192
XM_016916574.1	1111	874.148	0	0
XM_016916576.2	5136	4899.15	5.80991	0.216568
XM_016916578.2	5229	4992.15	6.21617	0.227395
XM_016916579.2	5545	5308.15	3.48698	0.119964
XM_016916581.2	3325	3088.15	39.9704	2.36367
XM_016916583.2	4376	4139.15	0	0
XM_016916584.2	2824	2587.15	0	0
XM_016916585.2	2168	1931.15	0.532019	0.0503104
XM_016916586.2	2165	1928.15	2.46798	0.233748
XM_016916588.2	1999	1762.15	0.417754	0.0432937
XM_016916589.2	1996	1759.15	7.73447	0.802924
XM_016916590.2	1783	1546.15	13.0637	1.54299
XM_016916592.1	620	387.575	0	0
XM_016916593.2	854	618.102	628	185.543
XM_016916595.2	3390	3153.15	24.3402	1.4097
XM_016916597.2	233	79.8091	0	0
XM_016916599.2	1948	1711.15	19	2.02774
XM_016916600.2	1117	880.148	1	0.207487
XM_016916601.2	1090	853.148	0	0
XM_016916603.2	1984	1747.15	0	0
XM_016916608.2	2225	1988.15	0	0
XM_016916609.2	2397	2160.15	0	0
XM_016916610.2	1910	1673.15	5	0.545735
XM_016916613.2	4760	4523.15	221	8.92273
XM_016916614.2	1467	1230.15	170	25.237
XM_016916617.2	10166	9929.15	0	0
XM_016916618.2	10163	9926.15	12.6868	0.233409
XM_016916619.2	10259	10022.1	258.886	4.71731
XM_016916620.2	10091	9854.15	55.4852	1.02826
XM_016916621.2	9801	9564.15	0	0
XM_016916622.2	2204	1967.15	7	0.649842
XM_016916624.2	5547	5310.15	0	0
XM_016916626.2	6187	5950.15	21.3091	0.654009
XM_016916628.2	2131	1894.15	0	0
XM_016916629.2	1999	1762.15	0	0
XM_016916630.2	1996	1759.15	0	0
XM_016916631.2	1996	1759.15	0	0
XM_016916632.2	1864	1627.15	5.37853	0.603646
XM_016916633.2	1864	1627.15	5.37853	0.603646
XM_016916634.2	1861	1624.15	33.2429	3.73784
XM_016916640.2	2389	2152.15	2.9421e-05	2.4965e-06
XM_016916641.2	1061	824.148	0	0
XM_016916642.1	347	154.648	1.26563	1.49455
XM_016916645.2	3016	2779.15	3	0.197131
XM_016916647.2	3697	3460.15	22.7732	1.20192
XM_016916648.2	1583	1346.15	6.05143	0.820941
XM_016916650.1	1529	1292.15	127.856	18.0699
XM_016916652.2	1876	1639.15	0	0
XM_016916653.1	1761	1524.15	24.8666	2.97945
XM_016916654.2	1384	1147.15	14	2.22872
XM_016916656.2	4142	3905.15	0	0
XM_016916657.2	7307	7070.15	38.3126	0.989599
XM_016916658.2	3945	3708.15	0	0
XM_016916660.2	2483	2246.15	15	1.21955
XM_016916661.2	1117	880.148	0	0
XM_016916667.2	1011	774.148	0	0
XM_016916668.2	1557	1320.15	0	0
XM_016916669.2	1026	789.148	9.77921	2.26304
XM_016916674.2	4231	3994.15	6.99565	0.319853
XM_016916675.2	5553	5316.15	18.7966	0.645698
XM_016916676.2	3092	2855.15	351.539	22.4849
XM_016916677.2	1482	1245.15	12.2226	1.79262
XM_016916678.2	1004	767.148	3	0.714149
XM_016916679.2	4227	3990.15	1	0.0457675
XM_016916680.2	3266	3029.15	0	0
XM_016916681.2	2864	2627.15	97.2838	6.76242
XM_016916682.2	3537	3300.15	604	33.4233
XM_016916685.2	2643	2406.15	2.00452	0.152137
XM_016916686.2	1380	1143.15	0	0
XM_016916687.2	1985	1748.15	3	0.313393
XM_016916688.2	1759	1522.15	2.21867e-06	2.66184e-07
XM_016916689.2	4251	4014.15	25.0205	1.13828
XM_016916690.2	4635	4398.15	12.7126	0.527849
XM_016916691.2	3962	3725.15	0	0
XM_016916692.2	3862	3625.15	0	0
XM_016916693.2	3014	2777.15	0	0
XM_016916694.2	1290	1053.15	11.1167	1.92767
XM_016916696.2	9030	8793.15	19.0594	0.395832
XM_016916697.2	7777	7540.15	0	0
XM_016916698.2	2727	2490.15	61.5235	4.51193
XM_016916699.2	2373	2136.15	43.7251	3.73806
XM_016916700.2	1774	1537.15	0	0
XM_016916701.2	801	565.277	0	0
XM_016916702.2	2530	2293.15	16.284	1.2968
XM_016916707.2	2734	2497.15	0	0
XM_016916708.2	2836	2599.15	68.0988	4.7847
XM_016916709.2	2800	2563.15	9.92809	0.707357
XM_016916710.2	2531	2294.15	1.97312	0.157064
XM_016916711.2	965	728.297	10	2.50748
XM_016916712.2	788	552.388	0	0
XM_016916713.2	2074	1837.15	0	0
XM_016916717.2	1509	1272.15	0	0
XM_016916718.2	1280	1043.15	1.58613	0.277677
XM_016916720.2	3866	3629.15	2.42129	0.12184
XM_016916721.2	3103	2866.15	40.225	2.56297
XM_016916723.2	4059	3822.15	0	0
XM_016916734.2	2034	1797.15	0	0
XM_016916735.2	1192	955.148	4.80898	0.919451
XM_016916736.2	2233	1996.15	0	0
XM_016916739.2	1043	806.148	0	0
XM_016916740.2	6003	5766.15	44.469	1.40837
XM_016916741.2	5919	5682.15	4.46432e-08	1.43479e-09
XM_016916742.2	5667	5430.15	13.0689	0.439516
XM_016916750.2	3033	2796.15	47	3.06962
XM_016916754.2	1466	1229.15	0	0
XM_016916759.2	7216	6979.15	16.0772	0.420683
XM_016916761.2	5504	5267.15	0	0
XM_016916763.2	1890	1653.15	15	1.65701
XM_016916765.2	2143	1906.15	100.463	9.62494
XM_016916766.2	1766	1529.15	1.51005	0.180338
XM_016916767.2	3180	2943.15	0	0
XM_016916769.2	1678	1441.15	217.763	27.5945
XM_016916790.2	1794	1557.15	0	0
XM_016916791.2	1689	1452.15	0	0
XM_016916793.2	1662	1425.15	0	0
XM_016916794.2	1557	1320.15	0	0
XM_016916795.2	1423	1186.15	9	1.38564
XM_016916796.2	1403	1166.15	0	0
XM_016916800.2	7757	7520.15	0	0
XM_016916804.2	598	366.49	4.59335	2.28883
XM_016916807.2	3673	3436.15	25.1337	1.33577
XM_016916808.2	3920	3683.15	6.59625	0.327058
XM_016916809.1	1888	1651.15	0	0
XM_016916810.2	1953	1716.15	2.91282	0.309959
XM_016916816.2	1741	1504.15	0	0
XM_016916818.2	3551	3314.15	0	0
XM_016916819.2	6891	6654.15	1.37757	0.0378065
XM_016916820.2	3072	2835.15	3	0.193238
XM_016916822.2	1775	1538.15	2	0.237453
XM_016916823.2	5969	5732.15	21	0.669034
XM_016916828.2	6377	6140.15	0.411149	0.0122283
XM_016916832.2	7299	7062.15	0.0158903	0.000410904
XM_016916833.2	7260	7023.15	3.75716	0.0976956
XM_016916837.1	1575	1338.15	0	0
XM_016916841.2	4477	4240.15	40.0412	1.72454
XM_016916846.2	805	569.277	30	9.62374
XM_016916848.2	1480	1243.15	7	1.0283
XM_016916849.2	1854	1617.15	0	0
XM_016916850.2	1503	1266.15	0	0
XM_016916851.2	1356	1119.15	0	0
XM_016916853.1	3325	3088.15	0	0
XM_016916854.2	4647	4410.15	0	0
XM_016916856.2	2746	2509.15	0	0
XM_016916861.2	3512	3275.15	2.75063	0.153372
XM_016916862.2	1749	1512.15	0	0
XM_016916863.2	1916	1679.15	1.57768	0.171584
XM_016916864.2	1605	1368.15	5.44853	0.727265
XM_016916865.2	1686	1449.15	1.73694	0.218886
XM_016916866.2	1650	1413.15	7.08067	0.915026
XM_016916868.2	2281	2044.15	0	0
XM_016916870.2	1148	911.148	0	0
XM_016916871.2	2263	2026.15	2.01163	0.181311
XM_016916875.2	2744	2507.15	4	0.291358
XM_016916879.2	1932	1695.15	30	3.23192
XM_016916883.2	3016	2779.15	0	0
XM_016916884.2	1393	1156.15	1.52335	0.24062
XM_016916887.2	4787	4550.15	1	0.0401348
XM_016916893.2	9460	9223.15	51.9621	1.02885
XM_016916895.2	9091	8854.15	0.03583	0.000739003
XM_016916896.2	8073	7836.15	0	0
XM_016916898.2	8075	7838.15	0	0
XM_016916899.2	9037	8800.15	15.0144	0.311577
XM_016916900.2	8139	7902.15	0	0
XM_016916901.2	7737	7500.15	3.17877	0.0773991
XM_016916903.2	2009	1772.15	1385.13	142.737
XM_016916904.2	1512	1275.15	0	0
XM_016916906.2	5806	5569.15	5.20992	0.17084
XM_016916907.1	2585	2348.15	0.00010325	8.02995e-06
XM_016916914.2	1850	1613.15	0.137377	0.015552
XM_016916921.2	9372	9135.15	2.42699	0.0485175
XM_016916922.2	9336	9099.15	119.573	2.39982
XM_016916924.2	5076	4839.15	37.1979	1.40377
XM_016916925.2	2928	2691.15	0	0
XM_016916928.2	8986	8749.15	85.932	1.79364
XM_016916929.2	1042	805.148	3.0643	0.695028
XM_016916936.2	1169	932.148	0	0
XM_016916938.2	1316	1079.15	59	9.9843
XM_016916939.2	1435	1198.15	166	25.3014
XM_016916940.2	1177	940.148	3.27812	0.636759
XM_016916945.2	5143	4906.15	264	9.82675
XM_016916948.2	4523	4286.15	91.919	3.91638
XM_016916949.2	2005	1768.15	117.081	12.0925
XM_016916950.2	707	472.425	0	0
XM_016916951.2	440	226.42	0	0
XM_016916953.2	1252	1015.15	0	0
XM_016916954.2	851	615.102	0	0
XM_016916972.2	2538	2301.15	156.65	12.4317
XM_016916973.2	1490	1253.15	3.60588	0.525479
XM_016916975.2	2308	2071.15	4.88039	0.430318
XM_016916976.2	2161	1924.15	0	0
XM_016916977.2	1949	1712.15	34	3.62647
XM_016916979.2	444	229.732	0	0
XM_016916981.2	1955	1718.15	0	0
XM_016916982.2	1883	1646.15	2.15486	0.239054
XM_016916984.2	629	396.376	5	2.30361
XM_016916985.2	4517	4280.15	0	0
XM_016916986.2	2493	2256.15	124.298	10.0611
XM_016916987.2	2897	2660.15	3.64729	0.250387
XM_016916988.2	2593	2356.15	0	0
XM_016916990.2	3178	2941.15	11.5047	0.714339
XM_016916991.2	990	753.224	9	2.18205
XM_016916993.2	743	508.076	0	0
XM_016916994.2	799	563.277	0	0
XM_016916996.2	718	483.425	0	0
XM_016916997.2	5775	5538.15	0	0
XM_016916998.2	5920	5683.15	0.398464	0.012804
XM_016916999.2	5761	5524.15	30.973	1.02392
XM_016917000.2	5699	5462.15	0	0
XM_016917001.2	5556	5319.15	5.78374	0.19857
XM_016917003.2	7970	7733.15	7.3611	0.173833
XM_016917004.2	5763	5526.15	24.5242	0.810437
XM_016917005.2	5468	5231.15	0	0
XM_016917006.2	5153	4916.15	0	0
XM_016917008.2	5367	5130.15	0	0
XM_016917010.2	2473	2236.15	0	0
XM_016917011.1	3572	3335.15	0	0
XM_016917012.1	3889	3652.15	0	0
XM_016917013.2	6117	5880.15	33.3489	1.03571
XM_016917014.2	6054	5817.15	0	0
XM_016917015.2	1920	1683.15	0	0
XM_016917021.2	3374	3137.15	0	0
XM_016917022.2	4105	3868.15	0	0
XM_016917023.2	3080	2843.15	6.65608e-06	4.27529e-07
XM_016917024.2	2943	2706.15	36.0724	2.43428
XM_016917025.2	2786	2549.15	0	0
XM_016917027.2	2028	1791.15	0	0
XM_016917028.2	1574	1337.15	17.0811	2.33283
XM_016917029.2	669	435.331	0	0
XM_016917030.2	1067	830.148	2.37271	0.521959
XM_016917032.2	1171	934.148	2.68712	0.525312
XM_016917034.2	1533	1296.15	4.94605	0.696868
XM_016917035.2	1280	1043.15	1.84613	0.323194
XM_016917039.2	1859	1622.15	0	0
XM_016917040.2	3865	3628.15	3.06516	0.154282
XM_016917043.1	2854	2617.15	41.8673	2.92141
XM_016917048.2	3292	3055.15	1.15607e-07	6.91032e-09
XM_016917049.2	3261	3024.15	0	0
XM_016917050.2	2536	2299.15	0	0
XM_016917056.2	1424	1187.15	0.000104579	1.60873e-05
XM_016917057.2	1549	1312.15	0	0
XM_016917059.2	1197	960.148	5.51333	1.04863
XM_016917061.2	3449	3212.15	0.0780641	0.00443815
XM_016917062.2	9961	9724.15	0	0
XM_016917064.2	9931	9694.15	9.44047	0.17784
XM_016917065.2	9925	9688.15	4.79066	0.0903028
XM_016917066.2	9937	9700.15	14.0133	0.263821
XM_016917067.2	10441	10204.1	0.00572831	0.000102517
XM_016917068.2	10363	10126.1	11.1476	0.201041
XM_016917069.2	10152	9915.15	0	0
XM_016917070.2	9729	9492.15	14.5828	0.280558
XM_016917071.2	9848	9611.15	3.46242	0.0657886
XM_016917073.2	7125	6888.15	0	0
XM_016917074.2	3308	3071.15	0	0
XM_016917075.1	875	638.915	32.4991	9.28913
XM_016917077.2	2801	2564.15	0	0
XM_016917078.2	3258	3021.15	0	0
XM_016917079.2	3235	2998.15	0	0
XM_016917080.2	3211	2974.15	0	0
XM_016917081.2	3157	2920.15	0	0
XM_016917082.2	3133	2896.15	0	0
XM_016917084.2	6299	6062.15	19	0.572366
XM_016917086.2	527	300.761	27	16.3941
XM_016917090.2	2894	2657.15	9.06194e-07	6.22805e-08
XM_016917092.2	2074	1837.15	0	0
XM_016917093.2	2011	1774.15	5	0.514667
XM_016917094.2	2274	2037.15	0	0
XM_016917097.1	1802	1565.15	11.6373	1.35783
XM_016917110.2	5704	5467.15	0	0
XM_016917111.2	5708	5471.15	6.46857	0.215912
XM_016917112.2	6036	5799.15	0	0
XM_016917113.2	6135	5898.15	22.2718	0.689581
XM_016917114.2	4116	3879.15	12.2572	0.577035
XM_016917116.2	1641	1404.15	0	0
XM_016917117.2	4451	4214.15	18	0.780026
XM_016917120.2	2673	2436.15	0	0
XM_016917121.2	2566	2329.15	1	0.078406
XM_016917122.2	615	382.808	1	0.477052
XM_016917123.2	3765	3528.15	68.0837	3.52405
XM_016917125.2	2354	2117.15	22.4672	1.93795
XM_016917127.2	622	389.575	3.56218	1.66983
XM_016917133.2	2862	2625.15	0	0
XM_016917134.1	3513	3276.15	0	0
XM_016917135.2	2829	2592.15	0	0
XM_016917136.2	783	547.388	12	4.00343
XM_016917137.2	2606	2369.15	24	1.84997
XM_016917143.2	3229	2992.15	1	0.0610328
XM_016917147.2	1131	894.148	5.80264	1.18512
XM_016917151.2	973	736.297	0	0
XM_016917154.2	7834	7597.15	117.802	2.8317
XM_016917155.2	991	754.224	0	0
XM_016917173.2	1253	1016.15	9.09054	1.63373
XM_016917174.2	2424	2187.15	10.1965	0.851371
XM_016917176.2	791	555.333	86.8251	28.5521
XM_016917179.2	5206	4969.15	0	0
XM_016917183.2	5135	4898.15	0	0
XM_016917185.2	4388	4151.15	8	0.35194
XM_016917186.1	1065	828.148	183	40.3543
XM_016917190.2	477	256.972	8	5.68527
XM_016917193.2	1983	1746.15	5	0.52292
XM_016917195.2	2526	2289.15	0	0
XM_016917200.2	7711	7474.15	0	0
XM_016917210.2	7341	7104.15	0	0
XM_016917211.2	7122	6885.15	42.8868	1.13751
XM_016917212.2	6972	6735.15	0	0
XM_016917213.2	6954	6717.15	111.678	3.0362
XM_016917217.2	806	570.277	0	0
XM_016917220.2	1487	1250.15	0	0
XM_016917221.2	1463	1226.15	1	0.148937
XM_016917222.2	686	451.796	18	7.27573
XM_016917223.2	3044	2807.15	0	0
XM_016917226.2	3191	2954.15	12.9194	0.798651
XM_016917228.2	3044	2807.15	16.0414	1.04357
XM_016917229.2	3262	3025.15	8.38597	0.506236
XM_016917232.2	3041	2804.15	20.6532	1.34503
XM_016917234.2	2894	2657.15	0	0
XM_016917237.2	1777	1540.15	0	0
XM_016917239.2	2891	2654.15	0	0
XM_016917246.2	3924	3687.15	2.3623e-08	1.17002e-09
XM_016917249.2	2068	1831.15	27	2.69269
XM_016917274.2	1121	884.148	0	0
XM_016917275.2	1215	978.148	0	0
XM_016917288.2	1428	1191.15	0	0
XM_016917291.2	2736	2499.15	0	0
XM_016917293.2	2757	2520.15	2.073	0.150217
XM_016917294.2	1468	1231.15	0	0
XM_016917297.2	2870	2633.15	7.927	0.549768
XM_016917298.2	7026	6789.15	5.978e-05	1.608e-06
XM_016917306.2	1352	1115.15	0	0
XM_016917312.2	3085	2848.15	0	0
XM_016917315.1	2589	2352.15	0	0
XM_016917321.2	1239	1002.15	0	0
XM_016917322.2	1560	1323.15	0	0
XM_016917328.2	1531	1294.15	0	0
XM_016917333.2	2042	1805.15	17.7695	1.79767
XM_016917334.1	2358	2121.15	15.9977	1.37732
XM_016917335.2	2637	2400.15	0	0
XM_016917336.1	2280	2043.15	0	0
XM_016917337.2	1796	1559.15	0	0
XM_016917338.2	1056	819.148	0	0
XM_016917339.2	865	628.915	0	0
XM_016917341.2	1318	1081.15	4	0.675649
XM_016917342.2	884	647.786	62	17.4786
XM_016917343.2	995	758.224	0	0
XM_016917345.2	3768	3531.15	4.83099e-06	2.49843e-07
XM_016917346.2	3654	3417.15	11.5116	0.615204
XM_016917347.2	3597	3360.15	0	0
XM_016917348.2	1650	1413.15	0	0
XM_016917349.2	1469	1232.15	0	0
XM_016917350.2	913	676.72	0	0
XM_016917352.2	8163	7926.15	0	0
XM_016917353.2	9127	8890.15	0	0
XM_016917357.2	7045	6808.15	0	0
XM_016917359.2	428	216.776	2	1.68486
XM_016917365.2	2358	2121.15	4.76618	0.410342
XM_016917366.2	2297	2060.15	3.23382	0.286658
XM_016917368.2	2106	1869.15	16.9153	1.65266
XM_016917369.2	3146	2909.15	0	0
XM_016917370.2	3140	2903.15	0	0
XM_016917387.2	2199	1962.15	0	0
XM_016917389.2	1524	1287.15	6	0.851274
XM_016917404.2	2770	2533.15	0.471569	0.0339963
XM_016917406.2	2767	2530.15	1.51878	0.109621
XM_016917409.2	2252	2015.15	10.9687	0.994021
XM_016917412.2	1228	991.148	0	0
XM_016917414.2	1059	822.148	11.6423	2.58605
XM_016917415.2	2883	2646.15	0	0
XM_016917418.2	444	229.732	0	0
XM_016917423.1	5607	5370.15	25	0.850159
XM_016917425.2	826	590.162	5.13516	1.58902
XM_016917428.2	719	484.425	0	0
XM_016917429.2	668	434.375	5.86484	2.46569
XM_016917436.2	522	296.313	0	0
XM_016917437.2	4289	4052.15	13.9712	0.629642
XM_016917438.2	3243	3006.15	39	2.36919
XM_016917439.2	1466	1229.15	5.76156	0.856017
XM_016917440.2	4010	3773.15	0.028818	0.00139478
XM_016917441.2	1393	1156.15	8.23844	1.3013
XM_016917449.2	3057	2820.15	0	0
XM_016917454.2	1710	1473.15	20	2.47931
XM_016917455.2	2252	2015.15	2.76152	0.250258
XM_016917456.2	1668	1431.15	0	0
XM_016917459.2	2340	2103.15	8.29246	0.720046
XM_016917460.2	1006	769.148	5.89384	1.39938
XM_016917465.2	5796	5559.15	0	0
XM_016917466.2	625	392.496	6	2.79166
XM_016917467.2	5793	5556.15	9.67621	0.318037
XM_016917468.2	5725	5488.15	0	0
XM_016917469.2	5811	5574.15	0	0
XM_016917470.2	5664	5427.15	0	0
XM_016917471.2	5614	5377.15	0	0
XM_016917472.2	5793	5556.15	8.27416	0.271955
XM_016917475.2	3327	3090.15	8	0.472778
XM_016917476.2	847	611.102	0	0
XM_016917477.2	1073	836.148	0	0
XM_016917481.1	3770	3533.15	0	0
XM_016917490.2	2444	2207.15	11.5169	0.952904
XM_016917491.2	2075	1838.15	18.5184	1.8398
XM_016917492.2	1872	1635.15	0	0
XM_016917493.2	1956	1719.15	5.83201	0.619514
XM_016917494.2	3376	3139.15	0	0
XM_016917495.2	3493	3256.15	0	0
XM_016917496.2	3311	3074.15	0	0
XM_016917508.2	1140	903.148	2	0.404406
XM_016917514.2	2944	2707.15	3	0.202374
XM_016917515.2	3060	2823.15	0	0
XM_016917516.2	2986	2749.15	0	0
XM_016917517.2	2974	2737.15	0	0
XM_016917518.2	2798	2561.15	0	0
XM_016917520.2	2109	1872.15	1.95096	0.190307
XM_016917523.2	2322	2085.15	0	0
XM_016917527.2	1478	1241.15	18.7147	2.75364
XM_016917541.2	911	674.72	0	0
XM_016917542.2	597	365.527	0	0
XM_016917544.2	1614	1377.15	6	0.795641
XM_016917545.2	1248	1011.15	0	0
XM_016917546.2	1753	1516.15	36	4.33618
XM_016917552.2	3896	3659.15	1.82887e-08	9.12746e-10
XM_016917553.2	1976	1739.15	0.00875457	0.000919274
XM_016917556.2	2498	2261.15	23	1.85757
XM_016917560.2	922	685.652	0	0
XM_016917573.2	1994	1757.15	0	0
XM_016917590.2	822	586.162	4	1.2462
XM_016917606.2	2038	1801.15	0	0
XM_016917618.2	2902	2665.15	29.6583	2.03222
XM_016917628.2	479	258.836	4	2.82216
XM_016917650.2	2375	2138.15	3.81968	0.326239
XM_016917662.2	2088	1851.15	0	0
XM_016917667.2	1817	1580.15	0	0
XM_016917672.2	1767	1530.15	42.9023	5.12028
XM_016917677.1	1156	919.148	39	7.74864
XM_016917679.2	811	575.22	0	0
XM_016917686.2	7590	7353.15	14.5392	0.361087
XM_016917687.2	7592	7355.15	11.1164	0.276007
XM_016917710.2	1920	1683.15	7.98131	0.865961
XM_016917712.2	1916	1679.15	0	0
XM_016917722.2	1899	1662.15	14.3581	1.57751
XM_016917733.2	10408	10171.1	292.138	5.24523
XM_016917734.2	4883	4646.15	18.2196	0.716132
XM_016917739.2	1060	823.148	0	0
XM_016917743.2	4919	4682.15	0	0
XM_016917769.2	1450	1213.15	0	0
XM_016917786.2	3091	2854.15	173.462	11.0988
XM_016917787.2	1798	1561.15	154.363	18.057
XM_016917788.2	2855	2618.15	16.1707	1.12793
XM_016917789.2	1986	1749.15	0	0
XM_016917790.2	1963	1726.15	0.123974	0.0131159
XM_016917793.2	2566	2329.15	0	0
XM_016917794.2	2286	2049.15	0	0
XM_016917796.2	3564	3327.15	0	0
XM_016917798.2	4697	4460.15	14.2303	0.582654
XM_016917799.2	2215	1978.15	0	0
XM_016917805.2	1653	1416.15	27.2712	3.51675
XM_016917806.2	1872	1635.15	0	0
XM_016917807.2	4120	3883.15	14.7148	0.692018
XM_016917808.1	2904	2667.15	0	0
XM_016917814.2	3810	3573.15	0	0
XM_016917815.2	1961	1724.15	3	0.317756
XM_016917816.2	849	613.102	0	0
XM_016917817.2	1974	1737.15	0	0
XM_016917818.2	1826	1589.15	3.63464	0.417679
XM_016917819.2	1873	1636.15	0	0
XM_016917820.1	916	679.72	0	0
XM_016917822.2	2794	2557.15	0	0
XM_016917824.2	1510	1273.15	1	0.143439
XM_016917825.2	1544	1307.15	0	0
XM_016917830.2	1795	1558.15	11	1.28923
XM_016917834.2	2623	2386.15	9.30894	0.712442
XM_016917835.2	2757	2520.15	0	0
XM_016917836.2	1362	1125.15	0	0
XM_016917842.2	3425	3188.15	0	0
XM_016917844.2	844	608.102	0	0
XM_016917845.2	4707	4470.15	1.80375e-05	7.36888e-07
XM_016917846.2	4638	4401.15	84	3.48546
XM_016917848.2	3701	3464.15	3.3161e-06	1.74814e-07
XM_016917851.1	692	457.704	0	0
XM_016917852.2	963	726.297	0	0
XM_016917853.2	2369	2132.15	4	0.342601
XM_016917854.2	2428	2191.15	0	0
XM_016917857.1	3112	2875.15	2.80711	0.178298
XM_016917860.2	2067	1830.15	0	0
XM_016917861.2	1993	1756.15	4.04594	0.420731
XM_016917864.2	2098	1861.15	1	0.0981218
XM_016917865.2	1661	1424.15	0	0
XM_016917869.2	1163	926.148	0	0
XM_016917870.2	2112	1875.15	0	0
XM_016917875.2	1353	1116.15	46	7.52632
XM_016917876.1	2216	1979.15	31	2.86042
XM_016917877.2	1547	1310.15	0	0
XM_016917879.2	2720	2483.15	0	0
XM_016917880.2	3327	3090.15	0	0
XM_016917881.2	3312	3075.15	0	0
XM_016917882.2	3331	3094.15	0	0
XM_016917883.2	3322	3085.15	0	0
XM_016917884.2	3280	3043.15	0	0
XM_016917887.2	515	290.037	13	8.18534
XM_016917888.2	4677	4440.15	0	0
XM_016917889.2	4961	4724.15	0	0
XM_016917891.2	1003	766.148	8	1.90688
XM_016917895.2	3955	3718.15	4	0.196463
XM_016917898.2	1787	1550.15	7	0.824653
XM_016917899.2	2843	2606.15	2.48124	0.173866
XM_016917900.2	1450	1213.15	10.2271	1.53952
XM_016917901.2	1296	1059.15	0	0
XM_016917902.2	1101	864.148	13.7729	2.91061
XM_016917903.2	2947	2710.15	3.70495	0.249652
XM_016917904.2	852	616.102	3.48398	1.03269
XM_016917906.2	1212	975.148	18.801	3.52093
XM_016917907.2	1029	792.148	3.47494	0.801103
XM_016917909.2	1113	876.148	0	0
XM_016917911.2	1156	919.148	16.724	3.32278
XM_016917914.2	3943	3706.15	7.81553e-07	3.85108e-08
XM_016917915.2	1515	1278.15	11	1.57166
XM_016917916.2	1157	920.148	0	0
XM_016917917.2	1618	1381.15	0	0
XM_016917921.2	3386	3149.15	2	0.11598
XM_016917922.2	2572	2335.15	9.98818	0.781121
XM_016917925.1	2092	1855.15	12.0739	1.18855
XM_016917926.2	1903	1666.15	0	0
XM_016917927.1	1826	1589.15	3.92605	0.451167
XM_016917929.2	1837	1600.15	0	0
XM_016917932.2	2421	2184.15	0.333382	0.0278744
XM_016917939.2	995	758.224	4.79294	1.15439
XM_016917940.2	992	755.224	0	0
XM_016917941.1	1252	1015.15	7.92998	1.42656
XM_016917946.2	1349	1112.15	8.03802	1.31988
XM_016917948.2	508	283.953	587.361	377.751
XM_016917949.2	3582	3345.15	5.30346	0.289528
XM_016917950.2	3507	3270.15	2.98917	0.166928
XM_016917951.1	805	569.277	33855	10860.4
XM_016917954.2	1882	1645.15	16	1.77608
XM_016917955.2	5401	5164.15	22.9288	0.810829
XM_016917958.2	742	507.076	54	19.4477
XM_016917959.2	5414	5177.15	0	0
XM_016917961.2	1287	1050.15	0	0
XM_016917963.2	5527	5290.15	0	0
XM_016917964.2	1802	1565.15	0	0
XM_016917965.2	1630	1393.15	0	0
XM_016917974.2	1539	1302.15	0	0
XM_016917983.2	1943	1706.15	0	0
XM_016917984.2	1946	1709.15	16.5839	1.77196
XM_016917985.2	1925	1688.15	2.33917	0.253045
XM_016917986.2	1926	1689.15	0	0
XM_016917987.2	1929	1692.15	0	0
XM_016917988.2	1932	1695.15	0	0
XM_016917990.2	1670	1433.15	0	0
XM_016917991.2	1135	898.148	95.9058	19.5004
XM_016917992.2	4619	4382.15	0.0144257	0.000601168
XM_016918010.2	4553	4316.15	0	0
XM_016918013.2	4229	3992.15	8.47528	0.387698
XM_016918014.2	754	518.871	0	0
XM_016918016.2	3161	2924.15	19	1.18659
XM_016918017.2	2015	1778.15	0	0
XM_016918019.2	3903	3666.15	0	0
XM_016918022.2	3418	3181.15	6	0.34444
XM_016918024.2	883	646.786	0	0
XM_016918028.2	717	482.425	1	0.378544
XM_016918031.2	2399	2162.15	0	0
XM_016918032.2	2333	2096.15	0	0
XM_016918033.2	2321	2084.15	0	0
XM_016918034.2	2255	2018.15	0	0
XM_016918039.2	1653	1416.15	0	0
XM_016918040.2	1542	1305.15	0	0
XM_016918042.2	1628	1391.15	0	0
XM_016918043.2	1660	1423.15	0	0
XM_016918045.2	1678	1441.15	0	0
XM_016918046.2	1559	1322.15	0	0
XM_016918048.2	1572	1335.15	0	0
XM_016918049.2	1527	1290.15	0	0
XM_016918050.2	1800	1563.15	0	0
XM_016918052.2	1667	1430.15	1	0.127693
XM_016918054.2	1006	769.148	0	0
XM_016918055.2	998	761.148	0	0
XM_016918056.2	3172	2935.15	168	10.4526
XM_016918057.2	2570	2333.15	0	0
XM_016918059.2	1883	1646.15	0	0
XM_016918061.2	2305	2068.15	0	0
XM_016918062.2	2302	2065.15	16.6949	1.47632
XM_016918063.1	2304	2067.15	0	0
XM_016918064.2	2074	1837.15	30.0484	2.98692
XM_016918065.2	3320	3083.15	36.485	2.16106
XM_016918066.2	3355	3118.15	0	0
XM_016918068.2	7422	7185.15	0	0
XM_016918069.2	8240	8003.15	0	0
XM_016918070.2	8442	8205.15	12.3024	0.273811
XM_016918071.2	8162	7925.15	0.000167275	3.85452e-06
XM_016918072.2	8469	8232.15	137.877	3.05861
XM_016918073.2	7294	7057.15	0.000116801	3.02248e-06
XM_016918074.2	8254	8017.15	77.1742	1.75792
XM_016918080.2	1752	1515.15	2	0.241058
XM_016918081.2	3206	2969.15	45.8578	2.82051
XM_016918082.2	2272	2035.15	0	0
XM_016918083.2	2198	1961.15	40.0237	3.72695
XM_016918084.2	2341	2104.15	6.57324	0.570492
XM_016918086.1	2124	1887.15	0	0
XM_016918087.2	7525	7288.15	0	0
XM_016918088.2	7453	7216.15	4.50893	0.114108
XM_016918097.2	8407	8170.15	84.5022	1.88879
XM_016918098.2	2783	2546.15	0	0
XM_016918099.2	2718	2481.15	51.6683	3.80293
XM_016918100.2	2387	2150.15	7.33167	0.622703
XM_016918105.2	1247	1010.15	0	0
XM_016918106.2	1739	1502.15	1	0.121572
XM_016918107.2	4808	4571.15	0	0
XM_016918109.2	5021	4784.15	11.5138	0.439503
XM_016918110.2	4564	4327.15	0	0
XM_016918111.2	4683	4446.15	0	0
XM_016918113.2	4451	4214.15	22.4448	0.97264
XM_016918114.2	4326	4089.15	1.71732e-06	7.66945e-08
XM_016918115.2	4658	4421.15	79.3705	3.27846
XM_016918116.2	4787	4550.15	28.7933	1.15561
XM_016918117.2	4670	4433.15	0	0
XM_016918118.2	4521	4284.15	12.0671	0.51438
XM_016918120.2	5324	5087.15	42.3873	1.52163
XM_016918121.2	5243	5006.15	20.1936	0.736642
XM_016918122.2	5245	5008.15	0	0
XM_016918123.2	4711	4474.15	45.9985	1.8775
XM_016918125.2	2812	2575.15	13	0.921908
XM_016918128.2	13398	13161.1	60.5156	0.839692
XM_016918129.2	2081	1844.15	0	0
XM_016918132.2	3036	2799.15	5.66067	0.369308
XM_016918135.2	5420	5183.15	46.0029	1.62083
XM_016918136.2	2900	2663.15	6	0.411436
XM_016918137.2	1750	1513.15	0	0
XM_016918139.2	1217	980.148	0	0
XM_016918142.2	1316	1079.15	1.52978	0.258877
XM_016918144.2	5550	5313.15	0	0
XM_016918146.2	989	752.224	0	0
XM_016918147.2	4942	4705.15	4.75436	0.184529
XM_016918148.2	4332	4095.15	32.0362	1.42862
XM_016918149.2	1001	764.148	5	1.19492
XM_016918150.2	1314	1077.15	0	0
XM_026438845.1	1175	938.148	96	18.6873
XM_026438846.1	715	480.425	0	0
XM_026438847.1	2707	2470.15	0	0
XM_026438848.1	2644	2407.15	0	0
XM_026438849.1	2641	2404.15	117	8.88733
XM_026438850.1	2578	2341.15	0	0
XM_026438851.1	2095	1858.15	1.13243e-06	1.11296e-07
XM_026438852.1	2115	1878.15	37.0036	3.59799
XM_026438853.1	1899	1662.15	43.9964	4.83386
XM_026438854.1	3781	3544.15	1.9967	0.102884
XM_026438855.1	2677	2440.15	8	0.598715
XM_026438856.1	29713	29476.1	0	0
XM_026438857.1	29710	29473.1	0	0
XM_026438858.1	29710	29473.1	6.71364e-06	4.15985e-08
XM_026438859.1	29710	29473.1	0	0
XM_026438860.1	29707	29470.1	5.52397e-08	3.42307e-10
XM_026438861.1	29707	29470.1	23.8259	0.147643
XM_026438862.1	29698	29461.1	0	0
XM_026438863.1	29671	29434.1	101.509	0.629793
XM_026438864.1	29668	29431.1	328.059	2.03559
XM_026438865.1	29668	29431.1	0	0
XM_026438866.1	29656	29419.1	0	0
XM_026438867.1	29656	29419.1	0	0
XM_026438868.1	29656	29419.1	1.38115e-06	8.57345e-09
XM_026438869.1	29656	29419.1	109.362	0.678864
XM_026438870.1	29656	29419.1	130.513	0.810159
XM_026438871.1	29656	29419.1	41.5608	0.257989
XM_026438872.1	29656	29419.1	0	0
XM_026438873.1	29656	29419.1	0	0
XM_026438874.1	29656	29419.1	0	0
XM_026438875.1	29656	29419.1	0	0
XM_026438876.1	29650	29413.1	0.123101	0.000764306
XM_026438877.1	29608	29371.1	661.825	4.11499
XM_026438878.1	29599	29362.1	2.25521e-06	1.40264e-08
XM_026438879.1	29599	29362.1	0	0
XM_026438880.1	29599	29362.1	0	0
XM_026438881.1	29599	29362.1	4.00757e-07	2.49253e-09
XM_026438882.1	29599	29362.1	281.84	1.75292
XM_026438883.1	29599	29362.1	31.3883	0.195221
XM_026438884.1	29599	29362.1	218.107	1.35652
XM_026438885.1	29599	29362.1	0	0
XM_026438886.1	29599	29362.1	0	0
XM_026438887.1	29599	29362.1	0	0
XM_026438888.1	29569	29332.1	298.139	1.85618
XM_026438889.1	29557	29320.1	534.401	3.32849
XM_026438890.1	29542	29305.1	53.0826	0.330792
XM_026438891.1	29542	29305.1	2.72781e-06	1.69988e-08
XM_026438892.1	29542	29305.1	0	0
XM_026438893.1	29485	29248.1	39.4132	0.246088
XM_026438894.1	29485	29248.1	0	0
XM_026438895.1	29485	29248.1	0	0
XM_026438896.1	29473	29236.1	121.531	0.759125
XM_026438897.1	29428	29191.1	6.85189e-05	4.28653e-07
XM_026438898.1	29428	29191.1	0	0
XM_026438899.1	29428	29191.1	215.908	1.35071
XM_026438900.1	29293	29056.1	9.85739	0.0619541
XM_026438901.1	29077	28840.1	1.17846e-06	7.46214e-09
XM_026438902.1	29074	28837.1	0.374997	0.00237477
XM_026438903.1	26170	25933.1	1.85062e-05	1.30319e-07
XM_026438904.1	25945	25708.1	0	0
XM_026438905.1	29068	28831.1	836.588	5.29902
XM_026438906.1	2096	1859.15	0	0
XM_026438907.1	2928	2691.15	30.8507	2.0935
XM_026438908.1	2901	2664.15	0	0
XM_026438909.1	1192	955.148	0	0
XM_026438910.1	1147	910.148	4	0.802591
XM_026438911.1	2042	1805.15	2.85756	0.289087
XM_026438912.1	884	647.786	4	1.12765
XM_026438913.1	1094	857.148	3	0.639164
XM_026438914.1	1958	1721.15	3.14244	0.333423
XM_026438915.1	5290	5053.15	0	0
XM_026438916.1	5281	5044.15	0	0
XM_026438917.1	5275	5038.15	0	0
XM_026438918.1	5266	5029.15	2.42085	0.0879063
XM_026438919.1	5257	5020.15	0	0
XM_026438920.1	5245	5008.15	0	0
XM_026438921.1	5236	4999.15	0	0
XM_026438922.1	4987	4750.15	0	0
XM_026438923.1	4960	4723.15	0	0
XM_026438924.1	4957	4720.15	0	0
XM_026438925.1	4954	4717.15	5.10212	0.197523
XM_026438926.1	4942	4705.15	0	0
XM_026438927.1	4933	4696.15	0	0
XM_026438928.1	4918	4681.15	0	0
XM_026438929.1	4912	4675.15	0	0
XM_026438930.1	4597	4360.15	2.78023	0.116446
XM_026438931.1	4660	4423.15	3.6968	0.15263
XM_026438932.1	1944	1707.15	0	0
XM_026438933.1	2002	1765.15	4.60611	0.47654
XM_026438934.1	2903	2666.15	9.4895	0.649988
XM_026438935.1	969	732.297	4.53991	1.13216
XM_026438936.1	1017	780.148	7.46009	1.74628
XM_026438937.1	10814	10577.1	0	0
XM_026438938.1	10741	10504.1	0	0
XM_026438939.1	10700	10463.1	0	0
XM_026438940.1	2936	2699.15	0	0
XM_026438941.1	2909	2672.15	30	2.05025
XM_026438942.1	2138	1901.15	0	0
XM_026438943.1	3103	2866.15	33	2.10262
XM_026438944.1	1292	1055.15	39.7946	6.88743
XM_026438945.1	5483	5246.15	9	0.313291
XM_026438946.1	1951	1714.15	10.8771	1.1588
XM_026438947.1	2501	2264.15	306	24.681
XM_026438948.1	1372	1135.15	8.88976	1.43016
XM_026438949.1	1302	1065.15	14.696	2.51962
XM_026438950.1	2210	1973.15	0	0
XM_026438951.1	2218	1981.15	0	0
XM_026438952.1	2220	1983.15	0	0
XM_026438953.1	2114	1877.15	0	0
XM_026438954.1	2123	1886.15	0	0
XM_026438955.1	2191	1954.15	0	0
XM_026438956.1	2169	1932.15	5	0.472581
XM_026438957.1	2211	1974.15	0	0
XM_026438958.1	2327	2090.15	0	0
XM_026438959.1	608	376.189	0	0
XM_026438960.1	3264	3027.15	0	0
XM_026438961.1	3102	2865.15	0	0
XM_026438962.1	2457	2220.15	0	0
XM_026438963.1	2153	1916.15	0	0
XM_026438964.1	2938	2701.15	21	1.41977
XM_026438965.1	2847	2610.15	0	0
XM_026438966.1	5443	5206.15	20.138	0.706391
XM_026438967.1	3421	3184.15	14	0.802937
XM_026438968.1	3347	3110.15	0	0
XM_026438969.1	3187	2950.15	0	0
XM_026438970.1	3115	2878.15	0	0
XM_026438971.1	6860	6623.15	7.63657	0.210562
XM_026438972.1	1573	1336.15	0	0
XM_026438973.1	1621	1384.15	29	3.82615
XM_026438974.1	405	198.514	0	0
XM_026438975.1	3831	3594.15	19.7456	1.00328
XM_026438976.1	3939	3702.15	71	3.50228
XM_026438977.1	4390	4153.15	37.565	1.65178
XM_026438978.1	1643	1406.15	0	0
XM_026438979.1	1637	1400.15	0	0
XM_026438980.1	1560	1323.15	0	0
XM_026438981.1	1512	1275.15	0	0
XM_026438982.1	8392	8155.15	0	0
XM_026438983.1	5412	5175.15	0	0
XM_026438984.1	5328	5091.15	27.9799	1.00364
XM_026438985.1	5278	5041.15	97.9407	3.54797
XM_026438986.1	4600	4363.15	252.786	10.5803
XM_026438987.1	8276	8039.15	0	0
XM_026438988.1	5038	4801.15	0.0235892	0.000897251
XM_026438989.1	5052	4815.15	0.00133231	5.05291e-05
XM_026438990.1	6862	6625.15	12.6342	0.348256
XM_026438991.1	5011	4774.15	6.16721	0.235906
XM_026438992.1	4968	4731.15	0	0
XM_026438993.1	4954	4717.15	0	0
XM_026438994.1	5401	5164.15	0	0
XM_026438995.1	4921	4684.15	0	0
XM_026438996.1	6087	5850.15	0	0
XM_026438997.1	5943	5706.15	0	0
XM_026438998.1	8563	8326.15	9.64212	0.211483
XM_026438999.1	4684	4447.15	54.9896	2.25811
XM_026439000.1	8243	8006.15	29.9452	0.683047
XM_026439001.1	8371	8134.15	0	0
XM_026439002.1	2373	2136.15	6.82167	0.583184
XM_026439003.1	1716	1479.15	97.6787	12.0597
XM_026439004.1	8311	8074.15	0	0
XM_026439005.1	6939	6702.15	30.8009	0.839259
XM_026439006.1	6697	6460.15	0	0
XM_026439007.1	6341	6104.15	0	0
XM_026439008.1	2152	1915.15	0	0
XM_026439009.1	2469	2232.15	0	0
XM_026439010.1	6413	6176.15	15.0688	0.445561
XM_026439011.1	1774	1537.15	0	0
XM_026439012.1	2170	1933.15	12.9666	1.22492
XM_026439013.1	5234	4997.15	159.858	5.84197
XM_026439014.1	1379	1142.15	4	0.639564
XM_026439015.1	1106	869.148	0	0
XM_026439016.1	8173	7936.15	12.9828	0.298747
XM_026439017.1	646	412.887	7	3.09609
XM_026439018.1	5842	5605.15	0	0
XM_026439019.1	5793	5556.15	21.3088	0.700376
XM_026439020.1	5971	5734.15	78.4167	2.49739
XM_026439021.1	3871	3634.15	82.1388	4.12755
XM_026439022.1	8152	7915.15	0.000142883	3.29662e-06
XM_026439023.1	1145	908.148	133.632	26.872
XM_026439024.1	2600	2363.15	0	0
XM_026439025.1	7990	7753.15	0	0
XM_026439026.1	7948	7711.15	0	0
XM_026439027.1	3406	3169.15	0	0
XM_026439028.1	8371	8134.15	349.836	7.85413
XM_026439029.1	3277	3040.15	24	1.44166
XM_026439030.1	3272	3035.15	0	0
XM_026439031.1	2288	2051.15	0	0
XM_026439032.1	2185	1948.15	23	2.15602
XM_026439033.1	2114	1877.15	5	0.486427
XM_026439034.1	1387	1150.15	0	0
XM_026439035.1	1283	1046.15	0	0
XM_026439036.1	811	575.22	0	0
XM_026439037.1	1532	1295.15	6.61003	0.932032
XM_026439038.1	1540	1303.15	6.38997	0.89547
XM_026439039.1	1594	1357.15	0	0
XM_026439040.1	1592	1355.15	0	0
XM_026439041.1	2242	2005.15	0	0
XM_026439042.1	2003	1766.15	0	0
XM_026439043.1	1251	1014.15	0	0
XM_026439044.1	927	690.652	1	0.264416
XM_026439045.1	16755	16518.1	1.96259e-07	2.16978e-09
XM_026439046.1	16740	16503.1	0	0
XM_026439047.1	2208	1971.15	0	0
XM_026439048.1	3539	3302.15	1	0.0553032
XM_026439049.1	1467	1230.15	0	0
XM_026439050.1	1460	1223.15	0	0
XM_026439051.1	1032	795.148	0	0
XM_026439052.1	1621	1384.15	0	0
XM_026439053.1	1612	1375.15	0	0
XM_026439054.1	1594	1357.15	0	0
XM_026439055.1	1585	1348.15	0	0
XM_026439056.1	1450	1213.15	0	0
XM_026439057.1	1623	1386.15	0	0
XM_026439058.1	2581	2344.15	4	0.311617
XM_026439059.1	959	722.37	0	0
XM_026439060.1	908	671.72	2.74768	0.747005
XM_026439061.1	2562	2325.15	0	0
XM_026439062.1	2344	2107.15	1.33766	0.115931
XM_026439063.1	1186	949.148	0	0
XM_026439064.1	1690	1453.15	0	0
XM_026439065.1	1687	1450.15	24	3.02235
XM_026439066.1	11351	11114.1	59	0.969443
XM_026439067.1	2175	1938.15	1.10762e-07	1.04364e-08
XM_026439068.1	1584	1347.15	1.72724	0.234144
XM_026439069.1	2141	1904.15	4.27276	0.409784
XM_026439070.1	2434	2197.15	13	1.08051
XM_026439071.1	1530	1293.15	13.1115	1.85161
XM_026439072.1	2357	2120.15	12.1807	1.04919
XM_026439073.1	1518	1281.15	1.88851	0.269195
XM_026439074.1	10081	9844.15	1.70069e-08	3.15495e-10
XM_026439075.1	10078	9841.15	2.2976e-08	4.26359e-10
XM_026439076.1	9985	9748.15	65.6007	1.22895
XM_026439077.1	9955	9718.15	19.6873	0.369955
XM_026439078.1	9925	9688.15	0	0
XM_026439079.1	5418	5181.15	0.293549	0.0103467
XM_026439080.1	5250	5013.15	0	0
XM_026439081.1	5219	4982.15	0	0
XM_026439082.1	5154	4917.15	0	0
XM_026439083.1	5993	5756.15	0	0
XM_026439084.1	5347	5110.15	107.737	3.85014
XM_026439085.1	7109	6872.15	37.5539	0.997951
XM_026439086.1	7492	7255.15	0	0
XM_026439087.1	7477	7240.15	55.6852	1.40456
XM_026439088.1	7333	7096.15	24.9743	0.642714
XM_026439089.1	7318	7081.15	80.6218	2.0792
XM_026439090.1	6562	6325.15	0	0
XM_026439091.1	6544	6307.15	0	0
XM_026439092.1	6385	6148.15	3.19531	0.0949107
XM_026439093.1	4603	4366.15	5.00009	0.209134
XM_026439094.1	4506	4269.15	10.9999	0.470538
XM_026439095.1	9173	8936.15	284.995	5.82417
XM_026439096.1	3178	2941.15	1.65411	0.102706
XM_026439097.1	4290	4053.15	11.8799	0.535265
XM_026439098.1	1735	1498.15	12.2921	1.49836
XM_026439099.1	461	243.575	3.02563	2.26845
XM_026439100.1	6126	5889.15	0	0
XM_026439101.1	794	558.277	0	0
XM_026439102.1	900	663.72	0	0
XM_026439103.1	1532	1295.15	5	0.705013
XM_026439104.1	5592	5355.15	0	0
XM_026439105.1	2348	2111.15	0	0
XM_026439106.1	2003	1766.15	5.33579	0.55172
XM_026439107.1	2045	1808.15	0	0
XM_026439108.1	1853	1616.15	3.34624e-08	3.78114e-09
XM_026439109.1	1672	1435.15	19.6642	2.50222
XM_026439110.1	1681	1444.15	0	0
XM_026439111.1	1442	1205.15	0	0
XM_026439112.1	6124	5887.15	16.5947	0.514768
XM_026439113.1	2477	2240.15	34	2.77172
XM_026439114.1	6123	5886.15	0	0
XM_026439115.1	6121	5884.15	0	0
XM_026439116.1	7441	7204.15	189.288	4.7983
XM_026439117.1	5084	4847.15	0	0
XM_026439118.1	1886	1649.15	0	0
XM_026439119.1	6117	5880.15	0	0
XM_026439120.1	1702	1465.15	0	0
XM_026439121.1	6114	5877.15	0	0
XM_026439122.1	1588	1351.15	0	0
XM_026439123.1	1599	1362.15	0	0
XM_026439124.1	1549	1312.15	0	0
XM_026439125.1	6095	5858.15	0	0
XM_026439126.1	6084	5847.15	0	0
XM_026439127.1	1829	1592.15	0	0
XM_026439128.1	6075	5838.15	0	0
XM_026439129.1	6075	5838.15	0	0
XM_026439130.1	6076	5839.15	6.16007	0.192656
XM_026439131.1	6052	5815.15	0	0
XM_026439132.1	6052	5815.15	0	0
XM_026439133.1	6025	5788.15	0	0
XM_026439134.1	6965	6728.15	110.07	2.98758
XM_026439135.1	2996	2759.15	117.545	7.77994
XM_026439136.1	6969	6732.15	0	0
XM_026439137.1	2077	1840.15	0	0
XM_026439138.1	6431	6194.15	0	0
XM_026439139.1	574	344.104	0	0
XM_026439140.1	567	337.416	5	2.70614
XM_026439141.1	6214	5977.15	133.372	4.0749
XM_026439142.1	3428	3191.15	2	0.114454
XM_026439143.1	1230	993.148	0	0
XM_026439144.1	6130	5893.15	9.66453	0.299488
XM_026439145.1	6497	6260.15	0	0
XM_026439146.1	1943	1706.15	1	0.107036
XM_026439147.1	3979	3742.15	5	0.244003
XM_026439148.1	5378	5141.15	0	0
XM_026439149.1	606	374.341	0	0
XM_026439150.1	2211	1974.15	5	0.462527
XM_026439151.1	2182	1945.15	0	0
XM_026439152.1	1810	1573.15	139.637	16.2098
XM_026439153.1	1329	1092.15	1	0.167211
XM_026439154.1	7086	6849.15	18	0.479935
XM_026439155.1	6054	5817.15	29.8523	0.93716
XM_026439156.1	3156	2919.15	8	0.500473
XM_026439157.1	2776	2539.15	0	0
XM_026439158.1	3870	3633.15	4.75233	0.238874
XM_026439159.1	6053	5816.15	0	0
XM_026439160.1	1292	1055.15	11.2611	1.94902
XM_026439161.1	691	456.704	10.1258	4.04893
XM_026439162.1	6044	5807.15	36.2764	1.1408
XM_026439163.1	6045	5808.15	0	0
XM_026439164.1	1644	1407.15	0	0
XM_026439165.1	1561	1324.15	0	0
XM_026439166.1	1506	1269.15	0	0
XM_026439167.1	1117	880.148	0	0
XM_026439168.1	1121	884.148	0	0
XM_026439169.1	1694	1457.15	2	0.250653
XM_026439170.1	6032	5795.15	0	0
XM_026439171.1	1421	1184.15	0	0
XM_026439172.1	1447	1210.15	0	0
XM_026439173.1	6024	5787.15	0	0
XM_026439174.1	1603	1366.15	82	10.9613
XM_026439175.1	2153	1916.15	56	5.3371
XM_026439176.1	4355	4118.15	138.945	6.1615
XM_026439177.1	6002	5765.15	0	0
XM_026439178.1	4656	4419.15	26	1.07444
XM_026439179.1	3816	3579.15	96.7806	4.93805
XM_026439180.1	3262	3025.15	103.219	6.23105
XM_026439181.1	1362	1125.15	0	0
XM_026439182.1	5993	5756.15	52.5309	1.66659
XM_026439183.1	1130	893.148	1	0.204467
XM_026439184.1	1972	1735.15	0	0
XM_026439185.1	2697	2460.15	0	0
XM_026439186.1	1967	1730.15	0	0
XM_026439187.1	1931	1694.15	7.20207	0.776341
XM_026439188.1	1951	1714.15	6.7104e-05	7.14902e-06
XM_026439189.1	1806	1569.15	0	0
XM_026439190.1	5106	4869.15	2.97701	0.111654
XM_026439191.1	4824	4587.15	6	0.238866
XM_026439192.1	6172	5935.15	0	0
XM_026439193.1	5856	5619.15	0	0
XM_026439194.1	6069	5832.15	3.03797e-06	9.51264e-08
XM_026439195.1	3548	3311.15	78	4.30192
XM_026439196.1	5512	5275.15	22.7324	0.786968
XM_026439197.1	5501	5264.15	0.953904	0.033092
XM_026439198.1	6034	5797.15	0	0
XM_026439199.1	6026	5789.15	6.71517	0.211831
XM_026439200.1	6791	6554.15	1.51217e-08	4.21337e-10
XM_026439201.1	6786	6549.15	3.21166e-08	8.95553e-10
XM_026439202.1	6699	6462.15	0.0173433	0.000490119
XM_026439203.1	5170	4933.15	0	0
XM_026439204.1	6666	6429.15	2.71459	0.0771075
XM_026439205.1	6123	5886.15	3.25165	0.100883
XM_026439206.1	4299	4062.15	12	0.539476
XM_026439207.1	1138	901.148	23.2188	4.70533
XM_026439208.1	336	146.093	34.6256	43.2828
XM_026439209.1	2916	2679.15	0	0
XM_026439210.1	2849	2612.15	0	0
XM_026439211.1	2661	2424.15	0	0
XM_026439212.1	6064	5827.15	0	0
XM_026439213.1	5991	5754.15	0	0
XM_026439214.1	5851	5614.15	18.3149	0.595756
XM_026439215.1	6055	5818.15	14.7231	0.462126
XM_026439216.1	6040	5803.15	15.2645	0.480359
XM_026439217.1	5833	5596.15	9.40423	0.306888
XM_026439218.1	5003	4766.15	9.29323	0.356078
XM_026439219.1	5160	4923.15	0	0
XM_026439220.1	4411	4174.15	17	0.743751
XM_026439221.1	2956	2719.15	0	0
XM_026439222.1	2684	2447.15	0	0
XM_026439223.1	4396	4159.15	0	0
XM_026439224.1	3406	3169.15	1.86716	0.107593
XM_026439225.1	731	496.278	1281.33	471.501
XM_026439226.1	647	413.845	22.6713	10.0043
XM_026439227.1	4361	4124.15	8.48299	0.375631
XM_026439228.1	2295	2058.15	0	0
XM_026439229.1	2153	1916.15	0	0
XM_026439230.1	2332	2095.15	0	0
XM_026439231.1	2246	2009.15	12	1.09073
XM_026439232.1	2345	2108.15	0	0
XM_026439233.1	2097	1860.15	0	0
XM_026439234.1	2434	2197.15	0	0
XM_026439235.1	9967	9730.15	143.149	2.68668
XM_026439236.1	4548	4311.15	19	0.804835
XM_026439237.1	7520	7283.15	0	0
XM_026439238.1	7469	7232.15	60.9272	1.53848
XM_026439239.1	4530	4293.15	0	0
XM_026439240.1	2937	2700.15	0	0
XM_026439241.1	2423	2186.15	0	0
XM_026439242.1	2397	2160.15	0	0
XM_026439243.1	3071	2834.15	0	0
XM_026439244.1	3748	3511.15	4.74949	0.247027
XM_026439245.1	5988	5751.15	1.46443	0.0465009
XM_026439246.1	7062	6825.15	0.0117023	0.000313117
XM_026439247.1	7002	6765.15	38.0378	1.0268
XM_026439248.1	5467	5230.15	0	0
XM_026439249.1	6933	6696.15	35.1564	0.958795
XM_026439250.1	5428	5191.15	0.000183313	6.44875e-06
XM_026439251.1	5487	5250.15	15.6894	0.545734
XM_026439252.1	5413	5176.15	0	0
XM_026439253.1	5407	5170.15	55.4101	1.95719
XM_026439254.1	5368	5131.15	7.76156	0.276237
XM_026439255.1	5427	5190.15	269.786	9.4926
XM_026439256.1	5353	5116.15	0	0
XM_026439257.1	5458	5221.15	28.5074	0.997099
XM_026439258.1	5338	5101.15	18.1756	0.650678
XM_026439259.1	5358	5121.15	470.741	16.7865
XM_026439260.1	5398	5161.15	13.3136	0.471081
XM_026439261.1	5951	5714.15	13.3158	0.42556
XM_026439262.1	1233	996.148	5	0.916627
XM_026439263.1	1224	987.148	0	0
XM_026439264.1	4708	4471.15	0	0
XM_026439265.1	7588	7351.15	0	0
XM_026439266.1	7556	7319.15	0	0
XM_026439267.1	7539	7302.15	0	0
XM_026439268.1	7536	7299.15	0	0
XM_026439269.1	6508	6271.15	7.5785	0.22069
XM_026439270.1	7530	7293.15	14.3717	0.359865
XM_026439271.1	6301	6064.15	0	0
XM_026439272.1	7506	7269.15	0	0
XM_026439273.1	7507	7270.15	6.84251e-08	1.71877e-09
XM_026439274.1	7477	7240.15	0	0
XM_026439275.1	7433	7196.15	0	0
XM_026439276.1	6191	5954.15	8.94561	0.27437
XM_026439277.1	7401	7164.15	38.7878	0.988729
XM_026439278.1	7381	7144.15	25.1419	0.642678
XM_026439279.1	7368	7131.15	0	0
XM_026439280.1	7317	7080.15	0	0
XM_026439281.1	7312	7075.15	0	0
XM_026439282.1	7296	7059.15	0	0
XM_026439283.1	6842	6605.15	0	0
XM_026439284.1	6002	5765.15	0	0
XM_026439285.1	7396	7159.15	9.93935e-09	2.53538e-10
XM_026439286.1	8383	8146.15	166.603	3.73488
XM_026439287.1	4378	4141.15	70.5262	3.11011
XM_026439288.1	1609	1372.15	1.72316	0.229336
XM_026439289.1	742	507.076	23.2279	8.36535
XM_026439290.1	6910	6673.15	0	0
XM_026439291.1	6892	6655.15	0	0
XM_026439292.1	6838	6601.15	0	0
XM_026439293.1	6820	6583.15	0	0
XM_026439294.1	14110	13873.1	147.691	1.94413
XM_026439295.1	2842	2605.15	17.3393	1.21548
XM_026439296.1	2865	2628.15	0	0
XM_026439297.1	2234	1997.15	0	0
XM_026439298.1	4814	4577.15	0	0
XM_026439299.1	6295	6058.15	0	0
XM_026439300.1	6189	5952.15	0	0
XM_026439301.1	6378	6141.15	0	0
XM_026439302.1	2714	2477.15	6.91282	0.509624
XM_026439303.1	7843	7606.15	0	0
XM_026439304.1	8491	8254.15	71.1594	1.57437
XM_026439305.1	1508	1271.15	5	0.718324
XM_026439306.1	2911	2674.15	3	0.204872
XM_026439307.1	2253	2016.15	0	0
XM_026439308.1	5677	5440.15	0	0
XM_026439309.1	8522	8285.15	0	0
XM_026439310.1	8523	8286.15	0	0
XM_026439311.1	8524	8287.15	0	0
XM_026439312.1	8520	8283.15	1.97577	0.04356
XM_026439313.1	8498	8261.15	0	0
XM_026439314.1	8489	8252.15	0	0
XM_026439315.1	2235	1998.15	3	0.274183
XM_026439316.1	8474	8237.15	0	0
XM_026439317.1	8473	8236.15	0	0
XM_026439318.1	8475	8238.15	0	0
XM_026439319.1	8465	8228.15	0	0
XM_026439320.1	8411	8174.15	0	0
XM_026439321.1	8383	8146.15	0	0
XM_026439322.1	8363	8126.15	0	0
XM_026439323.1	8363	8126.15	0	0
XM_026439324.1	8317	8080.15	0	0
XM_026439325.1	8179	7942.15	0	0
XM_026439326.1	8178	7941.15	0	0
XM_026439327.1	8121	7884.15	0	0
XM_026439328.1	8088	7851.15	0	0
XM_026439329.1	7986	7749.15	0	0
XM_026439330.1	6413	6176.15	0	0
XM_026439331.1	7953	7716.15	0	0
XM_026439332.1	7537	7300.15	0	0
XM_026439333.1	7929	7692.15	0	0
XM_026439334.1	5810	5573.15	0	0
XM_026439335.1	8440	8203.15	0	0
XM_026439336.1	8468	8231.15	3.97606	0.0882142
XM_026439337.1	3044	2807.15	12.975	0.84409
XM_026439338.1	5199	4962.15	0	0
XM_026439339.1	5209	4972.15	0	0
XM_026439340.1	10764	10527.1	0	0
XM_026439341.1	9869	9632.15	14.2701	0.270552
XM_026439342.1	14578	14341.1	1.55862e-07	1.98474e-09
XM_026439343.1	9300	9063.15	24.7527	0.498758
XM_026439344.1	10404	10167.1	0	0
XM_026439345.1	10361	10124.1	0	0
XM_026439346.1	9510	9273.15	0	0
XM_026439347.1	7590	7353.15	22.6511	0.562551
XM_026439348.1	9466	9229.15	16.3684	0.323885
XM_026439349.1	1781	1544.15	5.40415	0.639123
XM_026439350.1	14575	14338.1	0	0
XM_026439351.1	2446	2209.15	0	0
XM_026439352.1	2857	2620.15	2.26855	0.158113
XM_026439353.1	14576	14339.1	1.47073e-08	1.87308e-10
XM_026439354.1	3429	3192.15	0	0
XM_026439355.1	3005	2768.15	0	0
XM_026439356.1	2447	2210.15	5.78595	0.478079
XM_026439357.1	14548	14311.1	0.00511542	6.52759e-05
XM_026439358.1	2089	1852.15	1	0.0985986
XM_026439359.1	2150	1913.15	0	0
XM_026439360.1	14546	14309.1	0.000497891	6.35429e-06
XM_026439361.1	1698	1461.15	2.50601	0.31321
XM_026439362.1	5059	4822.15	5	0.189355
XM_026439363.1	14542	14305.1	0.00760059	9.70289e-05
XM_026439364.1	3007	2770.15	0	0
XM_026439365.1	2916	2679.15	0	0
XM_026439366.1	14540	14303.1	0.000739744	9.44488e-06
XM_026439367.1	1658	1421.15	4	0.514005
XM_026439368.1	14512	14275.1	233.557	2.98785
XM_026439369.1	14509	14272.1	1.56482e-08	2.00226e-10
XM_026439370.1	1109	872.148	0	0
XM_026439371.1	9462	9225.15	43.6705	0.864493
XM_026439372.1	9293	9056.15	26.6615	0.537634
XM_026439373.1	14510	14273.1	23.4291	0.299766
XM_026439374.1	9121	8884.15	155.668	3.19985
XM_026439375.1	1096	859.148	13	2.76326
XM_026439376.1	1758	1521.15	2	0.240107
XM_026439377.1	4711	4474.15	2.36976	0.0967252
XM_026439378.1	5454	5217.15	0	0
XM_026439379.1	1177	940.148	0	0
XM_026439380.1	1114	877.148	2.01976e-07	4.20506e-08
XM_026439381.1	1099	862.148	5	1.05909
XM_026439382.1	1052	815.148	23	5.15274
XM_026439383.1	5201	4964.15	10.2107	0.375628
XM_026439384.1	3258	3021.15	18.0119	1.08876
XM_026439385.1	3654	3417.15	76.4353	4.08486
XM_026439386.1	3114	2877.15	0	0
XM_026439387.1	4850	4613.15	0	0
XM_026439388.1	4821	4584.15	3.34207	0.133138
XM_026439389.1	4453	4216.15	0	0
XM_026439390.1	2883	2646.15	0	0
XM_026439391.1	1250	1013.15	6	1.0815
XM_026439392.1	1566	1329.15	2	0.274791
XM_026439393.1	4558	4321.15	1307.1	55.2405
XM_026439394.1	3248	3011.15	0	0
XM_026439395.1	2639	2402.15	8.58783	0.652875
XM_026439396.1	1269	1032.15	6	1.06159
XM_026439397.1	1109	872.148	8	1.67512
XM_026439398.1	5584	5347.15	137.902	4.70972
XM_026439399.1	5582	5345.15	10.6461	0.363729
XM_026439400.1	5316	5079.15	8.03636	0.288945
XM_026439401.1	2557	2320.15	15.0412	1.1839
XM_026439402.1	736	501.227	3	1.09303
XM_026439403.1	5193	4956.15	0	0
XM_026439404.1	1137	900.148	1.80351	0.36589
XM_026439405.1	2780	2543.15	0.00965425	0.000693256
XM_026439406.1	1896	1659.15	0	0
XM_026439407.1	1860	1623.15	3.00736	0.338356
XM_026439408.1	1846	1609.15	13	1.47535
XM_026439409.1	1499	1262.15	39.113	5.65923
XM_026439410.1	1390	1153.15	0	0
XM_026439411.1	1879	1642.15	0	0
XM_026439412.1	2680	2443.15	15.006	1.12166
XM_026439413.1	1461	1224.15	0	0
XM_026439414.1	2180	1943.15	34	3.19536
XM_026439415.1	4050	3813.15	2	0.095784
XM_026439416.1	4429	4192.15	8	0.348498
XM_026439417.1	2373	2136.15	2.06635	0.176652
XM_026439418.1	4318	4081.15	0	0
XM_026439419.1	554	324.955	0	0
XM_026439420.1	16046	15809.1	538.542	6.22097
XM_026439421.1	17749	17512.1	445.62	4.64699
XM_026439422.1	15945	15708.1	125.032	1.4536
XM_026439423.1	15930	15693.1	354.104	4.12066
XM_026439424.1	15848	15611.1	1.005e-05	1.17565e-07
XM_026439425.1	3185	2948.15	375.07	23.2332
XM_026439426.1	3913	3676.15	24.5155	1.21785
XM_026439427.1	2861	2624.15	258.628	17.9984
XM_026439428.1	4219	3982.15	13.6023	0.623794
XM_026439429.1	444	229.732	18.424	14.6457
XM_026439430.1	4296	4059.15	0	0
XM_026439431.1	4278	4041.15	0	0
XM_026439432.1	1737	1500.15	19	2.31295
XM_026439433.1	4258	4021.15	0	0
XM_026439434.1	928	691.652	0	0
XM_026439435.1	687	452.796	0	0
XM_026439436.1	4199	3962.15	0	0
XM_026439437.1	4178	3941.15	50.1745	2.32492
XM_026439438.1	3626	3389.15	6.37806	0.343672
XM_026439439.1	4161	3924.15	0	0
XM_026439440.1	3798	3561.15	6.61081	0.339009
XM_026439441.1	3832	3595.15	213.442	10.842
XM_026439442.1	4025	3788.15	4.94739	0.238504
XM_026439443.1	825	589.162	43	13.3285
XM_026439444.1	537	309.666	3	1.76919
XM_026439445.1	4136	3899.15	16.9839	0.795453
XM_026439446.1	3759	3522.15	8.04143	0.416939
XM_026439447.1	4684	4447.15	3.89105	0.159784
XM_026439448.1	3554	3317.15	0	0
XM_026439449.1	3312	3075.15	2.25791	0.134087
XM_026439450.1	4142	3905.15	59.3482	2.77534
XM_026439451.1	1152	915.148	0	0
XM_026439452.1	4511	4274.15	0	0
XM_026439453.1	3643	3406.15	0	0
XM_026439454.1	3497	3260.15	5	0.280078
XM_026439455.1	4996	4759.15	44	1.68838
XM_026439456.1	5616	5379.15	0	0
XM_026439457.1	5679	5442.15	0.0432237	0.00145044
XM_026439458.1	5656	5419.15	2.82584	0.0952276
XM_026439459.1	5434	5197.15	0.344249	0.0120963
XM_026439460.1	5615	5378.15	0	0
XM_026439461.1	5604	5367.15	0	0
XM_026439462.1	5423	5186.15	2.78669	0.0981273
XM_026439463.1	5432	5195.15	0	0
XM_026439464.1	4660	4423.15	0	0
XM_026439465.1	5591	5354.15	61.3825	2.09363
XM_026439466.1	3584	3347.15	97.0191	5.29333
XM_026439467.1	2609	2372.15	5.1429	0.395925
XM_026439468.1	2700	2463.15	42.838	3.17603
XM_026439469.1	1376	1139.15	9	1.44281
XM_026439470.1	6593	6356.15	4	0.114924
XM_026439471.1	6255	6018.15	1	0.0303447
XM_026439472.1	4815	4578.15	0	0
XM_026439473.1	8431	8194.15	0.0445651	0.000993202
XM_026439474.1	8388	8151.15	8.0226	0.179739
XM_026439475.1	5622	5385.15	8.63412	0.292797
XM_026439476.1	8316	8079.15	1.43544e-06	3.24464e-08
XM_026439477.1	7874	7637.15	0	0
XM_026439478.1	8247	8010.15	0	0
XM_026439479.1	7831	7594.15	31.1312	0.748623
XM_026439480.1	7307	7070.15	0	0
XM_026439481.1	7160	6923.15	0	0
XM_026439482.1	7191	6954.15	0	0
XM_026439483.1	4214	3977.15	23.159	1.06339
XM_026439484.1	3159	2922.15	0.00349749	0.000218575
XM_026439485.1	7526	7289.15	0	0
XM_026439486.1	4668	4431.15	0	0
XM_026439487.1	7029	6792.15	0	0
XM_026439488.1	4859	4622.15	0	0
XM_026439489.1	4446	4209.15	0	0
XM_026439490.1	4846	4609.15	0	0
XM_026439491.1	6892	6655.15	5.31138	0.145746
XM_026439492.1	4876	4639.15	7.98478	0.314319
XM_026439493.1	3672	3435.15	0	0
XM_026439494.1	3939	3702.15	0	0
XM_026439495.1	3133	2896.15	23.7003	1.49445
XM_026439496.1	7439	7202.15	0	0
XM_026439497.1	3851	3614.15	0	0
XM_026439498.1	3012	2775.15	0	0
XM_026439499.1	2095	1858.15	2	0.19656
XM_026439500.1	1626	1389.15	1.99999	0.262922
XM_026439501.1	810	574.277	3.86931	1.23043
XM_026439502.1	2265	2028.15	0	0
XM_026439503.1	7449	7212.15	30.4342	0.770626
XM_026439504.1	7704	7467.15	58.5658	1.43231
XM_026439505.1	807	571.277	0	0
XM_026439506.1	3605	3368.15	9	0.487975
XM_026439507.1	3851	3614.15	28.6294	1.44662
XM_026439508.1	1302	1065.15	0	0
XM_026439509.1	1211	974.148	0	0
XM_026439510.1	2392	2155.15	20.2978	1.71996
XM_026439511.1	1804	1567.15	2.70224	0.314892
XM_026439512.1	4658	4421.15	2.04558	0.0844942
XM_026439513.1	2937	2700.15	0	0
XM_026439514.1	3185	2948.15	9.88058e-05	6.12039e-06
XM_026439515.1	3212	2975.15	91.9999	5.6471
XM_026439516.1	1539	1302.15	0	0
XM_026439517.1	1131	894.148	0	0
XM_026439518.1	2558	2321.15	4	0.314705
XM_026439519.1	983	746.224	0	0
XM_026439520.1	9123	8886.15	148.552	3.05288
XM_026439521.1	2677	2440.15	28.5931	2.13989
XM_026439522.1	9756	9519.15	49	0.940036
XM_026439523.1	4505	4268.15	0	0
XM_026439524.1	1310	1073.15	0	0
XM_026439525.1	1130	893.148	0	0
XM_026439526.1	1315	1078.15	0	0
XM_026439527.1	1227	990.148	0	0
XM_026439528.1	1112	875.148	0	0
XM_026439529.1	2470	2233.15	73	5.96969
XM_026439530.1	551	322.218	18	10.2016
XM_026439531.1	2790	2553.15	37	2.6465
XM_026439532.1	2834	2597.15	1.75373e-06	1.23314e-07
XM_026439533.1	4086	3849.15	0	0
XM_026439534.1	3934	3697.15	1	0.0493946
XM_026439535.1	2434	2197.15	1	0.0831165
XM_026439536.1	4269	4032.15	1.4958	0.0677458
XM_026439537.1	4263	4026.15	6.5042	0.29502
XM_026439538.1	1631	1394.15	0	0
XM_026439539.1	1001	764.148	0	0
XM_026439540.1	978	741.224	18	4.43476
XM_026439541.1	1759	1522.15	2	0.239949
XM_026439542.1	1235	998.148	0	0
XM_026439543.1	1617	1380.15	31.1546	4.12234
XM_026439544.1	1605	1368.15	24.8454	3.31634
XM_026439545.1	1972	1735.15	0	0
XM_026439546.1	6440	6203.15	0	0
XM_026439547.1	6440	6203.15	0	0
XM_026439548.1	6439	6202.15	0	0
XM_026439549.1	6439	6202.15	0	0
XM_026439550.1	6445	6208.15	0	0
XM_026439551.1	6561	6324.15	0	0
XM_026439552.1	6561	6324.15	0	0
XM_026439553.1	6348	6111.15	0	0
XM_026439554.1	6504	6267.15	0	0
XM_026439555.1	6657	6420.15	0.0668755	0.00190225
XM_026439556.1	6651	6414.15	0.168287	0.00479136
XM_026439557.1	6657	6420.15	0.0668755	0.00190225
XM_026439558.1	6651	6414.15	0.168287	0.00479136
XM_026439559.1	6558	6321.15	0	0
XM_026439560.1	6558	6321.15	0	0
XM_026439561.1	6654	6417.15	0.106075	0.00301868
XM_026439562.1	6648	6411.15	0.267045	0.00760667
XM_026439563.1	6417	6180.15	0	0
XM_026439564.1	6479	6242.15	0	0
XM_026439565.1	6401	6164.15	2.97103	0.0880197
XM_026439566.1	6388	6151.15	0	0
XM_026439567.1	6362	6125.15	0	0
XM_026439568.1	6361	6124.15	0	0
XM_026439569.1	6361	6124.15	0	0
XM_026439570.1	6482	6245.15	0	0
XM_026439571.1	6414	6177.15	0	0
XM_026439572.1	6486	6249.15	0	0
XM_026439573.1	6551	6314.15	0	0
XM_026439574.1	6551	6314.15	0	0
XM_026439575.1	6647	6410.15	0.311494	0.00887417
XM_026439576.1	6641	6404.15	0.784981	0.0223843
XM_026439577.1	6647	6410.15	0.311494	0.00887417
XM_026439578.1	6641	6404.15	0.784981	0.0223843
XM_026439579.1	6548	6311.15	0	0
XM_026439580.1	6330	6093.15	0	0
XM_026439581.1	6410	6173.15	5.82117	0.172207
XM_026439582.1	6483	6246.15	0	0
XM_026439583.1	6483	6246.15	0	0
XM_026439584.1	5384	5147.15	0	0
XM_026439585.1	5437	5200.15	0	0
XM_026439586.1	5380	5143.15	0	0
XM_026439587.1	5432	5195.15	0	0
XM_026439588.1	1237	1000.15	0	0
XM_026439589.1	1432	1195.15	0	0
XM_026439590.1	3335	3098.15	38	2.2399
XM_026439591.1	1676	1439.15	0	0
XM_026439592.1	1679	1442.15	0	0
XM_026439593.1	6759	6522.15	0	0
XM_026439594.1	6744	6507.15	0	0
XM_026439595.1	6426	6189.15	4	0.118025
XM_026439596.1	5681	5444.15	0.0314057	0.00105348
XM_026439597.1	5699	5462.15	0.0012081	4.03912e-05
XM_026439598.1	5624	5387.15	4.13525	0.140181
XM_026439599.1	5657	5420.15	2.45947	0.0828662
XM_026439600.1	5633	5396.15	196.372	6.64573
XM_026439601.1	3230	2993.15	0	0
XM_026439602.1	711	476.425	4	1.53325
XM_026439603.1	4181	3944.15	14	0.648218
XM_026439604.1	1048	811.148	0	0
XM_026439605.1	728	493.327	0	0
XM_026439606.1	6549	6312.15	0.0755071	0.00218452
XM_026439607.1	3917	3680.15	2.92845e-08	1.45318e-09
XM_026439608.1	3914	3677.15	6.5495e-08	3.25269e-09
XM_026439609.1	3914	3677.15	6.5495e-08	3.25269e-09
XM_026439610.1	1917	1680.15	2.26188	0.245849
XM_026439611.1	4707	4470.15	1.91874e-05	7.83863e-07
XM_026439612.1	4896	4659.15	0	0
XM_026439613.1	4768	4531.15	0	0
XM_026439614.1	4656	4419.15	1.5907	0.0657349
XM_026439615.1	4703	4466.15	4.64251e-05	1.89831e-06
XM_026439616.1	4764	4527.15	0	0
XM_026439617.1	2212	1975.15	0	0
XM_026439618.1	2205	1968.15	0	0
XM_026439619.1	1878	1641.15	2.40923	0.268088
XM_026439620.1	2735	2498.15	0	0
XM_026439621.1	1924	1687.15	0	0
XM_026439622.1	2299	2062.15	0	0
XM_026439623.1	2286	2049.15	0	0
XM_026439624.1	1040	803.148	2	0.454759
XM_026439625.1	1505	1268.15	0	0
XM_026439626.1	3551	3314.15	0	0
XM_026439627.1	1292	1055.15	62	10.7306
XM_026439628.1	2034	1797.15	27	2.74364
XM_026439629.1	1867	1630.15	0	0
XM_026439630.1	1714	1477.15	0	0
XM_026439631.1	1613	1376.15	11	1.45974
XM_026439632.1	1409	1172.15	0	0
XM_026439633.1	666	432.418	117.428	49.5923
XM_026439634.1	1303	1066.15	3	0.513866
XM_026439635.1	5205	4968.15	1	0.036758
XM_026439636.1	1080	843.148	9	1.94933
XM_026439637.1	1728	1491.15	0	0
XM_026439638.1	423	212.807	0	0
XM_026439639.1	3852	3615.15	5	0.252575
XM_026439640.1	1294	1057.15	0	0
XM_026439641.1	2172	1935.15	78	7.36083
XM_026439642.1	5112	4875.15	26	0.973939
XM_026439643.1	855	619.102	2	0.589948
XM_026439644.1	2062	1825.15	0	0
XM_026439645.1	4894	4657.15	0	0
XM_026439646.1	5287	5050.15	7.88144	0.285002
XM_026439647.1	5903	5666.15	0	0
XM_026439648.1	5170	4933.15	0	0
XM_026439649.1	2308	2071.15	13	1.14625
XM_026439650.1	1857	1620.15	16	1.80348
XM_026439651.1	634	401.216	13.9027	6.32804
XM_026439652.1	11775	11538.1	414.887	6.56659
XM_026439653.1	1976	1739.15	30	3.15015
XM_026439654.1	2085	1848.15	4.13714	0.408799
XM_026439655.1	2487	2250.15	0.00304395	0.000247043
XM_026439656.1	1043	806.148	7	1.58573
XM_026439657.1	2647	2410.15	11	0.83348
XM_026439658.1	59314	59077.1	60.0792	0.185717
XM_026439659.1	59231	58994.1	5.2137e-07	1.61392e-09
XM_026439660.1	59153	58916.1	1.47403	0.00456898
XM_026439661.1	59045	58808.1	9.01551	0.0279962
XM_026439662.1	58868	58631.1	0.0203049	6.3244e-05
XM_026439663.1	55441	55204.1	132.121	0.437067
XM_026439664.1	55423	55186.1	0	0
XM_026439665.1	54637	54400.1	10.2003	0.0342421
XM_026439666.1	6518	6281.15	20.0356	0.582517
XM_026439667.1	6214	5977.15	0	0
XM_026439668.1	7765	7528.15	38.6554	0.937711
XM_026439669.1	3760	3523.15	0	0
XM_026439670.1	4903	4666.15	33.0856	1.29487
XM_026439671.1	3771	3534.15	17.4698	0.902714
XM_026439672.1	1717	1480.15	18	2.22082
XM_026439673.1	5297	5060.15	4.06369	0.146657
XM_026439674.1	3538	3301.15	7	0.387239
XM_026439675.1	2715	2478.15	3	0.221075
XM_026439676.1	1520	1283.15	0	0
XM_026439677.1	4980	4743.15	1	0.0385017
XM_026439678.1	767	531.607	1	0.343523
XM_026439679.1	982	745.224	0	0
XM_026439680.1	5020	4783.15	0	0
XM_026439681.1	1345	1108.15	0	0
XM_026439682.1	7025	6788.15	7.82961	0.210637
XM_026439683.1	6860	6623.15	105.919	2.92048
XM_026439684.1	6600	6363.15	26.4393	0.758795
XM_026439685.1	6627	6390.15	25.1412	0.718491
XM_026439686.1	6574	6337.15	105.389	3.03702
XM_026439687.1	6585	6348.15	0	0
XM_026439688.1	5739	5502.15	7.2823	0.241703
XM_026439689.1	5247	5010.15	0	0
XM_026439690.1	5249	5012.15	0	0
XM_026439691.1	1077	840.148	28.9847	6.30027
XM_026439692.1	3154	2917.15	56.5637	3.541
XM_026439693.1	1101	864.148	5.53606	1.16993
XM_026439694.1	893	656.786	29.8591	8.30231
XM_026439695.1	926	689.652	1.81074	0.479482
XM_026439696.1	1113	876.148	4.66522	0.972392
XM_026439697.1	1120	883.148	2.12426	0.439259
XM_026439698.1	713	478.425	0	0
XM_026439699.1	4715	4478.15	0	0
XM_026439700.1	4706	4469.15	16.8266	0.687574
XM_026439701.1	4936	4699.15	6.17335	0.23991
XM_026439702.1	1828	1591.15	26.0015	2.98424
XM_026439703.1	1708	1471.15	0	0
XM_026439704.1	1707	1470.15	0	0
XM_026439705.1	1863	1626.15	0	0
XM_026439706.1	1747	1510.15	0	0
XM_026439707.1	1945	1708.15	20.7878	2.22244
XM_026439708.1	1802	1565.15	4.21074	0.491303
XM_026439709.1	907	670.72	7	1.90591
XM_026439710.1	838	602.102	0	0
XM_026439711.1	306	124.664	4.11714	6.03116
XM_026439712.1	1557	1320.15	0	0
XM_026439713.1	2791	2554.15	26	1.85898
XM_026439714.1	3052	2815.15	5.86308	0.380339
XM_026439715.1	2683	2446.15	4.13692	0.308845
XM_026439716.1	992	755.224	8	1.93446
XM_026439717.1	1515	1278.15	0	0
XM_026439718.1	2177	1940.15	0	0
XM_026439719.1	2560	2323.15	0	0
XM_026439720.1	9553	9316.15	6.08421	0.119265
XM_026439721.1	9299	9062.15	0	0
XM_026439722.1	9499	9262.15	0	0
XM_026439723.1	11731	11494.1	14.774	0.23473
XM_026439724.1	9540	9303.15	24.1418	0.473899
XM_026439725.1	3224	2987.15	0	0
XM_026439726.1	2973	2736.15	6.36541	0.424848
XM_026439727.1	2962	2725.15	30.2774	2.02896
XM_026439728.1	3074	2837.15	97.6203	6.28354
XM_026439729.1	2977	2740.15	13.1672	0.87754
XM_026439730.1	2899	2662.15	18.5697	1.27385
XM_026439731.1	2848	2611.15	0	0
XM_026439732.1	1162	925.148	0	0
XM_026439733.1	4931	4694.15	5.24304e-05	2.03973e-06
XM_026439734.1	391	187.937	2	1.9434
XM_026439735.1	15403	15166.1	150	1.80619
XM_026439736.1	10147	9910.15	0.0264408	0.000487237
XM_026439737.1	10052	9815.15	355.778	6.61955
XM_026439738.1	4668	4431.15	18.7188	0.771453
XM_026439739.1	4784	4547.15	46.2859	1.8589
XM_026439740.1	3820	3583.15	11.9952	0.61135
XM_026439741.1	4811	4574.15	0	0
XM_026439742.1	4652	4415.15	60.3599	2.49661
XM_026439743.1	4824	4587.15	52.5634	2.0926
XM_026439744.1	5797	5560.15	11.9789	0.393437
XM_026439745.1	4632	4395.15	31.9225	1.32639
XM_026439746.1	2193	1956.15	8.01688	0.748428
XM_026439747.1	3015	2778.15	2	0.131468
XM_026439748.1	5670	5433.15	0	0
XM_026439749.1	1762	1525.15	249	29.8149
XM_026439750.1	5662	5425.15	0	0
XM_026439751.1	5636	5399.15	0	0
XM_026439752.1	5601	5364.15	0	0
XM_026439753.1	5570	5333.15	0	0
XM_026439754.1	3183	2946.15	7.4038e-08	4.5893e-09
XM_026439755.1	3868	3631.15	14.8575	0.74722
XM_026439756.1	3028	2791.15	24.2876	1.58909
XM_026439757.1	5502	5265.15	0	0
XM_026439758.1	3478	3241.15	110	6.19784
XM_026439759.1	1099	862.148	11.6395	2.46547
XM_026439760.1	2442	2205.15	0	0
XM_026439761.1	2319	2082.15	26.8631	2.35608
XM_026439762.1	8339	8102.15	0	0
XM_026439763.1	9275	9038.15	56.7421	1.1465
XM_026439764.1	3002	2765.15	22	1.45295
XM_026439765.1	8321	8084.15	0	0
XM_026439766.1	9413	9176.15	0	0
XM_026439767.1	8442	8205.15	0	0
XM_026439768.1	8323	8086.15	0	0
XM_026439769.1	8276	8039.15	0	0
XM_026439770.1	7924	7687.15	0	0
XM_026439771.1	8085	7848.15	0	0
XM_026439772.1	8027	7790.15	0	0
XM_026439773.1	7712	7475.15	13.6929	0.33452
XM_026439774.1	2011	1774.15	0	0
XM_026439775.1	3008	2771.15	22	1.4498
XM_026439776.1	2809	2572.15	0	0
XM_026439777.1	2142	1905.15	0	0
XM_026439778.1	1967	1730.15	0	0
XM_026439779.1	1045	808.148	1	0.225973
XM_026439780.1	3642	3405.15	0	0
XM_026439781.1	3335	3098.15	23.5905	1.39053
XM_026439782.1	2900	2663.15	0	0
XM_026439783.1	2017	1780.15	0	0
XM_026439784.1	3076	2839.15	0	0
XM_026439785.1	4892	4655.15	13.5476	0.531466
XM_026439786.1	1901	1664.15	5	0.548687
XM_026439787.1	6055	5818.15	0	0
XM_026439788.1	6102	5865.15	0	0
XM_026439789.1	6053	5816.15	0	0
XM_026439790.1	5989	5752.15	22.1433	0.703004
XM_026439791.1	5986	5749.15	0	0
XM_026439792.1	1118	881.148	17	3.52328
XM_026439793.1	5607	5370.15	0	0
XM_026439794.1	5665	5428.15	0	0
XM_026439795.1	5712	5475.15	18.5298	0.618046
XM_026439796.1	5259	5022.15	0	0
XM_026439797.1	5596	5359.15	5.55686	0.189356
XM_026439798.1	6979	6742.15	18.8292	0.510013
XM_026439799.1	3724	3487.15	0.216418	0.0113336
XM_026439800.1	2239	2002.15	9.93945	0.906594
XM_026439801.1	3506	3269.15	8.20472e-07	4.58327e-08
XM_026439802.1	1569	1332.15	0.0825039	0.0113102
XM_026439803.1	2910	2673.15	66.7309	4.5588
XM_026439804.1	3405	3168.15	9.77211	0.563287
XM_026439805.1	3259	3022.15	0	0
XM_026439806.1	5656	5419.15	130	4.38085
XM_026439807.1	5616	5379.15	4	0.135798
XM_026439808.1	6527	6290.15	0	0
XM_026439809.1	6129	5892.15	0	0
XM_026439810.1	3067	2830.15	11.8664	0.765698
XM_026439811.1	3107	2870.15	1.14396e-05	7.2787e-07
XM_026439812.1	3516	3279.15	0	0
XM_026439813.1	3162	2925.15	0	0
XM_026439814.1	3149	2912.15	0	0
XM_026439815.1	4457	4220.15	0	0
XM_026439816.1	2590	2353.15	2.13355	0.165577
XM_026439817.1	2622	2385.15	3.46155e-06	2.65034e-07
XM_026439818.1	2462	2225.15	0	0
XM_026439819.1	2515	2278.15	0	0
XM_026439820.1	2584	2347.15	3.75693	0.292307
XM_026439821.1	2385	2148.15	5.04555	0.428934
XM_026439822.1	2592	2355.15	4.55997	0.353582
XM_026439823.1	2402	2165.15	0	0
XM_026439824.1	2113	1876.15	6.06587	0.590436
XM_026439825.1	2269	2032.15	0	0
XM_026439826.1	2132	1895.15	2.79046	0.268892
XM_026439827.1	4878	4641.15	3.74293	0.147276
XM_026439828.1	3326	3089.15	0	0
XM_026439829.1	2612	2375.15	0	0
XM_026439830.1	3202	2965.15	5.50236	0.338882
XM_026439831.1	4084	3847.15	32.4908	1.5423
XM_026439832.1	3540	3303.15	4.23562	0.234172
XM_026439833.1	3381	3144.15	60.7712	3.52973
XM_026439834.1	2400	2163.15	9.18679	0.775575
XM_026439835.1	1573	1336.15	0	0
XM_026439836.1	2358	2121.15	16.474	1.41832
XM_026439837.1	3762	3525.15	0	0
XM_026439838.1	2897	2660.15	1.51097	0.103728
XM_026439839.1	5493	5256.15	0	0
XM_026439840.1	5223	4986.15	0	0
XM_026439841.1	4960	4723.15	0	0
XM_026439842.1	2948	2711.15	0	0
XM_026439843.1	5649	5412.15	54.0489	1.82374
XM_026439844.1	5551	5314.15	5.95113	0.204509
XM_026439845.1	2388	2151.15	0	0
XM_026439846.1	2305	2068.15	0	0
XM_026439847.1	1511	1274.15	0	0
XM_026439848.1	1355	1118.15	2	0.326646
XM_026439849.1	924	687.652	2	0.531138
XM_026439850.1	4371	4134.15	8.06804	0.356392
XM_026439851.1	4220	3983.15	0.066533	0.0030504
XM_026439852.1	3355	3118.15	12.8654	0.753484
XM_026439853.1	3056	2819.15	0	0
XM_026439854.1	2531	2294.15	105	8.35823
XM_026439855.1	2579	2342.15	2.61311	0.203746
XM_026439856.1	7144	6907.15	0	0
XM_026439857.1	7138	6901.15	0	0
XM_026439858.1	7129	6892.15	0	0
XM_026439859.1	7123	6886.15	0	0
XM_026439860.1	8321	8084.15	198.431	4.48252
XM_026439861.1	8264	8027.15	35.8534	0.815672
XM_026439862.1	9605	9368.15	65.7155	1.28103
XM_026439863.1	2869	2632.15	0	0
XM_026439864.1	1967	1730.15	5	0.527756
XM_026439865.1	2426	2189.15	9	0.750782
XM_026439866.1	3455	3218.15	9	0.51072
XM_026439867.1	5792	5555.15	6	0.197243
XM_026439868.1	3457	3220.15	0	0
XM_026439869.1	3397	3160.15	0	0
XM_026439870.1	3624	3387.15	0	0
XM_026439871.1	1602	1365.15	0	0
XM_026439872.1	1758	1521.15	26.9146	3.2312
XM_026439873.1	1381	1144.15	15.6499	2.4979
XM_026439874.1	1676	1439.15	4.87847	0.619048
XM_026439875.1	8525	8288.15	0	0
XM_026439876.1	1381	1144.15	7.36875	1.17614
XM_026439877.1	1585	1348.15	0	0
XM_026439878.1	535	307.95	1	0.593016
XM_026439879.1	1787	1550.15	0	0
XM_026439880.1	8509	8272.15	0	0
XM_026439881.1	1385	1148.15	0	0
XM_026439882.1	1304	1067.15	19	3.25144
XM_026439883.1	1255	1018.15	0	0
XM_026439884.1	1135	898.148	0	0
XM_026439885.1	1863	1626.15	0	0
XM_026439886.1	1759	1522.15	6.70472	0.804397
XM_026439887.1	8516	8279.15	0	0
XM_026439888.1	1834	1597.15	21.2953	2.43492
XM_026439889.1	9257	9020.15	0	0
XM_026439890.1	9006	8769.15	0	0
XM_026439891.1	9029	8792.15	0	0
XM_026439892.1	8444	8207.15	0	0
XM_026439893.1	2532	2295.15	0	0
XM_026439894.1	8294	8057.15	0	0
XM_026439895.1	7802	7565.15	0	0
XM_026439896.1	7799	7562.15	0	0
XM_026439897.1	7799	7562.15	0	0
XM_026439898.1	7799	7562.15	0	0
XM_026439899.1	7799	7562.15	0	0
XM_026439900.1	7799	7562.15	8.63854	0.208613
XM_026439901.1	7793	7556.15	0	0
XM_026439902.1	7787	7550.15	2.59298	0.0627177
XM_026439903.1	7751	7514.15	0	0
XM_026439904.1	7742	7505.15	0	0
XM_026439905.1	7739	7502.15	0	0
XM_026439906.1	7739	7502.15	0	0
XM_026439907.1	7733	7496.15	0.142487	0.00347123
XM_026439908.1	7730	7493.15	0.0708071	0.00172567
XM_026439909.1	7730	7493.15	6.04987	0.147444
XM_026439910.1	7649	7412.15	0	0
XM_026439911.1	7646	7409.15	0	0
XM_026439912.1	7643	7406.15	3.01525	0.0743494
XM_026439913.1	1745	1508.15	0	0
XM_026439914.1	7640	7403.15	0	0
XM_026439915.1	7637	7400.15	0	0
XM_026439916.1	7637	7400.15	0	0
XM_026439917.1	7637	7400.15	0	0
XM_026439918.1	7637	7400.15	0	0
XM_026439919.1	7637	7400.15	0	0
XM_026439920.1	7628	7391.15	0	0
XM_026439921.1	7628	7391.15	0	0
XM_026439922.1	7628	7391.15	0	0
XM_026439923.1	7628	7391.15	0	0
XM_026439924.1	7628	7391.15	0	0
XM_026439925.1	7628	7391.15	0	0
XM_026439926.1	7628	7391.15	0	0
XM_026439927.1	7619	7382.15	0	0
XM_026439928.1	7619	7382.15	0	0
XM_026439929.1	7619	7382.15	0	0
XM_026439930.1	7619	7382.15	0	0
XM_026439931.1	7619	7382.15	8.37946	0.207291
XM_026439932.1	7619	7382.15	1.24405	0.0307752
XM_026439933.1	7619	7382.15	0	0
XM_026439934.1	7616	7379.15	4.19582	0.103838
XM_026439935.1	7616	7379.15	0	0
XM_026439936.1	7616	7379.15	0	0
XM_026439937.1	7613	7376.15	0	0
XM_026439938.1	7571	7334.15	0	0
XM_026439939.1	7571	7334.15	0	0
XM_026439940.1	7568	7331.15	0	0
XM_026439941.1	7562	7325.15	2.99509	0.074669
XM_026439942.1	7562	7325.15	0	0
XM_026439943.1	7559	7322.15	4.23605	0.10565
XM_026439944.1	7559	7322.15	0	0
XM_026439945.1	7475	7238.15	0	0
XM_026439946.1	7856	7619.15	28.5016	0.683139
XM_026439947.1	7841	7604.15	0	0
XM_026439948.1	7286	7049.15	7.56521	0.195989
XM_026439949.1	7246	7009.15	0	0
XM_026439950.1	3412	3175.15	0	0
XM_026439951.1	3306	3069.15	42.5102	2.52942
XM_026439952.1	3355	3118.15	9.23098	0.540627
XM_026439953.1	3330	3093.15	0	0
XM_026439954.1	12007	11770.1	0.686528	0.0106518
XM_026439955.1	12004	11767.1	0.00369268	5.73082e-05
XM_026439956.1	11989	11752.1	2.3129e-07	3.59407e-09
XM_026439957.1	11983	11746.1	0	0
XM_026439958.1	11950	11713.1	82.7073	1.28949
XM_026439959.1	11932	11695.1	2.80697e-05	4.38307e-07
XM_026439960.1	11917	11680.1	3.45786e-05	5.40637e-07
XM_026439961.1	11917	11680.1	9.96249e-05	1.55764e-06
XM_026439962.1	11899	11662.1	0	0
XM_026439963.1	11851	11614.1	0.0317879	0.000499828
XM_026439964.1	11794	11557.1	4.08475	0.0645448
XM_026439965.1	11776	11539.1	1.07132e-06	1.69547e-08
XM_026439966.1	11761	11524.1	3.86804e-06	6.12954e-08
XM_026439967.1	11743	11506.1	0	0
XM_026439968.1	11704	11467.1	0.000516304	8.22236e-06
XM_026439969.1	11686	11449.1	1.70611e-08	2.72133e-10
XM_026439970.1	1900	1663.15	0.997313	0.109508
XM_026439971.1	714	479.425	183.833	70.0244
XM_026439972.1	1144	907.148	4.99997	1.00655
XM_026439973.1	613	380.885	70.1737	33.6455
XM_026439974.1	1910	1673.15	0.00268668	0.000293243
XM_026439975.1	2271	2034.15	0	0
XM_026439976.1	2540	2303.15	0	0
XM_026439977.1	2009	1772.15	0	0
XM_026439978.1	2007	1770.15	0	0
XM_026439979.1	1797	1560.15	0	0
XM_026439980.1	943	706.512	0	0
XM_026439981.1	1992	1755.15	90	9.3643
XM_026439982.1	1646	1409.15	0	0
XM_026439983.1	2539	2302.15	7.43074	0.589447
XM_026439984.1	2858	2621.15	0	0
XM_026439985.1	2967	2730.15	38.9039	2.60228
XM_026439986.1	2891	2654.15	8.60223	0.591878
XM_026439987.1	4240	4003.15	1.59451e-05	7.27397e-07
XM_026439988.1	4226	3989.15	0	0
XM_026439989.1	3018	2781.15	0	0
XM_026439990.1	795	559.277	0	0
XM_026439991.1	5322	5085.15	0.00182662	6.55979e-05
XM_026439992.1	5284	5047.15	2.99817	0.108482
XM_026439993.1	1622	1385.15	0	0
XM_026439994.1	1466	1229.15	0	0
XM_026439995.1	1401	1164.15	0	0
XM_026439996.1	1399	1162.15	0	0
XM_026439997.1	7883	7646.15	0	0
XM_026439998.1	7871	7634.15	1.69451e-05	4.0535e-07
XM_026439999.1	7615	7378.15	29.8294	0.738319
XM_026440000.1	7853	7616.15	20.6278	0.494611
XM_026440001.1	7596	7359.15	70.7202	1.75494
XM_026440002.1	7682	7445.15	0	0
XM_026440003.1	7610	7373.15	12.0715	0.298988
XM_026440004.1	7443	7206.15	27.3644	0.693473
XM_026440005.1	6938	6701.15	0	0
XM_026440006.1	6237	6000.15	0	0
XM_026440007.1	6194	5957.15	0	0
XM_026440008.1	6858	6621.15	19.4898	0.537551
XM_026440009.1	5676	5439.15	0	0
XM_026440010.1	1196	959.148	3	0.571192
XM_026440011.1	3730	3493.15	23.4598	1.22646
XM_026440012.1	4372	4135.15	38.9973	1.72222
XM_026440013.1	3992	3755.15	5.7707	0.280639
XM_026440014.1	4335	4098.15	23.2107	1.0343
XM_026440015.1	3570	3333.15	2.56146	0.14034
XM_026440016.1	4258	4021.15	24.2823	1.10277
XM_026440017.1	3849	3612.15	29.9565	1.51451
XM_026440018.1	3392	3155.15	0	0
XM_026440019.1	1239	1002.15	6	1.09337
XM_026440020.1	1777	1540.15	136	16.1259
XM_026440021.1	576	345.999	0	0
XM_026440022.1	801	565.277	1	0.323061
XM_026440023.1	2300	2063.15	0	0
XM_026440024.1	3218	2981.15	263	16.1109
XM_026440025.1	6380	6143.15	6	0.178364
XM_026440026.1	2743	2506.15	4.11177	0.299618
XM_026440027.1	1669	1432.15	0	0
XM_026440028.1	627	394.456	0	0
XM_026440029.1	789	553.388	0	0
XM_026440030.1	1500	1263.15	16	2.31319
XM_026440031.1	8518	8281.15	26.2261	0.578349
XM_026440032.1	2601	2364.15	3	0.231736
XM_026440033.1	3681	3444.15	0	0
XM_026440034.1	2110	1873.15	22	2.14485
XM_026440035.1	2094	1857.15	2	0.196666
XM_026440036.1	1813	1576.15	35	4.05525
XM_026440037.1	1776	1539.15	0	0
XM_026440038.1	4784	4547.15	0	0
XM_026440039.1	2472	2235.15	5	0.408517
XM_026440040.1	7255	7018.15	28	0.728588
XM_026440041.1	816	580.22	37	11.6454
XM_026440042.1	5347	5110.15	17	0.607522
XM_026440043.1	1385	1148.15	28	4.45355
XM_026440044.1	9287	9050.15	231	4.66125
XM_026440045.1	11662	11425.1	42	0.671327
XM_026440046.1	8665	8428.15	6.50373	0.140921
XM_026440047.1	8687	8450.15	0.49627	0.0107251
XM_026440048.1	2768	2531.15	13.2882	0.958727
XM_026440049.1	2752	2515.15	0	0
XM_026440050.1	2716	2479.15	17.9025	1.31873
XM_026440051.1	2686	2449.15	0	0
XM_026440052.1	2682	2445.15	93.6113	6.99148
XM_026440053.1	2680	2443.15	0	0
XM_026440054.1	2677	2440.15	0	0
XM_026440055.1	1586	1349.15	0	0
XM_026440056.1	2655	2418.15	25.1981	1.90297
XM_026440057.1	1752	1515.15	0	0
XM_026440058.1	1471	1234.15	0	0
XM_026440059.1	2025	1788.15	0	0
XM_026440060.1	2394	2157.15	0	0
XM_026440061.1	3943	3706.15	0	0
XM_026440062.1	1934	1697.15	16	1.72166
XM_026440063.1	1796	1559.15	0	0
XM_026440064.1	5452	5215.15	0	0
XM_026440065.1	5434	5197.15	11.524	0.404934
XM_026440066.1	5434	5197.15	0	0
XM_026440067.1	3975	3738.15	3.94957e-06	1.92948e-07
XM_026440068.1	3746	3509.15	0	0
XM_026440069.1	692	457.704	4.58777	1.83047
XM_026440070.1	573	343.139	2.41223	1.28379
XM_026440071.1	1866	1629.15	12.0977	1.35609
XM_026440072.1	1631	1394.15	1.52985	0.200394
XM_026440073.1	1765	1528.15	2	0.239007
XM_026440074.1	720	485.425	8	3.00964
XM_026440075.1	2530	2293.15	0	0
XM_026440076.1	2930	2693.15	0	0
XM_026440077.1	2904	2667.15	0	0
XM_026440078.1	2632	2395.15	0	0
XM_026440079.1	2090	1853.15	0	0
XM_026440080.1	1096	859.148	0	0
XM_026440081.1	1288	1051.15	0	0
XM_026440082.1	3175	2938.15	0	0
XM_026440083.1	3238	3001.15	4	0.243399
XM_026440084.1	804	568.277	9	2.8922
XM_026440085.1	4933	4696.15	78	3.03319
XM_026440086.1	497	274.338	2	1.33134
XM_026440087.1	2472	2235.15	4.84348	0.395729
XM_026440088.1	2138	1901.15	6.45604	0.62015
XM_026440089.1	2160	1923.15	3.14779	0.298909
XM_026440090.1	2258	2021.15	8.55269	0.772771
XM_026440091.1	963	726.297	0	0
XM_026440092.1	2569	2332.15	0	0
XM_026440093.1	5416	5179.15	0	0
XM_026440094.1	5428	5191.15	23.8491	0.838988
XM_026440095.1	4614	4377.15	0	0
XM_026440096.1	4490	4253.15	0	0
XM_026440097.1	4410	4173.15	0	0
XM_026440098.1	3171	2934.15	65.6972	4.08895
XM_026440099.1	4469	4232.15	3.17614	0.137052
XM_026440100.1	4389	4152.15	92.8239	4.08257
XM_026440101.1	4013	3776.15	0	0
XM_026440102.1	4803	4566.15	0	0
XM_026440103.1	2235	1998.15	16	1.46231
XM_026440104.1	2044	1807.15	0	0
XM_026440105.1	1230	993.148	3.41677	0.628272
XM_026440106.1	1249	1012.15	21.5832	3.89421
XM_026440107.1	1171	934.148	0	0
XM_026440108.1	1720	1483.15	806	99.2423
XM_026440109.1	3192	2955.15	28	1.73032
XM_026440110.1	3524	3287.15	0	0
XM_026440111.1	1174	937.148	7	1.36407
XM_026440112.1	1258	1021.15	0	0
XM_026440113.1	6395	6158.15	3.6224	0.107422
XM_026440114.1	5524	5287.15	6.3776	0.220284
XM_026440115.1	3255	3018.15	0	0
XM_026440116.1	4484	4247.15	2	0.0859962
XM_026440117.1	3442	3205.15	0	0
XM_026440118.1	1362	1125.15	0	0
XM_026440119.1	2127	1890.15	0	0
XM_026440120.1	1904	1667.15	2	0.21908
XM_026440121.1	3840	3603.15	0	0
XM_026440122.1	7264	7027.15	21.0033	0.545828
XM_026440123.1	3636	3399.15	8.12617	0.436578
XM_026440124.1	3617	3380.15	8.46526	0.457352
XM_026440125.1	2005	1768.15	50	5.16414
XM_026440126.1	7691	7454.15	13.46	0.329755
XM_026440127.1	3027	2790.15	10.1639	0.665241
XM_026440128.1	2220	1983.15	4	0.368342
XM_026440129.1	7005	6768.15	22.7445	0.613696
XM_026440130.1	7872	7635.15	0	0
XM_026440131.1	4362	4125.15	2	0.0885395
XM_026440132.1	4499	4262.15	0.113652	0.00486961
XM_026440133.1	4496	4259.15	0	0
XM_026440134.1	4064	3827.15	7.00692	0.334348
XM_026440135.1	4478	4241.15	14.8863	0.64099
XM_026440136.1	4024	3787.15	17.9931	0.86764
XM_026440137.1	13385	13148.1	147.896	2.05417
XM_026440138.1	10513	10276.1	2.91199	0.0517494
XM_026440139.1	14440	14203.1	22.8594	0.293918
XM_026440140.1	10368	10131.1	2.99391	0.0539668
XM_026440141.1	10094	9857.15	6.33918	0.117443
XM_026440142.1	4501	4264.15	0	0
XM_026440143.1	3878	3641.15	0	0
XM_026440144.1	2779	2542.15	31	2.22693
XM_026440145.1	1230	993.148	4	0.735517
XM_026440146.1	18589	18352.1	29.5431	0.293979
XM_026440147.1	3018	2781.15	24.1608	1.58648
XM_026440148.1	19252	19015.1	0	0
XM_026440149.1	20796	20559.1	4.37704	0.0388796
XM_026440150.1	19249	19012.1	0	0
XM_026440151.1	18534	18297.1	0	0
XM_026440152.1	5968	5731.15	39.4842	1.25814
XM_026440153.1	2690	2453.15	0	0
XM_026440154.1	2777	2540.15	6.83917	0.491689
XM_026440155.1	11199	10962.1	19.9272	0.331968
XM_026440156.1	10436	10199.1	0	0
XM_026440157.1	11241	11004.1	29.1233	0.483315
XM_026440158.1	10469	10232.1	43.9495	0.784393
XM_026440159.1	2684	2447.15	0	0
XM_026440160.1	5970	5733.15	762.992	24.3038
XM_026440161.1	2535	2298.15	7.34076	0.583324
XM_026440162.1	2412	2175.15	0	0
XM_026440163.1	2644	2407.15	0	0
XM_026440164.1	3758	3521.15	0	0
XM_026440165.1	3401	3164.15	0	0
XM_026440166.1	3398	3161.15	0	0
XM_026440167.1	3398	3161.15	0	0
XM_026440168.1	3374	3137.15	0	0
XM_026440169.1	3302	3065.15	0	0
XM_026440170.1	3299	3062.15	0	0
XM_026440171.1	3197	2960.15	0	0
XM_026440172.1	3055	2818.15	0	0
XM_026440173.1	3071	2834.15	6.83033	0.440114
XM_026440174.1	2459	2222.15	24	1.97235
XM_026440175.1	2131	1894.15	0	0
XM_026440176.1	1301	1064.15	1	0.171611
XM_026440177.1	3428	3191.15	18.306	1.0476
XM_026440178.1	3893	3656.15	0	0
XM_026440179.1	3745	3508.15	0	0
XM_026440180.1	3459	3222.15	23.0547	1.30665
XM_026440181.1	3086	2849.15	108.154	6.93222
XM_026440182.1	3807	3570.15	135.526	6.93237
XM_026440183.1	3404	3167.15	49.5286	2.85584
XM_026440184.1	3508	3271.15	0	0
XM_026440185.1	3493	3256.15	92.5084	5.18828
XM_026440186.1	2210	1973.15	0.000263749	2.44106e-05
XM_026440187.1	2976	2739.15	0	0
XM_026440188.1	7281	7044.15	81.3625	2.10932
XM_026440189.1	2345	2108.15	4	0.346502
XM_026440190.1	2524	2287.15	0	0
XM_026440191.1	2359	2122.15	0	0
XM_026440192.1	2200	1963.15	0	0
XM_026440193.1	1372	1135.15	2	0.321754
XM_026440194.1	3007	2770.15	0	0
XM_026440195.1	4466	4229.15	0	0
XM_026440196.1	4397	4160.15	94	4.12634
XM_026440197.1	1186	949.148	2	0.384807
XM_026440198.1	882	645.786	0	0
XM_026440199.1	995	758.224	0	0
XM_026440200.1	836	600.102	12	3.65176
XM_026440201.1	1176	939.148	59	11.4727
XM_026440202.1	2927	2690.15	2	0.135769
XM_026440203.1	2871	2634.15	0	0
XM_026440204.1	2771	2534.15	0	0
XM_026440205.1	2474	2237.15	0	0
XM_026440206.1	2548	2311.15	0	0
XM_026440207.1	2432	2195.15	0	0
XM_026440208.1	1712	1475.15	2	0.247594
XM_026440209.1	1502	1265.15	0	0
XM_026440210.1	1902	1665.15	0.517766	0.0567841
XM_026440211.1	2045	1808.15	0	0
XM_026440212.1	2024	1787.15	0	0
XM_026440213.1	1659	1422.15	0	0
XM_026440214.1	9050	8813.15	0	0
XM_026440215.1	9252	9015.15	3.45446e-07	6.99767e-09
XM_026440216.1	9228	8991.15	5.48322e-07	1.1137e-08
XM_026440217.1	9141	8904.15	20.0679	0.411582
XM_026440218.1	9129	8892.15	34.986	0.718513
XM_026440219.1	9105	8868.15	58.0918	1.19627
XM_026440220.1	9093	8856.15	99.8542	2.05906
XM_026440221.1	9063	8826.15	0	0
XM_026440222.1	9216	8979.15	9.23567e-07	1.87836e-08
XM_026440223.1	5317	5080.15	12.014	0.431875
XM_026440224.1	779	543.553	10.812	3.63253
XM_026440225.1	6336	6099.15	5.50985	0.164975
XM_026440226.1	5694	5457.15	0	0
XM_026440227.1	4707	4470.15	2053	83.8713
XM_026440228.1	518	292.707	187.994	117.289
XM_026440229.1	387	184.806	0.00554024	0.00547468
XM_026440230.1	6503	6266.15	0	0
XM_026440231.1	6500	6263.15	0	0
XM_026440232.1	6494	6257.15	30.2519	0.882924
XM_026440233.1	6494	6257.15	0	0
XM_026440234.1	6485	6248.15	94.7481	2.76927
XM_026440235.1	6635	6398.15	2.57218	0.0734165
XM_026440236.1	5945	5708.15	6.35142	0.203199
XM_026440237.1	5578	5341.15	3.73392	0.127666
XM_026440238.1	5475	5238.15	3.34248	0.11653
XM_026440239.1	1677	1440.15	3	0.380418
XM_026440240.1	3065	2828.15	1.75969	0.113627
XM_026440241.1	2932	2695.15	34.6991	2.35116
XM_026440242.1	2813	2576.15	7.84478	0.556104
XM_026440243.1	2817	2580.15	1.69641	0.12007
XM_026440244.1	617	384.769	0	0
XM_026440245.1	369	170.944	0	0
XM_026440246.1	18099	17862.1	3	0.0306714
XM_026440247.1	3347	3110.15	0	0
XM_026440248.1	2947	2710.15	0	0
XM_026440249.1	2950	2713.15	0	0
XM_026440250.1	2381	2144.15	0	0
XM_026440251.1	2461	2224.15	0	0
XM_026440252.1	6473	6236.15	5.37047e-06	1.57269e-07
XM_026440253.1	6436	6199.15	48.4289	1.42666
XM_026440254.1	6408	6171.15	0.166459	0.00492593
XM_026440255.1	6365	6128.15	165.405	4.92907
XM_026440256.1	2219	1982.15	0	0
XM_026440257.1	1883	1646.15	0	0
XM_026440258.1	2216	1979.15	0	0
XM_026440259.1	1917	1680.15	0	0
XM_026440260.1	2075	1838.15	0	0
XM_026440261.1	2245	2008.15	0	0
XM_026440262.1	2613	2376.15	0	0
XM_026440263.1	2175	1938.15	0	0
XM_026440264.1	1508	1271.15	0	0
XM_026440265.1	1826	1589.15	0	0
XM_026440266.1	1971	1734.15	2.27517	0.239593
XM_026440267.1	961	724.297	0	0
XM_026440268.1	338	147.554	0	0
XM_026440269.1	1215	978.148	17.0656	3.18613
XM_026440270.1	4813	4576.15	0.582538	0.0232472
XM_026440271.1	1652	1415.15	4.85073	0.625967
XM_026440272.1	1602	1365.15	61.7167	8.25599
XM_026440273.1	1068	831.148	0	0
XM_026440274.1	1828	1591.15	49.2833	5.65635
XM_026440275.1	2261	2024.15	35	3.15771
XM_026440276.1	625	392.496	0	0
XM_026440277.1	3191	2954.15	136.2	8.41961
XM_026440278.1	1517	1280.15	26.7636	3.81795
XM_026440279.1	3192	2955.15	38.7998	2.39771
XM_026440280.1	3543	3306.15	0	0
XM_026440281.1	3024	2787.15	1.83895	0.120491
XM_026440282.1	3028	2791.15	0	0
XM_026440283.1	3020	2783.15	0	0
XM_026440284.1	3015	2778.15	0	0
XM_026440285.1	2789	2552.15	2	0.14311
XM_026440286.1	1552	1315.15	6.17084	0.856872
XM_026440287.1	2255	2018.15	8	0.723908
XM_026440288.1	2237	2000.15	0	0
XM_026440289.1	27417	27180.1	0	0
XM_026440290.1	27254	27017.1	139.063	0.939977
XM_026440291.1	27139	26902.1	63.1456	0.42865
XM_026440292.1	26082	25845.1	0	0
XM_026440293.1	27411	27174.1	32.9844	0.221666
XM_026440294.1	27405	27168.1	1.17728e-08	7.91348e-11
XM_026440295.1	27402	27165.1	0	0
XM_026440296.1	27399	27162.1	19.2375	0.129339
XM_026440297.1	1358	1121.15	0	0
XM_026440298.1	27393	27156.1	0	0
XM_026440299.1	26064	25827.1	0	0
XM_026440300.1	27151	26914.1	0	0
XM_026440301.1	27357	27120.1	0	0
XM_026440302.1	26036	25799.1	3.97721e-05	2.81527e-07
XM_026440303.1	27354	27117.1	0	0
XM_026440304.1	27342	27105.1	35.5285	0.239371
XM_026440305.1	27339	27102.1	2.87698e-07	1.93856e-09
XM_026440306.1	26004	25767.1	0	0
XM_026440307.1	27330	27093.1	563.766	3.80002
XM_026440308.1	27091	26854.1	1.37841e-06	9.37375e-09
XM_026440309.1	27309	27072.1	58.4856	0.394523
XM_026440310.1	27300	27063.1	114.774	0.774484
XM_026440311.1	27297	27060.1	143.383	0.967637
XM_026440312.1	27294	27057.1	0	0
XM_026440313.1	27052	26815.1	638.301	4.34702
XM_026440314.1	26449	26212.1	454.373	3.1656
XM_026440315.1	27264	27027.1	0	0
XM_026440316.1	25900	25663.1	60.8753	0.433189
XM_026440317.1	27249	27012.1	26.26	0.177534
XM_026440318.1	27237	27000.1	318.817	2.15636
XM_026440319.1	27234	26997.1	0	0
XM_026440320.1	27174	26937.1	220.314	1.49361
XM_026440321.1	26763	26526.1	0	0
XM_026440322.1	22078	21841.1	3101.09	25.929
XM_026440323.1	22374	22137.1	2007.35	16.5595
XM_026440324.1	27341	27104.1	109.554	0.73814
XM_026440325.1	27281	27044.1	1482.7	10.0121
XM_026440326.1	4554	4317.15	177	7.48726
XM_026440327.1	775	539.607	2.10808	0.713437
XM_026440328.1	4949	4712.15	0	0
XM_026440329.1	4894	4657.15	45	1.76457
XM_026440330.1	4793	4556.15	0	0
XM_026440331.1	4961	4724.15	0	0
XM_026440332.1	1463	1226.15	0	0
XM_026440333.1	1399	1162.15	0	0
XM_026440334.1	1776	1539.15	0	0
XM_026440335.1	1250	1013.15	1	0.180249
XM_026440336.1	1311	1074.15	0	0
XM_026440337.1	2165	1928.15	3	0.284137
XM_026440338.1	8841	8604.15	53.5943	1.13751
XM_026440339.1	7926	7689.15	39.9457	0.94872
XM_026440340.1	6695	6458.15	37.5968	1.06314
XM_026440341.1	6638	6401.15	3.06702e-07	8.74994e-09
XM_026440342.1	7435	7198.15	47.368	1.20174
XM_026440343.1	818	582.162	3.56229	1.11746
XM_026440344.1	5977	5740.15	0	0
XM_026440345.1	5767	5530.15	13.1718	0.434964
XM_026440346.1	6086	5849.15	27.2049	0.849377
XM_026440347.1	6081	5844.15	0	0
XM_026440348.1	6054	5817.15	0	0
XM_026440349.1	3969	3732.15	51.1186	2.5013
XM_026440350.1	5363	5126.15	35	1.24688
XM_026440351.1	5215	4978.15	2.88186	0.105719
XM_026440352.1	5011	4774.15	0	0
XM_026440353.1	5011	4774.15	0	0
XM_026440354.1	3347	3110.15	0	0
XM_026440355.1	3297	3060.15	0	0
XM_026440356.1	2685	2448.15	0.000377313	2.81456e-05
XM_026440357.1	2694	2457.15	246	18.2831
XM_026440358.1	4312	4075.15	0	0
XM_026440359.1	2740	2503.15	40.788	2.97572
XM_026440360.1	2037	1800.15	0	0
XM_026440361.1	949	712.441	0	0
XM_026440362.1	1835	1598.15	0	0
XM_026440363.1	1341	1104.15	14.7108	2.43307
XM_026440364.1	3185	2948.15	2.87809	0.178279
XM_026440365.1	3569	3332.15	46.0248	2.5224
XM_026440366.1	3300	3063.15	18.5204	1.10415
XM_026440367.1	3175	2938.15	8.45482	0.525505
XM_026440368.1	3108	2871.15	0	0
XM_026440369.1	3172	2935.15	0	0
XM_026440370.1	2135	1898.15	44.7611	4.30643
XM_026440371.1	2196	1959.15	18.0834	1.68562
XM_026440372.1	2132	1895.15	0	0
XM_026440373.1	2161	1924.15	2.15549	0.204576
XM_026440374.1	3037	2800.15	7.66549	0.499926
XM_026440375.1	1773	1536.15	0	0
XM_026440376.1	1824	1587.15	0	0
XM_026440377.1	1349	1112.15	2.03107	0.333509
XM_026440378.1	1721	1484.15	11.9689	1.47274
XM_026440379.1	1656	1419.15	73.9677	9.51834
XM_026440380.1	1212	975.148	0	0
XM_026440381.1	3161	2924.15	2.92315	0.182557
XM_026440382.1	1029	792.148	0	0
XM_026440383.1	1008	771.148	2	0.47363
XM_026440384.1	1362	1125.15	1396.98	226.74
XM_026440385.1	1098	861.148	236.322	50.1155
XM_026440386.1	1073	836.148	89.8492	19.6236
XM_026440387.1	1108	871.148	5.15078	1.07976
XM_026440388.1	1073	836.148	89.8492	19.6236
XM_026440389.1	1108	871.148	5.15078	1.07976
XM_026440390.1	3034	2797.15	11.5333	0.75298
XM_026440391.1	7839	7602.15	0	0
XM_026440392.1	6683	6446.15	284.193	8.05117
XM_026440393.1	6588	6351.15	197.158	5.66903
XM_026440394.1	6160	5923.15	0	0
XM_026440395.1	5977	5740.15	21.8552	0.695308
XM_026440396.1	5908	5671.15	11.6432	0.374929
XM_026440397.1	5724	5487.15	31.664	1.05382
XM_026440398.1	4862	4625.15	0	0
XM_026440399.1	839	603.102	0	0
XM_026440400.1	880	643.851	17.6343	5.00171
XM_026440401.1	6067	5830.15	4.28359	0.134176
XM_026440402.1	2177	1940.15	0	0
XM_026440403.1	707	472.425	0	0
XM_026440404.1	1601	1364.15	2	0.267741
XM_026440405.1	2806	2569.15	4	0.284326
XM_026440406.1	1503	1266.15	15.9756	2.30419
XM_026440407.1	2991	2754.15	0	0
XM_026440408.1	3577	3340.15	10.9747	0.600032
XM_026440409.1	2933	2696.15	116	7.85707
XM_026440410.1	8973	8736.15	57	1.19152
XM_026440411.1	2904	2667.15	128	8.76414
XM_026440412.1	2920	2683.15	10	0.680615
XM_026440413.1	1632	1395.15	0	0
XM_026440414.1	710	475.425	0	0
XM_026440415.1	1529	1292.15	0	0
XM_026440416.1	4691	4454.15	0	0
XM_026440417.1	4426	4189.15	0	0
XM_026440418.1	2505	2268.15	1	0.0805147
XM_026440419.1	1946	1709.15	0	0
XM_026440420.1	1975	1738.15	0	0
XM_026440421.1	1756	1519.15	1	0.120212
XM_026440422.1	1915	1678.15	0	0
XM_026440423.1	1556	1319.15	1.81258e-06	2.50929e-07
XM_026440424.1	1537	1300.15	3	0.421381
XM_026440425.1	2012	1775.15	28	2.88051
XM_026440426.1	1606	1369.15	0	0
XM_026440427.1	5659	5422.15	0.590851	0.0199
XM_026440428.1	5656	5419.15	0.344192	0.0115989
XM_026440429.1	5769	5532.15	75.819	2.50283
XM_026440430.1	5473	5236.15	88.633	3.09122
XM_026440431.1	5390	5153.15	8.24278	0.292111
XM_026440432.1	5766	5529.15	45.3702	1.49851
XM_026440433.1	5439	5202.15	0.000634403	2.22705e-05
XM_026440434.1	13658	13421.1	0	0
XM_026440435.1	1224	987.148	0	0
XM_026440436.1	1080	843.148	1	0.216592
XM_026440437.1	4777	4540.15	119.307	4.79889
XM_026440438.1	4669	4432.15	0	0
XM_026440439.1	4866	4629.15	52	2.05139
XM_026440440.1	4285	4048.15	0	0
XM_026440441.1	4884	4647.15	0	0
XM_026440442.1	594	362.675	43	21.652
XM_026440443.1	20138	19901.1	0	0
XM_026440444.1	20111	19874.1	13.7619	0.126455
XM_026440445.1	18355	18118.1	15.04	0.151593
XM_026440446.1	2657	2420.15	5.18032	0.390896
XM_026440447.1	18328	18091.1	407.502	4.11349
XM_026440448.1	18998	18761.1	1874.77	18.2488
XM_026440449.1	7675	7438.15	6.0979	0.149714
XM_026440450.1	4360	4123.15	1.75464	0.0777151
XM_026440451.1	4382	4145.15	1.74969	0.0770847
XM_026440452.1	2641	2404.15	176.717	13.4234
XM_026440453.1	2416	2179.15	37.7463	3.16325
XM_026440454.1	2350	2113.15	7.5365	0.651307
XM_026440455.1	6495	6258.15	0	0
XM_026440456.1	6489	6252.15	0	0
XM_026440457.1	6483	6246.15	0	0
XM_026440458.1	6484	6247.15	0	0
XM_026440459.1	6477	6240.15	0	0
XM_026440460.1	6446	6209.15	0	0
XM_026440461.1	6434	6197.15	19.2692	0.567829
XM_026440462.1	6428	6191.15	19.4318	0.573175
XM_026440463.1	6426	6189.15	14.5979	0.430731
XM_026440464.1	6413	6176.15	0	0
XM_026440465.1	6978	6741.15	76.7223	2.07842
XM_026440466.1	7582	7345.15	24.0286	0.597413
XM_026440467.1	6529	6292.15	0	0
XM_026440468.1	6529	6292.15	0	0
XM_026440469.1	6845	6608.15	0	0
XM_026440470.1	6363	6126.15	18.4785	0.550839
XM_026440471.1	6345	6108.15	0	0
XM_026440472.1	5789	5552.15	0	0
XM_026440473.1	5755	5518.15	0	0
XM_026440474.1	6435	6198.15	0	0
XM_026440475.1	11007	10770.1	3.45166e-06	5.85266e-08
XM_026440476.1	612	379.885	1	0.480723
XM_026440477.1	569	339.347	0	0
XM_026440478.1	555	325.955	0	0
XM_026440479.1	3185	2948.15	28.5154	1.76635
XM_026440480.1	3227	2990.15	12.0195	0.734072
XM_026440481.1	2570	2333.15	0	0
XM_026440482.1	2858	2621.15	48.3454	3.3683
XM_026440483.1	7069	6832.15	112.544	3.00824
XM_026440484.1	2000	1763.15	3.12223	0.323387
XM_026440485.1	1988	1751.15	0	0
XM_026440486.1	1968	1731.15	0	0
XM_026440487.1	1975	1738.15	0	0
XM_026440488.1	8371	8134.15	203.004	4.55764
XM_026440489.1	1904	1667.15	1.61324	0.176714
XM_026440490.1	1732	1495.15	0	0
XM_026440491.1	1704	1467.15	3	0.373417
XM_026440492.1	969	732.297	0	0
XM_026440493.1	561	331.688	1	0.550575
XM_026440494.1	510	285.63	0	0
XM_026440495.1	2220	1983.15	0	0
XM_026440496.1	2327	2090.15	0	0
XM_026440497.1	2327	2090.15	33.8071	2.95377
XM_026440498.1	2321	2084.15	86.3706	7.56805
XM_026440499.1	2054	1817.15	77.6094	7.79957
XM_026440500.1	1681	1444.15	0	0
XM_026440501.1	1504	1267.15	8.83253	1.27293
XM_026440502.1	1341	1104.15	3.9838	0.658896
XM_026440503.1	2643	2406.15	24	1.82153
XM_026440504.1	2582	2345.15	0	0
XM_026440505.1	2518	2281.15	0	0
XM_026440506.1	2433	2196.15	1.58835	0.132078
XM_026440507.1	2563	2326.15	0	0
XM_026440508.1	2533	2296.15	0	0
XM_026440509.1	2530	2293.15	0	0
XM_026440510.1	2511	2274.15	1.91093e-05	1.53452e-06
XM_026440511.1	2499	2262.15	0.00354066	0.000285832
XM_026440512.1	2481	2244.15	9.40809	0.76559
XM_026440513.1	1554	1317.15	0	0
XM_026440514.1	1962	1725.15	0	0
XM_026440515.1	1066	829.148	32	7.04798
XM_026440516.1	819	583.162	3.51602	1.10105
XM_026440517.1	2088	1851.15	0	0
XM_026440518.1	1147	910.148	0	0
XM_026440519.1	1925	1688.15	7	0.757241
XM_026440520.1	2256	2019.15	38	3.43686
XM_026440521.1	2757	2520.15	0	0
XM_026440522.1	3059	2822.15	0	0
XM_026440523.1	2373	2136.15	1.26048	0.107758
XM_026440524.1	2532	2295.15	0	0
XM_026440525.1	2197	1960.15	0	0
XM_026440526.1	2378	2141.15	15.2375	1.29961
XM_026440527.1	2764	2527.15	0	0
XM_026440528.1	2539	2302.15	6.8381	0.542436
XM_026440529.1	1990	1753.15	2.90116	0.302203
XM_026440530.1	3768	3531.15	0	0
XM_026440531.1	3658	3421.15	2.61568	0.139624
XM_026440532.1	2685	2448.15	0	0
XM_026440533.1	2377	2140.15	76.5467	6.53174
XM_026440534.1	1479	1242.15	1.98295	0.291531
XM_026440535.1	3409	3172.15	0	0
XM_026440536.1	3336	3099.15	1	0.0589256
XM_026440537.1	3699	3462.15	0	0
XM_026440538.1	1313	1076.15	56	9.50304
XM_026440539.1	3188	2951.15	4.56871	0.282715
XM_026440540.1	2455	2218.15	0	0
XM_026440541.1	2508	2271.15	0	0
XM_026440542.1	1453	1216.15	23.8852	3.58665
XM_026440543.1	5948	5711.15	0	0
XM_026440544.1	5037	4800.15	0	0
XM_026440545.1	5391	5154.15	0.000411094	1.45657e-05
XM_026440546.1	389	186.405	0	0
XM_026440547.1	4644	4407.15	88.1895	3.65431
XM_026440548.1	4722	4485.15	66.4596	2.706
XM_026440549.1	4367	4130.15	0	0
XM_026440550.1	4432	4195.15	7.17331	0.312262
XM_026440551.1	4428	4191.15	18.3918	0.801378
XM_026440552.1	849	613.102	61.899	18.4373
XM_026440553.1	4165	3928.15	221.786	10.3108
XM_026440554.1	1746	1509.15	5.61779	0.679799
XM_026440555.1	5164	4927.15	43	1.59375
XM_026440556.1	5030	4793.15	0	0
XM_026440557.1	5013	4776.15	0	0
XM_026440558.1	853	617.102	0.100967	0.0298792
XM_026440559.1	2195	1958.15	0	0
XM_026440560.1	2242	2005.15	22.3552	2.03601
XM_026440561.1	844	608.102	0	0
XM_026440562.1	3020	2783.15	0	0
XM_026440563.1	3030	2793.15	0	0
XM_026440564.1	3355	3118.15	18.1714	1.06424
XM_026440565.1	3365	3128.15	0	0
XM_026440566.1	3124	2887.15	4.62397	0.292477
XM_026440567.1	3263	3026.15	3.03161	0.182949
XM_026440568.1	3296	3059.15	0	0
XM_026440569.1	2584	2347.15	0	0
XM_026440570.1	2823	2586.15	0	0
XM_026440571.1	871	634.915	0	0
XM_026440572.1	1344	1107.15	12	1.97935
XM_026440573.1	3760	3523.15	3.28755	0.170407
XM_026440574.1	3932	3695.15	5.94235	0.293679
XM_026440575.1	5822	5585.15	0	0
XM_026440576.1	476	256.052	7	4.99247
XM_026440577.1	2325	2088.15	44.704	3.9096
XM_026440578.1	5807	5570.15	0	0
XM_026440579.1	2289	2052.15	0	0
XM_026440580.1	5727	5490.15	0	0
XM_026440581.1	1548	1311.15	6.96765	0.970467
XM_026440582.1	5711	5474.15	0	0
XM_026440583.1	8478	8241.15	1.34448	0.0297929
XM_026440584.1	3451	3214.15	42.9328	2.43933
XM_026440585.1	5725	5488.15	0	0
XM_026440586.1	1265	1028.15	352.419	62.5965
XM_026440587.1	1076	839.148	130.581	28.4177
XM_026440588.1	1610	1373.15	64	8.51156
XM_026440589.1	658	424.634	3	1.29019
XM_026440590.1	5775	5538.15	0	0
XM_026440591.1	4093	3856.15	0	0
XM_026440592.1	4063	3826.15	24.6299	1.17557
XM_026440593.1	3416	3179.15	0	0
XM_026440594.1	3910	3673.15	36.2751	1.8035
XM_026440595.1	3078	2841.15	45.095	2.89855
XM_026440596.1	1734	1497.15	7	0.853846
XM_026440597.1	5495	5258.15	4	0.138923
XM_026440598.1	1705	1468.15	0	0
XM_026440599.1	2389	2152.15	1	0.0848544
XM_026440600.1	6347	6110.15	24.783	0.740709
XM_026440601.1	6400	6163.15	45.1436	1.33764
XM_026440602.1	6526	6289.15	9.35756	0.271717
XM_026440603.1	5791	5554.15	0	0
XM_026440604.1	6755	6518.15	0	0
XM_026440605.1	2233	1996.15	0	0
XM_026440606.1	2148	1911.15	0	0
XM_026440607.1	2023	1786.15	0	0
XM_026440608.1	1925	1688.15	5	0.540886
XM_026440609.1	1850	1613.15	11	1.24527
XM_026440610.1	443	228.929	0	0
XM_026440611.1	338	147.554	1	1.23765
XM_026440612.1	12807	12570.1	382.369	5.55505
XM_026440613.1	4533	4296.15	0	0
XM_026440614.1	5733	5496.15	122.721	4.07761
XM_026440615.1	5640	5403.15	34.8508	1.17791
XM_026440616.1	1109	872.148	3	0.628171
XM_026440617.1	1086	849.148	0	0
XM_026440618.1	1082	845.148	0	0
XM_026440619.1	7316	7079.15	26	0.670716
XM_026440620.1	1555	1318.15	88.8048	12.3032
XM_026440621.1	706	471.425	4	1.54951
XM_026440622.1	3365	3128.15	0	0
XM_026440623.1	3235	2998.15	7	0.426375
XM_026440624.1	3354	3117.15	0	0
XM_026440625.1	3429	3192.15	0	0
XM_026440626.1	3362	3125.15	0	0
XM_026440627.1	3346	3109.15	0	0
XM_026440628.1	1576	1339.15	5	0.681849
XM_026440629.1	3413	3176.15	41.2647	2.3726
XM_026440630.1	1080	843.148	0	0
XM_026440631.1	5249	5012.15	0	0
XM_026440632.1	5225	4988.15	0.860421	0.0315006
XM_026440633.1	5138	4901.15	106.968	3.98569
XM_026440634.1	2493	2256.15	3.32727	0.269319
XM_026440635.1	9801	9564.15	0	0
XM_026440636.1	9263	9026.15	2	0.0404645
XM_026440637.1	9720	9483.15	0	0
XM_026440638.1	9633	9396.15	0	0
XM_026440639.1	8559	8322.15	0	0
XM_026440640.1	8295	8058.15	0	0
XM_026440641.1	9443	9206.15	0	0
XM_026440642.1	8174	7937.15	0	0
XM_026440643.1	8088	7851.15	0	0
XM_026440644.1	3181	2944.15	0	0
XM_026440645.1	258	95.3596	0	0
XM_026440646.1	4333	4096.15	239	10.6554
XM_026440647.1	4125	3888.15	0	0
XM_026440648.1	4088	3851.15	63.9318	3.03161
XM_026440649.1	4159	3922.15	1.5081	0.0702186
XM_026440650.1	4150	3913.15	14.5601	0.679491
XM_026440651.1	1133	896.148	6	1.22269
XM_026440652.1	1681	1444.15	0	0
XM_026440653.1	5228	4991.15	41	1.50013
XM_026440654.1	1342	1105.15	0	0
XM_026440655.1	1148	911.148	0	0
XM_026440656.1	978	741.224	0	0
XM_026440657.1	3268	3031.15	1.43806e-07	8.66398e-09
XM_026440658.1	1129	892.148	0	0
XM_026440659.1	1129	892.148	0	0
XM_026440660.1	2142	1905.15	0	0
XM_026440661.1	1546	1309.15	29.6297	4.13319
XM_026440662.1	1388	1151.15	0	0
XM_026440663.1	4713	4476.15	137.297	5.60149
XM_026440664.1	1884	1647.15	10	1.1087
XM_026440665.1	1870	1633.15	0	0
XM_026440666.1	3144	2907.15	5.24004	0.329165
XM_026440667.1	2724	2487.15	0	0
XM_026440668.1	2111	1874.15	17	1.6565
XM_026440669.1	1960	1723.15	13.5175	1.43259
XM_026440670.1	3012	2775.15	16	1.05288
XM_026440671.1	4874	4637.15	0	0
XM_026440672.1	4297	4060.15	0	0
XM_026440673.1	4882	4645.15	0	0
XM_026440674.1	3245	3008.15	0	0
XM_026440675.1	3691	3454.15	0	0
XM_026440676.1	3607	3370.15	0	0
XM_026440677.1	3569	3332.15	16.2832	0.892405
XM_026440678.1	3567	3330.15	0	0
XM_026440679.1	3539	3302.15	69.4291	3.83965
XM_026440680.1	3446	3209.15	40.5808	2.30929
XM_026440681.1	3446	3209.15	20.6864	1.17718
XM_026440682.1	3419	3182.15	80.6636	4.62918
XM_026440683.1	3322	3085.15	16.3568	0.968207
XM_026440684.1	1041	804.148	5	1.13548
XM_026440685.1	2105	1868.15	0	0
XM_026440686.1	2100	1863.15	0	0
XM_026440687.1	3430	3193.15	176.832	10.1132
XM_026440688.1	3071	2834.15	9.16817	0.590754
XM_026440689.1	1663	1426.15	0	0
XM_026440690.1	1480	1243.15	6	0.881404
XM_026440691.1	1236	999.148	25.9067	4.73509
XM_026440692.1	2299	2062.15	8	0.708462
XM_026440693.1	2293	2056.15	0	0
XM_026440694.1	5689	5452.15	0	0
XM_026440695.1	5580	5343.15	0	0
XM_026440696.1	5673	5436.15	0	0
XM_026440697.1	5821	5584.15	12	0.392438
XM_026440698.1	4495	4258.15	26.3607	1.13053
XM_026440699.1	4423	4186.15	0	0
XM_026440700.1	1629	1392.15	0	0
XM_026440701.1	8923	8686.15	0	0
XM_026440702.1	8773	8536.15	0	0
XM_026440703.1	4200	3963.15	59	2.71868
XM_026440704.1	1635	1398.15	4.20845	0.549687
XM_026440705.1	1525	1288.15	3.74437	0.530835
XM_026440706.1	810	574.277	2	0.635997
XM_026440707.1	3751	3514.15	0	0
XM_026440708.1	1589	1352.15	7.25963	0.980475
XM_026440709.1	1664	1427.15	1.74037	0.2227
XM_026440710.1	1682	1445.15	6.13638	0.775437
XM_026440711.1	3981	3744.15	8.86362	0.432319
XM_026440712.1	1703	1466.15	20.724	2.58132
XM_026440713.1	2079	1842.15	7.27605	0.721303
XM_026440714.1	3706	3469.15	0	0
XM_026440715.1	1066	829.148	36.699	8.08293
XM_026440716.1	2292	2055.15	0	0
XM_026440717.1	1777	1540.15	5	0.592863
XM_026440718.1	542	314.093	9	5.23275
XM_026440719.1	1850	1613.15	0	0
XM_026440720.1	1753	1516.15	135.417	16.3109
XM_026440721.1	1756	1519.15	63.5831	7.64343
XM_026440722.1	1809	1572.15	0	0
XM_026440723.1	1543	1306.15	3	0.419445
XM_026440724.1	1633	1396.15	0	0
XM_026440725.1	1151	914.148	85	16.9804
XM_026440726.1	1742	1505.15	1	0.12133
XM_026440727.1	1200	963.148	4	0.758426
XM_026440728.1	2108	1871.15	0	0
XM_026440729.1	4871	4634.15	2	0.0788146
XM_026440730.1	1125	888.148	0	0
XM_026440731.1	2490	2253.15	0	0
XM_026440732.1	2927	2690.15	0	0
XM_026440733.1	2070	1833.15	0.00339474	0.000338186
XM_026440734.1	2063	1826.15	0	0
XM_026440735.1	2067	1830.15	0	0
XM_026440736.1	2055	1818.15	11.2906	1.13405
XM_026440737.1	1844	1607.15	2.70602	0.307483
XM_026440738.1	1517	1280.15	0	0
XM_026440739.1	3269	3032.15	0	0
XM_026440740.1	5589	5352.15	0	0
XM_026440741.1	4258	4021.15	21	0.953709
XM_026440742.1	3890	3653.15	59	2.94938
XM_026440743.1	2654	2417.15	0	0
XM_026440744.1	2988	2751.15	226.284	15.0206
XM_026440745.1	1915	1678.15	117.757	12.8146
XM_026440746.1	3096	2859.15	23.6377	1.50979
XM_026440747.1	1694	1457.15	1	0.125326
XM_026440748.1	3610	3373.15	2	0.108278
XM_026440749.1	2022	1785.15	0	0
XM_026440750.1	8872	8635.15	6.86227	0.145126
XM_026440751.1	8859	8622.15	30.358	0.642991
XM_026440752.1	9911	9674.15	0	0
XM_026440753.1	8790	8553.15	143.416	3.06209
XM_026440754.1	8738	8501.15	28.3635	0.609297
XM_026440755.1	7898	7661.15	0	0
XM_026440756.1	7784	7547.15	0	0
XM_026440757.1	3704	3467.15	39	2.05418
XM_026440758.1	2215	1978.15	32.3469	2.98621
XM_026440759.1	2280	2043.15	0	0
XM_026440760.1	2261	2024.15	1.74482	0.157418
XM_026440761.1	1132	895.148	0	0
XM_026440762.1	1174	937.148	1.49232	0.290804
XM_026440763.1	1197	960.148	42	7.98836
XM_026440764.1	1349	1112.15	2	0.328408
XM_026440765.1	3666	3429.15	16.1986	0.862654
XM_026440766.1	3889	3652.15	24.7725	1.23871
XM_026440767.1	3112	2875.15	17.6613	1.12178
XM_026440768.1	2848	2611.15	32.805	2.29433
XM_026440769.1	3327	3090.15	4.5626	0.269637
XM_026440770.1	2367	2130.15	2.97596	0.255131
XM_026440771.1	2289	2052.15	1.72042e-08	1.53099e-09
XM_026440772.1	2584	2347.15	0	0
XM_026440773.1	2812	2575.15	4.11679	0.291946
XM_026440774.1	3547	3310.15	0	0
XM_026440775.1	3345	3108.15	4.74934	0.279047
XM_026440776.1	3099	2862.15	0	0
XM_026440777.1	4903	4666.15	6.76058	0.264589
XM_026440778.1	5001	4764.15	0	0
XM_026440779.1	3582	3345.15	30.5399	1.66724
XM_026440780.1	1889	1652.15	45.4177	5.02022
XM_026440781.1	5214	4977.15	0	0
XM_026440782.1	3283	3046.15	0	0
XM_026440783.1	3284	3047.15	0	0
XM_026440784.1	2692	2455.15	6.9252	0.515111
XM_026440785.1	2695	2458.15	2.0748	0.15414
XM_026440786.1	2282	2045.15	0	0
XM_026440787.1	2277	2040.15	18.6947	1.67342
XM_026440788.1	2180	1943.15	17.9815	1.68992
XM_026440789.1	1969	1732.15	10.874	1.14643
XM_026440790.1	2264	2027.15	21	1.89182
XM_026440791.1	2186	1949.15	0	0
XM_026440792.1	1829	1592.15	25.9953	2.98166
XM_026440793.1	1837	1600.15	0	0
XM_026440794.1	1653	1416.15	0.00465749	0.000600606
XM_026440795.1	3990	3753.15	0.512753	0.0249493
XM_026440796.1	4500	4263.15	0	0
XM_026440797.1	3984	3747.15	2.48725	0.121217
XM_026440798.1	4713	4476.15	13.9699	0.569949
XM_026440799.1	4705	4468.15	14.7516	0.602917
XM_026440800.1	4687	4450.15	16.6687	0.684028
XM_026440801.1	4109	3872.15	0	0
XM_026440802.1	1486	1249.15	10.4096	1.52183
XM_026440803.1	1366	1129.15	4.59044	0.74242
XM_026440804.1	8739	8502.15	1.95016e-05	4.18879e-07
XM_026440805.1	8728	8491.15	6.99861e-05	1.50519e-06
XM_026440806.1	8700	8463.15	0.00182322	3.93417e-05
XM_026440807.1	8697	8460.15	0.00258709	5.58445e-05
XM_026440808.1	8685	8448.15	0.0105014	0.000227002
XM_026440809.1	8670	8433.15	0.0606741	0.00131389
XM_026440810.1	4106	3869.15	0	0
XM_026440811.1	8655	8418.15	0	0
XM_026440812.1	8652	8415.15	0	0
XM_026440813.1	8625	8388.15	11.9243	0.259606
XM_026440814.1	7028	6791.15	0	0
XM_026440815.1	2061	1824.15	0	0
XM_026440816.1	2815	2578.15	0	0
XM_026440817.1	990	753.224	1	0.24245
XM_026440818.1	14179	13942.1	0	0
XM_026440819.1	15381	15144.1	56.7976	0.684906
XM_026440820.1	14176	13939.1	6.91183	0.0905531
XM_026440821.1	12667	12430.1	34.7684	0.510804
XM_026440822.1	15999	15762.1	16.5152	0.191344
XM_026440823.1	12604	12367.1	0	0
XM_026440824.1	4870	4633.15	55.8527	2.20148
XM_026440825.1	736	501.227	8	2.91475
XM_026440826.1	16383	16146.1	6.62039e-08	7.48792e-10
XM_026440827.1	16380	16143.1	141.216	1.59751
XM_026440828.1	16073	15836.1	210.784	2.43071
XM_026440829.1	4813	4576.15	22	0.877948
XM_026440830.1	1770	1533.15	0	0
XM_026440831.1	499	275.881	11	7.28143
XM_026440832.1	1580	1343.15	0.297374	0.040432
XM_026440833.1	1411	1174.15	0	0
XM_026440834.1	676	442.199	0	0
XM_026440835.1	2088	1851.15	5	0.493259
XM_026440836.1	1226	989.148	8.421	1.55471
XM_026440837.1	991	754.224	3.579	0.86658
XM_026440838.1	2623	2386.15	2.53912	0.194327
XM_026440839.1	2271	2034.15	3.46088	0.310707
XM_026440840.1	2193	1956.15	0	0
XM_026440841.1	789	553.388	2	0.660004
XM_026440842.1	1301	1064.15	12	2.05933
XM_026440843.1	1028	791.148	0	0
XM_026440844.1	3429	3192.15	11	0.629298
XM_026440845.1	1183	946.148	1	0.193013
XM_026440846.1	1839	1602.15	3.3147	0.377823
XM_026440847.1	1742	1505.15	7.79172	0.945367
XM_026440848.1	1643	1406.15	4.89358	0.635539
XM_026440849.1	1808	1571.15	3	0.348699
XM_026440850.1	1294	1057.15	0	0
XM_026440851.1	2523	2286.15	0	0
XM_026440852.1	2335	2098.15	0	0
XM_026440853.1	1315	1078.15	1.26341	0.213999
XM_026440854.1	2181	1944.15	27	2.53618
XM_026440855.1	1474	1237.15	13.9606	2.06076
XM_026440856.1	1447	1210.15	21.6156	3.26193
XM_026440857.1	1447	1210.15	0.000105884	1.59786e-05
XM_026440858.1	1420	1183.15	75.5471	11.6607
XM_026440859.1	3960	3723.15	18	0.882894
XM_026440860.1	5498	5261.15	6.79166	0.235745
XM_026440861.1	5514	5277.15	0.339129	0.0117358
XM_026440862.1	5345	5108.15	0	0
XM_026440863.1	8958	8721.15	33	0.691014
XM_026440864.1	3238	3001.15	3.23968	0.197134
XM_026440865.1	2293	2056.15	5.94479	0.527994
XM_026440866.1	4608	4371.15	1.86572	0.0779467
XM_026440867.1	3070	2833.15	0	0
XM_026440868.1	19779	19542.1	11.0186	0.102968
XM_026440869.1	2049	1812.15	3	0.302325
XM_026440870.1	18559	18322.1	0	0
XM_026440871.1	4645	4408.15	22	0.911408
XM_026440872.1	713	478.425	0	0
XM_026440873.1	3921	3684.15	0	0
XM_026440874.1	912	675.72	0	0
XM_026440875.1	936	699.582	0	0
XM_026440876.1	2732	2495.15	6	0.439138
XM_026440877.1	1136	899.148	0	0
XM_026440878.1	4377	4140.15	61	2.69067
XM_026440879.1	3339	3102.15	69	4.06194
XM_026440880.1	1098	861.148	7	1.48445
XM_026440881.1	963	726.297	0	0
XM_026440882.1	443	228.929	0	0
XM_026440883.1	3654	3417.15	4	0.213768
XM_026440884.1	2756	2519.15	0	0
XM_026440885.1	3297	3060.15	9.06131	0.540748
XM_026440886.1	2178	1941.15	3	0.282234
XM_026440887.1	1701	1464.15	13.7993	1.72115
XM_026440888.1	2980	2743.15	418	27.8275
XM_026440889.1	5249	5012.15	22	0.801577
XM_026440890.1	3537	3300.15	153	8.46651
XM_026440891.1	5124	4887.15	21	0.784712
XM_026440892.1	1358	1121.15	5	0.81443
XM_026440893.1	1390	1153.15	2.92884	0.463828
XM_026440894.1	1619	1382.15	12.0712	1.59493
XM_026440895.1	1852	1615.15	0	0
XM_026440896.1	1015	778.148	20	4.69369
XM_026440897.1	926	689.652	0	0
XM_026440898.1	2879	2642.15	0	0
XM_026440899.1	3708	3471.15	0	0
XM_026440900.1	2555	2318.15	0	0
XM_026440901.1	701	466.519	0	0
XM_026440902.1	1434	1197.15	3	0.457636
XM_026440903.1	1298	1061.15	0	0
XM_026440904.1	1766	1529.15	6	0.716553
XM_026440905.1	463	245.239	0	0
XM_026440906.1	2706	2469.15	0	0
XM_026440907.1	1398	1161.15	1	0.157275
XM_026440908.1	2513	2276.15	0	0
XM_026440909.1	1821	1584.15	0	0
XM_026440910.1	2370	2133.15	0	0
XM_026440911.1	1927	1690.15	4	0.432197
XM_026440912.1	888	651.786	7	1.96128
XM_026440913.1	5919	5682.15	0	0
XM_026440914.1	294	117.242	0	0
XM_026440915.1	2693	2456.15	0	0
XM_026440916.1	9219	8982.15	11	0.223645
XM_026440917.1	1625	1388.15	0	0
XM_026440918.1	6001	5764.15	0	0
XM_026440919.1	5971	5734.15	0	0
XM_026440920.1	5659	5422.15	9.81336	0.330516
XM_026440921.1	4653	4416.15	6.76118	0.279592
XM_026440922.1	3340	3103.15	39	2.29514
XM_026440923.1	2888	2651.15	27.4134	1.88832
XM_026440924.1	2667	2430.15	2.58659	0.194375
XM_026440925.1	1773	1536.15	0	0
XM_026440926.1	1760	1523.15	0	0
XM_026440927.1	1627	1390.15	0	0
XM_026440928.1	1612	1375.15	0	0
XM_026440929.1	1296	1059.15	0	0
XM_026440930.1	1636	1399.15	1	0.130522
XM_026440931.1	1024	787.148	0	0
XM_026440932.1	5841	5604.15	288.979	9.41679
XM_026440933.1	2296	2059.15	3.27189	0.290174
XM_026440934.1	1216	979.148	0	0
XM_026440935.1	840	604.102	0	0
XM_026440936.1	4353	4116.15	283.865	12.5941
XM_026440937.1	12530	12293.1	18.4266	0.273734
XM_026440938.1	12385	12148.1	23.266	0.34975
XM_026440939.1	12207	11970.1	0	0
XM_026440940.1	12567	12330.1	0	0
XM_026440941.1	12606	12369.1	0	0
XM_026440942.1	12267	12030.1	0	0
XM_026440943.1	13440	13203.1	8.37157	0.115791
XM_026440944.1	15079	14842.1	6.11463	0.075235
XM_026440945.1	4022	3785.15	0	0
XM_026440946.1	15052	14815.1	36.8854	0.454668
XM_026440947.1	2766	2529.15	0	0
XM_026440948.1	4686	4449.15	0	0
XM_026440949.1	4650	4413.15	0	0
XM_026440950.1	4650	4413.15	21.9026	0.906345
XM_026440951.1	5319	5082.15	0	0
XM_026440952.1	5033	4796.15	116.112	4.42112
XM_026440953.1	4865	4628.15	13.5994	0.536611
XM_026440954.1	5283	5046.15	225.192	8.14967
XM_026440955.1	4572	4335.15	283.961	11.9619
XM_026440956.1	4566	4329.15	0	0
XM_026440957.1	4395	4158.15	0	0
XM_026440958.1	4281	4044.15	0	0
XM_026440959.1	5940	5703.15	18.5623	0.594381
XM_026440960.1	4254	4017.15	0	0
XM_026440961.1	4535	4298.15	324.675	13.7948
XM_026440962.1	4534	4297.15	0	0
XM_026440963.1	4608	4371.15	0	0
XM_026440964.1	4388	4151.15	41.4746	1.82457
XM_026440965.1	4408	4171.15	0.361024	0.0158062
XM_026440966.1	4017	3780.15	0.0149608	0.000722755
XM_026440967.1	3998	3761.15	2.16215	0.104981
XM_026440968.1	2249	2012.15	1.49926	0.13607
XM_026440969.1	1705	1468.15	8	0.9951
XM_026440970.1	6737	6500.15	0	0
XM_026440971.1	6718	6481.15	0	0
XM_026440972.1	6715	6478.15	0	0
XM_026440973.1	6679	6442.15	0	0
XM_026440974.1	6638	6401.15	27.7063	0.790438
XM_026440975.1	6768	6531.15	0	0
XM_026440976.1	6710	6473.15	0	0
XM_026440977.1	6692	6455.15	45.2937	1.28138
XM_026440978.1	3250	3013.15	0	0
XM_026440979.1	3127	2890.15	0	0
XM_026440980.1	3320	3083.15	0	0
XM_026440981.1	3247	3010.15	0	0
XM_026440982.1	2726	2489.15	0	0
XM_026440983.1	6072	5835.15	21	0.657225
XM_026440984.1	8044	7807.15	4	0.0935651
XM_026440985.1	1420	1183.15	0	0
XM_026440986.1	1546	1309.15	0	0
XM_026440987.1	2533	2296.15	17.9876	1.43061
XM_026440988.1	1868	1631.15	0	0
XM_026440989.1	866	629.915	8	2.31929
XM_026440990.1	2316	2079.15	0	0
XM_026440991.1	2280	2043.15	0	0
XM_026440992.1	826	590.162	5.35347	1.65657
XM_026440993.1	5818	5581.15	14.6877	0.480591
XM_026440994.1	5218	4981.15	64.4426	2.3626
XM_026440995.1	5018	4781.15	0	0
XM_026440996.1	2506	2269.15	3.09316	0.248935
XM_026440997.1	2014	1777.15	1.46837	0.15089
XM_026440998.1	5248	5011.15	22.4375	0.81768
XM_026440999.1	2499	2262.15	0	0
XM_026441000.1	1533	1296.15	0	0
XM_026441001.1	1234	997.148	0	0
XM_026441002.1	2105	1868.15	0	0
XM_026441003.1	1659	1422.15	0	0
XM_026441004.1	1889	1652.15	0	0
XM_026441005.1	4426	4189.15	0	0
XM_026441006.1	4322	4085.15	11.7126	0.52359
XM_026441007.1	10002	9765.15	0.00115229	2.15491e-05
XM_026441008.1	4107	3870.15	0	0
XM_026441009.1	4024	3787.15	14.2291	0.686136
XM_026441010.1	3981	3744.15	0	0
XM_026441011.1	3923	3686.15	7.65059	0.379026
XM_026441012.1	4098	3861.15	0	0
XM_026441013.1	4053	3816.15	0	0
XM_026441014.1	3230	2993.15	22.1204	1.34962
XM_026441015.1	3471	3234.15	0	0
XM_026441016.1	5034	4797.15	92	3.50228
XM_026441017.1	1870	1633.15	19.794	2.21338
XM_026441018.1	4222	3985.15	0	0
XM_026441019.1	7038	6801.15	115	3.08789
XM_026441020.1	7023	6786.15	1.42992e-05	3.84799e-07
XM_026441021.1	1106	869.148	0	0
XM_026441022.1	1266	1029.15	0	0
XM_026441023.1	3456	3219.15	8.45314	0.479538
XM_026441024.1	3445	3208.15	0	0
XM_026441025.1	3433	3196.15	7.76009	0.443391
XM_026441026.1	2279	2042.15	7.78677	0.696332
XM_026441027.1	2268	2031.15	0	0
XM_026441028.1	2256	2019.15	0	0
XM_026441029.1	7400	7163.15	188.989	4.81813
XM_026441030.1	7300	7063.15	0	0
XM_026441031.1	7687	7450.15	123.421	3.02531
XM_026441032.1	7344	7107.15	351.49	9.03158
XM_026441033.1	7384	7147.15	56.6639	1.44784
XM_026441034.1	4043	3806.15	88.5181	4.2471
XM_026441035.1	4002	3765.15	14.4819	0.702409
XM_026441036.1	2849	2612.15	0	0
XM_026441037.1	2628	2391.15	5	0.381865
XM_026441038.1	3179	2942.15	0	0
XM_026441039.1	5151	4914.15	32.4634	1.2064
XM_026441040.1	3940	3703.15	5.13284	0.253124
XM_026441041.1	4843	4606.15	20.4038	0.808944
XM_026441042.1	2527	2290.15	0	0
XM_026441043.1	3972	3735.15	20	0.977842
XM_026441044.1	1187	950.148	32	6.15043
XM_026441045.1	684	449.977	4	1.62337
XM_026441046.1	6487	6250.15	279.503	8.16661
XM_026441047.1	1189	952.148	0	0
XM_026441048.1	1385	1148.15	3	0.477166
XM_026441049.1	1183	946.148	0	0
XM_026441050.1	3401	3164.15	0	0
XM_026441051.1	1559	1322.15	0	0
XM_026441052.1	3148	2911.15	29.1744	1.83014
XM_026441053.1	3113	2876.15	37.893	2.40599
XM_026441054.1	3192	2955.15	232.969	14.3968
XM_026441055.1	5916	5679.15	0.79835	0.0256718
XM_026441056.1	13810	13573.1	93.7899	1.26189
XM_026441057.1	13376	13139.1	21.2101	0.294796
XM_026441058.1	4247	4010.15	128	5.82903
XM_026441059.1	3399	3162.15	0	0
XM_026441060.1	2010	1773.15	0	0
XM_026441061.1	2953	2716.15	0	0
XM_026441062.1	1933	1696.15	8	0.861336
XM_026441063.1	1772	1535.15	0	0
XM_026441064.1	1155	918.148	0	0
XM_026441065.1	781	545.553	0.16081	0.0538297
XM_026441066.1	2564	2327.15	257	20.1677
XM_026441067.1	2840	2603.15	0	0
XM_026441068.1	1647	1410.15	113.607	14.7125
XM_026441069.1	2048	1811.15	609.627	61.4691
XM_026441070.1	1885	1648.15	5.76238	0.638487
XM_026441071.1	1918	1681.15	54.2349	5.89142
XM_026441072.1	1850	1613.15	15.7651	1.78471
XM_026441073.1	927	690.652	0	0
XM_026441074.1	835	599.102	0	0
XM_026441075.1	943	706.512	0	0
XM_026441076.1	4493	4256.15	0	0
XM_026441077.1	4510	4273.15	49.2667	2.10549
XM_026441078.1	4453	4216.15	0	0
XM_026441079.1	4403	4166.15	66.8686	2.93112
XM_026441080.1	4310	4073.15	279.344	12.5244
XM_026441081.1	4250	4013.15	41.2286	1.87612
XM_026441082.1	4210	3973.15	69.2923	3.18491
XM_026441083.1	4669	4432.15	0	0
XM_026441084.1	1436	1199.15	0	0
XM_026441085.1	2008	1771.15	2.11607	0.218183
XM_026441086.1	1250	1013.15	0	0
XM_026441087.1	1814	1577.15	0	0
XM_026441088.1	1697	1460.15	9	1.12562
XM_026441089.1	6019	5782.15	6.7283	0.212502
XM_026441090.1	821	585.162	0	0
XM_026441091.1	591	359.748	2.81965	1.43134
XM_026441092.1	3890	3653.15	0	0
XM_026441093.1	3665	3428.15	18.4314	0.98185
XM_026441094.1	3330	3093.15	6.13972	0.362489
XM_026441095.1	3154	2917.15	0	0
XM_026441096.1	1281	1044.15	0	0
XM_026441097.1	1104	867.148	8	1.68478
XM_026441098.1	750	514.922	2	0.709308
XM_026441099.1	5972	5735.15	0	0
XM_026441100.1	5939	5702.15	0	0
XM_026441101.1	3526	3289.15	0	0
XM_026441102.1	1096	859.148	0	0
XM_026441103.1	2338	2101.15	271.967	23.6378
XM_026441104.1	1883	1646.15	164.575	18.2575
XM_026441105.1	1085	848.148	3.39724	0.731478
XM_026441106.1	8576	8339.15	0	0
XM_026441107.1	8394	8157.15	0	0
XM_026441108.1	8315	8078.15	88.2658	1.99539
XM_026441109.1	9034	8797.15	13.641	0.283171
XM_026441110.1	8513	8276.15	87.117	1.9223
XM_026441111.1	8385	8148.15	9.91256	0.222164
XM_026441112.1	8451	8214.15	0	0
XM_026441113.1	8191	7954.15	188.703	4.33242
XM_026441114.1	8309	8072.15	4.73296	0.107076
XM_026441115.1	3226	2989.15	0	0
XM_026441116.1	2320	2083.15	0	0
XM_026441117.1	2798	2561.15	0	0
XM_026441118.1	3180	2943.15	0	0
XM_026441119.1	3411	3174.15	0	0
XM_026441120.1	915	678.72	0	0
XM_026441121.1	915	678.72	0	0
XM_026441122.1	638	405.175	0	0
XM_026441123.1	8177	7940.15	0	0
XM_026441124.1	3012	2775.15	0.00110866	7.29558e-05
XM_026441125.1	2991	2754.15	1.99889	0.13254
XM_026441126.1	1866	1629.15	11	1.23304
XM_026441127.1	1388	1151.15	2	0.317282
XM_026441128.1	6187	5950.15	54.1399	1.66164
XM_026441129.1	1812	1575.15	0	0
XM_026441130.1	1784	1547.15	6.84854	0.808375
XM_026441131.1	2791	2554.15	271.035	19.3787
XM_026441132.1	6578	6341.15	0	0
XM_026441133.1	6551	6314.15	23	0.665211
XM_026441134.1	1087	850.148	3	0.644426
XM_026441135.1	4213	3976.15	31.0398	1.42562
XM_026441136.1	4148	3911.15	5.42872e-07	2.53478e-08
XM_026441137.1	4085	3848.15	4.9602	0.235393
XM_026441138.1	1425	1188.15	4.7884	0.735981
XM_026441139.1	1973	1736.15	76.8435	8.08289
XM_026441140.1	1603	1366.15	16.3732	2.18868
XM_026441141.1	1433	1196.15	0	0
XM_026441142.1	2116	1879.15	7.61481	0.740022
XM_026441143.1	2108	1871.15	7.07309	0.690316
XM_026441144.1	1328	1091.15	3.09541	0.518062
XM_026441145.1	1335	1098.15	0	0
XM_026441146.1	6095	5858.15	41.7307	1.30089
XM_026441147.1	6752	6515.15	0	0
XM_026441148.1	5817	5580.15	1.54381	0.0505235
XM_026441149.1	4934	4697.15	0	0
XM_026441150.1	5233	4996.15	53.779	1.96573
XM_026441151.1	5230	4993.15	36.221	1.32475
XM_026441152.1	15359	15122.1	0	0
XM_026441153.1	14108	13871.1	181.772	2.39309
XM_026441154.1	2698	2461.15	7.23867	0.537115
XM_026441155.1	2544	2307.15	0	0
XM_026441156.1	1208	971.148	0	0
XM_026441157.1	1545	1308.15	0	0
XM_026441158.1	1275	1038.15	0	0
XM_026441159.1	2919	2682.15	0	0
XM_026441160.1	2888	2651.15	0	0
XM_026441161.1	2723	2486.15	1	0.0734547
XM_026441162.1	1056	819.148	24	5.35051
XM_026441163.1	711	476.425	0	0
XM_026441164.1	540	312.253	80	46.7875
XM_026441165.1	3878	3641.15	0	0
XM_026441166.1	738	503.227	0	0
XM_026441167.1	4742	4505.15	160	6.48571
XM_026441168.1	4894	4657.15	0	0
XM_026441169.1	5042	4805.15	0.000527225	2.00372e-05
XM_026441170.1	2790	2553.15	0.00257174	0.000183949
XM_026441171.1	2041	1804.15	4.77288	0.48312
XM_026441172.1	1663	1426.15	3.22712	0.413235
XM_026441173.1	7901	7664.15	26.8527	0.639839
XM_026441174.1	5263	5026.15	2.06179	0.0749127
XM_026441175.1	3462	3225.15	0	0
XM_026441176.1	3354	3117.15	1.80299	0.105629
XM_026441177.1	3361	3124.15	0.197007	0.0115159
XM_026441178.1	2820	2583.15	0	0
XM_026441179.1	2789	2552.15	0	0
XM_026441180.1	1216	979.148	32	5.96827
XM_026441181.1	2662	2425.15	0	0
XM_026441182.1	2128	1891.15	56.2534	5.43213
XM_026441183.1	2919	2682.15	0	0
XM_026441184.1	5258	5021.15	0	0
XM_026441185.1	5113	4876.15	0	0
XM_026441186.1	2183	1946.15	20	1.87672
XM_026441187.1	1088	851.148	2.99139	0.641823
XM_026441188.1	1044	807.148	0	0
XM_026441189.1	1006	769.148	1.97387	0.468656
XM_026441190.1	2485	2248.15	0	0
XM_026441191.1	2383	2146.15	0	0
XM_026441192.1	3094	2857.15	20	1.27833
XM_026441193.1	1647	1410.15	0	0
XM_026441194.1	17764	17527.1	7.30535e-05	7.61161e-07
XM_026441195.1	17846	17609.1	62.4671	0.647828
XM_026441196.1	17743	17506.1	0.000238523	2.48821e-06
XM_026441197.1	17740	17503.1	3.04525e-07	3.17726e-09
XM_026441198.1	17653	17416.1	0.0386295	0.000405055
XM_026441199.1	17629	17392.1	0.000162423	1.70546e-06
XM_026441200.1	17623	17386.1	0	0
XM_026441201.1	17602	17365.1	0.6982	0.00734257
XM_026441202.1	17476	17239.1	0	0
XM_026441203.1	14193	13956.1	1.17878	0.0154246
XM_026441204.1	591	359.748	4	2.03053
XM_026441205.1	4820	4583.15	3.81929	0.152183
XM_026441206.1	1705	1468.15	0	0
XM_026441207.1	1842	1605.15	20	2.27542
XM_026441208.1	1811	1574.15	8.11416	0.941336
XM_026441209.1	1423	1186.15	4.88584	0.752223
XM_026441210.1	2112	1875.15	27.6252	2.69039
XM_026441211.1	2004	1767.15	0	0
XM_026441212.1	1911	1674.15	6.10674	0.666135
XM_026441213.1	5389	5152.15	0	0
XM_026441214.1	5529	5292.15	13.203	0.455604
XM_026441215.1	5388	5151.15	7.797	0.27642
XM_026441216.1	2631	2394.15	1	0.0762773
XM_026441217.1	1713	1476.15	24	2.96912
XM_026441218.1	4666	4429.15	0	0
XM_026441219.1	4560	4323.15	2.90543	0.122732
XM_026441220.1	5640	5403.15	2.14347e-08	7.24465e-10
XM_026441221.1	5100	4863.15	8.41296	0.31592
XM_026441222.1	5332	5095.15	102.919	3.68878
XM_026441223.1	5098	4861.15	0.0153579	0.000576953
XM_026441224.1	4661	4424.15	0	0
XM_026441225.1	6030	5793.15	167.23	5.27166
XM_026441226.1	4430	4193.15	0	0
XM_026441227.1	4762	4525.15	12.3183	0.497124
XM_026441228.1	4554	4317.15	8.19656	0.346722
XM_026441229.1	4431	4194.15	0	0
XM_026441230.1	4505	4268.15	8.93474	0.382286
XM_026441231.1	4770	4533.15	0	0
XM_026441232.1	4523	4286.15	0	0
XM_026441233.1	6022	5785.15	0.0676623	0.00213589
XM_026441234.1	2258	2021.15	5.57455	0.503684
XM_026441235.1	2147	1910.15	0.000114155	1.09138e-05
XM_026441236.1	2138	1901.15	9.42534	0.905373
XM_026441237.1	3777	3540.15	0	0
XM_026441238.1	1133	896.148	2	0.407565
XM_026441239.1	3492	3255.15	41	2.30017
XM_026441240.1	531	304.451	0	0
XM_026441241.1	1433	1196.15	0	0
XM_026441242.1	13014	12777.1	0	0
XM_026441243.1	1309	1072.15	5.21247	0.887841
XM_026441244.1	2605	2368.15	13.7866	1.06315
XM_026441245.1	2526	2289.15	0	0
XM_026441246.1	12269	12032.1	10.4539	0.158666
XM_026441247.1	1238	1001.15	0	0
XM_026441248.1	12678	12441.1	0	0
XM_026441249.1	530	303.544	0	0
XM_026441250.1	11674	11437.1	131.989	2.1075
XM_026441251.1	3706	3469.15	20.8885	1.09959
XM_026441252.1	3970	3733.15	34.1115	1.66868
XM_026441253.1	13011	12774.1	0	0
XM_026441254.1	13008	12771.1	0	0
XM_026441255.1	2971	2734.15	21.4274	1.43118
XM_026441256.1	2883	2646.15	6.57261	0.453597
XM_026441257.1	3055	2818.15	0	0
XM_026441258.1	13005	12768.1	121.908	1.74362
XM_026441259.1	10219	9982.15	40.7286	0.745113
XM_026441260.1	3810	3573.15	8	0.40887
XM_026441261.1	1171	934.148	7.12074	1.39205
XM_026441262.1	4520	4283.15	4	0.170547
XM_026441263.1	1728	1491.15	0	0
XM_026441264.1	5479	5242.15	35	1.21928
XM_026441265.1	4592	4355.15	0	0
XM_026441266.1	3939	3702.15	7	0.345295
XM_026441267.1	988	751.224	16	3.88953
XM_026441268.1	971	734.297	0	0
XM_026441269.1	1439	1202.15	0	0
XM_026441270.1	1106	869.148	2	0.420226
XM_026441271.1	5850	5613.15	15	0.488013
XM_026441272.1	1391	1154.15	4.18875	0.662781
XM_026441273.1	1428	1191.15	3.81125	0.584316
XM_026441274.1	2037	1800.15	86.7299	8.79847
XM_026441275.1	2159	1922.15	0	0
XM_026441276.1	1814	1577.15	0	0
XM_026441277.1	1860	1623.15	6.27009	0.705443
XM_026441278.1	1722	1485.15	65.9304	8.10705
XM_026441279.1	736	501.227	2	0.728688
XM_026441280.1	1890	1653.15	9.84032	1.08704
XM_026441281.1	14555	14318.1	0	0
XM_026441282.1	14372	14135.1	13	0.167954
XM_026441283.1	2379	2142.15	9	0.767255
XM_026441284.1	3161	2924.15	0	0
XM_026441285.1	4090	3853.15	2.63769e-08	1.25013e-09
XM_026441286.1	9826	9589.15	0	0
XM_026441287.1	6136	5899.15	11.3006	0.34983
XM_026441288.1	2945	2708.15	1	0.0674332
XM_026441289.1	4011	3774.15	20	0.967737
XM_026441290.1	1610	1373.15	11.1121	1.47783
XM_026441291.1	709	474.425	0	0
XM_026441292.1	1442	1205.15	21	3.18218
XM_026441293.1	4145	3908.15	0	0
XM_026441294.1	769	533.607	1	0.342235
XM_026441295.1	1416	1179.15	0	0
XM_026441296.1	2940	2703.15	0	0
XM_026441297.1	2245	2008.15	39	3.54663
XM_026441298.1	1552	1315.15	4.235	0.588065
XM_026441299.1	2840	2603.15	0	0
XM_026441300.1	2606	2369.15	0	0
XM_026441301.1	1931	1694.15	280	30.1824
XM_026441302.1	7204	6967.15	9	0.235903
XM_026441303.1	16601	16364.1	0.000589366	6.57715e-06
XM_026441304.1	17600	17363.1	0.0116006	0.000122011
XM_026441305.1	17490	17253.1	6.14779	0.0650725
XM_026441306.1	17497	17260.1	4.11947	0.0435857
XM_026441307.1	16598	16361.1	0.000706277	7.8833e-06
XM_026441308.1	16592	16355.1	0.00101438	1.13264e-05
XM_026441309.1	16445	16208.1	0	0
XM_026441310.1	16436	16199.1	13.0135	0.146706
XM_026441311.1	16436	16199.1	0	0
XM_026441312.1	2243	2006.15	5	0.455149
XM_026441313.1	1481	1244.15	104	15.2654
XM_026441314.1	3670	3433.15	0	0
XM_026441315.1	520	294.465	0	0
XM_026441316.1	2208	1971.15	0	0
XM_026441317.1	1319	1082.15	0	0
XM_026441318.1	2401	2164.15	0	0
XM_026441319.1	3722	3485.15	0	0
XM_026441320.1	3798	3561.15	0	0
XM_026441321.1	966	729.297	10	2.50404
XM_026441322.1	3710	3473.15	0	0
XM_026441323.1	3786	3549.15	0	0
XM_026441324.1	3265	3028.15	0	0
XM_026441325.1	3533	3296.15	29.4491	1.63159
XM_026441326.1	3227	2990.15	0	0
XM_026441327.1	8688	8451.15	86	1.85836
XM_026441328.1	1435	1198.15	29.781	4.53916
XM_026441329.1	1619	1382.15	20	2.64254
XM_026441330.1	1257	1020.15	5.21898	0.934262
XM_026441331.1	2366	2129.15	3	0.257313
XM_026441332.1	1792	1555.15	0	0
XM_026441333.1	3249	3012.15	0	0
XM_026441334.1	3156	2919.15	13.8494	0.866408
XM_026441335.1	5364	5127.15	0	0
XM_026441336.1	5352	5115.15	0	0
XM_026441337.1	5350	5113.15	0	0
XM_026441338.1	5346	5109.15	0	0
XM_026441339.1	5042	4805.15	0	0
XM_026441340.1	5132	4895.15	0	0
XM_026441341.1	5121	4884.15	0	0
XM_026441342.1	4923	4686.15	0	0
XM_026441343.1	4808	4571.15	12	0.479405
XM_026441344.1	5273	5036.15	0	0
XM_026441345.1	2218	1981.15	4.13601	0.381251
XM_026441346.1	2128	1891.15	0	0
XM_026441347.1	2077	1840.15	2.03014e-05	2.01474e-06
XM_026441348.1	2054	1817.15	4.99998	0.502487
XM_026441349.1	1192	955.148	0	0
XM_026441350.1	2104	1867.15	0	0
XM_026441351.1	2077	1840.15	3.28526	0.326034
XM_026441352.1	1739	1502.15	1.86399	0.226609
XM_026441353.1	1183	946.148	12.9784	2.505
XM_026441354.1	1113	876.148	0.0216299	0.00450842
XM_026441355.1	1373	1136.15	7.98674	1.28375
XM_026441356.1	4644	4407.15	2.11921	0.0878136
XM_026441357.1	954	717.37	0	0
XM_026441358.1	979	742.224	0	0
XM_026441359.1	2744	2507.15	23.0435	1.67847
XM_026441360.1	3903	3666.15	0	0
XM_026441361.1	3625	3388.15	502.996	27.1112
XM_026441362.1	3904	3667.15	26.9407	1.34161
XM_026441363.1	3810	3573.15	187.049	9.55983
XM_026441364.1	3953	3716.15	0	0
XM_026441365.1	721	486.376	0	0
XM_026441366.1	1004	767.148	0	0
XM_026441367.1	609	377.075	0	0
XM_026441368.1	1005	768.148	0	0
XM_026441369.1	532	305.232	0	0
XM_026441370.1	3225	2988.15	17	1.03895
XM_026441371.1	10635	10398.1	3	0.052688
XM_026441372.1	11507	11270.1	35.396	0.573549
XM_026441373.1	11170	10933.1	11.9753	0.200027
XM_026441374.1	11441	11204.1	19.6287	0.319933
XM_026441375.1	11058	10821.1	0	0
XM_026441376.1	3943	3706.15	0	0
XM_026441377.1	3815	3578.15	22.5999	1.15344
XM_026441378.1	1985	1748.15	6.99733	0.730972
XM_026441379.1	3494	3257.15	6	0.336403
XM_026441380.1	631	398.336	0	0
XM_026441381.1	7435	7198.15	2.06885	0.0524872
XM_026441382.1	2579	2342.15	0	0
XM_026441383.1	1999	1762.15	0.00266553	0.00027624
XM_026441384.1	14913	14676.1	18	0.223979
XM_026441385.1	759	523.871	4	1.39438
XM_026441386.1	675	441.199	0	0
XM_026441387.1	2330	2093.15	47.8163	4.17179
XM_026441388.1	2317	2080.15	212.184	18.6279
XM_026441389.1	4302	4065.15	12.5146	0.562195
XM_026441390.1	4025	3788.15	109.326	5.2704
XM_026441391.1	1127	890.148	0	0
XM_026441392.1	4131	3894.15	117.159	5.49428
XM_026441393.1	5560	5323.15	101	3.46497
XM_026441394.1	1627	1390.15	3	0.3941
XM_026441395.1	665	431.505	0	0
XM_026441396.1	5832	5595.15	2	0.0652777
XM_026441397.1	1049	812.148	2	0.449719
XM_026441398.1	1709	1472.15	1	0.124049
XM_026441399.1	2718	2481.15	8	0.588822
XM_026441400.1	1486	1249.15	4	0.58478
XM_026441401.1	2004	1767.15	3	0.310024
XM_026441402.1	4105	3868.15	1	0.047211
XM_026441403.1	2401	2164.15	0	0
XM_026441404.1	3484	3247.15	0	0
XM_026441405.1	608	376.189	1	0.485445
XM_026441406.1	3442	3205.15	0	0
XM_026441407.1	5319	5082.15	0	0
XM_026441408.1	2546	2309.15	3	0.237255
XM_026441409.1	2030	1793.15	0	0
XM_026441410.1	2870	2633.15	0	0
XM_026441411.1	2091	1854.15	0	0
XM_026441412.1	4182	3945.15	0	0
XM_026441413.1	1225	988.148	2	0.369619
XM_026441414.1	862	625.978	17	4.95948
XM_026441415.1	5673	5436.15	0	0
XM_026441416.1	3183	2946.15	901.216	55.8626
XM_026441417.1	2706	2469.15	496.752	36.74
XM_026441418.1	1294	1057.15	7	1.20923
XM_026441419.1	1026	789.148	414	95.8051
XM_026441420.1	4543	4306.15	0	0
XM_026441421.1	4021	3784.15	81	3.90898
XM_026441422.1	2942	2705.15	3.29907	0.222714
XM_026441423.1	5032	4795.15	174.37	6.64074
XM_026441424.1	1482	1245.15	0	0
XM_026441425.1	3208	2971.15	0.000244269	1.50138e-05
XM_026441426.1	3181	2944.15	1.99976	0.124041
XM_026441427.1	1798	1561.15	0	0
XM_026441428.1	2385	2148.15	0	0
XM_026441429.1	9755	9518.15	19	0.364542
XM_026441430.1	7372	7135.15	9.51779	0.243601
XM_026441431.1	7569	7332.15	15.4905	0.385816
XM_026441432.1	7326	7089.15	126.992	3.27136
XM_026441433.1	6592	6355.15	0	0
XM_026441434.1	6825	6588.15	0	0
XM_026441435.1	1293	1056.15	0	0
XM_026441436.1	3081	2844.15	0	0
XM_026441437.1	2723	2486.15	1	0.0734547
XM_026441438.1	1927	1690.15	0	0
XM_026441439.1	5304	5067.15	38	1.36951
XM_026441440.1	4120	3883.15	5.15967	0.242652
XM_026441441.1	2209	1972.15	0	0
XM_026441442.1	2633	2396.15	26.4149	2.01317
XM_026441443.1	6632	6395.15	0	0
XM_026441444.1	6617	6380.15	14	0.400722
XM_026441445.1	1910	1673.15	0	0
XM_026441446.1	1907	1670.15	2	0.218686
XM_026441447.1	1296	1059.15	6	1.03453
XM_026441448.1	1815	1578.15	7	0.810022
XM_026441449.1	5623	5386.15	8.46278	0.286933
XM_026441450.1	5929	5692.15	0	0
XM_026441451.1	2200	1963.15	2.72834	0.2538
XM_026441452.1	2185	1948.15	7.34535e-05	6.88552e-06
XM_026441453.1	3036	2799.15	28.3655	1.85059
XM_026441454.1	2084	1847.15	0	0
XM_026441455.1	2033	1796.15	0	0
XM_026441456.1	1987	1750.15	2.04792	0.21369
XM_026441457.1	1983	1746.15	0	0
XM_026441458.1	1966	1729.15	0	0
XM_026441459.1	1960	1723.15	4.42817	0.469297
XM_026441460.1	1928	1691.15	0	0
XM_026441461.1	2828	2591.15	141.863	9.99822
XM_026441462.1	398	193.089	0	0
XM_026441463.1	5141	4904.15	0	0
XM_026441464.1	4981	4744.15	13.9299	0.536211
XM_026441465.1	2495	2258.15	0	0
XM_026441466.1	12500	12263.1	0.183919	0.00273886
XM_026441467.1	12450	12213.1	10.3731	0.155106
XM_026441468.1	12464	12227.1	3.34833	0.0500091
XM_026441469.1	11576	11339.1	1.01441	0.0163373
XM_026441470.1	9953	9716.15	0.0802358	0.00150807
XM_026441471.1	3337	3100.15	67.9993	4.00561
XM_026441472.1	3325	3088.15	39.0007	2.30633
XM_026441473.1	2067	1830.15	0	0
XM_026441474.1	3528	3291.15	0	0
XM_026441475.1	3415	3178.15	2.99661	0.172188
XM_026441476.1	3438	3201.15	0.00243055	0.000138658
XM_026441477.1	3441	3204.15	0.000964226	5.49557e-05
XM_026441478.1	989	752.224	0	0
XM_026441479.1	934	697.652	0	0
XM_026441480.1	2248	2011.15	0	0
XM_026441481.1	2061	1824.15	0	0
XM_026441482.1	4789	4552.15	8.59668e-08	3.44874e-09
XM_026441483.1	4700	4463.15	25	1.02293
XM_026441484.1	2371	2134.15	0	0
XM_026441485.1	1940	1703.15	5	0.536123
XM_026441486.1	3213	2976.15	344.762	21.1549
XM_026441487.1	2124	1887.15	0	0
XM_026441488.1	3119	2882.15	12.4905	0.791427
XM_026441489.1	1159	922.148	7.38658	1.46282
XM_026441490.1	1451	1214.15	0	0
XM_026441491.1	1940	1703.15	5	0.536123
XM_026441492.1	2010	1773.15	0	0
XM_026441493.1	5528	5291.15	39.8664	1.37595
XM_026441494.1	2092	1855.15	0	0
XM_026441495.1	5503	5266.15	285.868	9.91332
XM_026441496.1	4829	4592.15	2.9981	0.119228
XM_026441497.1	4917	4680.15	2.88954	0.11275
XM_026441498.1	4803	4566.15	6.06521	0.242573
XM_026441499.1	1532	1295.15	8	1.12802
XM_026441500.1	1378	1141.15	1	0.160031
XM_026441501.1	1967	1730.15	9.05532e-07	9.558e-08
XM_026441502.1	7798	7561.15	144.136	3.48121
XM_026441503.1	5766	5529.15	57.1146	1.88641
XM_026441504.1	5895	5658.15	0	0
XM_026441505.1	5923	5686.15	0	0
XM_026441506.1	5392	5155.15	9.90537e-05	3.50894e-06
XM_026441507.1	5324	5087.15	48.7156	1.7488
XM_026441508.1	5715	5478.15	117.17	3.90596
XM_026441509.1	3392	3155.15	1.84807e-08	1.06966e-09
XM_026441510.1	2767	2530.15	333.438	24.0666
XM_026441511.1	3324	3087.15	171.486	10.1442
XM_026441512.1	2898	2661.15	0.0757779	0.0052002
XM_026441513.1	2658	2421.15	5	0.377133
XM_026441514.1	7558	7321.15	1.4206	0.0354355
XM_026441515.1	7525	7288.15	122.735	3.07537
XM_026441516.1	7417	7180.15	0	0
XM_026441517.1	3748	3511.15	11.2031	0.582689
XM_026441518.1	16509	16272.1	0	0
XM_026441519.1	13230	12993.1	0	0
XM_026441520.1	16506	16269.1	0	0
XM_026441521.1	16500	16263.1	0.000259496	2.91388e-06
XM_026441522.1	16497	16260.1	52.5453	0.590141
XM_026441523.1	20657	20420.1	0	0
XM_026441524.1	16467	16230.1	0	0
XM_026441525.1	16666	16429.1	290.964	3.23423
XM_026441526.1	10026	9789.15	0	0
XM_026441527.1	20636	20399.1	0	0
XM_026441528.1	20606	20369.1	0	0
XM_026441529.1	16395	16158.1	26.8651	0.303629
XM_026441530.1	16368	16131.1	0	0
XM_026441531.1	16137	15900.1	287.347	3.30029
XM_026441532.1	20642	20405.1	0	0
XM_026441533.1	20594	20357.1	39.2595	0.352187
XM_026441534.1	20554	20317.1	0.0185595	0.000166821
XM_026441535.1	3347	3110.15	4	0.234869
XM_026441536.1	20584	20347.1	0	0
XM_026441537.1	1107	870.148	0	0
XM_026441538.1	10831	10594.1	148	2.55119
XM_026441539.1	2201	1964.15	0	0
XM_026441540.1	6323	6086.15	3.21905	0.0965899
XM_026441541.1	7049	6812.15	0	0
XM_026441542.1	7077	6840.15	0	0
XM_026441543.1	4551	4314.15	111.506	4.72009
XM_026441544.1	6997	6760.15	47.4939	1.283
XM_026441545.1	3274	3037.15	0	0
XM_026441546.1	5523	5286.15	12	0.414561
XM_026441547.1	1657	1420.15	0	0
XM_026441548.1	1986	1749.15	15.0097	1.56708
XM_026441549.1	1899	1662.15	32.1082	3.52771
XM_026441550.1	3246	3009.15	138	8.37495
XM_026441551.1	3220	2983.15	0	0
XM_026441552.1	3135	2898.15	8.88455	0.559836
XM_026441553.1	3201	2964.15	15.1155	0.931253
XM_026441554.1	3095	2858.15	0	0
XM_026441555.1	3108	2871.15	0	0
XM_026441556.1	3038	2801.15	0	0
XM_026441557.1	1344	1107.15	2.48128	0.409276
XM_026441558.1	4500	4263.15	0	0
XM_026441559.1	10731	10494.1	0	0
XM_026441560.1	10650	10413.1	0	0
XM_026441561.1	10644	10407.1	72.8848	1.27894
XM_026441562.1	10563	10326.1	167.115	2.95545
XM_026441563.1	5532	5295.15	0	0
XM_026441564.1	5520	5283.15	76.6735	2.65032
XM_026441565.1	5517	5280.15	0	0
XM_026441566.1	5505	5268.15	0	0
XM_026441567.1	5466	5229.15	96.0968	3.35602
XM_026441568.1	6044	5807.15	2.1808e-08	6.85804e-10
XM_026441569.1	5505	5268.15	5.25683	0.182227
XM_026441570.1	1502	1265.15	47.333	6.83233
XM_026441571.1	1764	1527.15	91.1922	10.9049
XM_026441572.1	2797	2560.15	7.41356	0.52882
XM_026441573.1	2726	2489.15	0	0
XM_026441574.1	1761	1524.15	13.5419	1.62256
XM_026441575.1	3463	3226.15	2.88696	0.163419
XM_026441576.1	1613	1376.15	3.60796	0.478788
XM_026441577.1	1470	1233.15	0	0
XM_026441578.1	1099	862.148	0	0
XM_026441579.1	1631	1394.15	2.0581	0.26959
XM_026441580.1	6953	6716.15	0	0
XM_026441581.1	7066	6829.15	0	0
XM_026441582.1	6870	6633.15	8.83249	0.24317
XM_026441583.1	2100	1863.15	0	0
XM_026441584.1	2296	2059.15	0	0
XM_026441585.1	1894	1657.15	0	0
XM_026441586.1	8173	7936.15	68.3418	1.57262
XM_026441587.1	1875	1638.15	5	0.557395
XM_026441588.1	5710	5473.15	34.9818	1.16721
XM_026441589.1	5102	4865.15	7.9962	0.300147
XM_026441590.1	5549	5312.15	3.40516	0.117061
XM_026441591.1	4746	4509.15	28.3335	1.1475
XM_026441592.1	5343	5106.15	0	0
XM_026441593.1	5183	4946.15	0	0
XM_026441594.1	3710	3473.15	14.2834	0.751026
XM_026441595.1	4696	4459.15	12.6765	0.519151
XM_026441596.1	4633	4396.15	0	0
XM_026441597.1	2999	2762.15	5.07081	0.335256
XM_026441598.1	4237	4000.15	0	0
XM_026441599.1	2155	1918.15	5.79392	0.551616
XM_026441600.1	4289	4052.15	5.00543	0.225581
XM_026441601.1	4353	4116.15	14.8484	0.658773
XM_026441602.1	3463	3226.15	11.1461	0.630938
XM_026441603.1	1823	1586.15	0	0
XM_026441604.1	2132	1895.15	17	1.63814
XM_026441605.1	1741	1504.15	0	0
XM_026441606.1	1385	1148.15	20	3.18111
XM_026441607.1	1860	1623.15	0	0
XM_026441608.1	2000	1763.15	13	1.34648
XM_026441609.1	5229	4992.15	0.010731	0.000392554
XM_026441610.1	5223	4986.15	0.0351672	0.00128801
XM_026441611.1	5208	4971.15	0.688018	0.0252749
XM_026441612.1	5202	4965.15	2.26608	0.083347
XM_026441613.1	8120	7883.15	0	0
XM_026441614.1	8565	8328.15	10.5131	0.230532
XM_026441615.1	8562	8325.15	0	0
XM_026441616.1	716	481.425	0	0
XM_026441617.1	521	295.404	0	0
XM_026441618.1	17488	17251.1	0	0
XM_026441619.1	17462	17225.1	1.01286e-05	1.07382e-07
XM_026441620.1	16960	16723.1	0	0
XM_026441621.1	7246	7009.15	1.92863	0.0502493
XM_026441622.1	7241	7004.15	3.90064	0.101701
XM_026441623.1	7239	7002.15	5.17073	0.134855
XM_026441624.1	5034	4797.15	19	0.723297
XM_026441625.1	3966	3729.15	2	0.0979415
XM_026441626.1	3718	3481.15	37.2511	1.95417
XM_026441627.1	4036	3799.15	41.4568	1.99276
XM_026441628.1	3769	3532.15	18.8639	0.975301
XM_026441629.1	3610	3373.15	13.4209	0.726593
XM_026441630.1	3715	3478.15	0.000144304	7.57665e-06
XM_026441631.1	3703	3466.15	43.0072	2.2659
XM_026441632.1	3754	3517.15	1.71273e-06	8.89291e-08
XM_026441633.1	3691	3454.15	0	0
XM_026441634.1	3679	3442.15	0	0
XM_026441635.1	3556	3319.15	0	0
XM_026441636.1	3860	3623.15	113.345	5.713
XM_026441637.1	1846	1609.15	11.6599	1.32326
XM_026441638.1	3974	3737.15	0	0
XM_026441639.1	10412	10175.1	18.7637	0.336762
XM_026441640.1	9647	9410.15	147.235	2.85734
XM_026441641.1	9625	9388.15	0.000891047	1.73327e-05
XM_026441642.1	5884	5647.15	41.576	1.3445
XM_026441643.1	5716	5479.15	22.8792	0.76256
XM_026441644.1	5214	4977.15	0	0
XM_026441645.1	2992	2755.15	4	0.265132
XM_026441646.1	649	415.804	0	0
XM_026441647.1	8470	8233.15	34	0.754153
XM_026441648.1	556	326.888	3	1.67598
XM_026441649.1	4047	3810.15	7.12092	0.341303
XM_026441650.1	4049	3812.15	4.2422	0.203221
XM_026441651.1	3933	3696.15	13.0612	0.645327
XM_026441652.1	3870	3633.15	42.7404	2.14834
XM_026441653.1	2872	2635.15	21.8605	1.51496
XM_026441654.1	2787	2550.15	16.3379	1.16998
XM_026441655.1	4726	4489.15	0	0
XM_026441656.1	4689	4452.15	75.1646	3.08312
XM_026441657.1	6005	5768.15	8.81796	0.279176
XM_026441658.1	5996	5759.15	41.182	1.30586
XM_026441659.1	5960	5723.15	0	0
XM_026441660.1	5985	5748.15	26	0.826022
XM_026441661.1	3657	3420.15	0.999992	0.0533947
XM_026441662.1	4134	3897.15	0	0
XM_026441663.1	2017	1780.15	0	0
XM_026441664.1	1980	1743.15	147.978	15.5027
XM_026441665.1	1842	1605.15	0	0
XM_026441666.1	1806	1569.15	13.0225	1.51557
XM_026441667.1	1321	1084.15	0	0
XM_026441668.1	1442	1205.15	0	0
XM_026441669.1	1941	1704.15	27.4037	2.93662
XM_026441670.1	2290	2053.15	11	0.978405
XM_026441671.1	1877	1640.15	0	0
XM_026441672.1	8589	8352.15	679.542	14.8581
XM_026441673.1	8192	7955.15	46.5213	1.06795
XM_026441674.1	7337	7100.15	81.4787	2.09567
XM_026441675.1	3309	3072.15	0	0
XM_026441676.1	3301	3064.15	19.8993	1.18597
XM_026441677.1	3775	3538.15	12.0615	0.622549
XM_026441678.1	2316	2079.15	0	0
XM_026441679.1	3023	2786.15	0	0
XM_026441680.1	2921	2684.15	16	1.08858
XM_026441681.1	1579	1342.15	0	0
XM_026441682.1	5392	5155.15	0	0
XM_026441683.1	5389	5152.15	0	0
XM_026441684.1	5378	5141.15	15.121	0.537115
XM_026441685.1	4358	4121.15	38.879	1.72283
XM_026441686.1	2694	2457.15	5.73373	0.42614
XM_026441687.1	1736	1499.15	0	0
XM_026441688.1	1751	1514.15	0	0
XM_026441689.1	1377	1140.15	0.45926	0.0735603
XM_026441690.1	1707	1470.15	18.6293	2.3141
XM_026441691.1	473	253.454	0	0
XM_026441692.1	2898	2661.15	0	0
XM_026441693.1	2063	1826.15	9	0.900022
XM_026441694.1	930	693.652	0	0
XM_026441695.1	2298	2061.15	7.40609	0.656185
XM_026441696.1	21553	21316.1	76.0541	0.651569
XM_026441697.1	2042	1805.15	0	0
XM_026441698.1	1085	848.148	0	0
XM_026441699.1	1245	1008.15	0	0
XM_026441700.1	33983	33746.1	4045.78	21.894
XM_026441701.1	1974	1737.15	0	0
XM_026441702.1	2500	2263.15	0	0
XM_026441703.1	2476	2239.15	8	0.65246
XM_026441704.1	2526	2289.15	0	0
XM_026441705.1	1340	1103.15	0	0
XM_026441706.1	992	755.224	11	2.65989
XM_026441707.1	1059	822.148	0	0
XM_026441708.1	1913	1676.15	3	0.326855
XM_026441709.1	2812	2575.15	0	0
XM_026441710.1	2705	2468.15	0	0
XM_026441711.1	2702	2465.15	0	0
XM_026441712.1	2946	2709.15	19	1.28076
XM_026441713.1	4104	3867.15	0	0
XM_026441714.1	2845	2608.15	5.57148e-05	3.90108e-06
XM_026441715.1	2281	2044.15	55	4.91357
XM_026441716.1	3371	3134.15	15	0.874014
XM_026441717.1	5265	5028.15	13.3326	0.484233
XM_026441718.1	4997	4760.15	11.0266	0.423027
XM_026441719.1	5233	4996.15	0	0
XM_026441720.1	4942	4705.15	11.6408	0.451808
XM_026441721.1	3990	3753.15	0	0
XM_026441722.1	871	634.915	0	0
XM_026441723.1	508	283.953	0	0
XM_026441724.1	1967	1730.15	7	0.738858
XM_026441725.1	2955	2718.15	20	1.3437
XM_026441726.1	6502	6265.15	19	0.55382
XM_026441727.1	6484	6247.15	0	0
XM_026441728.1	1078	841.148	8	1.73686
XM_026441729.1	958	721.37	0	0
XM_026441730.1	1004	767.148	0	0
XM_026441731.1	1015	778.148	0	0
XM_026441732.1	2377	2140.15	9	0.767972
XM_026441733.1	4772	4535.15	12.7344	0.512782
XM_026441734.1	4670	4433.15	134.08	5.5233
XM_026441735.1	2252	2015.15	0	0
XM_026441736.1	2218	1981.15	0	0
XM_026441737.1	1431	1194.15	7	1.0705
XM_026441738.1	2176	1939.15	28	2.6369
XM_026441739.1	5232	4995.15	0	0
XM_026441740.1	5229	4992.15	0	0
XM_026441741.1	5211	4974.15	0	0
XM_026441742.1	5196	4959.15	0	0
XM_026441743.1	5193	4956.15	0	0
XM_026441744.1	5187	4950.15	0	0
XM_026441745.1	5166	4929.15	0	0
XM_026441746.1	2527	2290.15	0	0
XM_026441747.1	2523	2286.15	0	0
XM_026441748.1	1666	1429.15	15	1.91673
XM_026441749.1	1588	1351.15	4	0.540634
XM_026441750.1	1236	999.148	0	0
XM_026441751.1	2541	2304.15	0	0
XM_026441752.1	2777	2540.15	0	0
XM_026441753.1	2550	2313.15	2	0.157897
XM_026441754.1	2648	2411.15	0	0
XM_026441755.1	2576	2339.15	0	0
XM_026441756.1	2203	1966.15	0	0
XM_026441757.1	2209	1972.15	0	0
XM_026441758.1	1775	1538.15	0	0
XM_026441759.1	2521	2284.15	0	0
XM_026441760.1	2197	1960.15	0	0
XM_026441761.1	9527	9290.15	236	4.63912
XM_026441762.1	2115	1878.15	8	0.777869
XM_026441763.1	4525	4288.15	34.4103	1.46543
XM_026441764.1	4448	4211.15	10.5897	0.45923
XM_026441765.1	4500	4263.15	0	0
XM_026441766.1	4422	4185.15	0	0
XM_026441767.1	5856	5619.15	19	0.617489
XM_026441768.1	2041	1804.15	15	1.51833
XM_026441769.1	4568	4331.15	1.44029	0.0607285
XM_026441770.1	1398	1161.15	0	0
XM_026441771.1	6978	6741.15	0	0
XM_026441772.1	5823	5586.15	0	0
XM_026441773.1	6598	6361.15	0	0
XM_026441774.1	6965	6728.15	0	0
XM_026441775.1	6936	6699.15	2.43535	0.0663879
XM_026441776.1	6923	6686.15	16.5646	0.452431
XM_026441777.1	4705	4468.15	0	0
XM_026441778.1	1705	1468.15	0	0
XM_026441779.1	5966	5729.15	2.42063	0.0771586
XM_026441780.1	3852	3615.15	0	0
XM_026441781.1	4210	3973.15	0	0
XM_026441782.1	4068	3831.15	6.03052	0.287457
XM_026441783.1	4522	4285.15	4.96948	0.211783
XM_026441784.1	1326	1089.15	0	0
XM_026441785.1	4318	4081.15	0	0
XM_026441786.1	1003	766.148	0	0
XM_026441787.1	958	721.37	7.45368	1.88695
XM_026441788.1	962	725.297	0	0
XM_026441789.1	1209	972.148	0	0
XM_026441790.1	890	653.786	5.44479	1.52087
XM_026441791.1	787	551.388	0	0
XM_026441792.1	749	513.922	0	0
XM_026441793.1	1026	789.148	2.10152	0.48632
XM_026441794.1	720	485.425	36	13.5434
XM_026441795.1	1158	921.148	0	0
XM_026441796.1	1495	1258.15	0	0
XM_026441797.1	3720	3483.15	10	0.524294
XM_026441798.1	1506	1269.15	4.01546	0.57779
XM_026441799.1	1461	1224.15	3.88406	0.579426
XM_026441800.1	1133	896.148	0	0
XM_026441801.1	3050	2813.15	1.22627e-08	7.96051e-10
XM_026441802.1	1481	1244.15	40.9845	6.01582
XM_026441803.1	2002	1765.15	131.376	13.592
XM_026441804.1	5647	5410.15	0	0
XM_026441805.1	5084	4847.15	0	0
XM_026441806.1	4716	4479.15	29.2937	1.19433
XM_026441807.1	64653	64416.1	0	0
XM_026441808.1	64650	64413.1	0.851562	0.00241428
XM_026441809.1	64647	64410.1	2.45515	0.00696098
XM_026441810.1	64644	64407.1	2.45603	0.00696379
XM_026441811.1	64599	64362.1	2.43677	0.00691401
XM_026441812.1	64584	64347.1	0	0
XM_026441813.1	64581	64344.1	4.06168	0.0115277
XM_026441814.1	64575	64338.1	66.4165	0.188518
XM_026441815.1	64530	64293.1	2.46024	0.0069881
XM_026441816.1	64455	64218.1	7.3933	0.0210246
XM_026441817.1	64251	64014.1	2.46211	0.00702388
XM_026441818.1	63912	63675.1	4.92809	0.0141337
XM_026441819.1	63207	62970.1	0	0
XM_026441820.1	62651	62414.1	12.8776	0.0376788
XM_026441821.1	62622	62385.1	0	0
XM_026441822.1	61677	61440.1	2.36854e-06	7.04002e-09
XM_026441823.1	61293	61056.1	134.093	0.401074
XM_026441824.1	61282	61045.1	22.3577	0.0668841
XM_026441825.1	60231	59994.1	10.368	0.0315595
XM_026441826.1	1297	1060.15	26.4838	4.56206
XM_026441827.1	58782	58545.1	0	0
XM_026441828.1	57021	56784.1	0	0
XM_026441829.1	55676	55439.1	14.8967	0.0490705
XM_026441830.1	55649	55412.1	2.98222	0.00982837
XM_026441831.1	55539	55302.1	2.98993	0.00987336
XM_026441832.1	54066	53829.1	20.7902	0.0705322
XM_026441833.1	49612	49375.1	5091.47	18.8313
XM_026441834.1	41358	41121.1	0	0
XM_026441835.1	76350	76113.1	29536.3	70.8668
XM_026441836.1	684	449.977	2	0.811683
XM_026441837.1	1566	1329.15	0	0
XM_026441838.1	5813	5576.15	9.46592	0.31001
XM_026441839.1	3838	3601.15	0	0
XM_026441840.1	4193	3956.15	5	0.230804
XM_026441841.1	4337	4100.15	0	0
XM_026441842.1	1726	1489.15	42	5.1506
XM_026441843.1	6963	6726.15	0	0
XM_026441844.1	6961	6724.15	0	0
XM_026441845.1	6889	6652.15	63.6436	1.74719
XM_026441846.1	15023	14786.1	3.33312e-05	4.11663e-07
XM_026441847.1	14654	14417.1	68.6425	0.869481
XM_026441848.1	14989	14752.1	37.6609	0.46621
XM_026441849.1	14579	14342.1	128.697	1.6387
XM_026441850.1	15017	14780.1	4.97537e-05	6.14742e-07
XM_026441851.1	14841	14604.1	0	0
XM_026441852.1	14807	14570.1	0	0
XM_026441853.1	14801	14564.1	0	0
XM_026441854.1	14835	14598.1	0	0
XM_026441855.1	2124	1887.15	54	5.22558
XM_026441856.1	1410	1173.15	0	0
XM_026441857.1	1395	1158.15	0	0
XM_026441858.1	995	758.224	59.7423	14.389
XM_026441859.1	5046	4809.15	311.742	11.8379
XM_026441860.1	1273	1036.15	0	0
XM_026441861.1	1841	1604.15	0	0
XM_026441862.1	3168	2931.15	5.31308	0.33102
XM_026441863.1	11513	11276.1	0	0
XM_026441864.1	11339	11102.1	0	0
XM_026441865.1	11288	11051.1	40.9062	0.675971
XM_026441866.1	1464	1227.15	3	0.446448
XM_026441867.1	1333	1096.15	0	0
XM_026441868.1	5695	5458.15	3.60729	0.120693
XM_026441869.1	5436	5199.15	168.701	5.92558
XM_026441870.1	5684	5447.15	639.385	21.4358
XM_026441871.1	5073	4836.15	75.6673	2.8573
XM_026441872.1	5168	4931.15	955.92	35.4014
XM_026441873.1	5221	4984.15	381.434	13.9757
XM_026441874.1	5156	4919.15	187.286	6.95284
XM_026441875.1	10254	10017.1	5.98478	0.109106
XM_026441876.1	10251	10014.1	23.2505	0.423998
XM_026441877.1	10242	10005.1	19.5368	0.356596
XM_026441878.1	10203	9966.15	0.00679567	0.000124523
XM_026441879.1	10197	9960.15	0	0
XM_026441880.1	10107	9870.15	36.2211	0.67017
XM_026441881.1	1905	1668.15	0	0
XM_026441882.1	1902	1665.15	0	0
XM_026441883.1	1887	1650.15	0	0
XM_026441884.1	1301	1064.15	0	0
XM_026441885.1	1884	1647.15	0	0
XM_026441886.1	2322	2085.15	1.98893	0.174193
XM_026441887.1	2212	1975.15	1.31106e-06	1.21219e-07
XM_026441888.1	2208	1971.15	9.69591e-06	8.98288e-07
XM_026441889.1	2239	2002.15	0	0
XM_026441890.1	2243	2006.15	32.7768	2.98366
XM_026441891.1	1785	1548.15	0	0
XM_026441892.1	2318	2081.15	13.2343	1.1613
XM_026441893.1	1791	1554.15	0	0
XM_026441894.1	2003	1766.15	0	0
XM_026441895.1	1205	968.148	4	0.75451
XM_026441896.1	1568	1331.15	47.0289	6.45186
XM_026441897.1	1501	1264.15	3.98376	0.575495
XM_026441898.1	988	751.224	0	0
XM_026441899.1	975	738.297	0	0
XM_026441900.1	2258	2021.15	0	0
XM_026441901.1	1782	1545.15	0	0
XM_026441902.1	1092	855.148	0	0
XM_026441903.1	1556	1319.15	0	0
XM_026441904.1	1618	1381.15	48.0245	6.34994
XM_026441905.1	1932	1695.15	11	1.18504
XM_026441906.1	3405	3168.15	17.0603	0.983394
XM_026441907.1	3332	3095.15	0	0
XM_026441908.1	930	693.652	0	0
XM_026441909.1	4371	4134.15	0	0
XM_026441910.1	4350	4113.15	2.53101e-08	1.12374e-09
XM_026441911.1	4341	4104.15	0	0
XM_026441912.1	4320	4083.15	0	0
XM_026441913.1	4273	4036.15	3.19046	0.144355
XM_026441914.1	3736	3499.15	12.8295	0.669566
XM_026441915.1	3542	3305.15	9.40337	0.519564
XM_026441916.1	3706	3469.15	0	0
XM_026441917.1	3512	3275.15	0.0136806	0.00076282
XM_026441918.1	3638	3401.15	0	0
XM_026441919.1	906	669.72	0	0
XM_026441920.1	3491	3254.15	7.82381	0.439064
XM_026441921.1	3409	3172.15	0	0
XM_026441922.1	2267	2030.15	0	0
XM_026441923.1	4376	4139.15	0	0
XM_026441924.1	3277	3040.15	8.17632	0.491145
XM_026441925.1	4461	4224.15	8.71395	0.376723
XM_026441926.1	4480	4243.15	0	0
XM_026441927.1	6685	6448.15	60.5635	1.71523
XM_026441928.1	1891	1654.15	0	0
XM_026441929.1	4691	4454.15	28.549	1.1705
XM_026441930.1	1644	1407.15	0	0
XM_026441931.1	1550	1313.15	2	0.27814
XM_026441932.1	1520	1283.15	0	0
XM_026441933.1	1639	1402.15	0	0
XM_026441934.1	4659	4422.15	0.00569143	0.000235036
XM_026441935.1	1236	999.148	5	0.913875
XM_026441936.1	4372	4135.15	10.2826	0.454105
XM_026441937.1	4535	4298.15	25.1627	1.06911
XM_026441938.1	3945	3708.15	0	0
XM_026441939.1	2311	2074.15	5.43177	0.478242
XM_026441940.1	1859	1622.15	0	0
XM_026441941.1	1817	1580.15	3.57611	0.413295
XM_026441942.1	2716	2479.15	30.2721	2.2299
XM_026441943.1	804	568.277	0	0
XM_026441944.1	779	543.553	2	0.671947
XM_026441945.1	10072	9835.15	403.231	7.4872
XM_026441946.1	10058	9821.15	226.486	4.21139
XM_026441947.1	2843	2606.15	0	0
XM_026441948.1	1928	1691.15	11.9948	1.29526
XM_026441949.1	2136	1899.15	4.05012	0.389454
XM_026441950.1	1796	1559.15	0	0
XM_026441951.1	1500	1263.15	7	1.01202
XM_026441952.1	1668	1431.15	0	0
XM_026441953.1	1647	1410.15	0	0
XM_026441954.1	3582	3345.15	0	0
XM_026441955.1	902	665.72	0	0
XM_026441956.1	2220	1983.15	1	0.0920855
XM_026441957.1	347	154.648	1	1.18087
XM_026441958.1	5647	5410.15	0	0
XM_026441959.1	4359	4122.15	0	0
XM_026441960.1	4300	4063.15	0	0
XM_026441961.1	2429	2192.15	2.0155	0.167904
XM_026441962.1	1693	1456.15	0	0
XM_026441963.1	2852	2615.15	0	0
XM_026441964.1	2863	2626.15	0	0
XM_026441965.1	2631	2394.15	0	0
XM_026441966.1	1274	1037.15	63	11.0929
XM_026441967.1	10015	9778.15	0	0
XM_026441968.1	10050	9813.15	0	0
XM_026441969.1	9943	9706.15	0	0
XM_026441970.1	10012	9775.15	0	0
XM_026441971.1	10013	9776.15	21.2455	0.396867
XM_026441972.1	10003	9766.15	37.1086	0.693901
XM_026441973.1	9991	9754.15	7.18941	0.134602
XM_026441974.1	9778	9541.15	13.235	0.25332
XM_026441975.1	9430	9193.15	95.498	1.89704
XM_026441976.1	8524	8287.15	9.72346	0.21427
XM_026441977.1	9144	8907.15	0	0
XM_026441978.1	604	372.341	0	0
XM_026441979.1	5916	5679.15	0	0
XM_026441980.1	5906	5669.15	49.8401	1.60549
XM_026441981.1	1585	1348.15	5	0.677297
XM_026441982.1	2083	1846.15	9	0.890271
XM_026441983.1	4243	4006.15	43.0856	1.96405
XM_026441984.1	3570	3333.15	0	0
XM_026441985.1	3530	3293.15	0	0
XM_026441986.1	3482	3245.15	0.110812	0.00623591
XM_026441987.1	2856	2619.15	0	0
XM_026441988.1	3442	3205.15	19.6598	1.12015
XM_026441989.1	3799	3562.15	22.4959	1.15329
XM_026441990.1	4669	4432.15	0	0
XM_026441991.1	4666	4429.15	0	0
XM_026441992.1	5316	5079.15	61.6348	2.21606
XM_026441993.1	4673	4436.15	0	0
XM_026441994.1	4355	4118.15	9.66751	0.428705
XM_026441995.1	4459	4222.15	9.83511	0.425395
XM_026441996.1	4463	4226.15	3.86257	0.166908
XM_026441997.1	2817	2580.15	0	0
XM_026441998.1	2396	2159.15	0	0
XM_026441999.1	8444	8207.15	10.5891	0.23562
XM_026442000.1	821	585.162	0	0
XM_026442001.1	2881	2644.15	78.0486	5.39046
XM_026442002.1	2012	1775.15	4	0.411502
XM_026442003.1	1337	1100.15	0	0
XM_026442004.1	1717	1480.15	0	0
XM_026442005.1	4052	3815.15	0	0
XM_026442006.1	3821	3584.15	17	0.866183
XM_026442007.1	2477	2240.15	0.550274	0.0448589
XM_026442008.1	2328	2091.15	0	0
XM_026442009.1	3830	3593.15	10.8984	0.553903
XM_026442010.1	2523	2286.15	0	0
XM_026442011.1	4324	4087.15	0.00500538	0.000223647
XM_026442012.1	4261	4024.15	1.7703e-06	8.03377e-08
XM_026442013.1	4249	4012.15	0.0179938	0.000819018
XM_026442014.1	4228	3991.15	0.00403484	0.000184618
XM_026442015.1	4170	3933.15	0.000205672	9.54953e-06
XM_026442016.1	4140	3903.15	234.649	10.9787
XM_026442017.1	4539	4302.15	0	0
XM_026442018.1	1700	1463.15	1.48099	0.184847
XM_026442019.1	1631	1394.15	0	0
XM_026442020.1	5398	5161.15	55.9832	1.98088
XM_026442021.1	5341	5104.15	0.016839	0.000602477
XM_026442022.1	1489	1252.15	2.99999	0.437533
XM_026442023.1	5597	5360.15	19	0.647326
XM_026442024.1	4518	4281.15	0	0
XM_026442025.1	3926	3689.15	0	0
XM_026442026.1	4257	4020.15	9.27726	0.421429
XM_026442027.1	3528	3291.15	0	0
XM_026442028.1	2957	2720.15	1.72274	0.115657
XM_026442029.1	6751	6514.15	15.0105	0.420807
XM_026442030.1	3474	3237.15	0	0
XM_026442031.1	3094	2857.15	10	0.639166
XM_026442032.1	1308	1071.15	0	0
XM_026442033.1	12787	12550.1	76	1.10589
XM_026442034.1	12299	12062.1	0.000665439	1.00747e-05
XM_026442035.1	12271	12034.1	0	0
XM_026442036.1	10077	9840.15	4.4318e-06	8.22479e-08
XM_026442037.1	10074	9837.15	5.98802e-06	1.11163e-07
XM_026442038.1	10074	9837.15	0	0
XM_026442039.1	10072	9835.15	0.514439	0.00955211
XM_026442040.1	10016	9779.15	0	0
XM_026442041.1	10008	9771.15	0.00460141	8.59986e-05
XM_026442042.1	10082	9845.15	38.9056	0.721666
XM_026442043.1	9954	9717.15	0	0
XM_026442044.1	9950	9713.15	63.8807	1.20104
XM_026442045.1	9936	9699.15	33.6947	0.634416
XM_026442046.1	1640	1403.15	0	0
XM_026442047.1	5018	4781.15	22	0.840305
XM_026442048.1	5015	4778.15	0	0
XM_026442049.1	5055	4818.15	0	0
XM_026442050.1	4860	4623.15	0	0
XM_026442051.1	4609	4372.15	0	0
XM_026442052.1	4576	4339.15	0	0
XM_026442053.1	2912	2675.15	34.4384	2.35094
XM_026442054.1	1512	1275.15	0	0
XM_026442055.1	3268	3031.15	0	0
XM_026442056.1	3644	3407.15	0	0
XM_026442057.1	3019	2782.15	0	0
XM_026442058.1	3395	3158.15	4	0.231299
XM_026442059.1	1487	1250.15	0	0
XM_026442060.1	1596	1359.15	0	0
XM_026442061.1	1409	1172.15	0	0
XM_026442062.1	1293	1056.15	1	0.172911
XM_026442063.1	5261	5024.15	68.192	2.47866
XM_026442064.1	5166	4929.15	23.4311	0.868094
XM_026442065.1	4698	4461.15	26.0886	1.06795
XM_026442066.1	4894	4657.15	0	0
XM_026442067.1	4754	4517.15	0	0
XM_026442068.1	4527	4290.15	83.8029	3.56725
XM_026442069.1	7023	6786.15	0	0
XM_026442070.1	7622	7385.15	0	0
XM_026442071.1	7743	7506.15	9.11193	0.221687
XM_026442072.1	6946	6709.15	7.88807	0.214709
XM_026442073.1	6733	6496.15	0	0
XM_026442074.1	6665	6428.15	0	0
XM_026442075.1	7065	6828.15	0	0
XM_026442076.1	7065	6828.15	0	0
XM_026442077.1	4433	4196.15	12.8099	0.557495
XM_026442078.1	7023	6786.15	0	0
XM_026442079.1	7020	6783.15	0	0
XM_026442080.1	3996	3759.15	23	1.11734
XM_026442081.1	3918	3681.15	0	0
XM_026442082.1	2797	2560.15	8	0.570652
XM_026442083.1	4541	4304.15	0	0
XM_026442084.1	2426	2189.15	0	0
XM_026442085.1	4170	3933.15	0	0
XM_026442086.1	1472	1235.15	24.7409	3.65799
XM_026442087.1	1913	1676.15	14.864	1.61946
XM_026442088.1	4429	4192.15	0	0
XM_026442089.1	10755	10518.1	68.0477	1.18146
XM_026442090.1	4261	4024.15	4	0.181523
XM_026442091.1	3526	3289.15	0	0
XM_026442092.1	7860	7623.15	179.43	4.2984
XM_026442093.1	4659	4422.15	0	0
XM_026442094.1	814	578.22	2	0.63166
XM_026442095.1	4414	4177.15	0	0
XM_026442096.1	5564	5327.15	0	0
XM_026442097.1	5511	5274.15	105.054	3.63755
XM_026442098.1	5590	5353.15	0	0
XM_026442099.1	5605	5368.15	21.9456	0.746567
XM_026442100.1	5525	5288.15	0	0
XM_026442101.1	5462	5225.15	0	0
XM_026442102.1	5417	5180.15	0	0
XM_026442103.1	5407	5170.15	0	0
XM_026442104.1	5352	5115.15	0	0
XM_026442105.1	5354	5117.15	0	0
XM_026442106.1	1517	1280.15	4.72407	0.673911
XM_026442107.1	4497	4260.15	13.7	0.587277
XM_026442108.1	4118	3881.15	33.0852	1.55676
XM_026442109.1	4281	4044.15	54.9773	2.48258
XM_026442110.1	4021	3784.15	0	0
XM_026442111.1	5430	5193.15	37.9833	1.3357
XM_026442112.1	5007	4770.15	29.2473	1.1197
XM_026442113.1	5233	4996.15	0	0
XM_026442114.1	5233	4996.15	33.4137	1.22134
XM_026442115.1	5163	4926.15	0	0
XM_026442116.1	4748	4511.15	3.09235	0.125184
XM_026442117.1	4635	4398.15	0	0
XM_026442118.1	4568	4331.15	0	0
XM_026442119.1	2324	2087.15	13.5256	1.18345
XM_026442120.1	1045	808.148	0	0
XM_026442121.1	4942	4705.15	0	0
XM_026442122.1	4875	4638.15	32	1.25995
XM_026442123.1	4746	4509.15	0	0
XM_026442124.1	4096	3859.15	0	0
XM_026442125.1	5311	5074.15	0	0
XM_026442126.1	2841	2604.15	15.9721	1.12007
XM_026442127.1	2550	2313.15	24.4672	1.93165
XM_026442128.1	2629	2392.15	0	0
XM_026442129.1	2676	2439.15	38.7042	2.89778
XM_026442130.1	2857	2620.15	33.8565	2.35973
XM_026442131.1	2373	2136.15	3	0.25647
XM_026442132.1	1505	1268.15	22	3.1681
XM_026442133.1	1665	1428.15	0	0
XM_026442134.1	1676	1439.15	9.21228	1.16898
XM_026442135.1	1625	1388.15	0	0
XM_026442136.1	1659	1422.15	0	0
XM_026442137.1	1570	1333.15	0	0
XM_026442138.1	1002	765.148	0	0
XM_026442139.1	850	614.102	0	0
XM_026442140.1	949	712.441	3	0.768986
XM_026442141.1	1107	870.148	18.3686	3.85505
XM_026442142.1	2436	2199.15	20	1.66082
XM_026442143.1	2044	1807.15	3.36789	0.340338
XM_026442144.1	2132	1895.15	1.63211	0.157273
XM_026442145.1	1321	1084.15	8.29237	1.39681
XM_026442146.1	4876	4639.15	16.7738	0.660297
XM_026442147.1	4113	3876.15	0	0
XM_026442148.1	1016	779.148	2.72517e-07	6.38735e-08
XM_026442149.1	1004	767.148	1.22622	0.291902
XM_026442150.1	3583	3346.15	16.0037	0.873419
XM_026442151.1	1714	1477.15	4	0.494518
XM_026442152.1	1761	1524.15	0.00301111	0.000360783
XM_026442153.1	7155	6918.15	3.13733e-07	8.28164e-09
XM_026442154.1	7155	6918.15	2.46519e-05	6.5074e-07
XM_026442155.1	7155	6918.15	1.77823e-05	4.69402e-07
XM_026442156.1	1751	1514.15	1.99699	0.240854
XM_026442157.1	7155	6918.15	59.2874	1.56502
XM_026442158.1	7155	6918.15	0	0
XM_026442159.1	7155	6918.15	0	0
XM_026442160.1	7155	6918.15	0	0
XM_026442161.1	6159	5922.15	0	0
XM_026442162.1	7139	6902.15	3.10893	0.082257
XM_026442163.1	3113	2876.15	3	0.190483
XM_026442164.1	3278	3041.15	0	0
XM_026442165.1	3410	3173.15	0	0
XM_026442166.1	1932	1695.15	0	0
XM_026442167.1	2128	1891.15	9.20175	0.888569
XM_026442168.1	1686	1449.15	363	45.7447
XM_026442169.1	1497	1260.15	3	0.434757
XM_026442170.1	2690	2453.15	0	0
XM_026442171.1	2567	2330.15	44.0392	3.45146
XM_026442172.1	5213	4976.15	0	0
XM_026442173.1	5111	4874.15	179.603	6.72917
XM_026442174.1	1240	1003.15	5.63394e-05	1.02564e-05
XM_026442175.1	1229	992.148	2.99994	0.552183
XM_026442176.1	3587	3350.15	0	0
XM_026442177.1	3518	3281.15	5	0.278286
XM_026442178.1	3872	3635.15	0	0
XM_026442179.1	4166	3929.15	0	0
XM_026442180.1	3083	2846.15	8	0.513309
XM_026442181.1	3433	3196.15	0	0
XM_026442182.1	4563	4326.15	1	0.0422129
XM_026442183.1	3174	2937.15	85	5.28493
XM_026442184.1	1174	937.148	2	0.389734
XM_026442185.1	663	429.548	3.53239	1.50177
XM_026442186.1	14543	14306.1	303.712	3.8769
XM_026442187.1	14528	14291.1	226.288	2.89162
XM_026442188.1	820	584.162	0	0
XM_026442189.1	2094	1857.15	0	0
XM_026442190.1	2640	2403.15	8.17397	0.621154
XM_026442191.1	7967	7730.15	0	0
XM_026442192.1	7963	7726.15	0	0
XM_026442193.1	7952	7715.15	16.8074	0.397835
XM_026442194.1	7913	7676.15	0	0
XM_026442195.1	7794	7557.15	25.8849	0.625512
XM_026442196.1	8164	7927.15	0	0
XM_026442197.1	2346	2109.15	1.82603	0.158105
XM_026442198.1	7310	7073.15	0	0
XM_026442199.1	8033	7796.15	63.089	1.47782
XM_026442200.1	7320	7083.15	0	0
XM_026442201.1	8114	7877.15	0	0
XM_026442202.1	7436	7199.15	0	0
XM_026442203.1	7359	7122.15	17.1877	0.440709
XM_026442204.1	8059	7822.15	0	0
XM_026442205.1	8007	7770.15	22.5404	0.529759
XM_026442206.1	7488	7251.15	0	0
XM_026442207.1	7324	7087.15	0	0
XM_026442208.1	4252	4015.15	31.8891	1.4504
XM_026442209.1	4018	3781.15	29	1.40062
XM_026442210.1	5035	4798.15	0.0216369	0.00082351
XM_026442211.1	5003	4766.15	15.9784	0.612225
XM_026442212.1	1206	969.148	8.58165	1.61706
XM_026442213.1	3646	3409.15	0	0
XM_026442214.1	1589	1352.15	5	0.675293
XM_026442215.1	820	584.162	0	0
XM_026442216.1	3442	3205.15	0	0
XM_026442217.1	3354	3117.15	0	0
XM_026442218.1	3262	3025.15	0	0
XM_026442219.1	3349	3112.15	0	0
XM_026442220.1	3212	2975.15	0	0
XM_026442221.1	2390	2153.15	9.5415	0.809262
XM_026442222.1	1996	1759.15	3.4585	0.359031
XM_026442223.1	2350	2113.15	5	0.432102
XM_026442224.1	1847	1610.15	0	0
XM_026442225.1	2792	2555.15	6.0281	0.430835
XM_026442226.1	2937	2700.15	37.9719	2.56815
XM_026442227.1	2679	2442.15	83.3792	6.23494
XM_026442228.1	4672	4435.15	3.18617	0.131192
XM_026442229.1	3280	3043.15	1.81383	0.108848
XM_026442230.1	12133	11896.1	36.1298	0.554633
XM_026442231.1	12070	11833.1	19.8702	0.306654
XM_026442232.1	6268	6031.15	10	0.302793
XM_026442233.1	6883	6646.15	0	0
XM_026442234.1	2347	2110.15	8.81984	0.763299
XM_026442235.1	2295	2058.15	9.28996	0.824297
XM_026442236.1	2354	2117.15	8.88999	0.766826
XM_026442237.1	2370	2133.15	0.000198881	1.70262e-05
XM_026442238.1	2229	1992.15	0	0
XM_026442239.1	2094	1857.15	0	0
XM_026442240.1	2171	1934.15	0	0
XM_026442241.1	2671	2434.15	0	0
XM_026442242.1	5274	5037.15	0	0
XM_026442243.1	5119	4882.15	15	0.561083
XM_026442244.1	4745	4508.15	0	0
XM_026442245.1	963	726.297	0	0
XM_026442246.1	1112	875.148	8	1.66938
XM_026442247.1	4503	4266.15	0	0
XM_026442248.1	3856	3619.15	0	0
XM_026442249.1	1446	1209.15	5	0.755157
XM_026442250.1	1685	1448.15	227	28.6259
XM_026442251.1	2944	2707.15	120	8.09498
XM_026442252.1	2480	2243.15	11.4523	0.932355
XM_026442253.1	2126	1889.15	48	4.64004
XM_026442254.1	1724	1487.15	0	0
XM_026442255.1	417	208.169	0	0
XM_026442256.1	830	594.102	0	0
XM_026442257.1	3166	2929.15	0	0
XM_026442258.1	5243	5006.15	2	0.072958
XM_026442259.1	690	455.704	13	5.20962
XM_026442260.1	1433	1196.15	0	0
XM_026442261.1	558	328.755	7	3.88841
XM_026442262.1	2589	2352.15	93.1967	7.23573
XM_026442263.1	2724	2487.15	11.8033	0.866662
XM_026442264.1	2593	2356.15	0	0
XM_026442265.1	2317	2080.15	0	0
XM_026442266.1	516	290.887	0	0
XM_026442267.1	1725	1488.15	55.888	6.85833
XM_026442268.1	1441	1204.15	16.9749	2.57439
XM_026442269.1	1321	1084.15	5.13715	0.865326
XM_026442270.1	6742	6505.15	0	0
XM_026442271.1	3712	3475.15	44	2.3122
XM_026442272.1	2409	2172.15	6	0.504439
XM_026442273.1	5903	5666.15	7.60728e-07	2.45182e-08
XM_026442274.1	2872	2635.15	7.07157	0.490069
XM_026442275.1	746	510.974	0	0
XM_026442276.1	2530	2293.15	3	0.238911
XM_026442277.1	9656	9419.15	7.06357	0.136949
XM_026442278.1	6743	6506.15	1.07703	0.0302308
XM_026442279.1	6728	6491.15	10.5105	0.295697
XM_026442280.1	5052	4815.15	6.71284	0.254591
XM_026442281.1	11059	10822.1	185.269	3.12633
XM_026442282.1	2873	2636.15	34.5442	2.39305
XM_026442283.1	3095	2858.15	35.1587	2.24644
XM_026442284.1	3228	2991.15	25.2971	1.54447
XM_026442285.1	1843	1606.15	77.2903	8.78792
XM_026442286.1	1621	1384.15	12.884	1.69987
XM_026442287.1	1602	1365.15	28.8257	3.85608
XM_026442288.1	1487	1250.15	0	0
XM_026442289.1	3236	2999.15	19.3531	1.17842
XM_026442290.1	3483	3246.15	0	0
XM_026442291.1	1819	1582.15	0	0
XM_026442292.1	1810	1573.15	0	0
XM_026442293.1	1936	1699.15	0.0315422	0.00339006
XM_026442294.1	1926	1689.15	10.6923	1.15598
XM_026442295.1	1611	1374.15	8.27612	1.09987
XM_026442296.1	3239	3002.15	18.3656	1.11717
XM_026442297.1	3233	2996.15	0	0
XM_026442298.1	2898	2661.15	0	0
XM_026442299.1	2828	2591.15	15	1.05717
XM_026442300.1	2106	1869.15	0	0
XM_026442301.1	2570	2333.15	3.37493	0.264161
XM_026442302.1	3854	3617.15	15	0.757306
XM_026442303.1	1566	1329.15	6.04049	0.829938
XM_026442304.1	1070	833.148	1	0.219192
XM_026442305.1	2797	2560.15	0	0
XM_026442306.1	2788	2551.15	31.4933	2.25439
XM_026442307.1	2767	2530.15	0	0
XM_026442308.1	2370	2133.15	7.95951	0.681415
XM_026442309.1	2585	2348.15	0	0
XM_026442310.1	2662	2425.15	0	0
XM_026442311.1	3099	2862.15	22.1435	1.41287
XM_026442312.1	2909	2672.15	5.85648	0.400242
XM_026442313.1	2826	2589.15	0	0
XM_026442314.1	9111	8874.15	0.543352	0.0111815
XM_026442315.1	7106	6869.15	25.3392	0.673653
XM_026442316.1	7103	6866.15	38.9978	1.03723
XM_026442317.1	1473	1236.15	0	0
XM_026442318.1	3197	2960.15	0	0
XM_026442319.1	3210	2973.15	9	0.552806
XM_026442320.1	3017	2780.15	0	0
XM_026442321.1	1469	1232.15	0	0
XM_026442322.1	6968	6731.15	9.81452	0.266272
XM_026442323.1	2853	2616.15	0.185447	0.0129451
XM_026442324.1	2138	1901.15	73.4611	7.05647
XM_026442325.1	4799	4562.15	0	0
XM_026442326.1	4389	4152.15	0	0
XM_026442327.1	4721	4484.15	0	0
XM_026442328.1	4311	4074.15	132.144	5.92321
XM_026442329.1	4127	3890.15	4.02984	0.189177
XM_026442330.1	4118	3881.15	12.1751	0.572872
XM_026442331.1	2389	2152.15	4.28919	0.363956
XM_026442332.1	2488	2251.15	0	0
XM_026442333.1	2322	2085.15	15.5854	1.36498
XM_026442334.1	695	460.658	0	0
XM_026442335.1	707	472.425	0	0
XM_026442336.1	6823	6586.15	1.67507	0.0464458
XM_026442337.1	6810	6573.15	11.7747	0.327133
XM_026442338.1	5940	5703.15	59.5902	1.90812
XM_026442339.1	6366	6129.15	66.4737	1.9806
XM_026442340.1	5148	4911.15	0	0
XM_026442341.1	4943	4706.15	10.3234	0.400593
XM_026442342.1	1908	1671.15	0	0
XM_026442343.1	1686	1449.15	3.573	0.450264
XM_026442344.1	1665	1428.15	7.427	0.9497
XM_026442345.1	5119	4882.15	0	0
XM_026442346.1	5104	4867.15	21.9706	0.824355
XM_026442347.1	5283	5046.15	0	0
XM_026442348.1	5234	4997.15	0	0
XM_026442349.1	5265	5028.15	16.5853	0.602367
XM_026442350.1	4922	4685.15	0	0
XM_026442351.1	4906	4669.15	0	0
XM_026442352.1	4510	4273.15	0	0
XM_026442353.1	4129	3892.15	0	0
XM_026442354.1	3338	3101.15	25.4441	1.49834
XM_026442355.1	3108	2871.15	125.289	7.96902
XM_026442356.1	1382	1145.15	2.10812	0.336186
XM_026442357.1	2405	2168.15	0	0
XM_026442358.1	2123	1886.15	0	0
XM_026442359.1	3087	2850.15	2	0.128147
XM_026442360.1	2716	2479.15	8	0.589297
XM_026442361.1	3030	2793.15	1	0.0653811
XM_026442362.1	1878	1641.15	4	0.445101
XM_026442363.1	1538	1301.15	1.63988	0.230162
XM_026442364.1	2549	2312.15	0	0
XM_026442365.1	1989	1752.15	0	0
XM_026442366.1	1791	1554.15	0	0
XM_026442367.1	17415	17178.1	650	6.91008
XM_026442368.1	17403	17166.1	0.000143011	1.5214e-06
XM_026442369.1	1600	1363.15	4.52597	0.606338
XM_026442370.1	1586	1349.15	0	0
XM_026442371.1	2162	1925.15	10.5492	1.0007
XM_026442372.1	741	506.126	0	0
XM_026442373.1	1208	971.148	24	4.51307
XM_026442374.1	1253	1016.15	0	0
XM_026442375.1	1223	986.148	55	10.1851
XM_026442376.1	4711	4474.15	8	0.326532
XM_026442377.1	2789	2552.15	32.4578	2.32252
XM_026442378.1	1806	1569.15	20	2.32762
XM_026442379.1	951	714.441	0	0
XM_026442380.1	705	470.425	0	0
XM_026442381.1	643	410.011	6	2.6724
XM_026442382.1	686	451.796	7	2.82945
XM_026442383.1	1653	1416.15	10	1.28955
XM_026442384.1	4728	4491.15	0	0
XM_026442385.1	1172	935.148	1.45192	0.283537
XM_026442386.1	1471	1234.15	4	0.591888
XM_026442387.1	12643	12406.1	0	0
XM_026442388.1	12628	12391.1	6.0568	0.0892644
XM_026442389.1	12633	12396.1	3.0795	0.045367
XM_026442390.1	12593	12356.1	0	0
XM_026442391.1	13063	12826.1	0	0
XM_026442392.1	12470	12233.1	3.1108	0.0464387
XM_026442393.1	12416	12179.1	0	0
XM_026442394.1	12948	12711.1	0	0
XM_026442395.1	12945	12708.1	40.5568	0.582811
XM_026442396.1	12945	12708.1	0	0
XM_026442397.1	12322	12085.1	0	0
XM_026442398.1	12236	11999.1	6.13154	0.093318
XM_026442399.1	12852	12615.1	0	0
XM_026442400.1	12839	12602.1	44.5289	0.645273
XM_026442401.1	12836	12599.1	0	0
XM_026442402.1	12836	12599.1	0	0
XM_026442403.1	12837	12600.1	0	0
XM_026442404.1	12831	12594.1	0	0
XM_026442405.1	12794	12557.1	6.95053e-08	1.01082e-09
XM_026442406.1	12685	12448.1	0.000379373	5.56555e-06
XM_026442407.1	12686	12449.1	0	0
XM_026442408.1	12643	12406.1	1.09315e-06	1.60912e-08
XM_026442409.1	12571	12334.1	3.33205	0.0493343
XM_026442410.1	12417	12180.1	7.34394e-07	1.10109e-08
XM_026442411.1	12308	12071.1	0.00523803	7.92439e-05
XM_026442412.1	12199	11962.1	40.4911	0.618153
XM_026442413.1	12076	11839.1	0	0
XM_026442414.1	11614	11377.1	0	0
XM_026442415.1	11620	11383.1	16.1418	0.258962
XM_026442416.1	11496	11259.1	0	0
XM_026442417.1	11388	11151.1	0	0
XM_026442418.1	11382	11145.1	0	0
XM_026442419.1	13007	12770.1	15.5652	0.22259
XM_026442420.1	1464	1227.15	1	0.148816
XM_026442421.1	812	576.22	0	0
XM_026442422.1	2886	2649.15	0	0
XM_026442423.1	1702	1465.15	0	0
XM_026442424.1	1412	1175.15	0	0
XM_026442425.1	2301	2064.15	1	0.088472
XM_026442426.1	2043	1806.15	1	0.10111
XM_026442427.1	4157	3920.15	0	0
XM_026442428.1	4625	4388.15	0	0
XM_026442429.1	5051	4814.15	0	0
XM_026442430.1	1421	1184.15	0	0
XM_026442431.1	1352	1115.15	2	0.327525
XM_026442432.1	1026	789.148	0	0
XM_026442433.1	1401	1164.15	0	0
XM_026442434.1	1425	1188.15	0	0
XM_026442435.1	1406	1169.15	0	0
XM_026442436.1	15027	14790.1	285.76	3.52838
XM_026442437.1	14557	14320.1	127.24	1.62264
XM_026442438.1	1183	946.148	0	0
XM_026442439.1	8986	8749.15	0	0
XM_026442440.1	8983	8746.15	23.1908	0.484223
XM_026442441.1	8980	8743.15	0	0
XM_026442442.1	8929	8692.15	1.97015e-05	4.13923e-07
XM_026442443.1	8923	8686.15	200.177	4.20856
XM_026442444.1	8899	8662.15	0	0
XM_026442445.1	8896	8659.15	0	0
XM_026442446.1	8893	8656.15	0	0
XM_026442447.1	8890	8653.15	0	0
XM_026442448.1	8836	8599.15	0.00019889	4.2238e-06
XM_026442449.1	9052	8815.15	6.63207	0.137393
XM_026442450.1	8422	8185.15	0	0
XM_026442451.1	8353	8116.15	0	0
XM_026442452.1	8424	8187.15	0	0
XM_026442453.1	2034	1797.15	0	0
XM_026442454.1	1895	1658.15	0	0
XM_026442455.1	1389	1152.15	4	0.634013
XM_026442456.1	6170	5933.15	0	0
XM_026442457.1	994	757.224	0	0
XM_026442458.1	1949	1712.15	2.63644	0.281205
XM_026442459.1	472	252.561	66.1238	47.8122
XM_026442460.1	679	445.021	36.1397	14.8303
XM_026442461.1	490	268.129	0	0
XM_026442462.1	1324	1087.15	0	0
XM_026442463.1	4058	3821.15	0	0
XM_026442464.1	4038	3801.15	0	0
XM_026442465.1	3999	3762.15	70	3.39788
XM_026442466.1	3871	3634.15	0	0
XM_026442467.1	3984	3747.15	0	0
XM_026442468.1	3702	3465.15	0	0
XM_026442469.1	3544	3307.15	0	0
XM_026442470.1	3493	3256.15	0	0
XM_026442471.1	3103	2866.15	1	0.0637159
XM_026442472.1	3357	3120.15	0	0
XM_026442473.1	1174	937.148	6	1.1692
XM_026442474.1	2000	1763.15	0	0
XM_026442475.1	2012	1775.15	0	0
XM_026442476.1	1943	1706.15	0	0
XM_026442477.1	1886	1649.15	3.51818	0.389587
XM_026442478.1	829	593.102	5	1.53953
XM_026442479.1	1059	822.148	0	0
XM_026442480.1	1017	780.148	6	1.4045
XM_026442481.1	1288	1051.15	0	0
XM_026442482.1	1168	931.148	0	0
XM_026442483.1	4152	3915.15	0	0
XM_026442484.1	3963	3726.15	23.427	1.14816
XM_026442485.1	4996	4759.15	0	0
XM_026442486.1	2312	2075.15	0	0
XM_026442487.1	1322	1085.15	7.85464	1.32186
XM_026442488.1	2057	1820.15	0	0
XM_026442489.1	2062	1825.15	0	0
XM_026442490.1	2073	1836.15	0	0
XM_026442491.1	2570	2333.15	0	0
XM_026442492.1	1741	1504.15	11	1.33551
XM_026442493.1	1576	1339.15	0	0
XM_026442494.1	1618	1381.15	0	0
XM_026442495.1	5346	5109.15	87.6447	3.13273
XM_026442496.1	2187	1950.15	3	0.280931
XM_026442497.1	2781	2544.15	56.3811	4.04704
XM_026442498.1	2167	1930.15	0	0
XM_026442499.1	1980	1743.15	0	0
XM_026442500.1	10941	10704.1	8464	144.401
XM_026442501.1	10670	10433.1	0	0
XM_026442502.1	10453	10216.1	0	0
XM_026442503.1	10141	9904.15	0	0
XM_026442504.1	10137	9900.15	0	0
XM_026442505.1	10430	10193.1	0.0336675	0.000603183
XM_026442506.1	10426	10189.1	21.3657	0.382936
XM_026442507.1	9938	9701.15	55.2749	1.04052
XM_026442508.1	10589	10352.1	17.8123	0.314222
XM_026442509.1	3219	2982.15	2.50141	0.15318
XM_026442510.1	2001	1764.15	104.257	10.7923
XM_026442511.1	1874	1637.15	7.74342	0.863757
XM_026442512.1	3018	2781.15	0	0
XM_026442513.1	3028	2791.15	1.48854	0.0973924
XM_026442514.1	1292	1055.15	5	0.865373
XM_026442515.1	2206	1969.15	0	0
XM_026442516.1	4729	4492.15	6.77005	0.275223
XM_026442517.1	4903	4666.15	0	0
XM_026442518.1	4349	4112.15	0	0
XM_026442519.1	16850	16613.1	227	2.49529
XM_026442520.1	5832	5595.15	6	0.195833
XM_026442521.1	5823	5586.15	0	0
XM_026442522.1	11872	11635.1	409	6.41945
XM_026442523.1	6533	6296.15	7.0939	0.205758
XM_026442524.1	6951	6714.15	0	0
XM_026442525.1	7256	7019.15	8.66241	0.225372
XM_026442526.1	1651	1414.15	0	0
XM_026442527.1	1640	1403.15	2.92726	0.380982
XM_026442528.1	4986	4749.15	42.4304	1.63158
XM_026442529.1	2513	2276.15	0	0
XM_026442530.1	1584	1347.15	29.0226	3.9343
XM_026442531.1	2678	2441.15	192.583	14.4069
XM_026442532.1	1918	1681.15	350.374	38.0603
XM_026442533.1	4159	3922.15	12.363	0.575635
XM_026442534.1	715	480.425	0	0
XM_026442535.1	4188	3951.15	0.00859796	0.000397392
XM_026442536.1	10301	10064.1	0	0
XM_026442537.1	10238	10001.1	0	0
XM_026442538.1	10196	9959.15	22.0419	0.404178
XM_026442539.1	10124	9887.15	0	0
XM_026442540.1	9738	9501.15	63.9581	1.22932
XM_026442541.1	9772	9535.15	0	0
XM_026442542.1	1381	1144.15	0	0
XM_026442543.1	1378	1141.15	0	0
XM_026442544.1	1457	1220.15	0	0
XM_026442545.1	1345	1108.15	0.000301313	4.96554e-05
XM_026442546.1	1396	1159.15	0	0
XM_026442547.1	1333	1096.15	13.9997	2.33236
XM_026442548.1	6635	6398.15	13.9183	0.397264
XM_026442549.1	6406	6169.15	0	0
XM_026442550.1	6576	6339.15	427.333	12.3107
XM_026442551.1	6503	6266.15	0	0
XM_026442552.1	4933	4696.15	0	0
XM_026442553.1	3356	3119.15	0	0
XM_026442554.1	3288	3051.15	6.3199	0.378263
XM_026442555.1	3354	3117.15	5.6801	0.332771
XM_026442556.1	2522	2285.15	0	0
XM_026442557.1	2519	2282.15	0	0
XM_026442558.1	2386	2149.15	27.8781	2.36888
XM_026442559.1	2486	2249.15	6.1219	0.497067
XM_026442560.1	2502	2265.15	0	0
XM_026442561.1	4563	4326.15	0	0
XM_026442562.1	4727	4490.15	5.62047	0.228591
XM_026442563.1	3750	3513.15	7.81167	0.406063
XM_026442564.1	2071	1834.15	0	0
XM_026442565.1	3317	3080.15	0	0
XM_026442566.1	2926	2689.15	0	0
XM_026442567.1	3482	3245.15	0	0
XM_026442568.1	2077	1840.15	1	0.0992416
XM_026442569.1	1113	876.148	1	0.208434
XM_026442570.1	985	748.224	0	0
XM_026442571.1	584	353.218	4	2.06806
XM_026442572.1	1801	1564.15	0	0
XM_026442573.1	1179	942.148	1.88977	0.366299
XM_026442574.1	1249	1012.15	0	0
XM_026442575.1	1075	838.148	0	0
XM_026442576.1	1774	1537.15	0	0
XM_026442577.1	1093	856.148	3.11537	0.664519
XM_026442578.1	1206	969.148	42.483	8.00519
XM_026442579.1	796	560.277	0.401626	0.130908
XM_026442580.1	2175	1938.15	0	0
XM_026442581.1	1630	1393.15	5.64528e-08	7.40006e-09
XM_026442582.1	2733	2496.15	0	0
XM_026442583.1	2832	2595.15	0	0
XM_026442584.1	2588	2351.15	0	0
XM_026442585.1	2727	2490.15	0	0
XM_026442586.1	4605	4368.15	0	0
XM_026442587.1	5497	5260.15	5	0.173588
XM_026442588.1	2341	2104.15	66	5.72815
XM_026442589.1	2329	2092.15	0	0
XM_026442590.1	743	508.076	0	0
XM_026442591.1	1986	1749.15	0	0
XM_026442592.1	7205	6968.15	135.716	3.55682
XM_026442593.1	937	700.582	0	0
XM_026442594.1	845	609.102	0	0
XM_026442595.1	2595	2358.15	0	0
XM_026442596.1	2183	1946.15	1.77381	0.166448
XM_026442597.1	7749	7512.15	22.8704	0.555976
XM_026442598.1	8581	8344.15	0	0
XM_026442599.1	8228	7991.15	0	0
XM_026442600.1	6135	5898.15	0	0
XM_026442601.1	6102	5865.15	0	0
XM_026442602.1	8140	7903.15	0	0
XM_026442603.1	8112	7875.15	3.17761	0.0736865
XM_026442604.1	6045	5808.15	0	0
XM_026442605.1	8109	7872.15	0	0
XM_026442606.1	3189	2952.15	5.49421	0.339871
XM_026442607.1	15234	14997.1	1.24053e-07	1.51059e-09
XM_026442608.1	15260	15023.1	2.2445e-08	2.72838e-10
XM_026442609.1	15318	15081.1	0	0
XM_026442610.1	11209	10972.1	14.824	0.246728
XM_026442611.1	4409	4172.15	0	0
XM_026442612.1	2677	2440.15	53.0134	3.96749
XM_026442613.1	1916	1679.15	4.08572e-07	4.44351e-08
XM_026442614.1	1978	1741.15	0	0
XM_026442615.1	1890	1653.15	1.99713	0.220618
XM_026442616.1	2027	1790.15	0	0
XM_026442617.1	1670	1433.15	0	0
XM_026442618.1	1901	1664.15	0.00286839	0.000314769
XM_026442619.1	1570	1333.15	8.89191	1.21804
XM_026442620.1	6871	6634.15	0	0
XM_026442621.1	1792	1555.15	0	0
XM_026442622.1	6888	6651.15	0	0
XM_026442623.1	661	427.591	51.7688	22.1098
XM_026442624.1	6868	6631.15	11.1277	0.306451
XM_026442625.1	6838	6601.15	0	0
XM_026442626.1	15560	15323.1	53.0688	0.632467
XM_026442627.1	1989	1752.15	4.31563	0.449801
XM_026442628.1	5166	4929.15	4.01597	0.148787
XM_026442629.1	1177	940.148	466.646	90.6438
XM_026442630.1	2744	2507.15	0	0
XM_026442631.1	2720	2483.15	21.2616	1.56365
XM_026442632.1	2462	2225.15	0	0
XM_026442633.1	2438	2201.15	43.7384	3.62878
XM_026442634.1	6785	6548.15	70.6442	1.97017
XM_026442635.1	1778	1541.15	0	0
XM_026442636.1	1574	1337.15	0	0
XM_026442637.1	6016	5779.15	5.78033	0.182657
XM_026442638.1	6014	5777.15	8.13433	0.257131
XM_026442639.1	3270	3033.15	0	0
XM_026442640.1	6636	6399.15	39.9589	1.14035
XM_026442641.1	1451	1214.15	0	0
XM_026442642.1	633	400.256	0	0
XM_026442643.1	5584	5347.15	0.0485525	0.0016582
XM_026442644.1	5578	5341.15	0.14705	0.0050278
XM_026442645.1	5576	5339.15	0.212816	0.00727911
XM_026442646.1	5569	5332.15	0.776893	0.0266076
XM_026442647.1	5559	5322.15	4.95463	0.170008
XM_026442648.1	5541	5304.15	0.0998917	0.00343922
XM_026442649.1	5515	5278.15	12.7602	0.44149
XM_026442650.1	2036	1799.15	19.2694	1.9559
XM_026442651.1	2500	2263.15	0	0
XM_026442652.1	3192	2955.15	4.73063	0.292338
XM_026442653.1	1832	1595.15	0	0
XM_026442654.1	2181	1944.15	0	0
XM_026442655.1	1792	1555.15	3.44327	0.40434
XM_026442656.1	4148	3911.15	37.0091	1.72803
XM_026442657.1	1819	1582.15	0	0
XM_026442658.1	2064	1827.15	2.37484	0.23736
XM_026442659.1	2158	1921.15	0	0
XM_026442660.1	1803	1566.15	0	0
XM_026442661.1	1885	1648.15	6.01832	0.666846
XM_026442662.1	1984	1747.15	0	0
XM_026442663.1	1715	1478.15	0	0
XM_026442664.1	2883	2646.15	1.13768	0.0785147
XM_026442665.1	2545	2308.15	1	0.0791194
XM_026442666.1	3066	2829.15	0	0
XM_026442667.1	4992	4755.15	0	0
XM_026442668.1	4333	4096.15	5	0.222916
XM_026442669.1	607	375.303	8	3.89273
XM_026442670.1	572	342.139	0	0
XM_026442671.1	4741	4504.15	11.6629	0.472868
XM_026442672.1	4818	4581.15	0	0
XM_026442673.1	4806	4569.15	8.41639e-06	3.36385e-07
XM_026442674.1	1609	1372.15	0	0
XM_026442675.1	1961	1724.15	2	0.211837
XM_026442676.1	5541	5304.15	44.7453	1.54056
XM_026442677.1	5433	5196.15	40.2547	1.41476
XM_026442678.1	1038	801.148	9	2.05152
XM_026442679.1	779	543.553	0	0
XM_026442680.1	4250	4013.15	52.1037	2.37099
XM_026442681.1	4240	4003.15	0	0
XM_026442682.1	4256	4019.15	0	0
XM_026442683.1	4185	3948.15	3.89628	0.18022
XM_026442684.1	2363	2126.15	0	0
XM_026442685.1	2215	1978.15	0	0
XM_026442686.1	2354	2117.15	0	0
XM_026442687.1	2096	1859.15	0	0
XM_026442688.1	2256	2019.15	0	0
XM_026442689.1	7005	6768.15	160.09	4.31957
XM_026442690.1	6909	6672.15	0	0
XM_026442691.1	1517	1280.15	6	0.855929
XM_026442692.1	1659	1422.15	0	0
XM_026442693.1	3341	3104.15	14.5289	0.854746
XM_026442694.1	3123	2886.15	20.4711	1.2953
XM_026442695.1	3128	2891.15	29.1934	1.844
XM_026442696.1	3398	3161.15	16.5252	0.954658
XM_026442697.1	3119	2882.15	0	0
XM_026442698.1	2936	2699.15	58.2814	3.94321
XM_026442699.1	3092	2855.15	0	0
XM_026442700.1	5746	5509.15	17.9062	0.593562
XM_026442701.1	4823	4586.15	6.09378	0.242653
XM_026442702.1	827	591.162	3.29552	1.01804
XM_026442703.1	798	562.277	1.70448	0.553589
XM_026442704.1	3371	3134.15	49	2.85511
XM_026442705.1	4443	4206.15	0	0
XM_026442706.1	572	342.139	43	22.9515
XM_026442707.1	2097	1860.15	5	0.490873
XM_026442708.1	2662	2425.15	75	5.64767
XM_026442709.1	1771	1534.15	15	1.78554
XM_026442710.1	1718	1481.15	0	0
XM_026442711.1	1699	1462.15	0	0
XM_026442712.1	1704	1467.15	0	0
XM_026442713.1	1080	843.148	1	0.216592
XM_026442714.1	842	606.102	5	1.5065
XM_026442715.1	3756	3519.15	0	0
XM_026442716.1	3606	3369.15	0	0
XM_026442717.1	3672	3435.15	0	0
XM_026442718.1	3401	3164.15	7	0.404006
XM_026442719.1	2624	2387.15	20	1.53002
XM_026442720.1	3393	3156.15	10	0.578614
XM_026442721.1	1965	1728.15	4	0.422693
XM_026442722.1	3937	3700.15	16.3786	0.80836
XM_026442723.1	3745	3508.15	7.62136	0.396736
XM_026442724.1	2086	1849.15	0	0
XM_026442725.1	1758	1521.15	3.78616	0.454542
XM_026442726.1	4294	4057.15	23.6503	1.06454
XM_026442727.1	4169	3932.15	327.35	15.203
XM_026442728.1	1642	1405.15	0.000475497	6.17977e-05
XM_026442729.1	7793	7556.15	0.000228457	5.52142e-06
XM_026442730.1	7705	7468.15	23.9998	0.586868
XM_026442731.1	6849	6612.15	0	0
XM_026442732.1	8986	8749.15	0	0
XM_026442733.1	9371	9134.15	0	0
XM_026442734.1	9245	9008.15	0	0
XM_026442735.1	1652	1415.15	0	0
XM_026442736.1	1889	1652.15	33	3.64764
XM_026442737.1	1619	1382.15	0	0
XM_026442738.1	12191	11954.1	225	3.43724
XM_026442739.1	5949	5712.15	17.4595	0.558185
XM_026442740.1	6051	5814.15	4.52195e-07	1.42032e-08
XM_026442741.1	4248	4011.15	4.54051	0.20672
XM_026442742.1	4209	3972.15	0	0
XM_026442743.1	2657	2420.15	0	0
XM_026442744.1	3049	2812.15	0	0
XM_026442745.1	2666	2429.15	1	0.0751783
XM_026442746.1	2437	2200.15	1	0.0830031
XM_026442747.1	3282	3045.15	0	0
XM_026442748.1	3854	3617.15	12.3191	0.621957
XM_026442749.1	1279	1042.15	0	0
XM_026442750.1	1660	1423.15	12	1.53985
XM_026442751.1	1645	1408.15	1	0.129688
XM_026442752.1	2030	1793.15	25.2655	2.57311
XM_026442753.1	4488	4251.15	63.3914	2.72315
XM_026442754.1	4494	4257.15	17.6339	0.756444
XM_026442755.1	3943	3706.15	0	0
XM_026442756.1	3262	3025.15	16	0.965872
XM_026442757.1	738	503.227	9	3.26606
XM_026442758.1	664	430.548	2	0.84831
XM_026442759.1	1690	1453.15	0	0
XM_026442760.1	1571	1334.15	1.97265	0.270018
XM_026442761.1	1979	1742.15	1.60667	0.168418
XM_026442762.1	1754	1517.15	19.4207	2.33767
XM_026442763.1	2067	1830.15	0	0
XM_026442764.1	1140	903.148	0	0
XM_026442765.1	1083	846.148	3	0.647473
XM_026442766.1	767	531.607	22.5296	7.73945
XM_026442767.1	718	483.425	1.50145	0.567191
XM_026442768.1	717	482.425	1.8817	0.712307
XM_026442769.1	770	534.607	0.0872116	0.0297911
XM_026442770.1	977	740.224	10	2.46708
XM_026442771.1	2155	1918.15	5.24612	0.499462
XM_026442772.1	2143	1906.15	10.3399	0.990622
XM_026442773.1	2151	1914.15	0	0
XM_026442774.1	1563	1326.15	3.41394	0.470122
XM_026442775.1	1649	1412.15	8.35594	1.08059
XM_026442776.1	1697	1460.15	33.6441	4.20783
XM_026442777.1	713	478.425	6.94334	2.65034
XM_026442778.1	2389	2152.15	66.3563	5.63062
XM_026442779.1	2502	2265.15	9.64374	0.777491
XM_026442780.1	1837	1600.15	0	0
XM_026442781.1	1222	985.148	0	0
XM_026442782.1	2784	2547.15	6	0.430173
XM_026442783.1	1220	983.148	2	0.371499
XM_026442784.1	1845	1608.15	2	0.227117
XM_026442785.1	1168	931.148	0	0
XM_026442786.1	2368	2131.15	13	1.11398
XM_026442787.1	1345	1108.15	0	0
XM_026442788.1	2469	2232.15	3.38366e-08	2.76828e-09
XM_026442789.1	2466	2229.15	52	4.26001
XM_026442790.1	1515	1278.15	0	0
XM_026442791.1	3676	3439.15	3.22622	0.171313
XM_026442792.1	730	495.278	0	0
XM_026442793.1	4342	4105.15	13	0.57831
XM_026442794.1	671	437.199	29	12.1134
XM_026442795.1	1185	948.148	17	3.27431
XM_026442796.1	806	570.277	0	0
XM_026442797.1	523	297.191	0	0
XM_026442798.1	1185	948.148	17	3.27431
XM_026442799.1	1009	772.148	0	0
XM_026442800.1	1471	1234.15	0	0
XM_026442801.1	1875	1638.15	0	0
XM_026442802.1	1527	1290.15	0	0
XM_026442803.1	615	382.808	0	0
XM_026442804.1	1099	862.148	0	0
XM_026442805.1	7074	6837.15	0.000112952	3.01693e-06
XM_026442806.1	7218	6981.15	0	0
XM_026442807.1	7207	6970.15	0	0
XM_026442808.1	7211	6974.15	0	0
XM_026442809.1	7182	6945.15	0	0
XM_026442810.1	6985	6748.15	46.6983	1.26375
XM_026442811.1	7065	6828.15	0.000414488	1.10855e-05
XM_026442812.1	7047	6810.15	0	0
XM_026442813.1	7026	6789.15	0.118256	0.00318093
XM_026442814.1	7023	6786.15	0.182926	0.00492265
XM_026442815.1	7005	6768.15	0	0
XM_026442816.1	7002	6765.15	0	0
XM_026442817.1	7577	7340.15	0	0
XM_026442818.1	7508	7271.15	0	0
XM_026442819.1	7505	7268.15	0	0
XM_026442820.1	6172	5935.15	0	0
XM_026442821.1	6097	5860.15	1.24242e-06	3.87173e-08
XM_026442822.1	2483	2246.15	10.2053	0.829724
XM_026442823.1	2305	2068.15	0	0
XM_026442824.1	2232	1995.15	0.847196	0.0775453
XM_026442825.1	2462	2225.15	1.71508	0.140758
XM_026442826.1	1694	1457.15	2.67307	0.335006
XM_026442827.1	1708	1471.15	7.89352	0.979853
XM_026442828.1	1403	1166.15	3	0.469801
XM_026442829.1	7334	7097.15	0	0
XM_026442830.1	563	333.621	0	0
XM_026442831.1	1248	1011.15	0	0
XM_026442832.1	3847	3610.15	5	0.252925
XM_026442833.1	3055	2818.15	2.49153e-08	1.61454e-09
XM_026442834.1	2999	2762.15	10	0.661149
XM_026442835.1	2495	2258.15	5	0.404356
XM_026442836.1	2942	2705.15	3	0.202524
XM_026442837.1	1919	1682.15	0	0
XM_026442838.1	2471	2234.15	52	4.25048
XM_026442839.1	1557	1320.15	2.28634	0.316274
XM_026442840.1	1661	1424.15	0	0
XM_026442841.1	1527	1290.15	4.71366	0.667215
XM_026442842.1	707	472.425	7	2.7059
XM_026442843.1	2852	2615.15	0	0
XM_026442844.1	1887	1650.15	13	1.43869
XM_026442845.1	1764	1527.15	0	0
XM_026442846.1	4728	4491.15	1.1814e-07	4.80381e-09
XM_026442847.1	2452	2215.15	0	0
XM_026442848.1	4738	4501.15	1.31531e-08	5.33643e-10
XM_026442849.1	4656	4419.15	0.999937	0.0413219
XM_026442850.1	4718	4481.15	1.06633e-06	4.34558e-08
XM_026442851.1	4711	4474.15	4.98892e-06	2.0363e-07
XM_026442852.1	4700	4463.15	5.66456e-05	2.31778e-06
XM_026442853.1	2437	2200.15	0	0
XM_026442854.1	6101	5864.15	2	0.0622833
XM_026442855.1	2861	2624.15	3	0.208775
XM_026442856.1	2016	1779.15	3	0.307933
XM_026442857.1	1299	1062.15	1	0.171934
XM_026442858.1	1702	1465.15	0	0
XM_026442859.1	1702	1465.15	1.05132e-06	1.31039e-07
XM_026442860.1	1781	1544.15	0	0
XM_026442861.1	1781	1544.15	30.3172	3.58547
XM_026442862.1	1155	918.148	438.18	87.1539
XM_026442863.1	1697	1460.15	2.75998	0.345188
XM_026442864.1	1834	1597.15	107.881	12.3353
XM_026442865.1	1636	1399.15	2.95571	0.385785
XM_026442866.1	1829	1592.15	5.5061	0.63155
XM_026442867.1	1832	1595.15	23.185	2.65431
XM_026442868.1	1589	1352.15	0	0
XM_026442869.1	1798	1561.15	4.77409	0.558461
XM_026442870.1	1590	1353.15	0	0
XM_026442871.1	2626	2389.15	0	0
XM_026442872.1	1894	1657.15	0	0
XM_026442873.1	619	386.614	0	0
XM_026442874.1	2780	2543.15	45.4818	3.26597
XM_026442875.1	2559	2322.15	7.51824	0.591253
XM_026442876.1	6428	6191.15	40.3677	1.19072
XM_026442877.1	2525	2288.15	0	0
XM_026442878.1	2229	1992.15	0	0
XM_026442879.1	2174	1937.15	14	1.31981
XM_026442880.1	2119	1882.15	0	0
XM_026442881.1	2512	2275.15	0	0
XM_026442882.1	8190	7953.15	0	0
XM_026442883.1	8190	7953.15	0	0
XM_026442884.1	8191	7954.15	0	0
XM_026442885.1	8191	7954.15	0	0
XM_026442886.1	8191	7954.15	0	0
XM_026442887.1	8191	7954.15	0	0
XM_026442888.1	8192	7955.15	0	0
XM_026442889.1	8184	7947.15	0	0
XM_026442890.1	8175	7938.15	1.12603e-08	2.59047e-10
XM_026442891.1	8172	7935.15	0	0
XM_026442892.1	8172	7935.15	0	0
XM_026442893.1	8172	7935.15	0	0
XM_026442894.1	8169	7932.15	0	0
XM_026442895.1	8159	7922.15	0	0
XM_026442896.1	8152	7915.15	26.607	0.61388
XM_026442897.1	8154	7917.15	0	0
XM_026442898.1	8155	7918.15	0	0
XM_026442899.1	8151	7914.15	0	0
XM_026442900.1	8138	7901.15	0	0
XM_026442901.1	8133	7896.15	0	0
XM_026442902.1	8134	7897.15	0	0
XM_026442903.1	8132	7895.15	47.0161	1.08751
XM_026442904.1	8127	7890.15	0	0
XM_026442905.1	8118	7881.15	0	0
XM_026442906.1	8106	7869.15	0	0
XM_026442907.1	8101	7864.15	0	0
XM_026442908.1	8091	7854.15	0	0
XM_026442909.1	8088	7851.15	0	0
XM_026442910.1	8081	7844.15	0	0
XM_026442911.1	8070	7833.15	0	0
XM_026442912.1	8055	7818.15	0	0
XM_026442913.1	8018	7781.15	0	0
XM_026442914.1	8017	7780.15	2.0694e-05	4.85739e-07
XM_026442915.1	8002	7765.15	31.3764	0.737904
XM_026442916.1	7960	7723.15	0	0
XM_026442917.1	7912	7675.15	0	0
XM_026442918.1	7951	7714.15	0	0
XM_026442919.1	7906	7669.15	0	0
XM_026442920.1	2876	2639.15	27.6603	1.91399
XM_026442921.1	1005	768.148	58.0819	13.8084
XM_026442922.1	2864	2627.15	21.3213	1.48209
XM_026442923.1	2849	2612.15	0	0
XM_026442924.1	2816	2579.15	8.01845	0.567755
XM_026442925.1	1529	1292.15	0	0
XM_026442926.1	1057	820.148	3	0.667999
XM_026442927.1	1902	1665.15	0	0
XM_026442928.1	1104	867.148	7	1.47418
XM_026442929.1	3429	3192.15	0	0
XM_026442930.1	2944	2707.15	1	0.0674582
XM_026442931.1	313	129.746	2005	2822.07
XM_026442932.1	4923	4686.15	0	0
XM_026442933.1	2651	2414.15	8.75493	0.66227
XM_026442934.1	2556	2319.15	0	0
XM_026442935.1	1768	1531.15	3	0.357808
XM_026442936.1	2376	2139.15	0	0
XM_026442937.1	2018	1781.15	17	1.74299
XM_026442938.1	1443	1206.15	0	0
XM_026442939.1	1334	1097.15	0.463432	0.0771378
XM_026442940.1	2657	2420.15	8.25374	0.622809
XM_026442941.1	2105	1868.15	6	0.586525
XM_026442942.1	1403	1166.15	2.81271	0.440472
XM_026442943.1	1346	1109.15	1	0.164648
XM_026442944.1	619	386.614	6	2.83414
XM_026442945.1	417	208.169	2.24507	1.96952
XM_026442946.1	1166	929.148	4	0.786179
XM_026442947.1	4749	4512.15	10	0.404728
XM_026442948.1	2945	2708.15	35	2.36016
XM_026442949.1	1152	915.148	75.7595	15.1179
XM_026442950.1	1332	1095.15	3.18729	0.53149
XM_026442951.1	2205	1968.15	2	0.185575
XM_026442952.1	681	446.977	0	0
XM_026442953.1	606	374.341	17	8.29331
XM_026442954.1	1293	1056.15	0	0
XM_026442955.1	5346	5109.15	0	0
XM_026442956.1	1796	1559.15	11	1.2884
XM_026442957.1	646	412.887	0	0
XM_026442958.1	338	147.554	0	0
XM_026442959.1	4562	4325.15	0	0
XM_026442960.1	3082	2845.15	1.01761	0.0653166
XM_026442961.1	679	445.021	0	0
XM_026442962.1	1479	1242.15	0	0
XM_026442963.1	5467	5230.15	1	0.0349166
XM_026442964.1	1130	893.148	3	0.613401
XM_026442965.1	2931	2694.15	0	0
XM_026442966.1	4586	4349.15	1.38751e-08	5.82611e-10
XM_026442967.1	576	345.999	0	0
XM_026442968.1	15182	14945.1	5	0.0610965
XM_026442969.1	1260	1023.15	11.0997	1.98117
XM_026442970.1	4507	4270.15	1	0.0427665
XM_026442971.1	1378	1141.15	0	0
XM_026442972.1	700	465.519	0	0
XM_026442973.1	647	413.845	1	0.441274
XM_026442974.1	3872	3635.15	0	0
XM_026442975.1	3924	3687.15	0	0
XM_026442976.1	4229	3992.15	110.655	5.06188
XM_026442977.1	4130	3893.15	53.1838	2.49474
XM_026442978.1	4063	3826.15	0	0
XM_026442979.1	2974	2737.15	2.29118	0.152865
XM_026442980.1	6523	6286.15	22.0168	0.639611
XM_026442981.1	2841	2604.15	0	0
XM_026442982.1	2826	2589.15	0	0
XM_026442983.1	2817	2580.15	0	0
XM_026442984.1	2811	2574.15	0	0
XM_026442985.1	2790	2553.15	0	0
XM_026442986.1	2784	2547.15	0	0
XM_026442987.1	2757	2520.15	7.34047	0.531917
XM_026442988.1	2754	2517.15	6.88838	0.499752
XM_026442989.1	1015	778.148	28.0716	6.58797
XM_026442990.1	6507	6270.15	0	0
XM_026442991.1	6504	6267.15	22.6916	0.661213
XM_026442992.1	7773	7536.15	0	0
XM_026442993.1	6910	6673.15	12.1457	0.332382
XM_026442994.1	7472	7235.15	11.3456	0.286369
XM_026442995.1	7087	6850.15	20.758	0.553391
XM_026442996.1	7238	7001.15	58.2216	1.51866
XM_026442997.1	6757	6520.15	20.592	0.576749
XM_026442998.1	6640	6403.15	16.0554	0.457904
XM_026442999.1	6530	6293.15	0	0
XM_026443000.1	7161	6924.15	8.41845	0.22203
XM_026443001.1	6720	6483.15	10.7694	0.303356
XM_026443002.1	6616	6379.15	0	0
XM_026443003.1	7083	6846.15	0	0
XM_026443004.1	2031	1794.15	15.6525	1.59321
XM_026443005.1	5228	4991.15	0	0
XM_026443006.1	3253	3016.15	0	0
XM_026443007.1	4885	4648.15	1.71247e-07	6.72806e-09
XM_026443008.1	5546	5309.15	0	0
XM_026443009.1	5033	4796.15	16.396	0.624296
XM_026443010.1	5505	5268.15	0	0
XM_026443011.1	6958	6721.15	26.4303	0.718134
XM_026443012.1	6934	6697.15	0	0
XM_026443013.1	5477	5240.15	66.3794	2.31332
XM_026443014.1	6924	6687.15	0	0
XM_026443015.1	6900	6663.15	0	0
XM_026443016.1	5436	5199.15	0	0
XM_026443017.1	6883	6646.15	0	0
XM_026443018.1	6854	6617.15	5.95183e-06	1.64258e-07
XM_026443019.1	5487	5250.15	0	0
XM_026443020.1	6848	6611.15	0	0
XM_026443021.1	6824	6587.15	0	0
XM_026443022.1	6806	6569.15	415.327	11.5459
XM_026443023.1	5439	5202.15	16.1778	0.567915
XM_026443024.1	4982	4745.15	19.647	0.756124
XM_026443025.1	6775	6538.15	0	0
XM_026443026.1	5469	5232.15	54.424	1.89958
XM_026443027.1	1529	1292.15	3	0.42399
XM_026443028.1	6175	5938.15	65.7458	2.02192
XM_026443029.1	7627	7390.15	82.4448	2.03731
XM_026443030.1	6071	5834.15	0	0
XM_026443031.1	3032	2795.15	0	0
XM_026443032.1	1448	1211.15	7	1.05547
XM_026443033.1	1694	1457.15	0	0
XM_026443034.1	982	745.224	16.6578	4.08204
XM_026443035.1	961	724.297	3.34223	0.842685
XM_026443036.1	820	584.162	127	39.7024
XM_026443037.1	897	660.786	0	0
XM_026443038.1	794	558.277	33	10.7947
XM_026443039.1	771	535.607	1.18072	0.402574
XM_026443040.1	871	634.915	22.6363	6.51082
XM_026443041.1	5240	5003.15	15.1197	0.551883
XM_026443042.1	1328	1091.15	6.69917	1.1212
XM_026443043.1	5121	4884.15	38.8128	1.45122
XM_026443044.1	2801	2564.15	0	0
XM_026443045.1	3991	3754.15	27	1.31341
XM_026443046.1	2743	2506.15	9	0.655816
XM_026443047.1	3329	3092.15	1.09878	0.0648928
XM_026443048.1	3154	2917.15	20.9475	1.31135
XM_026443049.1	3138	2901.15	0	0
XM_026443050.1	537	309.666	8	4.71784
XM_026443051.1	545	316.675	0	0
XM_026443052.1	2886	2649.15	2	0.13787
XM_026443053.1	1543	1306.15	13	1.8176
XM_026443054.1	5533	5296.15	9.05324	0.31217
XM_026443055.1	508	283.953	0	0
XM_026443056.1	2713	2476.15	0	0
XM_026443057.1	3263	3026.15	0	0
XM_026443058.1	2915	2678.15	0	0
XM_026443059.1	3102	2865.15	0	0
XM_026443060.1	3100	2863.15	0	0
XM_026443061.1	2722	2485.15	0	0
XM_026443062.1	2566	2329.15	2.0925	0.164064
XM_026443063.1	3126	2889.15	0	0
XM_026443064.1	2963	2726.15	5.25445	0.351985
XM_026443065.1	2307	2070.15	0	0
XM_026443066.1	3686	3449.15	11.852	0.627519
XM_026443067.1	3686	3449.15	11.852	0.627519
XM_026443068.1	4021	3784.15	11.296	0.545132
XM_026443069.1	3759	3522.15	1.24815e-08	6.47149e-10
XM_026443070.1	3776	3539.15	0	0
XM_026443071.1	1018	781.148	2	0.467566
XM_026443072.1	2910	2673.15	6	0.409897
XM_026443073.1	1965	1728.15	0	0
XM_026443074.1	5941	5704.15	6.06918e-06	1.94306e-07
XM_026443075.1	5919	5682.15	0.000275142	8.84281e-06
XM_026443076.1	2646	2409.15	0	0
XM_026443077.1	5872	5635.15	0.999718	0.032398
XM_026443078.1	2577	2340.15	0	0
XM_026443079.1	6212	5975.15	0	0
XM_026443080.1	6208	5971.15	0	0
XM_026443081.1	6222	5985.15	0	0
XM_026443082.1	7996	7759.15	0	0
XM_026443083.1	3467	3230.15	0	0
XM_026443084.1	2815	2578.15	0	0
XM_026443085.1	3281	3044.15	5.64254	0.338497
XM_026443086.1	2553	2316.15	2	0.157692
XM_026443087.1	2349	2112.15	0	0
XM_026443088.1	1999	1762.15	2.73943	0.283899
XM_026443089.1	4331	4094.15	28.4871	1.27067
XM_026443090.1	4637	4400.15	0	0
XM_026443091.1	4748	4511.15	0	0
XM_026443092.1	3836	3599.15	1.77523e-06	9.00742e-08
XM_026443093.1	3707	3470.15	29.7853	1.56748
XM_026443094.1	4550	4313.15	4.86734	0.206084
XM_026443095.1	1887	1650.15	3	0.332005
XM_026443096.1	4361	4124.15	10.0092	0.443213
XM_026443097.1	4621	4384.15	0	0
XM_026443098.1	2444	2207.15	108	8.93591
XM_026443099.1	2658	2421.15	1.44589e-07	1.09059e-08
XM_026443100.1	2618	2381.15	2	0.153388
XM_026443101.1	1132	895.148	205	41.8221
XM_026443102.1	1066	829.148	3.45498	0.760957
XM_026443103.1	825	589.162	0.545019	0.168936
XM_026443104.1	8072	7835.15	0	0
XM_026443105.1	8071	7834.15	0	0
XM_026443106.1	8060	7823.15	0	0
XM_026443107.1	8051	7814.15	0	0
XM_026443108.1	8051	7814.15	0	0
XM_026443109.1	8039	7802.15	1.14927	0.0269001
XM_026443110.1	8027	7790.15	62.0257	1.45403
XM_026443111.1	8023	7786.15	2.12793	0.0499092
XM_026443112.1	8023	7786.15	3.94619e-08	9.25554e-10
XM_026443113.1	8011	7774.15	90.0543	2.11543
XM_026443114.1	8002	7765.15	30.5933	0.719487
XM_026443115.1	8003	7766.15	0	0
XM_026443116.1	7147	6910.15	0.658424	0.0174006
XM_026443117.1	7135	6898.15	0	0
XM_026443118.1	7114	6877.15	57.5085	1.52711
XM_026443119.1	7102	6865.15	26.4461	0.70349
XM_026443120.1	7090	6853.15	5.19182e-08	1.38349e-09
XM_026443121.1	4169	3932.15	0	0
XM_026443122.1	3978	3741.15	22.0019	1.074
XM_026443123.1	1581	1344.15	2	0.271725
XM_026443124.1	1303	1066.15	9.01219	1.54369
XM_026443125.1	12049	11812.1	3.61634e-07	5.59096e-09
XM_026443126.1	11861	11624.1	2.72544	0.0428176
XM_026443127.1	11856	11619.1	4.16731	0.0654979
XM_026443128.1	12052	11815.1	2.8146e-07	4.35034e-09
XM_026443129.1	12140	11903.1	0	0
XM_026443130.1	12106	11869.1	0	0
XM_026443131.1	12113	11876.1	0	0
XM_026443132.1	6800	6563.15	8.38377	0.233278
XM_026443133.1	6489	6252.15	0	0
XM_026443134.1	3966	3729.15	9	0.440737
XM_026443135.1	1884	1647.15	0	0
XM_026443136.1	1921	1684.15	35	3.7952
XM_026443137.1	1797	1560.15	0	0
XM_026443138.1	1884	1647.15	1	0.11087
XM_026443139.1	1861	1624.15	0	0
XM_026443140.1	1468	1231.15	7.05633	1.04668
XM_026443141.1	1185	948.148	3.94367	0.759576
XM_026443142.1	361	164.856	0	0
XM_026443143.1	3118	2881.15	13.2332	0.838776
XM_026443144.1	3344	3107.15	0	0
XM_026443145.1	3540	3303.15	7.85399	0.434219
XM_026443146.1	3113	2876.15	0	0
XM_026443147.1	2742	2505.15	0	0
XM_026443148.1	3112	2875.15	0	0
XM_026443149.1	3023	2786.15	0	0
XM_026443150.1	337	146.824	0	0
XM_026443151.1	8147	7910.15	0	0
XM_026443152.1	7211	6974.15	5.78689	0.151531
XM_026443153.1	8140	7903.15	0	0
XM_026443154.1	8110	7873.15	0	0
XM_026443155.1	7984	7747.15	0	0
XM_026443156.1	2376	2139.15	3.22502	0.27532
XM_026443157.1	2306	2069.15	0	0
XM_026443158.1	1989	1752.15	0	0
XM_026443159.1	3940	3703.15	39	1.92327
XM_026443160.1	2565	2328.15	0	0
XM_026443161.1	2180	1943.15	0	0
XM_026443162.1	2091	1854.15	3	0.295477
XM_026443163.1	2093	1856.15	0	0
XM_026443164.1	1439	1202.15	47.3979	7.20026
XM_026443165.1	1424	1187.15	123.318	18.9701
XM_026443166.1	3983	3746.15	76.194	3.71435
XM_026443167.1	8817	8580.15	0	0
XM_026443168.1	2788	2551.15	3.03511	0.217263
XM_026443169.1	1163	926.148	15	2.95772
XM_026443170.1	2935	2698.15	17	1.15061
XM_026443171.1	2665	2428.15	0	0
XM_026443172.1	2348	2111.15	0	0
XM_026443173.1	2174	1937.15	0	0
XM_026443174.1	2697	2460.15	1.93551	0.143675
XM_026443175.1	1651	1414.15	1	0.129137
XM_026443176.1	1627	1390.15	0	0
XM_026443177.1	1700	1463.15	0	0
XM_026443178.1	478	257.918	2	1.4161
XM_026443179.1	3915	3678.15	0	0
XM_026443180.1	642	409.052	2.62077	1.17003
XM_026443181.1	2099	1862.15	25	2.45173
XM_026443182.1	1620	1383.15	0	0
XM_026443183.1	1577	1340.15	0	0
XM_026443184.1	1754	1517.15	0	0
XM_026443185.1	5038	4801.15	14.9104	0.56714
XM_026443186.1	4072	3835.15	42.0896	2.00419
XM_026443187.1	1612	1375.15	9.24271	1.22743
XM_026443188.1	1265	1028.15	12.9146	2.29388
XM_026443189.1	1053	816.148	61.2889	13.7139
XM_026443190.1	2001	1764.15	9.47782	0.981115
XM_026443191.1	2060	1823.15	29.5293	2.95786
XM_026443192.1	2354	2117.15	0	0
XM_026443193.1	2103	1866.15	13.3595	1.30734
XM_026443194.1	2791	2554.15	4	0.285996
XM_026443195.1	2354	2117.15	0	0
XM_026443196.1	5899	5662.15	54.7101	1.76454
XM_026443197.1	5895	5658.15	9.30745e-07	3.00402e-08
XM_026443198.1	2587	2350.15	8	0.621643
XM_026443199.1	6766	6529.15	0	0
XM_026443200.1	5655	5418.15	56.3847	1.90045
XM_026443201.1	7433	7196.15	52.6153	1.33524
XM_026443202.1	1872	1635.15	13	1.45189
XM_026443203.1	768	532.607	6.60086	2.26329
XM_026443204.1	6209	5972.15	0	0
XM_026443205.1	3386	3149.15	0	0
XM_026443206.1	3241	3004.15	71	4.31602
XM_026443207.1	1647	1410.15	0	0
XM_026443208.1	5750	5513.15	0	0
XM_026443209.1	4831	4594.15	0.0330264	0.00131281
XM_026443210.1	1780	1543.15	4	0.473368
XM_026443211.1	1468	1231.15	95	14.0916
XM_026443212.1	2802	2565.15	11	0.783117
XM_026443213.1	1804	1567.15	4	0.466119
XM_026443214.1	1270	1033.15	0	0
XM_026443215.1	1855	1618.15	0	0
XM_026443216.1	1706	1469.15	0.793776	0.0986686
XM_026443217.1	1205	968.148	0	0
XM_026443218.1	1703	1466.15	5.96889	0.743468
XM_026443219.1	1021	784.148	4.23733	0.986827
XM_026443220.1	1117	880.148	0	0
XM_026443221.1	1117	880.148	0	0
XM_026443222.1	1527	1290.15	0	0
XM_026443223.1	1770	1533.15	8	0.952911
XM_026443224.1	1382	1145.15	5.37403	0.857008
XM_026443225.1	2279	2042.15	16	1.4308
XM_026443226.1	1460	1223.15	189.341	28.2691
XM_026443227.1	1248	1011.15	7.65901	1.38326
XM_026443228.1	6373	6136.15	0	0
XM_026443229.1	6753	6516.15	224.099	6.28051
XM_026443230.1	6319	6082.15	4.66061	0.139937
XM_026443231.1	6304	6067.15	0	0
XM_026443232.1	6223	5986.15	45.8887	1.39992
XM_026443233.1	6169	5932.15	31.6857	0.975433
XM_026443234.1	6682	6445.15	253.666	7.18747
XM_026443235.1	3004	2767.15	2	0.131991
XM_026443236.1	3088	2851.15	0	0
XM_026443237.1	2146	1909.15	0	0
XM_026443238.1	7510	7273.15	10.2456	0.257255
XM_026443239.1	7507	7270.15	0	0
XM_026443240.1	7685	7448.15	75.7544	1.8574
XM_026443241.1	715	480.425	0	0
XM_026443242.1	3742	3505.15	2.29928e-05	1.19793e-06
XM_026443243.1	4564	4327.15	0	0
XM_026443244.1	4865	4628.15	0	0
XM_026443245.1	4412	4175.15	4	0.174958
XM_026443246.1	4286	4049.15	18.8585	0.850533
XM_026443247.1	3081	2844.15	32.3492	2.0771
XM_026443248.1	3931	3694.15	0	0
XM_026443249.1	2986	2749.15	0	0
XM_026443250.1	3924	3687.15	0	0
XM_026443251.1	3901	3664.15	0	0
XM_026443252.1	3903	3666.15	0	0
XM_026443253.1	3872	3635.15	0	0
XM_026443254.1	3872	3635.15	36.2512	1.82115
XM_026443255.1	3834	3597.15	5.12338	0.260102
XM_026443256.1	3885	3648.15	134.77	6.74634
XM_026443257.1	3719	3482.15	19.8552	1.04129
XM_026443258.1	4180	3943.15	0	0
XM_026443259.1	4004	3767.15	0	0
XM_026443260.1	3986	3749.15	64	3.11741
XM_026443261.1	2394	2157.15	68	5.75672
XM_026443262.1	978	741.224	1.69778	0.418291
XM_026443263.1	401	195.415	0.659619	0.616428
XM_026443264.1	1005	768.148	0	0
XM_026443265.1	1180	943.148	0	0
XM_026443266.1	1260	1023.15	0	0
XM_026443267.1	1257	1020.15	0	0
XM_026443268.1	1954	1717.15	0	0
XM_026443269.1	4330	4093.15	3.7426e-06	1.66979e-07
XM_026443270.1	4270	4033.15	8	0.362236
XM_026443271.1	4535	4298.15	0	0
XM_026443272.1	4333	4096.15	0	0
XM_026443273.1	4493	4256.15	0	0
XM_026443274.1	4165	3928.15	5	0.232449
XM_026443275.1	3989	3752.15	13.1902	0.641974
XM_026443276.1	3854	3617.15	2.80982	0.141859
XM_026443277.1	1492	1255.15	0	0
XM_026443278.1	1425	1188.15	4	0.614803
XM_026443279.1	8880	8643.15	3.32134	0.0701759
XM_026443280.1	8877	8640.15	4.67866	0.0988887
XM_026443281.1	6383	6146.15	0	0
XM_026443282.1	7991	7754.15	28.9585	0.682007
XM_026443283.1	546	317.643	0	0
XM_026443284.1	3568	3331.15	17.9417	0.983594
XM_026443285.1	2259	2022.15	1	0.0903095
XM_026443286.1	4187	3950.15	35.9332	1.66123
XM_026443287.1	1492	1255.15	12	1.74595
XM_026443288.1	1509	1272.15	0	0
XM_026443289.1	1426	1189.15	8	1.22857
XM_026443290.1	1322	1085.15	0	0
XM_026443291.1	2227	1990.15	1	0.0917616
XM_026443292.1	6985	6748.15	7	0.189435
XM_026443293.1	3619	3382.15	8	0.43196
XM_026443294.1	3311	3074.15	10.6843	0.6347
XM_026443295.1	1483	1246.15	0	0
XM_026443296.1	2194	1957.15	29	2.70596
XM_026443297.1	2247	2010.15	14	1.27188
XM_026443298.1	983	746.224	425	104.008
XM_026443299.1	996	759.148	0	0
XM_026443300.1	2286	2049.15	0.2622	0.0233671
XM_026443301.1	2280	2043.15	4.7378	0.423471
XM_026443302.1	2179	1942.15	0	0
XM_026443303.1	2089	1852.15	0	0
XM_026443304.1	1921	1684.15	4.29291	0.465498
XM_026443305.1	1860	1623.15	4.24862	0.478009
XM_026443306.1	1301	1064.15	0	0
XM_026443307.1	2570	2333.15	18.3995	1.44016
XM_026443308.1	2234	1997.15	0	0
XM_026443309.1	2236	1999.15	2	0.182697
XM_026443310.1	4420	4183.15	3.95971	0.172865
XM_026443311.1	1150	913.148	0	0
XM_026443312.1	1712	1475.15	0	0
XM_026443313.1	1817	1580.15	13	1.50242
XM_026443314.1	3278	3041.15	0	0
XM_026443315.1	1048	811.148	0	0
XM_026443316.1	1783	1546.15	1	0.118112
XM_026443317.1	2070	1833.15	24	2.39089
XM_026443318.1	1644	1407.15	16	2.07647
XM_026443319.1	2453	2216.15	0	0
XM_026443320.1	2469	2232.15	3	0.24544
XM_026443321.1	821	585.162	0	0
XM_026443322.1	847	611.102	0	0
XM_026443323.1	773	537.607	2.00186	0.68001
XM_026443324.1	663	429.548	0	0
XM_026443325.1	774	538.607	1.99814	0.677487
XM_026443326.1	803	567.277	0	0
XM_026443327.1	617	384.769	0	0
XM_026443328.1	665	431.505	0	0
XM_026443329.1	2304	2067.15	3	0.265031
XM_026443330.1	1822	1585.15	7	0.806445
XM_026443331.1	925	688.652	0	0
XM_026443332.1	824	588.162	0	0
XM_026443333.1	1075	838.148	2	0.435768
XM_026443334.1	1788	1551.15	15.9802	1.88137
XM_026443335.1	3406	3169.15	0	0
XM_026443336.1	1771	1534.15	2.01985	0.240435
XM_026443337.1	2365	2128.15	30	2.57434
XM_026443338.1	1162	925.148	2	0.394789
XM_026443339.1	1519	1282.15	11	1.56675
XM_026443340.1	1335	1098.15	3	0.498892
XM_026443341.1	1106	869.148	0	0
XM_026443342.1	1024	787.148	0	0
XM_026443343.1	1123	886.148	0	0
XM_026443344.1	3621	3384.15	6	0.323779
XM_026443345.1	973	736.297	1	0.248024
XM_026443346.1	2104	1867.15	2	0.195613
XM_026443347.1	5029	4792.15	0	0
XM_026443348.1	6275	6038.15	0	0
XM_026443349.1	1082	845.148	43	9.29142
XM_026443350.1	2345	2108.15	111.393	9.64949
XM_026443351.1	2132	1895.15	40.7207	3.9239
XM_026443352.1	2129	1892.15	6.30303	0.608332
XM_026443353.1	2076	1839.15	14.0587	1.39596
XM_026443354.1	2109	1872.15	4.52428	0.441322
XM_026443355.1	2145	1908.15	0.00576912	0.000552133
XM_026443356.1	2088	1851.15	8.06131	0.795263
XM_026443357.1	2073	1836.15	0	0
XM_026443358.1	2130	1893.15	13.9329	1.34401
XM_026443359.1	2154	1917.15	10	0.952557
XM_026443360.1	1992	1755.15	0	0
XM_026443361.1	2314	2077.15	0	0
XM_026443362.1	5173	4936.15	11	0.406959
XM_026443363.1	1177	940.148	0	0
XM_026443364.1	315	131.376	0	0
XM_026443365.1	2544	2307.15	254	20.105
XM_026443366.1	2051	1814.15	5	0.503319
XM_026443367.1	1970	1733.15	0	0
XM_026443368.1	1147	910.148	14	2.80907
XM_026443369.1	6401	6164.15	3	0.0888781
XM_026443370.1	848	612.102	1	0.298347
XM_026443371.1	3943	3706.15	8	0.394197
XM_026443372.1	4836	4599.15	0	0
XM_026443373.1	560	330.722	0	0
XM_026443374.1	3837	3600.15	19	0.963784
XM_026443375.1	1326	1089.15	3	0.503015
XM_026443376.1	1992	1755.15	1	0.104048
XM_026443377.1	1673	1436.15	0	0
XM_026443378.1	6021	5784.15	54.9401	1.73459
XM_026443379.1	3926	3689.15	50.5339	2.50152
XM_026443380.1	3635	3398.15	5.16401	0.277518
XM_026443381.1	3713	3476.15	41.9054	2.2015
XM_026443382.1	3506	3269.15	0	0
XM_026443383.1	3716	3479.15	15.6926	0.823699
XM_026443384.1	2963	2726.15	14.2026	0.951405
XM_026443385.1	4102	3865.15	0	0
XM_026443386.1	4089	3852.15	114.003	5.40456
XM_026443387.1	4320	4083.15	14.1136	0.63123
XM_026443388.1	3769	3532.15	33.8834	1.75184
XM_026443389.1	5428	5191.15	19.8305	0.697617
XM_026443390.1	1428	1191.15	0	0
XM_026443391.1	1578	1341.15	24	3.26799
XM_026443392.1	3802	3565.15	19.8588	1.01724
XM_026443393.1	4270	4033.15	235.322	10.6553
XM_026443394.1	545	316.675	0	0
XM_026443395.1	4732	4495.15	0	0
XM_026443396.1	4306	4069.15	4	0.179516
XM_026443397.1	2127	1890.15	16	1.54586
XM_026443398.1	2041	1804.15	0	0
XM_026443399.1	2524	2287.15	26.494	2.11543
XM_026443400.1	2165	1928.15	0	0
XM_026443401.1	2154	1917.15	0	0
XM_026443402.1	2283	2046.15	7.3878	0.659363
XM_026443403.1	1742	1505.15	0	0
XM_026443404.1	1915	1678.15	0	0
XM_026443405.1	2130	1893.15	0	0
XM_026443406.1	1865	1628.15	0.127409	0.0142906
XM_026443407.1	1859	1622.15	4.87259	0.54855
XM_026443408.1	862	625.978	4	1.16694
XM_026443409.1	831	595.102	0	0
XM_026443410.1	798	562.277	1	0.324785
XM_026443411.1	3156	2919.15	0.79809	0.0499278
XM_026443412.1	3153	2916.15	2.20191	0.137891
XM_026443413.1	2335	2098.15	140	12.1854
XM_026443414.1	6392	6155.15	57.2469	1.69848
XM_026443415.1	5291	5054.15	94	3.39646
XM_026443416.1	2474	2237.15	10	0.816304
XM_026443417.1	1258	1021.15	0	0
XM_026443418.1	1425	1188.15	0	0
XM_026443419.1	2068	1831.15	39	3.88944
XM_026443420.1	1938	1701.15	0	0
XM_026443421.1	2134	1897.15	9.57648	0.921831
XM_026443422.1	11961	11724.1	0.00274527	4.27612e-05
XM_026443423.1	11940	11703.1	0.000164711	2.5702e-06
XM_026443424.1	11828	11591.1	107.267	1.69
XM_026443425.1	11843	11606.1	0	0
XM_026443426.1	11796	11559.1	33.3962	0.527616
XM_026443427.1	10598	10361.1	96.3336	1.69792
XM_026443428.1	5145	4908.15	0	0
XM_026443429.1	5050	4813.15	0	0
XM_026443430.1	1780	1543.15	0	0
XM_026443431.1	1711	1474.15	0	0
XM_026443432.1	5555	5318.15	0	0
XM_026443433.1	5552	5315.15	0	0
XM_026443434.1	5905	5668.15	0	0
XM_026443435.1	2603	2366.15	12.912	0.996549
XM_026443436.1	1002	765.148	0	0
XM_026443437.1	3491	3254.15	0.00203682	0.000114304
XM_026443438.1	1405	1168.15	28.8376	4.50825
XM_026443439.1	3547	3310.15	0	0
XM_026443440.1	3418	3181.15	3.87192e-06	2.22274e-07
XM_026443441.1	3400	3163.15	15.0607	0.869507
XM_026443442.1	3002	2765.15	0	0
XM_026443443.1	1631	1394.15	3.93869	0.515928
XM_026443444.1	2381	2144.15	0	0
XM_026443445.1	2892	2655.15	0	0
XM_026443446.1	2730	2493.15	4.71294	0.345216
XM_026443447.1	2201	1964.15	7.72306	0.718061
XM_026443448.1	4153	3916.15	14.7874	0.689571
XM_026443449.1	4404	4167.15	0	0
XM_026443450.1	1296	1059.15	4	0.689684
XM_026443451.1	4699	4462.15	458	18.7442
XM_026443452.1	1273	1036.15	0	0
XM_026443453.1	1240	1003.15	0	0
XM_026443454.1	1631	1394.15	30	3.9297
XM_026443455.1	530	303.544	34	20.4552
XM_026443456.1	9248	9011.15	0.645646	0.0130846
XM_026443457.1	7346	7109.15	0	0
XM_026443458.1	5964	5727.15	0	0
XM_026443459.1	6387	6150.15	48.5379	1.44126
XM_026443460.1	2555	2318.15	0	0
XM_026443461.1	5585	5348.15	0	0
XM_026443462.1	2487	2250.15	14	1.13622
XM_026443463.1	2484	2247.15	0	0
XM_026443464.1	2488	2251.15	6.02212	0.48853
XM_026443465.1	2723	2486.15	19	1.39564
XM_026443466.1	1645	1408.15	21	2.72344
XM_026443467.1	5230	4993.15	0	0
XM_026443468.1	5228	4991.15	0	0
XM_026443469.1	5191	4954.15	0	0
XM_026443470.1	1540	1303.15	16.9779	2.37923
XM_026443471.1	4511	4274.15	8.44914	0.361002
XM_026443472.1	4328	4091.15	0	0
XM_026443473.1	4392	4155.15	0	0
XM_026443474.1	533	306.107	0	0
XM_026443475.1	3981	3744.15	2	0.0975491
XM_026443476.1	5683	5446.15	0	0
XM_026443477.1	5421	5184.15	0	0
XM_026443478.1	5638	5401.15	0	0
XM_026443479.1	5635	5398.15	0	0
XM_026443480.1	5554	5317.15	0.0125053	0.000429498
XM_026443481.1	5509	5272.15	54.9875	1.90468
XM_026443482.1	1661	1424.15	0	0
XM_026443483.1	5235	4998.15	0	0
XM_026443484.1	5073	4836.15	0	0
XM_026443485.1	4414	4177.15	0	0
XM_026443486.1	4396	4159.15	0	0
XM_026443487.1	865	628.915	0	0
XM_026443488.1	5866	5629.15	0	0
XM_026443489.1	4055	3818.15	0	0
XM_026443490.1	1933	1696.15	22.689	2.44286
XM_026443491.1	2629	2392.15	10.311	0.787152
XM_026443492.1	1799	1562.15	16	1.87044
XM_026443493.1	5677	5440.15	0	0
XM_026443494.1	5668	5431.15	0	0
XM_026443495.1	4980	4743.15	1.43605e-08	5.52903e-10
XM_026443496.1	2924	2687.15	50.4802	3.43065
XM_026443497.1	4957	4720.15	117.796	4.55744
XM_026443498.1	3570	3333.15	0	0
XM_026443499.1	2253	2016.15	1.82348	0.165167
XM_026443500.1	4149	3912.15	0	0
XM_026443501.1	2765	2528.15	11	0.794578
XM_026443502.1	4153	3916.15	0	0
XM_026443503.1	4133	3896.15	0	0
XM_026443504.1	4129	3892.15	0	0
XM_026443505.1	4105	3868.15	0	0
XM_026443506.1	4334	4097.15	0	0
XM_026443507.1	4207	3970.15	2	0.0919962
XM_026443508.1	4026	3789.15	0	0
XM_026443509.1	2360	2123.15	80.2791	6.90508
XM_026443510.1	1937	1700.15	0	0
XM_026443511.1	1544	1307.15	0	0
XM_026443512.1	1547	1310.15	0	0
XM_026443513.1	3309	3072.15	14	0.832209
XM_026443514.1	3308	3071.15	0	0
XM_026443515.1	1693	1456.15	0	0
XM_026443516.1	4295	4058.15	0	0
XM_026443517.1	4298	4061.15	0	0
XM_026443518.1	4293	4056.15	0	0
XM_026443519.1	4537	4300.15	0	0
XM_026443520.1	4502	4265.15	0	0
XM_026443521.1	4454	4217.15	0.00498902	0.000216044
XM_026443522.1	4417	4180.15	29.8845	1.30557
XM_026443523.1	4277	4040.15	14.452	0.653247
XM_026443524.1	3922	3685.15	4.9265	0.244135
XM_026443525.1	3619	3382.15	0.00136464	7.36837e-05
XM_026443526.1	3583	3346.15	52.7306	2.87782
XM_026443527.1	900	663.72	0	0
XM_026443528.1	4275	4038.15	59.221	2.67818
XM_026443529.1	3007	2770.15	98.4021	6.48706
XM_026443530.1	1599	1362.15	0	0
XM_026443531.1	1259	1022.15	0	0
XM_026443532.1	1657	1420.15	3	0.385775
XM_026443533.1	4506	4269.15	1.29686e-07	5.54749e-09
XM_026443534.1	2014	1777.15	24.3165	2.49876
XM_026443535.1	1991	1754.15	13.0257	1.35607
XM_026443536.1	2611	2374.15	9.56057	0.735398
XM_026443537.1	1428	1191.15	8.52234	1.30659
XM_026443538.1	1607	1370.15	21.534	2.87015
XM_026443539.1	1609	1372.15	0.00981983	0.00130692
XM_026443540.1	1497	1260.15	38.7709	5.61864
XM_026443541.1	4094	3857.15	50.0483	2.36957
XM_026443542.1	749	513.922	64.6859	22.9858
XM_026443543.1	609	377.075	0	0
XM_026443544.1	734	499.278	2.31407	0.846411
XM_026443545.1	13016	12779.1	0.000180595	2.58077e-06
XM_026443546.1	12943	12706.1	0	0
XM_026443547.1	12878	12641.1	8.1431	0.117639
XM_026443548.1	12668	12431.1	0	0
XM_026443549.1	12662	12425.1	0	0
XM_026443550.1	12020	11783.1	0	0
XM_026443551.1	11906	11669.1	0	0
XM_026443552.1	11783	11546.1	0	0
XM_026443553.1	11638	11401.1	0	0
XM_026443554.1	12941	12704.1	0.0602322	0.000865823
XM_026443555.1	902	665.72	0	0
XM_026443556.1	3811	3574.15	8.73359	0.446238
XM_026443557.1	1478	1241.15	0	0
XM_026443558.1	1475	1238.15	0	0
XM_026443559.1	2758	2521.15	0	0
XM_026443560.1	2656	2419.15	0	0
XM_026443561.1	2689	2452.15	4.87439	0.363011
XM_026443562.1	2728	2491.15	16.877	1.23721
XM_026443563.1	2843	2606.15	0	0
XM_026443564.1	5188	4951.15	57.0214	2.10319
XM_026443565.1	1575	1338.15	0	0
XM_026443566.1	3131	2894.15	0	0
XM_026443567.1	4371	4134.15	44	1.94363
XM_026443568.1	4482	4245.15	0	0
XM_026443569.1	11919	11682.1	0	0
XM_026443570.1	11907	11670.1	0	0
XM_026443571.1	11928	11691.1	0	0
XM_026443572.1	11889	11652.1	6.81958e-06	1.0688e-07
XM_026443573.1	12281	12044.1	219.702	3.33122
XM_026443574.1	11997	11760.1	0	0
XM_026443575.1	11868	11631.1	52.7077	0.827557
XM_026443576.1	11757	11520.1	0	0
XM_026443577.1	11727	11490.1	1.11992e-05	1.77995e-07
XM_026443578.1	5435	5198.15	0.00226995	7.9747e-05
XM_026443579.1	5328	5091.15	492.487	17.6655
XM_026443580.1	5337	5100.15	70.7929	2.53485
XM_026443581.1	5326	5089.15	0	0
XM_026443582.1	5240	5003.15	804.51	29.3653
XM_026443583.1	5083	4846.15	122.196	4.60477
XM_026443584.1	5335	5098.15	0.0120916	0.00043313
XM_026443585.1	2147	1910.15	1	0.0956047
XM_026443586.1	3666	3429.15	15	0.798825
XM_026443587.1	3627	3390.15	0	0
XM_026443588.1	3112	2875.15	0	0
XM_026443589.1	3219	2982.15	0	0
XM_026443590.1	4089	3852.15	16.2424	0.770006
XM_026443591.1	2988	2751.15	0	0
XM_026443592.1	5346	5109.15	76.6634	2.74022
XM_026443593.1	6115	5878.15	170	5.28147
XM_026443594.1	5124	4887.15	19.805	0.74006
XM_026443595.1	2538	2301.15	0	0
XM_026443596.1	4918	4681.15	17.3401	0.676464
XM_026443597.1	2509	2272.15	0	0
XM_026443598.1	6766	6529.15	27	0.755186
XM_026443599.1	2665	2428.15	11.4165	0.858624
XM_026443600.1	3482	3245.15	142.292	8.00739
XM_026443601.1	3544	3307.15	61.503	3.39617
XM_026443602.1	3520	3283.15	64.9443	3.61241
XM_026443603.1	3482	3245.15	0.283051	0.0159286
XM_026443604.1	3227	2990.15	18.4476	1.12666
XM_026443605.1	3572	3335.15	45.3547	2.48344
XM_026443606.1	4390	4153.15	0	0
XM_026443607.1	5659	5422.15	118	3.97427
XM_026443608.1	2064	1827.15	0	0
XM_026443609.1	3488	3251.15	2.05677	0.11553
XM_026443610.1	7023	6786.15	0.0282246	0.00075954
XM_026443611.1	7017	6780.15	0	0
XM_026443612.1	7001	6764.15	144.605	3.90406
XM_026443613.1	6996	6759.15	29.8526	0.806559
XM_026443614.1	6256	6019.15	0	0
XM_026443615.1	5134	4897.15	46	1.71538
XM_026443616.1	2451	2214.15	0	0
XM_026443617.1	2640	2403.15	11.9907	0.911194
XM_026443618.1	921	684.652	1	0.266733
XM_026443619.1	2556	2319.15	0	0
XM_026443620.1	2610	2373.15	0	0
XM_026443621.1	1014	777.148	1	0.234986
XM_026443622.1	10905	10668.1	0	0
XM_026443623.1	4656	4419.15	0	0
XM_026443624.1	4343	4106.15	70.1735	3.12094
XM_026443625.1	4339	4102.15	47.8265	2.12914
XM_026443626.1	4442	4205.15	0	0
XM_026443627.1	681	446.977	1	0.408565
XM_026443628.1	4291	4054.15	16.2735	0.733042
XM_026443629.1	5753	5516.15	0	0
XM_026443630.1	5219	4982.15	277.703	10.1791
XM_026443631.1	8719	8482.15	138.07	2.97263
XM_026443632.1	2068	1831.15	0	0
XM_026443633.1	3687	3450.15	4.57777	0.242305
XM_026443634.1	3475	3238.15	29.8902	1.68569
XM_026443635.1	3298	3061.15	0	0
XM_026443636.1	2640	2403.15	28.0717	2.13321
XM_026443637.1	2085	1848.15	0	0
XM_026443638.1	6320	6083.15	7.01157	0.210491
XM_026443639.1	758	522.871	0	0
XM_026443640.1	2985	2748.15	9.10125	0.604794
XM_026443641.1	2902	2665.15	0	0
XM_026443642.1	2776	2539.15	16.4343	1.18198
XM_026443643.1	2573	2336.15	0	0
XM_026443644.1	2582	2345.15	0	0
XM_026443645.1	2507	2270.15	0.174969	0.0140752
XM_026443646.1	2498	2261.15	8.82503	0.712744
XM_026443647.1	2637	2400.15	8	0.608693
XM_026443648.1	6627	6390.15	23.626	0.675189
XM_026443649.1	2298	2061.15	1.72645	0.152965
XM_026443650.1	1894	1657.15	0	0
XM_026443651.1	6083	5846.15	0	0
XM_026443652.1	6373	6136.15	38.9908	1.16041
XM_026443653.1	3054	2817.15	0	0
XM_026443654.1	2497	2260.15	0	0
XM_026443655.1	1881	1644.15	83	9.219
XM_026443656.1	4237	4000.15	5.89618e-06	2.69179e-07
XM_026443657.1	1379	1142.15	41.2695	6.59863
XM_026443658.1	2250	2013.15	2.00376	0.181767
XM_026443659.1	3767	3530.15	0	0
XM_026443660.1	3711	3474.15	19	0.998738
XM_026443661.1	1064	827.148	0	0
XM_026443662.1	3467	3230.15	18	1.01765
XM_026443663.1	1673	1436.15	0	0
XM_026443664.1	2721	2484.15	0.00240043	0.000176465
XM_026443665.1	2696	2459.15	51.9976	3.8614
XM_026443666.1	2679	2442.15	0	0
XM_026443667.1	566	336.518	0	0
XM_026443668.1	3891	3654.15	4	0.199903
XM_026443669.1	5052	4815.15	0	0
XM_026443670.1	405	198.514	0	0
XM_026443671.1	2760	2523.15	0	0
XM_026443672.1	2712	2475.15	4.76543	0.351599
XM_026443673.1	1124	887.148	0	0
XM_026443674.1	1050	813.148	4.86529	1.09266
XM_026443675.1	1606	1369.15	0	0
XM_026443676.1	2784	2547.15	0	0
XM_026443677.1	2541	2304.15	0	0
XM_026443678.1	2390	2153.15	0	0
XM_026443679.1	2065	1828.15	13.2384	1.32242
XM_026443680.1	2152	1915.15	10.5686	1.00777
XM_026443681.1	2137	1900.15	91.7323	8.8162
XM_026443682.1	2023	1786.15	9.94536	1.01683
XM_026443683.1	23616	23379.1	7	0.0546784
XM_026443684.1	826	590.162	29.02	8.97993
XM_026443685.1	402	196.065	8.57584	7.98774
XM_026443686.1	5654	5417.15	2	0.0674226
XM_026443687.1	1132	895.148	0	0
XM_026443688.1	3210	2973.15	21	1.28988
XM_026443689.1	6144	5907.15	0	0
XM_026443690.1	1045	808.148	0	0
XM_026443691.1	1474	1237.15	0	0
XM_026443692.1	1388	1151.15	0	0
XM_026443693.1	1341	1104.15	0	0
XM_026443694.1	1445	1208.15	0	0
XM_026443695.1	1360	1123.15	0	0
XM_026443696.1	1326	1089.15	0	0
XM_026443697.1	1140	903.148	5.61986	1.13635
XM_026443698.1	1020	783.148	0	0
XM_026443699.1	1063	826.148	3.38014	0.747176
XM_026443700.1	7374	7137.15	0	0
XM_026443701.1	1134	897.148	0	0
XM_026443702.1	6288	6051.15	16.4284	0.495796
XM_026443703.1	1322	1085.15	0	0
XM_026443704.1	3327	3090.15	17.5488	1.03708
XM_026443705.1	2503	2266.15	0	0
XM_026443706.1	8338	8101.15	48	1.08203
XM_026443707.1	11725	11488.1	103	1.63732
XM_026443708.1	6664	6427.15	28	0.795584
XM_026443709.1	2995	2758.15	0	0
XM_026443710.1	2992	2755.15	45.2421	2.99878
XM_026443711.1	2275	2038.15	20.549	1.8412
XM_026443712.1	2404	2167.15	0	0
XM_026443713.1	2274	2037.15	1.20889	0.10837
XM_026443714.1	3970	3733.15	3	0.146755
XM_026443715.1	4173	3936.15	10	0.463954
XM_026443716.1	1343	1106.15	10	1.65095
XM_026443717.1	693	458.704	19	7.56427
XM_026443718.1	881	644.786	5	1.41612
XM_026443719.1	794	558.277	16	5.23379
XM_026443720.1	8687	8450.15	13.7069	0.296226
XM_026443721.1	3138	2901.15	4.32522	0.27226
XM_026443722.1	2831	2594.15	5.43293	0.38246
XM_026443723.1	5109	4872.15	0	0
XM_026443724.1	1234	997.148	12.6221	2.31164
XM_026443725.1	997	760.148	9.37788	2.25296
XM_026443726.1	1239	1002.15	0	0
XM_026443727.1	4037	3800.15	0	0
XM_026443728.1	3481	3244.15	1.11042	0.0625076
XM_026443729.1	3463	3226.15	0	0
XM_026443730.1	7172	6935.15	2.81191	0.0740445
XM_026443731.1	3644	3407.15	18.0826	0.969206
XM_026443732.1	5962	5725.15	0.00363898	0.000116075
XM_026443733.1	5908	5671.15	41.9964	1.35234
XM_026443734.1	2394	2157.15	123	10.4129
XM_026443735.1	1835	1598.15	0	0
XM_026443736.1	5755	5518.15	2.63375	0.0871621
XM_026443737.1	5899	5662.15	54.6369	1.76218
XM_026443738.1	2645	2408.15	10	0.758339
XM_026443739.1	2632	2395.15	0	0
XM_026443740.1	526	299.977	9	5.479
XM_026443741.1	2581	2344.15	0	0
XM_026443742.1	2507	2270.15	1.08253e-06	8.70828e-08
XM_026443743.1	2468	2231.15	29	2.37365
XM_026443744.1	2705	2468.15	0	0
XM_026443745.1	1712	1475.15	0	0
XM_026443746.1	2782	2545.15	38.0995	2.73371
XM_026443747.1	3100	2863.15	6.90957	0.440711
XM_026443748.1	2659	2422.15	0	0
XM_026443749.1	3621	3384.15	12.991	0.701033
XM_026443750.1	1639	1402.15	24	3.12582
XM_026443751.1	5570	5333.15	5	0.171211
XM_026443752.1	2607	2370.15	0	0
XM_026443753.1	2181	1944.15	8	0.751462
XM_026443754.1	3300	3063.15	90.8518	5.41641
XM_026443755.1	3209	2972.15	24.1482	1.48375
XM_026443756.1	1331	1094.15	0.182993	0.0305426
XM_026443757.1	1326	1089.15	16.817	2.81974
XM_026443758.1	1449	1212.15	0	0
XM_026443759.1	1693	1456.15	21.9933	2.75824
XM_026443760.1	1917	1680.15	0	0
XM_026443761.1	1987	1750.15	4	0.41738
XM_026443762.1	1876	1639.15	0	0
XM_026443763.1	3653	3416.15	9	0.481119
XM_026443764.1	3070	2833.15	27	1.74037
XM_026443765.1	418	208.963	34	29.7137
XM_026443766.1	3174	2937.15	43	2.67355
XM_026443767.1	1876	1639.15	23.6703	2.63714
XM_026443768.1	2719	2482.15	0	0
XM_026443769.1	1827	1590.15	0	0
XM_026443770.1	1942	1705.15	0	0
XM_026443771.1	1819	1582.15	0	0
XM_026443772.1	6417	6180.15	195.067	5.76409
XM_026443773.1	4904	4667.15	20	0.782573
XM_026443774.1	4353	4116.15	0	0
XM_026443775.1	1202	965.148	10	1.89214
XM_026443776.1	2582	2345.15	1.94679	0.151599
XM_026443777.1	4295	4058.15	2	0.0900012
XM_026443778.1	3037	2800.15	1.00059	0.065256
XM_026443779.1	1925	1688.15	34	3.67803
XM_026443780.1	3028	2791.15	23.9994	1.57023
XM_026443781.1	1475	1238.15	0	0
XM_026443782.1	1586	1349.15	219.646	29.731
XM_026443783.1	1565	1328.15	40.2083	5.52861
XM_026443784.1	2274	2037.15	0	0
XM_026443785.1	1803	1566.15	1.00868	0.117617
XM_026443786.1	5430	5193.15	6.26163	0.220193
XM_026443787.1	1063	826.148	0	0
XM_026443788.1	2785	2548.15	5	0.358337
XM_026443789.1	2862	2625.15	0	0
XM_026443790.1	2449	2212.15	1	0.0825529
XM_026443791.1	1602	1365.15	47.514	6.35607
XM_026443792.1	2058	1821.15	30	3.00831
XM_026443793.1	1770	1533.15	0	0
XM_026443794.1	1535	1298.15	13.5327	1.90374
XM_026443795.1	2101	1864.15	17.4673	1.71116
XM_026443796.1	1840	1603.15	43.7358	4.98207
XM_026443797.1	2304	2067.15	19	1.67853
XM_026443798.1	2340	2103.15	0	0
XM_026443799.1	9607	9370.15	1.23328e-06	2.4036e-08
XM_026443800.1	9535	9298.15	92.4515	1.81578
XM_026443801.1	9397	9160.15	18.6784	0.372378
XM_026443802.1	1686	1449.15	0	0
XM_026443803.1	1789	1552.15	0	0
XM_026443804.1	1649	1412.15	10.5438	1.36353
XM_026443805.1	1467	1230.15	0	0
XM_026443806.1	1409	1172.15	5.4562	0.850069
XM_026443807.1	412	204.171	0	0
XM_026443808.1	1824	1587.15	25	2.87653
XM_026443809.1	3793	3556.15	24.2973	1.24774
XM_026443810.1	1620	1383.15	0	0
XM_026443811.1	1422	1185.15	116.55	17.9591
XM_026443812.1	1537	1300.15	1.37677e-06	1.93381e-07
XM_026443813.1	1533	1296.15	2.88179e-05	4.06026e-06
XM_026443814.1	1521	1284.15	3.17709e-08	4.51816e-09
XM_026443815.1	1499	1262.15	0.811457	0.117409
XM_026443816.1	1496	1259.15	8.49833	1.23255
XM_026443817.1	1490	1253.15	29.1403	4.24657
XM_026443818.1	1442	1205.15	0	0
XM_026443819.1	1324	1087.15	0	0
XM_026443820.1	720	485.425	1	0.376205
XM_026443821.1	9143	8906.15	54.1744	1.11084
XM_026443822.1	2923	2686.15	0	0
XM_026443823.1	3424	3187.15	0	0
XM_026443824.1	3756	3519.15	0	0
XM_026443825.1	3465	3228.15	0	0
XM_026443826.1	3361	3124.15	4.27926	0.25014
XM_026443827.1	1704	1467.15	5	0.622361
XM_026443828.1	1556	1319.15	0	0
XM_026443829.1	1479	1242.15	0	0
XM_026443830.1	9104	8867.15	0	0
XM_026443831.1	9833	9596.15	15.019	0.285818
XM_026443832.1	7193	6956.15	0	0
XM_026443833.1	6027	5790.15	0	0
XM_026443834.1	8757	8520.15	10.1333	0.217195
XM_026443835.1	7659	7422.15	0	0
XM_026443836.1	5477	5240.15	0	0
XM_026443837.1	5412	5175.15	0	0
XM_026443838.1	3216	2979.15	0	0
XM_026443839.1	7529	7292.15	10.3883	0.260156
XM_026443840.1	3140	2903.15	0.0179486	0.00112903
XM_026443841.1	4702	4465.15	0	0
XM_026443842.1	4101	3864.15	84.06	3.97266
XM_026443843.1	3125	2888.15	2.98205	0.188557
XM_026443844.1	10611	10374.1	0	0
XM_026443845.1	10539	10302.1	0	0
XM_026443846.1	11661	11424.1	0	0
XM_026443847.1	381	179.973	0	0
XM_026443848.1	1776	1539.15	0	0
XM_026443849.1	4579	4342.15	98.7707	4.15403
XM_026443850.1	1752	1515.15	0	0
XM_026443851.1	1158	921.148	2	0.396504
XM_026443852.1	2192	1955.15	0	0
XM_026443853.1	1063	826.148	5	1.10525
XM_026443854.1	1115	878.148	7	1.45572
XM_026443855.1	1066	829.148	0	0
XM_026443856.1	1060	823.148	0	0
XM_026443857.1	964	727.297	0	0
XM_026443858.1	958	721.37	0	0
XM_026443859.1	2196	1959.15	3.79185	0.353452
XM_026443860.1	2193	1956.15	17.2082	1.60649
XM_026443861.1	1299	1062.15	5	0.859669
XM_026443862.1	1977	1740.15	1.88532	0.197854
XM_026443863.1	1346	1109.15	9	1.48183
XM_026443864.1	776	540.607	0	0
XM_026443865.1	805	569.277	0	0
XM_026443866.1	1714	1477.15	3.76783	0.465815
XM_026443867.1	370	171.805	10.3871	11.041
XM_026443868.1	2110	1873.15	2	0.194986
XM_026443869.1	411	203.419	0	0
XM_026443870.1	8295	8058.15	2	0.0453253
XM_026443871.1	1706	1469.15	0	0
XM_026443872.1	1772	1535.15	0	0
XM_026443873.1	834	598.102	1.29503	0.395412
XM_026443874.1	912	675.72	3	0.810776
XM_026443875.1	7217	6980.15	1.11522	0.0291771
XM_026443876.1	7204	6967.15	7.0215	0.184044
XM_026443877.1	7214	6977.15	1.70462	0.0446167
XM_026443878.1	5804	5567.15	3.1687e-06	1.03943e-07
XM_026443879.1	655	421.719	1	0.433035
XM_026443880.1	6711	6474.15	6.04384	0.170481
XM_026443881.1	6738	6501.15	0.0993986	0.00279214
XM_026443882.1	6702	6465.15	23.8568	0.673875
XM_026443883.1	6562	6325.15	0	0
XM_026443884.1	6589	6352.15	0	0
XM_026443885.1	6553	6316.15	0	0
XM_026443886.1	7134	6897.15	0	0
XM_026443887.1	4781	4544.15	0	0
XM_026443888.1	3558	3321.15	0	0
XM_026443889.1	4771	4534.15	0	0
XM_026443890.1	4753	4516.15	1.81429e-06	7.33644e-08
XM_026443891.1	7073	6836.15	0	0
XM_026443892.1	4691	4454.15	119.998	4.91988
XM_026443893.1	7021	6784.15	108.664	2.92507
XM_026443894.1	2080	1843.15	6	0.59448
XM_026443895.1	2158	1921.15	80	7.60459
XM_026443896.1	870	633.915	0	0
XM_026443897.1	1181	944.148	10	1.93422
XM_026443898.1	2871	2634.15	3	0.207983
XM_026443899.1	3903	3666.15	0	0
XM_026443900.1	3937	3700.15	0	0
XM_026443901.1	4828	4591.15	20	0.795527
XM_026443902.1	2507	2270.15	0	0
XM_026443903.1	9779	9542.15	82.0245	1.5698
XM_026443904.1	1078	841.148	4	0.868429
XM_026443905.1	4364	4127.15	0	0
XM_026443906.1	3029	2792.15	0	0
XM_026443907.1	5652	5415.15	32.8932	1.10928
XM_026443908.1	5614	5377.15	1.36763e-07	4.64475e-09
XM_026443909.1	6474	6237.15	7.10676	0.208081
XM_026443910.1	5477	5240.15	0	0
XM_026443911.1	3098	2861.15	0	0
XM_026443912.1	2641	2404.15	11	0.835561
XM_026443913.1	4953	4716.15	10	0.387221
XM_026443914.1	2471	2234.15	10	0.8174
XM_026443915.1	5252	5015.15	46	1.67502
XM_026443916.1	5237	5000.15	0	0
XM_026443917.1	1312	1075.15	3	0.509565
XM_026443918.1	1239	1002.15	0	0
XM_026443919.1	3060	2823.15	0	0
XM_026443920.1	3403	3166.15	69.1638	3.98928
XM_026443921.1	1839	1602.15	0	0
XM_026443922.1	1734	1497.15	3	0.365934
XM_026443923.1	1567	1330.15	0	0
XM_026443924.1	4361	4124.15	29	1.28413
XM_026443925.1	797	561.277	31	10.0863
XM_026443926.1	1776	1539.15	0	0
XM_026443927.1	1699	1462.15	0	0
XM_026443928.1	1678	1441.15	0	0
XM_026443929.1	1535	1298.15	32.538	4.57734
XM_026443930.1	8815	8578.15	0	0
XM_026443931.1	2553	2316.15	36	2.83846
XM_026443932.1	2192	1955.15	0	0
XM_026443933.1	2140	1903.15	0	0
XM_026443934.1	2515	2278.15	30	2.40484
XM_026443935.1	4565	4328.15	0	0
XM_026443936.1	4328	4091.15	4	0.178551
XM_026443937.1	8253	8016.15	0	0
XM_026443938.1	8722	8485.15	28.0963	0.604696
XM_026443939.1	8869	8632.15	34.4824	0.729501
XM_026443940.1	8070	7833.15	0	0
XM_026443941.1	7124	6887.15	0	0
XM_026443942.1	4845	4608.15	1.5965	0.0632685
XM_026443943.1	1889	1652.15	5	0.552672
XM_026443944.1	1255	1018.15	0	0
XM_026443945.1	806	570.277	0	0
XM_026443946.1	11831	11594.1	311	4.89855
XM_026443947.1	3003	2766.15	0	0
XM_026443948.1	2939	2702.15	24	1.62199
XM_026443949.1	8937	8700.15	3.66581	0.0769467
XM_026443950.1	8928	8691.15	152.039	3.19466
XM_026443951.1	8718	8481.15	0	0
XM_026443952.1	8697	8460.15	236.971	5.1152
XM_026443953.1	6116	5879.15	67	2.08117
XM_026443954.1	2550	2313.15	22.3049	1.76094
XM_026443955.1	633	400.256	0	0
XM_026443956.1	766	530.607	0	0
XM_026443957.1	2352	2115.15	0	0
XM_026443958.1	2119	1882.15	54	5.23946
XM_026443959.1	1963	1726.15	0	0
XM_026443960.1	13069	12832.1	0	0
XM_026443961.1	11495	11258.1	24.486	0.397189
XM_026443962.1	11610	11373.1	0	0
XM_026443963.1	11447	11210.1	34.3436	0.559475
XM_026443964.1	13021	12784.1	0	0
XM_026443965.1	11345	11108.1	0	0
XM_026443966.1	6119	5882.15	0.608536	0.0188928
XM_026443967.1	4037	3800.15	81.4029	3.91188
XM_026443968.1	2763	2526.15	19.5991	1.41685
XM_026443969.1	2631	2394.15	9.40088	0.717074
XM_026443970.1	1976	1739.15	0	0
XM_026443971.1	1931	1694.15	161.882	17.4499
XM_026443972.1	1919	1682.15	33.1183	3.59543
XM_026443973.1	1782	1545.15	31	3.66385
XM_026443974.1	1770	1533.15	0	0
XM_026443975.1	2069	1832.15	2.3175e-06	2.30997e-07
XM_026443976.1	2267	2030.15	0	0
XM_026443977.1	2040	1803.15	16	1.62045
XM_026443978.1	4419	4182.15	0	0
XM_026443979.1	4254	4017.15	12	0.545519
XM_026443980.1	4374	4137.15	780.599	34.4567
XM_026443981.1	1449	1212.15	119	17.9282
XM_026443982.1	5087	4850.15	0	0
XM_026443983.1	4055	3818.15	3	0.143488
XM_026443984.1	3134	2897.15	0	0
XM_026443985.1	3058	2821.15	0	0
XM_026443986.1	4287	4050.15	0	0
XM_026443987.1	4692	4455.15	0	0
XM_026443988.1	4523	4286.15	7.01193	0.298756
XM_026443989.1	2724	2487.15	0	0
XM_026443990.1	824	588.162	1	0.310492
XM_026443991.1	3710	3473.15	24	1.26193
XM_026443992.1	3375	3138.15	0	0
XM_026443993.1	6997	6760.15	13.1472	0.355159
XM_026443994.1	788	552.388	8	2.64479
XM_026443995.1	5757	5520.15	6.38589	0.21126
XM_026443996.1	2772	2535.15	0	0
XM_026443997.1	5361	5124.15	11.4598	0.408416
XM_026443998.1	7005	6768.15	13.7135	0.37002
XM_026443999.1	5774	5537.15	55.5175	1.83101
XM_026444000.1	5568	5331.15	115.416	3.95358
XM_026444001.1	5527	5290.15	0	0
XM_026444002.1	1824	1587.15	0	0
XM_026444003.1	1821	1584.15	0	0
XM_026444004.1	4973	4736.15	0	0
XM_026444005.1	4804	4567.15	0	0
XM_026444006.1	4235	3998.15	0	0
XM_026444007.1	6107	5870.15	0	0
XM_026444008.1	5810	5573.15	7.40162	0.242534
XM_026444009.1	4386	4149.15	101.728	4.4774
XM_026444010.1	4260	4023.15	21.2724	0.965598
XM_026444011.1	5167	4930.15	34.6021	1.28171
XM_026444012.1	3796	3559.15	0	0
XM_026444013.1	3722	3485.15	4.94537	0.259134
XM_026444014.1	2650	2413.15	3	0.22703
XM_026444015.1	941	704.582	0	0
XM_026444016.1	9301	9064.15	0	0
XM_026444017.1	5963	5726.15	5.82346	0.185723
XM_026444018.1	5951	5714.15	46.1765	1.47576
XM_026444019.1	9091	8854.15	19.645	0.405183
XM_026444020.1	8220	7983.15	2.2837e-05	5.2241e-07
XM_026444021.1	8108	7871.15	25.9999	0.603227
XM_026444022.1	2969	2732.15	37	2.47311
XM_026444023.1	3083	2846.15	13.8163	0.886501
XM_026444024.1	3079	2842.15	0	0
XM_026444025.1	2671	2434.15	16.1837	1.21417
XM_026444026.1	1570	1333.15	7	0.958884
XM_026444027.1	1371	1134.15	0	0
XM_026444028.1	1500	1263.15	0	0
XM_026444029.1	9213	8976.15	0	0
XM_026444030.1	2899	2662.15	0	0
XM_026444031.1	2602	2365.15	1	0.0772126
XM_026444032.1	1089	852.148	0	0
XM_026444033.1	1008	771.148	0	0
XM_026444034.1	1083	846.148	0	0
XM_026444035.1	1039	802.148	0	0
XM_026444036.1	969	732.297	1	0.249378
XM_026444037.1	4289	4052.15	0	0
XM_026444038.1	4283	4046.15	9.39482	0.424027
XM_026444039.1	4472	4235.15	201.605	8.6932
XM_026444040.1	4121	3884.15	0	0
XM_026444041.1	5541	5304.15	35.873	1.23509
XM_026444042.1	6121	5884.15	48.127	1.49366
XM_026444043.1	5247	5010.15	0	0
XM_026444044.1	5464	5227.15	0	0
XM_026444045.1	7643	7406.15	52.0656	1.28382
XM_026444046.1	2882	2645.15	4.85621	0.335269
XM_026444047.1	7570	7333.15	17.9519	0.44706
XM_026444048.1	4353	4116.15	0	0
XM_026444049.1	4395	4158.15	0	0
XM_026444050.1	4988	4751.15	0	0
XM_026444051.1	4584	4347.15	20.3098	0.853192
XM_026444052.1	4888	4651.15	0	0
XM_026444053.1	4624	4387.15	0	0
XM_026444054.1	4464	4227.15	44.9494	1.94188
XM_026444055.1	3913	3676.15	0	0
XM_026444056.1	4341	4104.15	28.7409	1.27886
XM_026444057.1	502	278.68	3	1.9659
XM_026444058.1	496	273.566	0	0
XM_026444059.1	1860	1623.15	17.9736	2.0222
XM_026444060.1	1885	1648.15	6.7775	0.750965
XM_026444061.1	1293	1056.15	63.225	10.9323
XM_026444062.1	1165	928.148	0	0
XM_026444063.1	1408	1171.15	2	0.311864
XM_026444064.1	619	386.614	0	0
XM_026444065.1	3890	3653.15	14.5275	0.726222
XM_026444066.1	3739	3502.15	0	0
XM_026444067.1	4158	3921.15	0	0
XM_026444068.1	4122	3885.15	0	0
XM_026444069.1	4046	3809.15	33.4725	1.60475
XM_026444070.1	1066	829.148	5	1.10125
XM_026444071.1	3275	3038.15	0	0
XM_026444072.1	3370	3133.15	66	3.84689
XM_026444073.1	2507	2270.15	12	0.965325
XM_026444074.1	1044	807.148	5.30566	1.20042
XM_026444075.1	5993	5756.15	0	0
XM_026444076.1	5348	5111.15	0	0
XM_026444077.1	1060	823.148	0	0
XM_026444078.1	1240	1003.15	4	0.728185
XM_026444079.1	2167	1930.15	3	0.283842
XM_026444080.1	3753	3516.15	0	0
XM_026444081.1	3658	3421.15	21.01	1.1215
XM_026444082.1	3748	3511.15	0	0
XM_026444083.1	3767	3530.15	0	0
XM_026444084.1	3636	3399.15	5.22347	0.280631
XM_026444085.1	3723	3486.15	0	0
XM_026444086.1	2314	2077.15	90.8084	7.98372
XM_026444087.1	1962	1725.15	0	0
XM_026444088.1	1856	1619.15	0	0
XM_026444089.1	1885	1648.15	0	0
XM_026444090.1	1764	1527.15	3	0.358746
XM_026444091.1	1774	1537.15	1.38647e-08	1.64718e-09
XM_026444092.1	1597	1360.15	0	0
XM_026444093.1	1294	1057.15	14.9524	2.58298
XM_026444094.1	1321	1084.15	0	0
XM_026444095.1	1669	1432.15	6.37359	0.812723
XM_026444096.1	1485	1248.15	32.674	4.78061
XM_026444097.1	12540	12303.1	0	0
XM_026444098.1	12526	12289.1	0	0
XM_026444099.1	11716	11479.1	0.0338235	0.00053809
XM_026444100.1	11656	11419.1	5.96464	0.0953887
XM_026444101.1	10471	10234.1	0	0
XM_026444102.1	2208	1971.15	5.28533	0.489665
XM_026444103.1	759	523.871	0	0
XM_026444104.1	5989	5752.15	0	0
XM_026444105.1	4754	4517.15	0	0
XM_026444106.1	4739	4502.15	0	0
XM_026444107.1	4622	4385.15	56.7402	2.36294
XM_026444108.1	4607	4370.15	18.1059	0.756609
XM_026444109.1	4537	4300.15	101.361	4.30462
XM_026444110.1	3960	3723.15	20.098	0.985799
XM_026444111.1	5005	4768.15	25	0.957495
XM_026444112.1	2154	1917.15	0	0
XM_026444113.1	2326	2089.15	0	0
XM_026444114.1	2320	2083.15	3.04995e-06	2.67374e-07
XM_026444115.1	2284	2047.15	90.5227	8.07523
XM_026444116.1	2176	1939.15	28.6771	2.70066
XM_026444117.1	3010	2773.15	10	0.658527
XM_026444118.1	2081	1844.15	0	0
XM_026444119.1	2141	1904.15	0	0
XM_026444120.1	2452	2215.15	3.34405	0.275687
XM_026444121.1	1821	1584.15	0	0
XM_026444122.1	1901	1664.15	23.6559	2.59594
XM_026444123.1	1795	1558.15	0	0
XM_026444124.1	1648	1411.15	0	0
XM_026444125.1	2896	2659.15	25.3252	1.73923
XM_026444126.1	3104	2867.15	0	0
XM_026444127.1	2945	2708.15	0	0
XM_026444128.1	2489	2252.15	2	0.162173
XM_026444129.1	1383	1146.15	0	0
XM_026444130.1	4330	4093.15	27.7324	1.23731
XM_026444131.1	4312	4075.15	0	0
XM_026444132.1	4306	4069.15	0	0
XM_026444133.1	4303	4066.15	12.9222	0.580364
XM_026444134.1	4288	4051.15	0	0
XM_026444135.1	3719	3482.15	6.7141	0.352117
XM_026444136.1	3534	3297.15	0	0
XM_026444137.1	2304	2067.15	0	0
XM_026444138.1	4033	3796.15	0	0
XM_026444139.1	4002	3765.15	0	0
XM_026444140.1	6052	5815.15	140	4.39657
XM_026444141.1	2758	2521.15	19	1.37626
XM_026444142.1	1771	1534.15	55.1286	6.5623
XM_026444143.1	1215	978.148	0	0
XM_026444144.1	3881	3644.15	0	0
XM_026444145.1	4060	3823.15	2.80696e-08	1.34079e-09
XM_026444146.1	3803	3566.15	1.59441e-06	8.16482e-08
XM_026444147.1	1210	973.148	0	0
XM_026444148.1	4313	4076.15	3	0.134406
XM_026444149.1	1675	1438.15	5.80624	0.737289
XM_026444150.1	1770	1533.15	5.19376	0.618649
XM_026444151.1	1550	1313.15	0	0
XM_026444152.1	1549	1312.15	0	0
XM_026444153.1	2482	2245.15	30.8546	2.5097
XM_026444154.1	3724	3487.15	0	0
XM_026444155.1	4073	3836.15	0	0
XM_026444156.1	4061	3824.15	22.9702	1.09692
XM_026444157.1	4031	3794.15	42.861	2.06298
XM_026444158.1	3876	3639.15	7.83967	0.393409
XM_026444159.1	3945	3708.15	6.96629e-08	3.43076e-09
XM_026444160.1	3856	3619.15	0	0
XM_026444161.1	3766	3529.15	3.32916	0.172271
XM_026444162.1	3724	3487.15	0	0
XM_026444163.1	2482	2245.15	0	0
XM_026444164.1	1712	1475.15	0	0
XM_026444165.1	1624	1387.15	6.22772	0.819885
XM_026444166.1	1534	1297.15	9.77228	1.37579
XM_026444167.1	8043	7806.15	349	8.1646
XM_026444168.1	2615	2378.15	17.2972	1.32826
XM_026444169.1	9764	9527.15	75	1.43762
XM_026444170.1	8063	7826.15	29.7247	0.69361
XM_026444171.1	6747	6510.15	0	0
XM_026444172.1	7685	7448.15	6.77108	0.166018
XM_026444173.1	6597	6360.15	530.294	15.2264
XM_026444174.1	2821	2584.15	6	0.424014
XM_026444175.1	3264	3027.15	0	0
XM_026444176.1	3261	3024.15	54	3.2609
XM_026444177.1	3166	2929.15	0	0
XM_026444178.1	3162	2925.15	0	0
XM_026444179.1	2927	2690.15	0	0
XM_026444180.1	3939	3702.15	0	0
XM_026444181.1	3729	3492.15	0	0
XM_026444182.1	3936	3699.15	8	0.394943
XM_026444183.1	3856	3619.15	0	0
XM_026444184.1	3856	3619.15	0	0
XM_026444185.1	2311	2074.15	42	3.69791
XM_026444186.1	2276	2039.15	0	0
XM_026444187.1	5293	5056.15	0	0
XM_026444188.1	4306	4069.15	25.1435	1.12841
XM_026444189.1	5405	5168.15	0	0
XM_026444190.1	4451	4214.15	0	0
XM_026444191.1	5273	5036.15	4.45342	0.161489
XM_026444192.1	3612	3375.15	4.40311	0.238239
XM_026444193.1	3841	3604.15	0	0
XM_026444194.1	1640	1403.15	6	0.780898
XM_026444195.1	5648	5411.15	0	0
XM_026444196.1	4881	4644.15	23	0.904416
XM_026444197.1	4954	4717.15	0	0
XM_026444198.1	2541	2304.15	7	0.554797
XM_026444199.1	891	654.786	97	27.0532
XM_026444200.1	1866	1629.15	0	0
XM_026444201.1	2361	2124.15	0	0
XM_026444202.1	11013	10776.1	0	0
XM_026444203.1	11068	10831.1	0	0
XM_026444204.1	10672	10435.1	0	0
XM_026444205.1	2606	2369.15	0	0
XM_026444206.1	11007	10770.1	0	0
XM_026444207.1	10437	10200.1	5.62067	0.10063
XM_026444208.1	10992	10755.1	18.0289	0.306126
XM_026444209.1	10983	10746.1	0	0
XM_026444210.1	10971	10734.1	0	0
XM_026444211.1	10965	10728.1	0	0
XM_026444212.1	10944	10707.1	9.35041	0.159479
XM_026444213.1	10932	10695.1	0	0
XM_026444214.1	10933	10696.1	0	0
XM_026444215.1	10890	10653.1	0	0
XM_026444216.1	10593	10356.1	0	0
XM_026444217.1	10123	9886.15	0	0
XM_026444218.1	8812	8575.15	0	0
XM_026444219.1	6376	6139.15	0	0
XM_026444220.1	6400	6163.15	0	0
XM_026444221.1	6349	6112.15	0	0
XM_026444222.1	6361	6124.15	38	1.13314
XM_026444223.1	6412	6175.15	0	0
XM_026444224.1	1997	1760.15	3.07549	0.319088
XM_026444225.1	2834	2597.15	0	0
XM_026444226.1	2825	2588.15	0	0
XM_026444227.1	2814	2577.15	9.87065	0.699444
XM_026444228.1	2805	2568.15	5.00434	0.355855
XM_026444229.1	3612	3375.15	18.3217	0.991335
XM_026444230.1	3537	3300.15	8.86855	0.490756
XM_026444231.1	3439	3202.15	0	0
XM_026444232.1	3252	3015.15	0	0
XM_026444233.1	3261	3024.15	0	0
XM_026444234.1	3142	2905.15	0	0
XM_026444235.1	2916	2679.15	5.29649	0.361026
XM_026444236.1	3604	3367.15	0	0
XM_026444237.1	3321	3084.15	2.8149	0.166677
XM_026444238.1	3134	2897.15	8.96126	0.564865
XM_026444239.1	3580	3343.15	11.8621	0.647964
XM_026444240.1	3550	3313.15	0	0
XM_026444241.1	3377	3140.15	0	0
XM_026444242.1	3267	3030.15	0	0
XM_026444243.1	3190	2953.15	0	0
XM_026444244.1	3080	2843.15	0	0
XM_026444245.1	2854	2617.15	0	0
XM_026444246.1	3541	3304.15	0	0
XM_026444247.1	3368	3131.15	0	0
XM_026444248.1	3258	3021.15	0	0
XM_026444249.1	3181	2944.15	0	0
XM_026444250.1	3071	2834.15	0	0
XM_026444251.1	3713	3476.15	39	2.04886
XM_026444252.1	901	664.72	3	0.824193
XM_026444253.1	992	755.224	4	0.967232
XM_026444254.1	5990	5753.15	0	0
XM_026444255.1	5964	5727.15	34.7517	1.10811
XM_026444256.1	5915	5678.15	0	0
XM_026444257.1	5915	5678.15	0	0
XM_026444258.1	5877	5640.15	23.2483	0.752745
XM_026444259.1	5863	5626.15	0	0
XM_026444260.1	5854	5617.15	4.05134e-06	1.31713e-07
XM_026444261.1	5781	5544.15	0	0
XM_026444262.1	849	613.102	0	0
XM_026444263.1	1715	1478.15	8	0.988368
XM_026444264.1	1595	1358.15	0	0
XM_026444265.1	1411	1174.15	3	0.4666
XM_026444266.1	2597	2360.15	0	0
XM_026444267.1	791	555.333	0	0
XM_026444268.1	704	469.425	0	0
XM_026444269.1	10363	10126.1	25.9463	0.467927
XM_026444270.1	10373	10136.1	9.79437	0.176461
XM_026444271.1	10139	9902.15	0	0
XM_026444272.1	10143	9906.15	0	0
XM_026444273.1	10202	9965.15	0	0
XM_026444274.1	9799	9562.15	21.6296	0.413086
XM_026444275.1	9799	9562.15	21.6296	0.413086
XM_026444276.1	9839	9602.15	0	0
XM_026444277.1	9834	9597.15	0	0
XM_026444278.1	2693	2456.15	1	0.0743519
XM_026444279.1	12497	12260.1	0	0
XM_026444280.1	12464	12227.1	1.07483e-08	1.60531e-10
XM_026444281.1	12383	12146.1	7.593e-06	1.14162e-07
XM_026444282.1	12200	11963.1	24.4229	0.372818
XM_026444283.1	1653	1416.15	11	1.4185
XM_026444284.1	1478	1241.15	0	0
XM_026444285.1	1477	1240.15	0	0
XM_026444286.1	1315	1078.15	0	0
XM_026444287.1	2917	2680.15	3.79372	0.258496
XM_026444288.1	2929	2692.15	0	0
XM_026444289.1	3516	3279.15	1.20628	0.0671788
XM_026444290.1	3128	2891.15	0	0
XM_026444291.1	1808	1571.15	0	0
XM_026444292.1	1630	1393.15	0	0
XM_026444293.1	2126	1889.15	1.25538	0.121354
XM_026444294.1	1369	1132.15	0	0
XM_026444295.1	1336	1099.15	35	5.81512
XM_026444296.1	1730	1493.15	0	0
XM_026444297.1	3375	3138.15	31.0685	1.80798
XM_026444298.1	2473	2236.15	0	0
XM_026444299.1	2594	2357.15	118.736	9.19903
XM_026444300.1	5905	5668.15	9	0.289966
XM_026444301.1	4002	3765.15	0	0
XM_026444302.1	4318	4081.15	0	0
XM_026444303.1	4182	3945.15	0	0
XM_026444304.1	4179	3942.15	0	0
XM_026444305.1	1182	945.148	1.94574	0.375951
XM_026444306.1	2589	2352.15	4.00536	0.310973
XM_026444307.1	13616	13379.1	61.2537	0.836085
XM_026444308.1	13555	13318.1	0.00022132	3.03476e-06
XM_026444309.1	13599	13362.1	87.5638	1.19673
XM_026444310.1	14058	13821.1	0	0
XM_026444311.1	14055	13818.1	26.2746	0.347242
XM_026444312.1	13872	13635.1	144.742	1.93857
XM_026444313.1	13863	13626.1	0.000246455	3.30302e-06
XM_026444314.1	2375	2138.15	0	0
XM_026444315.1	1575	1338.15	0	0
XM_026444316.1	1257	1020.15	0	0
XM_026444317.1	1238	1001.15	1	0.18241
XM_026444318.1	616	383.769	2	0.951714
XM_026444319.1	4909	4672.15	9	0.351781
XM_026444320.1	4782	4545.15	0	0
XM_026444321.1	3012	2775.15	3.41216	0.224538
XM_026444322.1	2713	2476.15	0	0
XM_026444323.1	2483	2246.15	0	0
XM_026444324.1	7846	7609.15	0	0
XM_026444325.1	5643	5406.15	19.2913	0.651658
XM_026444326.1	2275	2038.15	2	0.179201
XM_026444327.1	384	182.393	1.61891	1.62092
XM_026444328.1	15102	14865.1	0	0
XM_026444329.1	7113	6876.15	0	0
XM_026444330.1	16576	16339.1	0	0
XM_026444331.1	16639	16402.1	0.0768542	0.000855683
XM_026444332.1	6886	6649.15	24.9816	0.686121
XM_026444333.1	9695	9458.15	2	0.0386163
XM_026444334.1	6883	6646.15	0	0
XM_026444335.1	2201	1964.15	0	0
XM_026444336.1	2126	1889.15	0	0
XM_026444337.1	7094	6857.15	0	0
XM_026444338.1	759	523.871	0	0
XM_026444339.1	7084	6847.15	0	0
XM_026444340.1	7069	6832.15	0	0
XM_026444341.1	3486	3249.15	0	0
XM_026444342.1	3483	3246.15	16.1216	0.906958
XM_026444343.1	3435	3198.15	11.4648	0.654657
XM_026444344.1	3393	3156.15	0	0
XM_026444345.1	3390	3153.15	0	0
XM_026444346.1	3342	3105.15	24.8564	1.46185
XM_026444347.1	7339	7102.15	0	0
XM_026444348.1	7288	7051.15	128.429	3.32621
XM_026444349.1	7049	6812.15	0	0
XM_026444350.1	7026	6789.15	0	0
XM_026444351.1	3008	2771.15	5.52743	0.364259
XM_026444352.1	2603	2366.15	0	0
XM_026444353.1	2509	2272.15	0.314375	0.0252673
XM_026444354.1	2506	2269.15	1.1582	0.0932108
XM_026444355.1	7037	6800.15	0	0
XM_026444356.1	3090	2853.15	6	0.384037
XM_026444357.1	1911	1674.15	26	2.83613
XM_026444358.1	6986	6749.15	0	0
XM_026444359.1	1825	1588.15	7	0.804922
XM_026444360.1	6977	6740.15	0	0
XM_026444361.1	7922	7685.15	0	0
XM_026444362.1	6895	6658.15	29.0211	0.795988
XM_026444363.1	2182	1945.15	3	0.281653
XM_026444364.1	3469	3232.15	0	0
XM_026444365.1	3466	3229.15	0	0
XM_026444366.1	3457	3220.15	0	0
XM_026444367.1	3436	3199.15	0	0
XM_026444368.1	3433	3196.15	0	0
XM_026444369.1	3433	3196.15	2.53347	0.144756
XM_026444370.1	6887	6650.15	0	0
XM_026444371.1	3421	3184.15	0	0
XM_026444372.1	3194	2957.15	2.89136	0.178556
XM_026444373.1	3400	3163.15	2.57466	0.148644
XM_026444374.1	3158	2921.15	0	0
XM_026444375.1	3253	3016.15	9.84121e-09	5.95857e-10
XM_026444376.1	3220	2983.15	0.000511429	3.13081e-05
XM_026444377.1	3356	3119.15	0	0
XM_026444378.1	3056	2819.15	0	0
XM_026444379.1	3055	2818.15	0	0
XM_026444380.1	1384	1147.15	0	0
XM_026444381.1	1144	907.148	0	0
XM_026444382.1	1107	870.148	2.09407	0.439485
XM_026444383.1	1444	1207.15	45.5838	6.89599
XM_026444384.1	6192	5955.15	96.5851	2.96186
XM_026444385.1	5646	5409.15	0	0
XM_026444386.1	5083	4846.15	0	0
XM_026444387.1	4413	4176.15	0	0
XM_026444388.1	4414	4177.15	0	0
XM_026444389.1	4406	4169.15	1.57206	0.0688604
XM_026444390.1	4765	4528.15	91.8395	3.70387
XM_026444391.1	3243	3006.15	14.5884	0.886227
XM_026444392.1	4004	3767.15	2.3838	0.115559
XM_026444393.1	4682	4445.15	0	0
XM_026444394.1	3989	3752.15	0	0
XM_026444395.1	4544	4307.15	13.0311	0.552508
XM_026444396.1	2971	2734.15	2.14029	0.142954
XM_026444397.1	2695	2458.15	0	0
XM_026444398.1	2332	2095.15	0	0
XM_026444399.1	1671	1434.15	7	0.891355
XM_026444400.1	2081	1844.15	0	0
XM_026444401.1	1614	1377.15	5	0.663034
XM_026444402.1	1750	1513.15	4	0.482753
XM_026444403.1	5239	5002.15	0.342636	0.012509
XM_026444404.1	1805	1568.15	0	0
XM_026444405.1	8305	8068.15	132.793	3.0057
XM_026444406.1	8078	7841.15	57.3479	1.33562
XM_026444407.1	7886	7649.15	0	0
XM_026444408.1	12922	12685.1	125.998	1.81391
XM_026444409.1	13710	13473.1	0	0
XM_026444410.1	12824	12587.1	4.64894e-06	6.74486e-08
XM_026444411.1	7003	6766.15	0	0
XM_026444412.1	7001	6764.15	0	0
XM_026444413.1	822	586.162	0	0
XM_026444414.1	6967	6730.15	0	0
XM_026444415.1	6964	6727.15	0	0
XM_026444416.1	6907	6670.15	0	0
XM_026444417.1	6766	6529.15	18.3303	0.512696
XM_026444418.1	6723	6486.15	0	0
XM_026444419.1	6730	6493.15	9.14532	0.257211
XM_026444420.1	6685	6448.15	0	0
XM_026444421.1	6862	6625.15	26.2779	0.724338
XM_026444422.1	8071	7834.15	7.06583	0.164709
XM_026444423.1	6114	5877.15	0	0
XM_026444424.1	783	547.388	0	0
XM_026444425.1	6105	5868.15	46.6698	1.45238
XM_026444426.1	6078	5841.15	82.5109	2.57964
XM_026444427.1	1195	958.148	2	0.381192
XM_026444428.1	434	221.728	2	1.64724
XM_026444429.1	690	455.704	0	0
XM_026444430.1	5735	5498.15	0	0
XM_026444431.1	5708	5471.15	0	0
XM_026444432.1	6085	5848.15	23.5272	0.734682
XM_026444433.1	6104	5867.15	0	0
XM_026444434.1	6743	6506.15	3.02694	0.0849623
XM_026444435.1	6014	5777.15	0	0
XM_026444436.1	3268	3031.15	26.8891	1.62
XM_026444437.1	3315	3078.15	0	0
XM_026444438.1	1703	1466.15	0	0
XM_026444439.1	2965	2728.15	0	0
XM_026444440.1	3064	2827.15	0	0
XM_026444441.1	3055	2818.15	0	0
XM_026444442.1	2967	2730.15	0	0
XM_026444443.1	2023	1786.15	0	0
XM_026444444.1	3171	2934.15	0	0
XM_026444445.1	2399	2162.15	0	0
XM_026444446.1	1422	1185.15	28	4.31451
XM_026444447.1	678	444.021	0	0
XM_026444448.1	5883	5646.15	190	6.14537
XM_026444449.1	1920	1683.15	15	1.62748
XM_026444450.1	3373	3136.15	23	1.3393
XM_026444451.1	1826	1589.15	1	0.114916
XM_026444452.1	1084	847.148	0	0
XM_026444453.1	9730	9493.15	1.00092	0.0192547
XM_026444454.1	6485	6248.15	51	1.49061
XM_026444455.1	4113	3876.15	35.7676	1.68514
XM_026444456.1	8008	7771.15	109.672	2.57725
XM_026444457.1	2299	2062.15	2.94843	0.261106
XM_026444458.1	3265	3028.15	0	0
XM_026444459.1	2064	1827.15	0	0
XM_026444460.1	2309	2072.15	35.0516	3.08911
XM_026444461.1	1949	1712.15	0	0
XM_026444462.1	2917	2680.15	0	0
XM_026444463.1	2746	2509.15	8.9177	0.649043
XM_026444464.1	2899	2662.15	2.0823	0.142842
XM_026444465.1	3909	3672.15	0	0
XM_026444466.1	3893	3656.15	0	0
XM_026444467.1	1592	1355.15	0	0
XM_026444468.1	1894	1657.15	12.0024	1.32267
XM_026444469.1	3157	2920.15	0	0
XM_026444470.1	582	351.575	17	8.83035
XM_026444471.1	1544	1307.15	0	0
XM_026444472.1	1469	1232.15	0	0
XM_026444473.1	1183	946.148	0	0
XM_026444474.1	3267	3030.15	39.6792	2.39136
XM_026444475.1	8969	8732.15	34.9704	0.731352
XM_026444476.1	3480	3243.15	0	0
XM_026444477.1	5264	5027.15	0	0
XM_026444478.1	3530	3293.15	3.35865	0.186251
XM_026444479.1	5230	4993.15	1.86277	0.0681288
XM_026444480.1	3718	3481.15	4.5816	0.240348
XM_026444481.1	2766	2529.15	21.7587	1.57111
XM_026444482.1	2232	1995.15	0	0
XM_026444483.1	3902	3665.15	0	0
XM_026444484.1	4023	3786.15	10	0.482335
XM_026444485.1	4333	4096.15	53.797	2.39844
XM_026444486.1	4054	3817.15	187.203	8.95613
XM_026444487.1	1075	838.148	170	37.0403
XM_026444488.1	10092	9855.15	293	5.42939
XM_026444489.1	3049	2812.15	0	0
XM_026444490.1	1461	1224.15	0	0
XM_026444491.1	3348	3111.15	0	0
XM_026444492.1	3341	3104.15	0	0
XM_026444493.1	3285	3048.15	1.70454	0.102121
XM_026444494.1	3282	3045.15	0	0
XM_026444495.1	3616	3379.15	30.2955	1.63726
XM_026444496.1	12540	12303.1	0	0
XM_026444497.1	11880	11643.1	46.6887	0.732299
XM_026444498.1	12442	12205.1	0	0
XM_026444499.1	14716	14479.1	11.9569	0.150807
XM_026444500.1	13505	13268.1	21.3832	0.294312
XM_026444501.1	4195	3958.15	0	0
XM_026444502.1	4151	3914.15	8.25057	0.38494
XM_026444503.1	2403	2166.15	0	0
XM_026444504.1	4364	4127.15	43.9051	1.94273
XM_026444505.1	4128	3891.15	0	0
XM_026444506.1	4121	3884.15	0	0
XM_026444507.1	4121	3884.15	0	0
XM_026444508.1	4046	3809.15	4.38309	0.210135
XM_026444509.1	4228	3991.15	62.4612	2.85798
XM_026444510.1	4137	3900.15	8.35789	0.391347
XM_026444511.1	3551	3314.15	18.9178	1.04243
XM_026444512.1	3291	3054.15	0	0
XM_026444513.1	4468	4231.15	29.5474	1.27529
XM_026444514.1	3276	3039.15	0	0
XM_026444515.1	5062	4825.15	0	0
XM_026444516.1	5050	4813.15	0	0
XM_026444517.1	5050	4813.15	0	0
XM_026444518.1	6178	5941.15	0	0
XM_026444519.1	1674	1437.15	0	0
XM_026444520.1	6165	5928.15	0	0
XM_026444521.1	3045	2808.15	134.67	8.75787
XM_026444522.1	5074	4837.15	0	0
XM_026444523.1	4116	3879.15	9.5354	0.448899
XM_026444524.1	3039	2802.15	0	0
XM_026444525.1	1536	1299.15	0	0
XM_026444526.1	4701	4464.15	0	0
XM_026444527.1	8333	8096.15	0	0
XM_026444528.1	4719	4482.15	0	0
XM_026444529.1	8613	8376.15	0	0
XM_026444530.1	8604	8367.15	0	0
XM_026444531.1	8594	8357.15	0	0
XM_026444532.1	8589	8352.15	0	0
XM_026444533.1	8570	8333.15	0	0
XM_026444534.1	8564	8327.15	0	0
XM_026444535.1	6166	5929.15	7.1912	0.221491
XM_026444536.1	8505	8268.15	15.7342	0.347522
XM_026444537.1	8555	8318.15	0	0
XM_026444538.1	8545	8308.15	0	0
XM_026444539.1	8540	8303.15	0	0
XM_026444540.1	8543	8306.15	0	0
XM_026444541.1	8536	8299.15	41.9937	0.924054
XM_026444542.1	8532	8295.15	0	0
XM_026444543.1	8494	8257.15	0	0
XM_026444544.1	8485	8248.15	42.3587	0.937849
XM_026444545.1	6166	5929.15	0	0
XM_026444546.1	9811	9574.15	62.7696	1.19728
XM_026444547.1	9120	8883.15	0	0
XM_026444548.1	8666	8429.15	0	0
XM_026444549.1	8600	8363.15	0	0
XM_026444550.1	9596	9359.15	7.05427	0.137646
XM_026444551.1	9538	9301.15	0	0
XM_026444552.1	9066	8829.15	10.9902	0.227317
XM_026444553.1	9307	9070.15	44.8463	0.902939
XM_026444554.1	3065	2828.15	3.39105	0.218967
XM_026444555.1	8126	7889.15	0	0
XM_026444556.1	4517	4280.15	2.83315	0.120881
XM_026444557.1	2654	2417.15	0	0
XM_026444558.1	1914	1677.15	3.87382	0.421808
XM_026444559.1	1005	768.148	0	0
XM_026444560.1	745	509.974	0	0
XM_026444561.1	2795	2558.15	1.43328	0.102318
XM_026444562.1	2809	2572.15	0.00655929	0.000465701
XM_026444563.1	2117	1880.15	0	0
XM_026444564.1	1283	1046.15	0	0
XM_026444565.1	2982	2745.15	26	1.72963
XM_026444566.1	5699	5462.15	0	0
XM_026444567.1	1349	1112.15	1	0.164204
XM_026444568.1	2689	2452.15	124.9	9.30168
XM_026444569.1	2204	1967.15	0	0
XM_026444570.1	2653	2416.15	0	0
XM_026444571.1	3100	2863.15	23.7826	1.51692
XM_026444572.1	6456	6219.15	165.229	4.8518
XM_026444573.1	6539	6302.15	59.7706	1.73199
XM_026444574.1	6280	6043.15	0	0
XM_026444575.1	14560	14323.1	15.3171	0.195292
XM_026444576.1	3825	3588.15	19.6473	0.99995
XM_026444577.1	3640	3403.15	3.71302	0.199248
XM_026444578.1	9794	9557.15	0	0
XM_026444579.1	9770	9533.15	5.14656	0.0985887
XM_026444580.1	9474	9237.15	0	0
XM_026444581.1	9787	9550.15	0	0
XM_026444582.1	9757	9520.15	0	0
XM_026444583.1	9754	9517.15	0	0
XM_026444584.1	9750	9513.15	0	0
XM_026444585.1	9702	9465.15	0	0
XM_026444586.1	9658	9421.15	41.8351	0.810931
XM_026444587.1	9654	9417.15	24.2362	0.469993
XM_026444588.1	3095	2858.15	0	0
XM_026444589.1	2731	2494.15	0	0
XM_026444590.1	9855	9618.15	48.1038	0.913345
XM_026444591.1	9355	9118.15	13.032	0.261006
XM_026444592.1	9473	9236.15	0	0
XM_026444593.1	9476	9239.15	0	0
XM_026444594.1	9465	9228.15	6.64489	0.131498
XM_026444595.1	9386	9149.15	0.00137453	2.7436e-05
XM_026444596.1	948	711.441	4	1.02676
XM_026444597.1	6444	6207.15	0	0
XM_026444598.1	6967	6730.15	26.8937	0.729748
XM_026444599.1	7400	7163.15	0	0
XM_026444600.1	7716	7479.15	10.7283	0.261953
XM_026444601.1	7279	7042.15	0	0
XM_026444602.1	7048	6811.15	9.37801	0.251441
XM_026444603.1	4681	4444.15	25	1.0273
XM_026444604.1	1703	1466.15	0	0
XM_026444605.1	1615	1378.15	0	0
XM_026444606.1	3304	3067.15	74	4.40599
XM_026444607.1	2242	2005.15	0	0
XM_026444608.1	2191	1954.15	0	0
XM_026444609.1	2149	1912.15	4	0.382019
XM_026444610.1	2585	2348.15	30	2.33315
XM_026444611.1	2168	1931.15	1	0.0945651
XM_026444612.1	2232	1995.15	7	0.640722
XM_026444613.1	2215	1978.15	0	0
XM_026444614.1	2162	1925.15	0	0
XM_026444615.1	2036	1799.15	0	0
XM_026444616.1	4114	3877.15	4.92149	0.231809
XM_026444617.1	1517	1280.15	22.3197	3.18401
XM_026444618.1	1176	939.148	0	0
XM_026444619.1	1043	806.148	0	0
XM_026444620.1	1252	1015.15	0	0
XM_026444621.1	582	351.575	0	0
XM_026444622.1	2387	2150.15	17.6242	1.49688
XM_026444623.1	2265	2028.15	18.3758	1.6546
XM_026444624.1	2207	1970.15	0	0
XM_026444625.1	2108	1871.15	0	0
XM_026444626.1	1769	1532.15	120	14.303
XM_026444627.1	6090	5853.15	0	0
XM_026444628.1	587	356.218	0	0
XM_026444629.1	594	362.675	0	0
XM_026444630.1	2111	1874.15	1.49577	0.14575
XM_026444631.1	2090	1853.15	1.50423	0.148235
XM_026444632.1	1171	934.148	19.114	3.73665
XM_026444633.1	1095	858.148	0	0
XM_026444634.1	1278	1041.15	0	0
XM_026444635.1	994	757.224	0	0
XM_026444636.1	1076	839.148	0	0
XM_026444637.1	611	378.923	0	0
XM_026444638.1	2626	2389.15	1	0.076437
XM_026444639.1	1106	869.148	0	0
XM_026444640.1	1746	1509.15	22	2.66218
XM_026444641.1	3808	3571.15	0	0
XM_026444642.1	3796	3559.15	15	0.769647
XM_026444643.1	4265	4028.15	23.9346	1.0851
XM_026444644.1	2319	2082.15	2.7525	0.241414
XM_026444645.1	6950	6713.15	28.8994	0.786156
XM_026444646.1	1337	1100.15	0	0
XM_026444647.1	3677	3440.15	0	0
XM_026444648.1	3973	3736.15	5.28451	0.258302
XM_026444649.1	3266	3029.15	14.2309	0.857943
XM_026444650.1	2604	2367.15	50.962	3.93158
XM_026444651.1	2512	2275.15	13.9561	1.12021
XM_026444652.1	2255	2018.15	0	0
XM_026444653.1	6451	6214.15	12.0559	0.354294
XM_026444654.1	2541	2304.15	1	0.0792567
XM_026444655.1	3050	2813.15	0	0
XM_026444656.1	2124	1887.15	0	0
XM_026444657.1	1885	1648.15	0	0
XM_026444658.1	3261	3024.15	6.40596	0.386837
XM_026444659.1	3304	3067.15	0	0
XM_026444660.1	1540	1303.15	2	0.280274
XM_026444661.1	3244	3007.15	40.474	2.45792
XM_026444662.1	1247	1010.15	0	0
XM_026444663.1	5074	4837.15	5.21922e-05	1.97044e-06
XM_026444664.1	5064	4827.15	0.000402423	1.52243e-05
XM_026444665.1	5058	4821.15	0.00137345	5.20245e-05
XM_026444666.1	5025	4788.15	1.20762	0.0460586
XM_026444667.1	5022	4785.15	2.24174	0.0855531
XM_026444668.1	5013	4776.15	14.3732	0.54957
XM_026444669.1	4971	4734.15	0	0
XM_026444670.1	4929	4692.15	0	0
XM_026444671.1	4926	4689.15	0	0
XM_026444672.1	2118	1881.15	0	0
XM_026444673.1	2151	1914.15	0	0
XM_026444674.1	5244	5007.15	0.00119037	4.34148e-05
XM_026444675.1	2093	1856.15	0	0
XM_026444676.1	5714	5477.15	5.57197	0.185781
XM_026444677.1	1362	1125.15	9.55289	1.5505
XM_026444678.1	2094	1857.15	0	0
XM_026444679.1	1633	1396.15	0	0
XM_026444680.1	1155	918.148	0	0
XM_026444681.1	2158	1921.15	5.91122	0.561905
XM_026444682.1	5144	4907.15	17.1598	0.6386
XM_026444683.1	1844	1607.15	0	0
XM_026444684.1	4599	4362.15	0	0
XM_026444685.1	4934	4697.15	0	0
XM_026444686.1	1833	1596.15	2.08878	0.238982
XM_026444687.1	4866	4629.15	0	0
XM_026444688.1	5038	4801.15	0	0
XM_026444689.1	1607	1370.15	0.975912	0.130074
XM_026444690.1	1021	784.148	0	0
XM_026444691.1	1883	1646.15	0	0
XM_026444692.1	5384	5147.15	0	0
XM_026444693.1	5595	5358.15	23	0.783898
XM_026444694.1	997	760.148	0	0
XM_026444695.1	5534	5297.15	16	0.5516
XM_026444696.1	2666	2429.15	0	0
XM_026444697.1	2566	2329.15	0	0
XM_026444698.1	4400	4163.15	164.399	7.21146
XM_026444699.1	7649	7412.15	0	0
XM_026444700.1	3938	3701.15	11.0753	0.546467
XM_026444701.1	1011	774.148	6436	1518.23
XM_026444702.1	1267	1030.15	0	0
XM_026444703.1	4678	4441.15	4	0.164479
XM_026444704.1	1129	892.148	0	0
XM_026444705.1	912	675.72	0	0
XM_026444706.1	1321	1084.15	0	0
XM_026444707.1	1419	1182.15	0	0
XM_026444708.1	1010	773.148	11	2.59822
XM_026444709.1	475	255.24	7	5.00836
XM_026444710.1	2372	2135.15	2	0.17106
XM_026444711.1	2904	2667.15	0	0
XM_026444712.1	1042	805.148	0	0
XM_026444713.1	1020	783.148	4	0.932745
XM_026444714.1	3070	2833.15	61.9788	3.99503
XM_026444715.1	3185	2948.15	0	0
XM_026444716.1	1873	1636.15	0	0
XM_026444717.1	1913	1676.15	0	0
XM_026444718.1	1746	1509.15	0	0
XM_026444719.1	1709	1472.15	0	0
XM_026444720.1	8939	8702.15	0	0
XM_026444721.1	8926	8689.15	0	0
XM_026444722.1	8908	8671.15	29.6936	0.625363
XM_026444723.1	8848	8611.15	134.015	2.84209
XM_026444724.1	8830	8593.15	0.00761587	0.00016185
XM_026444725.1	8755	8518.15	43.585	0.934413
XM_026444726.1	1951	1714.15	5.81814	0.619843
XM_026444727.1	1760	1523.15	9	1.07906
XM_026444728.1	1256	1019.15	0	0
XM_026444729.1	1010	773.148	1	0.236202
XM_026444730.1	2234	1997.15	6	0.54864
XM_026444731.1	1998	1761.15	0	0
XM_026444732.1	2686	2449.15	0	0
XM_026444733.1	8062	7825.15	0	0
XM_026444734.1	7708	7471.15	35.7503	0.873855
XM_026444735.1	7749	7512.15	0.161206	0.0039189
XM_026444736.1	2927	2690.15	8.30062	0.563483
XM_026444737.1	3077	2840.15	7.78192	0.500371
XM_026444738.1	4137	3900.15	149.413	6.99606
XM_026444739.1	6146	5909.15	0	0
XM_026444740.1	865	628.915	553	160.576
XM_026444741.1	1388	1151.15	273	43.309
XM_026444742.1	1577	1340.15	0	0
XM_026444743.1	1368	1131.15	0	0
XM_026444744.1	1334	1097.15	0	0
XM_026444745.1	1574	1337.15	146	19.9398
XM_026444746.1	1613	1376.15	4	0.530813
XM_026444747.1	2027	1790.15	56.6054	5.77452
XM_026444748.1	1774	1537.15	4.39457	0.522092
XM_026444749.1	1723	1486.15	78	9.58471
XM_026444750.1	1584	1347.15	0	0
XM_026444751.1	4501	4264.15	12.3958	0.53087
XM_026444752.1	1649	1412.15	18.9413	2.44949
XM_026444753.1	5124	4887.15	0	0
XM_026444754.1	7951	7714.15	31.6616	0.749534
XM_026444755.1	8100	7863.15	232.338	5.39599
XM_026444756.1	7376	7139.15	0	0
XM_026444757.1	7376	7139.15	0	0
XM_026444758.1	3870	3633.15	0	0
XM_026444759.1	3808	3571.15	0.000167197	8.55001e-06
XM_026444760.1	3135	2898.15	0	0
XM_026444761.1	4173	3936.15	25.6427	1.1897
XM_026444762.1	1570	1333.15	0.00498798	0.000683271
XM_026444763.1	1561	1324.15	3.99501	0.55097
XM_026444764.1	3006	2769.15	6	0.395687
XM_026444765.1	2872	2635.15	0	0
XM_026444766.1	2576	2339.15	0	0
XM_026444767.1	5894	5657.15	3	0.0968434
XM_026444768.1	4862	4625.15	0	0
XM_026444769.1	5051	4814.15	0	0
XM_026444770.1	4663	4426.15	0.00283205	0.000116848
XM_026444771.1	4686	4449.15	0	0
XM_026444772.1	4832	4595.15	0	0
XM_026444773.1	4661	4424.15	260.215	10.7411
XM_026444774.1	4345	4108.15	0	0
XM_026444775.1	4341	4104.15	0	0
XM_026444776.1	7178	6941.15	0	0
XM_026444777.1	7175	6938.15	0	0
XM_026444778.1	7150	6913.15	19.1606	0.506149
XM_026444779.1	7120	6883.15	0	0
XM_026444780.1	7093	6856.15	112.839	3.00557
XM_026444781.1	6641	6404.15	0	0
XM_026444782.1	6043	5806.15	0	0
XM_026444783.1	4493	4256.15	0	0
XM_026444784.1	837	601.102	0	0
XM_026444785.1	366	168.799	0	0
XM_026444786.1	1382	1145.15	1	0.159472
XM_026444787.1	2792	2555.15	2	0.142942
XM_026444788.1	1152	915.148	0	0
XM_026444789.1	693	458.704	0	0
XM_026444790.1	905	668.72	0	0
XM_026444791.1	5179	4942.15	31	1.14549
XM_026444792.1	4491	4254.15	0	0
XM_026444793.1	3589	3352.15	0	0
XM_026444794.1	4972	4735.15	13.5309	0.521842
XM_026444795.1	3520	3283.15	58	3.22615
XM_026444796.1	1097	860.148	0	0
XM_026444797.1	1868	1631.15	50	5.59787
XM_026444798.1	1500	1263.15	1	0.144575
XM_026444799.1	874	637.915	9.52595	2.72704
XM_026444800.1	4831	4594.15	83.5593	3.32151
XM_026444801.1	984	747.224	0	0
XM_026444802.1	740	505.126	1	0.361532
XM_026444803.1	1864	1627.15	0	0
XM_026444804.1	9778	9541.15	0.0565053	0.00108152
XM_026444805.1	9772	9535.15	0.105131	0.0020135
XM_026444806.1	9757	9520.15	0.497258	0.00953859
XM_026444807.1	9745	9508.15	0	0
XM_026444808.1	9737	9500.15	3.96312	0.0761822
XM_026444809.1	9721	9484.15	20.9204	0.402826
XM_026444810.1	1627	1390.15	0	0
XM_026444811.1	3517	3280.15	19.0181	1.05881
XM_026444812.1	5376	5139.15	143.688	5.10595
XM_026444813.1	5374	5137.15	52.7472	1.8751
XM_026444814.1	5174	4937.15	7.56436	0.279797
XM_026444815.1	5183	4946.15	0	0
XM_026444816.1	2167	1930.15	0	0
XM_026444817.1	1883	1646.15	0	0
XM_026444818.1	9160	8923.15	46.767	0.957123
XM_026444819.1	9130	8893.15	0	0
XM_026444820.1	9477	9240.15	145.47	2.87503
XM_026444821.1	9388	9151.15	15.6085	0.31148
XM_026444822.1	9456	9219.15	23.3226	0.461991
XM_026444823.1	10821	10584.1	15.0889	0.260345
XM_026444824.1	9354	9117.15	0	0
XM_026444825.1	7367	7130.15	12.7426	0.326367
XM_026444826.1	9313	9076.15	0	0
XM_026444827.1	1383	1146.15	8.56214	1.36423
XM_026444828.1	2771	2534.15	10	0.720634
XM_026444829.1	2647	2410.15	4	0.303084
XM_026444830.1	1476	1239.15	8	1.179
XM_026444831.1	567	337.416	0	0
XM_026444832.1	4233	3996.15	92.4055	4.22282
XM_026444833.1	7749	7512.15	10.9401	0.265952
XM_026444834.1	6878	6641.15	0	0
XM_026444835.1	6920	6683.15	60.4458	1.6517
XM_026444836.1	6485	6248.15	5.9258	0.173198
XM_026444837.1	6726	6489.15	64.3225	1.81018
XM_026444838.1	6767	6530.15	21.5446	0.602506
XM_026444839.1	4493	4256.15	29.9106	1.28338
XM_026444840.1	6634	6397.15	0	0
XM_026444841.1	7566	7329.15	10.245	0.255274
XM_026444842.1	6122	5885.15	14.3916	0.446578
XM_026444843.1	2452	2215.15	26.6702	2.19872
XM_026444844.1	7053	6816.15	0	0
XM_026444845.1	6974	6737.15	0	0
XM_026444846.1	3169	2932.15	7.32985	0.456515
XM_026444847.1	2350	2113.15	27	2.33335
XM_026444848.1	2124	1887.15	0	0
XM_026444849.1	4408	4171.15	95.1099	4.16406
XM_026444850.1	2925	2688.15	0	0
XM_026444851.1	2226	1989.15	0	0
XM_026444852.1	1916	1679.15	3	0.326271
XM_026444853.1	2052	1815.15	0	0
XM_026444854.1	1813	1576.15	0	0
XM_026444855.1	3690	3453.15	0	0
XM_026444856.1	3587	3350.15	6	0.327065
XM_026444857.1	479	258.836	0	0
XM_026444858.1	546	317.643	0	0
XM_026444859.1	557	327.755	0	0
XM_026444860.1	1456	1219.15	0	0
XM_026444861.1	1529	1292.15	0	0
XM_026444862.1	1538	1301.15	0	0
XM_026444863.1	2635	2398.15	5.31251e-08	4.04548e-09
XM_026444864.1	2590	2353.15	6.99991	0.543237
XM_026444865.1	4160	3923.15	1.45318	0.0676442
XM_026444866.1	659	425.634	16	6.86483
XM_026444867.1	3459	3222.15	0	0
XM_026444868.1	1857	1620.15	0	0
XM_026444869.1	3126	2889.15	69	4.3614
XM_026444870.1	8673	8436.15	4.28453e-07	9.27481e-09
XM_026444871.1	7621	7384.15	1.75475	0.0433971
XM_026444872.1	1074	837.148	0	0
XM_026444873.1	8530	8293.15	9.12337	0.200901
XM_026444874.1	5968	5731.15	0	0
XM_026444875.1	1210	973.148	2	0.375316
XM_026444876.1	2859	2622.15	0	0
XM_026444877.1	2833	2596.15	0	0
XM_026444878.1	2632	2395.15	0	0
XM_026444879.1	3575	3338.15	137.386	7.51596
XM_026444880.1	1393	1156.15	87.3483	13.7971
XM_026444881.1	1980	1743.15	15.1547	1.58766
XM_026444882.1	1900	1663.15	0	0
XM_026444883.1	1905	1668.15	0	0
XM_026444884.1	1910	1673.15	0	0
XM_026444885.1	1273	1036.15	0	0
XM_026444886.1	1185	948.148	2.96205	0.570509
XM_026444887.1	2000	1763.15	49.9819	5.17691
XM_026444888.1	1260	1023.15	1	0.178488
XM_026444889.1	1157	920.148	0	0
XM_026444890.1	1102	865.148	0	0
XM_026444891.1	881	644.786	1	0.283224
XM_026444892.1	9792	9555.15	1.04567e-05	1.99851e-07
XM_026444893.1	9666	9429.15	5.12174	0.0991954
XM_026444894.1	7825	7588.15	4.87825	0.117402
XM_026444895.1	8239	8002.15	16.4473	0.375348
XM_026444896.1	3709	3472.15	0	0
XM_026444897.1	2763	2526.15	0	0
XM_026444898.1	3700	3463.15	0	0
XM_026444899.1	3721	3484.15	0	0
XM_026444900.1	3673	3436.15	0	0
XM_026444901.1	3676	3439.15	0.100696	0.00534699
XM_026444902.1	3658	3421.15	1.73367	0.0925426
XM_026444903.1	3655	3418.15	42.5047	2.27087
XM_026444904.1	3619	3382.15	0	0
XM_026444905.1	3568	3331.15	1.55685e-05	8.53494e-07
XM_026444906.1	3580	3343.15	0.0025527	0.000139441
XM_026444907.1	2706	2469.15	0	0
XM_026444908.1	3550	3313.15	18.6584	1.02844
XM_026444909.1	1989	1752.15	3	0.312678
XM_026444910.1	1940	1703.15	0	0
XM_026444911.1	2128	1891.15	2.12654	0.20535
XM_026444912.1	2464	2227.15	0	0
XM_026444913.1	3797	3560.15	0	0
XM_026444914.1	3948	3711.15	0	0
XM_026444915.1	3924	3687.15	0	0
XM_026444916.1	4332	4095.15	0	0
XM_026444917.1	4003	3766.15	0	0
XM_026444918.1	4183	3946.15	19.7796	0.915356
XM_026444919.1	460	242.833	0	0
XM_026444920.1	2001	1764.15	2.66439e-08	2.7581e-09
XM_026444921.1	1204	967.148	0	0
XM_026444922.1	1746	1509.15	6	0.726049
XM_026444923.1	897	660.786	0	0
XM_026444924.1	810	574.277	0	0
XM_026444925.1	764	528.66	1.20612	0.416639
XM_026444926.1	781	545.553	4.79388	1.60471
XM_026444927.1	515	290.037	0	0
XM_026444928.1	1663	1426.15	11	1.40856
XM_026444929.1	1825	1588.15	3	0.344966
XM_026444930.1	6466	6229.15	66	1.93491
XM_026444931.1	3200	2963.15	112.66	6.94324
XM_026444932.1	3260	3023.15	36.1866	2.18592
XM_026444933.1	3274	3037.15	0.378518	0.0227597
XM_026444934.1	3215	2978.15	24.7751	1.5192
XM_026444935.1	2138	1901.15	0	0
XM_026444936.1	2334	2097.15	0	0
XM_026444937.1	2445	2208.15	1	0.0827024
XM_026444938.1	2614	2377.15	3.94404	0.302992
XM_026444939.1	1817	1580.15	0	0
XM_026444940.1	1671	1434.15	0	0
XM_026444941.1	2851	2614.15	0	0
XM_026444942.1	5552	5315.15	2.18562	0.0750942
XM_026444943.1	5537	5300.15	35.5619	1.2253
XM_026444944.1	5534	5297.15	38.2525	1.31875
XM_026444945.1	5177	4940.15	0	0
XM_026444946.1	5135	4898.15	0	0
XM_026444947.1	8694	8457.15	52	1.12286
XM_026444948.1	1812	1575.15	0	0
XM_026444949.1	1472	1235.15	2	0.295704
XM_026444950.1	1330	1093.15	0	0
XM_026444951.1	1353	1116.15	30.8771	5.05198
XM_026444952.1	1190	953.148	144.615	27.7076
XM_026444953.1	4515	4278.15	19.3243	0.824888
XM_026444954.1	4635	4398.15	0	0
XM_026444955.1	4537	4300.15	1.01299	0.0430198
XM_026444956.1	5695	5458.15	18.2765	0.611497
XM_026444957.1	4806	4569.15	91.8102	3.66946
XM_026444958.1	5623	5386.15	0	0
XM_026444959.1	5541	5304.15	0	0
XM_026444960.1	5450	5213.15	2.82479	0.0989538
XM_026444961.1	543	314.965	2.17557	1.26141
XM_026444962.1	3585	3348.15	15	0.81815
XM_026444963.1	3567	3330.15	0	0
XM_026444964.1	2411	2174.15	3.75055	0.315031
XM_026444965.1	2404	2167.15	0	0
XM_026444966.1	1989	1752.15	0	0
XM_026444967.1	2322	2085.15	4.24945	0.37217
XM_026444968.1	2351	2114.15	0	0
XM_026444969.1	1406	1169.15	0	0
XM_026444970.1	2361	2124.15	197.964	17.0195
XM_026444971.1	2219	1982.15	22.0362	2.03024
XM_026444972.1	2117	1880.15	0	0
XM_026444973.1	4163	3926.15	23	1.06981
XM_026444974.1	4183	3946.15	0	0
XM_026444975.1	4052	3815.15	0	0
XM_026444976.1	1395	1158.15	0	0
XM_026444977.1	3209	2972.15	3.63167	0.223143
XM_026444978.1	3300	3063.15	3.36833	0.200814
XM_026444979.1	1794	1557.15	1	0.117278
XM_026444980.1	1642	1405.15	4	0.519858
XM_026444981.1	1155	918.148	61	12.1329
XM_026444982.1	6359	6122.15	106	3.1619
XM_026444983.1	2756	2519.15	0	0
XM_026444984.1	2777	2540.15	0	0
XM_026444985.1	1848	1611.15	2	0.226695
XM_026444986.1	8448	8211.15	149.327	3.32109
XM_026444987.1	8652	8415.15	23.7672	0.515778
XM_026444988.1	8011	7774.15	239.414	5.62398
XM_026444989.1	7442	7205.15	329.492	8.35118
XM_026444990.1	1634	1397.15	0	0
XM_026444991.1	3188	2951.15	36.0028	2.22788
XM_026444992.1	2296	2059.15	3.6899	0.327245
XM_026444993.1	2266	2029.15	1.23416	0.111072
XM_026444994.1	2369	2132.15	1	0.0856503
XM_026444995.1	3905	3668.15	0	0
XM_026444996.1	3658	3421.15	0	0
XM_026444997.1	3576	3339.15	0	0
XM_026444998.1	2713	2476.15	3	0.221254
XM_026444999.1	2038	1801.15	6.47462	0.656464
XM_026445000.1	1284	1047.15	0	0
XM_026445001.1	3310	3073.15	0	0
XM_026445002.1	3840	3603.15	25	1.26708
XM_026445003.1	3553	3316.15	0	0
XM_026445004.1	3552	3315.15	0	0
XM_026445005.1	3397	3160.15	0	0
XM_026445006.1	3478	3241.15	15.0208	0.846332
XM_026445007.1	1331	1094.15	4	0.667622
XM_026445008.1	2677	2440.15	0	0
XM_026445009.1	903	666.72	0	0
XM_026445010.1	2536	2299.15	0	0
XM_026445011.1	2071	1834.15	10.1124	1.00685
XM_026445012.1	2813	2576.15	13.8876	0.98447
XM_026445013.1	2102	1865.15	8.54995	0.837137
XM_026445014.1	1891	1654.15	2.50026	0.276031
XM_026445015.1	1778	1541.15	0	0
XM_026445016.1	3185	2948.15	0	0
XM_026445017.1	2063	1826.15	3	0.300007
XM_026445018.1	1236	999.148	0	0
XM_026445019.1	1107	870.148	0	0
XM_026445020.1	907	670.72	0	0
XM_026445021.1	774	538.607	4.11116	1.39392
XM_026445022.1	2068	1831.15	0	0
XM_026445023.1	1369	1132.15	5	0.806517
XM_026445024.1	1468	1231.15	8	1.18666
XM_026445025.1	1472	1235.15	0	0
XM_026445026.1	1485	1248.15	0	0
XM_026445027.1	1728	1491.15	0	0
XM_026445028.1	1491	1254.15	0	0
XM_026445029.1	1263	1026.15	2	0.355932
XM_026445030.1	1876	1639.15	0	0
XM_026445031.1	1802	1565.15	1.47286	0.171851
XM_026445032.1	1914	1677.15	4.28333	0.466398
XM_026445033.1	1048	811.148	0	0
XM_026445034.1	778	542.553	0	0
XM_026445035.1	1024	787.148	0	0
XM_026445036.1	5767	5530.15	0	0
XM_026445037.1	5577	5340.15	11.5955	0.396537
XM_026445038.1	5571	5334.15	0	0
XM_026445039.1	5331	5094.15	10.1939	0.36544
XM_026445040.1	4594	4357.15	0	0
XM_026445041.1	4141	3904.15	0	0
XM_026445042.1	2764	2527.15	6	0.433578
XM_026445043.1	1239	1002.15	0	0
XM_026445044.1	1953	1716.15	0	0
XM_026445045.1	7978	7741.15	0	0
XM_026445046.1	8334	8097.15	3.15184	0.0710851
XM_026445047.1	7969	7732.15	0	0
XM_026445048.1	7960	7723.15	0	0
XM_026445049.1	7957	7720.15	0	0
XM_026445050.1	1562	1325.15	18	2.48059
XM_026445051.1	7954	7717.15	0	0
XM_026445052.1	7948	7711.15	0	0
XM_026445053.1	7939	7702.15	60.2882	1.42944
XM_026445054.1	7924	7687.15	45.4915	1.08072
XM_026445055.1	7910	7673.15	0	0
XM_026445056.1	8266	8029.15	1.39906e-06	3.18211e-08
XM_026445057.1	7871	7634.15	9.38261	0.224445
XM_026445058.1	7702	7465.15	0	0
XM_026445059.1	7681	7444.15	0	0
XM_026445060.1	7672	7435.15	0	0
XM_026445061.1	7626	7389.15	2.12356e-05	5.24827e-07
XM_026445062.1	7393	7156.15	14.6858	0.374771
XM_026445063.1	3307	3070.15	16	0.951715
XM_026445064.1	660	426.634	2	0.856093
XM_026445065.1	1154	917.148	4	0.796466
XM_026445066.1	1083	846.148	0	0
XM_026445067.1	609	377.075	2	0.968608
XM_026445068.1	2135	1898.15	0.000940693	9.05033e-05
XM_026445069.1	2119	1882.15	3.99906	0.388017
XM_026445070.1	2828	2591.15	0	0
XM_026445071.1	2688	2451.15	0	0
XM_026445072.1	2186	1949.15	0	0
XM_026445073.1	1383	1146.15	0	0
XM_026445074.1	1981	1744.15	0	0
XM_026445075.1	3853	3616.15	87.5884	4.4233
XM_026445076.1	3717	3480.15	0	0
XM_026445077.1	2986	2749.15	4.41165	0.293055
XM_026445078.1	2812	2575.15	12.8735	0.912939
XM_026445079.1	2919	2682.15	0	0
XM_026445080.1	2413	2176.15	0.12647	0.0106132
XM_026445081.1	2269	2032.15	0	0
XM_026445082.1	2198	1961.15	4	0.372474
XM_026445083.1	1689	1452.15	18	2.26364
XM_026445084.1	5126	4889.15	6.45524	0.241116
XM_026445085.1	930	693.652	6	1.57963
XM_026445086.1	991	754.224	0	0
XM_026445087.1	2873	2636.15	0	0
XM_026445088.1	2503	2266.15	0	0
XM_026445089.1	2466	2229.15	9	0.73731
XM_026445090.1	2568	2331.15	0	0
XM_026445091.1	2218	1981.15	0	0
XM_026445092.1	3071	2834.15	42	2.70628
XM_026445093.1	1976	1739.15	3.99539	0.419536
XM_026445094.1	1972	1735.15	4.00461	0.421473
XM_026445095.1	1857	1620.15	0	0
XM_026445096.1	1843	1606.15	0	0
XM_026445097.1	2977	2740.15	6	0.399874
XM_026445098.1	5781	5544.15	4	0.131756
XM_026445099.1	6057	5820.15	0	0
XM_026445100.1	5943	5706.15	0	0
XM_026445101.1	5894	5657.15	0	0
XM_026445102.1	4755	4518.15	0	0
XM_026445103.1	874	637.915	0.00142639	0.000408341
XM_026445104.1	887	650.786	5	1.40307
XM_026445105.1	1894	1657.15	0	0
XM_026445106.1	1932	1695.15	5.92719	0.638539
XM_026445107.1	2442	2205.15	2	0.16563
XM_026445108.1	2797	2560.15	26.3119	1.87687
XM_026445109.1	6967	6730.15	6	0.162807
XM_026445110.1	1625	1388.15	43.4011	5.70967
XM_026445111.1	1714	1477.15	0.00010483	1.29601e-05
XM_026445112.1	1681	1444.15	0	0
XM_026445113.1	746	510.974	0	0
XM_026445114.1	1798	1561.15	0	0
XM_026445115.1	3098	2861.15	135.875	8.6725
XM_026445116.1	3083	2846.15	5.12538	0.328863
XM_026445117.1	683	448.977	0	0
XM_026445118.1	4005	3768.15	0.99809	0.0483714
XM_026445119.1	4027	3790.15	0.00319021	0.000153713
XM_026445120.1	12682	12445.1	95	1.39402
XM_026445121.1	617	384.769	0	0
XM_026445122.1	4347	4110.15	0	0
XM_026445123.1	1894	1657.15	7.13058	0.785796
XM_026445124.1	2492	2255.15	2	0.161958
XM_026445125.1	1772	1535.15	0	0
XM_026445126.1	3336	3099.15	0	0
XM_026445127.1	3378	3141.15	132.397	7.69724
XM_026445128.1	3302	3065.15	0	0
XM_026445129.1	1438	1201.15	0	0
XM_026445130.1	1760	1523.15	3	0.359688
XM_026445131.1	989	752.224	0	0
XM_026445132.1	12668	12431.1	4.10165e-07	6.0255e-09
XM_026445133.1	12563	12326.1	44.1656	0.65434
XM_026445134.1	9372	9135.15	40.6194	0.812016
XM_026445135.1	2874	2637.15	12.5664	0.870206
XM_026445136.1	1114	877.148	0	0
XM_026445137.1	2613	2376.15	7	0.537986
XM_026445138.1	3721	3484.15	22	1.15311
XM_026445139.1	3233	2996.15	0	0
XM_026445140.1	4741	4504.15	27	1.09471
XM_026445141.1	660	426.634	0	0
XM_026445142.1	2197	1960.15	0	0
XM_026445143.1	2180	1943.15	0	0
XM_026445144.1	1802	1565.15	8.48717	0.990271
XM_026445145.1	4301	4064.15	3.25705	0.146353
XM_026445146.1	3214	2977.15	0	0
XM_026445147.1	3055	2818.15	0	0
XM_026445148.1	4141	3904.15	0	0
XM_026445149.1	1628	1391.15	0	0
XM_026445150.1	1475	1238.15	0	0
XM_026445151.1	12088	11851.1	0	0
XM_026445152.1	5391	5154.15	0	0
XM_026445153.1	5361	5124.15	0	0
XM_026445154.1	3269	3032.15	0	0
XM_026445155.1	3223	2986.15	0	0
XM_026445156.1	3176	2939.15	0	0
XM_026445157.1	3108	2871.15	0	0
XM_026445158.1	7136	6899.15	0	0
XM_026445159.1	6986	6749.15	9.61605	0.260192
XM_026445160.1	7040	6803.15	37.7519	1.01339
XM_026445161.1	5879	5642.15	36.3023	1.175
XM_026445162.1	5556	5319.15	14.3536	0.492794
XM_026445163.1	5685	5448.15	26.4345	0.886072
XM_026445164.1	5424	5187.15	15.0711	0.530594
XM_026445165.1	5699	5462.15	17.4705	0.584102
XM_026445166.1	1071	834.148	0	0
XM_026445167.1	1795	1558.15	0	0
XM_026445168.1	1684	1447.15	7	0.883347
XM_026445169.1	5922	5685.15	15.6673	0.503268
XM_026445170.1	5885	5648.15	17.3327	0.56041
XM_026445171.1	5929	5692.15	0	0
XM_026445172.1	3815	3578.15	0	0
XM_026445173.1	3728	3491.15	0	0
XM_026445174.1	3747	3510.15	0	0
XM_026445175.1	1260	1023.15	0	0
XM_026445176.1	4395	4158.15	1	0.0439184
XM_026445177.1	5533	5296.15	1461	50.3775
XM_026445178.1	1191	954.148	0	0
XM_026445179.1	2098	1861.15	19.5655	1.9198
XM_026445180.1	1850	1613.15	9	1.01886
XM_026445181.1	1330	1093.15	0	0
XM_026445182.1	691	456.704	2	0.799726
XM_026445183.1	3751	3514.15	0	0
XM_026445184.1	1955	1718.15	0	0
XM_026445185.1	330	141.889	0	0
XM_026445186.1	504	280.361	0	0
XM_026445187.1	5840	5603.15	7.94964	0.259097
XM_026445188.1	1869	1632.15	1	0.111889
XM_026445189.1	6334	6097.15	24.1664	0.723821
XM_026445190.1	1697	1460.15	0	0
XM_026445191.1	3383	3146.15	8.72857e-08	5.06653e-09
XM_026445192.1	3326	3089.15	6	0.354698
XM_026445193.1	3005	2768.15	0	0
XM_026445194.1	1047	810.148	8	1.80332
XM_026445195.1	1211	974.148	38	7.12369
XM_026445196.1	2443	2206.15	82.3684	6.81824
XM_026445197.1	4617	4380.15	11.3404	0.472808
XM_026445198.1	4133	3896.15	94.3094	4.42045
XM_026445199.1	4137	3900.15	21.8112	1.02128
XM_026445200.1	4136	3899.15	41.6528	1.95084
XM_026445201.1	1078	841.148	0	0
XM_026445202.1	375	175.674	11	11.4349
XM_026445203.1	3759	3522.15	0	0
XM_026445204.1	3996	3759.15	0	0
XM_026445205.1	3741	3504.15	9	0.469036
XM_026445206.1	1031	794.148	609	140.043
XM_026445207.1	2444	2207.15	41.9572	3.47153
XM_026445208.1	2408	2171.15	0	0
XM_026445209.1	2393	2156.15	0	0
XM_026445210.1	2225	1988.15	0	0
XM_026445211.1	1316	1079.15	0	0
XM_026445212.1	8591	8354.15	0	0
XM_026445213.1	8729	8492.15	0	0
XM_026445214.1	8729	8492.15	0	0
XM_026445215.1	8714	8477.15	9.32489	0.200882
XM_026445216.1	8710	8473.15	65.5318	1.41239
XM_026445217.1	3161	2924.15	0	0
XM_026445218.1	8683	8446.15	32.0382	0.692718
XM_026445219.1	8680	8443.15	16.1051	0.348341
XM_026445220.1	8657	8420.15	0	0
XM_026445221.1	8608	8371.15	0	0
XM_026445222.1	7001	6764.15	0	0
XM_026445223.1	8525	8288.15	0	0
XM_026445224.1	6924	6687.15	0	0
XM_026445225.1	6915	6678.15	0	0
XM_026445226.1	2271	2034.15	2	0.179554
XM_026445227.1	7911	7674.15	0	0
XM_026445228.1	7899	7662.15	16.5892	0.395385
XM_026445229.1	7812	7575.15	0	0
XM_026445230.1	7419	7182.15	0	0
XM_026445231.1	4550	4313.15	0	0
XM_026445232.1	4551	4314.15	13.1423	0.556316
XM_026445233.1	4223	3986.15	15	0.687202
XM_026445234.1	4312	4075.15	9	0.403316
XM_026445235.1	3176	2939.15	12.3767	0.769006
XM_026445236.1	3164	2927.15	12.6457	0.788939
XM_026445237.1	3161	2924.15	0	0
XM_026445238.1	3155	2918.15	0	0
XM_026445239.1	3149	2912.15	0	0
XM_026445240.1	3143	2906.15	0	0
XM_026445241.1	3140	2903.15	0	0
XM_026445242.1	3437	3200.15	2.16622	0.123617
XM_026445243.1	3426	3189.15	64.8114	3.71128
XM_026445244.1	3778	3541.15	0	0
XM_026445245.1	3284	3047.15	0	0
XM_026445246.1	3770	3533.15	1.01337	0.0523783
XM_026445247.1	1528	1291.15	0	0
XM_026445248.1	1436	1199.15	1	0.152291
XM_026445249.1	555	325.955	0	0
XM_026445250.1	2771	2534.15	1	0.0720634
XM_026445251.1	2528	2291.15	1.7286	0.13778
XM_026445252.1	4592	4355.15	0	0
XM_026445253.1	4545	4308.15	0	0
XM_026445254.1	4435	4198.15	5.25399	0.228548
XM_026445255.1	4388	4151.15	0	0
XM_026445256.1	4304	4067.15	14.7589	0.662691
XM_026445257.1	5368	5131.15	3.99984	0.142356
XM_026445258.1	5421	5184.15	0.000157474	5.54726e-06
XM_026445259.1	6369	6132.15	0	0
XM_026445260.1	6340	6103.15	23.7836	0.711657
XM_026445261.1	1721	1484.15	2.79198	0.343543
XM_026445262.1	2228	1991.15	1	0.0917155
XM_026445263.1	1557	1320.15	0	0
XM_026445264.1	3229	2992.15	16	0.976525
XM_026445265.1	2403	2166.15	3.68082	0.310315
XM_026445266.1	3686	3449.15	0	0
XM_026445267.1	1035	798.148	362.709	82.9892
XM_026445268.1	908	671.72	123.189	33.4913
XM_026445269.1	3785	3548.15	0	0
XM_026445270.1	3668	3431.15	0	0
XM_026445271.1	3257	3020.15	0	0
XM_026445272.1	4695	4458.15	10.1961	0.417663
XM_026445273.1	4561	4324.15	0	0
XM_026445274.1	4159	3922.15	0	0
XM_026445275.1	4762	4525.15	20.2847	0.818619
XM_026445276.1	3564	3327.15	1.33174	0.0730961
XM_026445277.1	4509	4272.15	3.14888e-07	1.34603e-08
XM_026445278.1	3867	3630.15	2.64635	0.133128
XM_026445279.1	3710	3473.15	0	0
XM_026445280.1	3328	3091.15	0	0
XM_026445281.1	9221	8984.15	0	0
XM_026445282.1	9436	9199.15	24.2281	0.48097
XM_026445283.1	10036	9799.15	72.8031	1.35678
XM_026445284.1	8994	8757.15	749.625	15.6325
XM_026445285.1	2424	2187.15	224.341	18.7317
XM_026445286.1	3107	2870.15	0	0
XM_026445287.1	2026	1789.15	0	0
XM_026445288.1	3321	3084.15	0	0
XM_026445289.1	2053	1816.15	0	0
XM_026445290.1	1737	1500.15	0	0
XM_026445291.1	1032	795.148	4	0.918668
XM_026445292.1	2056	1819.15	13.5365	1.35889
XM_026445293.1	4129	3892.15	0	0
XM_026445294.1	2785	2548.15	39.2368	2.812
XM_026445295.1	1626	1389.15	0	0
XM_026445296.1	4934	4697.15	10.0843	0.392064
XM_026445297.1	1477	1240.15	17	2.50335
XM_026445298.1	2817	2580.15	0	0
XM_026445299.1	2591	2354.15	2	0.155147
XM_026445300.1	2269	2032.15	0	0
XM_026445301.1	1651	1414.15	7.22435	0.932933
XM_026445302.1	2803	2566.15	0	0
XM_026445303.1	905	668.72	2	0.546175
XM_026445304.1	2499	2262.15	0	0
XM_026445305.1	4882	4645.15	19.7949	0.778215
XM_026445306.1	6060	5823.15	127.451	3.99698
XM_026445307.1	5974	5737.15	0	0
XM_026445308.1	3776	3539.15	13	0.670797
XM_026445309.1	1884	1647.15	7.04596	0.781186
XM_026445310.1	2128	1891.15	13	1.25535
XM_026445311.1	3247	3010.15	45.0726	2.73446
XM_026445312.1	5824	5587.15	20.4073	0.667026
XM_026445313.1	5738	5501.15	59.5927	1.97827
XM_026445314.1	3847	3610.15	21.7672	1.10109
XM_026445315.1	3922	3685.15	4.09256	0.202809
XM_026445316.1	3809	3572.15	0	0
XM_026445317.1	3180	2943.15	76	4.71572
XM_026445318.1	3174	2937.15	0	0
XM_026445319.1	4183	3946.15	0	0
XM_026445320.1	1401	1164.15	0	0
XM_026445321.1	917	680.72	10.9183	2.9291
XM_026445322.1	5142	4905.15	18.6202	0.693233
XM_026445323.1	5234	4997.15	0	0
XM_026445324.1	5134	4897.15	0	0
XM_026445325.1	5037	4800.15	0	0
XM_026445326.1	5311	5074.15	7.29189	0.262436
XM_026445327.1	4843	4606.15	0	0
XM_026445328.1	4497	4260.15	5.08788	0.218101
XM_026445329.1	1073	836.148	3	0.655216
XM_026445330.1	1078	841.148	0	0
XM_026445331.1	2262	2025.15	3	0.270527
XM_026445332.1	3404	3167.15	61.9999	3.57494
XM_026445333.1	3297	3060.15	0	0
XM_026445334.1	3285	3048.15	0.000140442	8.41408e-06
XM_026445335.1	2805	2568.15	0	0
XM_026445336.1	772	536.607	0	0
XM_026445337.1	1736	1499.15	2	0.243631
XM_026445338.1	3868	3631.15	0	0
XM_026445339.1	4002	3765.15	2.35136	0.114047
XM_026445340.1	4728	4491.15	0	0
XM_026445341.1	4065	3828.15	22	1.0495
XM_026445342.1	3533	3296.15	0	0
XM_026445343.1	1362	1125.15	0	0
XM_026445344.1	2691	2454.15	0	0
XM_026445345.1	1301	1064.15	43	7.37926
XM_026445346.1	642	409.052	0	0
XM_026445347.1	1804	1567.15	0	0
XM_026445348.1	4996	4759.15	0	0
XM_026445349.1	918	681.652	10	2.67907
XM_026445350.1	6374	6137.15	0.666014	0.0198181
XM_026445351.1	6278	6041.15	51.266	1.54973
XM_026445352.1	6251	6014.15	0	0
XM_026445353.1	5560	5323.15	24.6568	0.845892
XM_026445354.1	4227	3990.15	0	0
XM_026445355.1	4599	4362.15	5.86085	0.245361
XM_026445356.1	4214	3977.15	22.1392	1.01657
XM_026445357.1	1887	1650.15	0	0
XM_026445358.1	1904	1667.15	0	0
XM_026445359.1	3442	3205.15	0	0
XM_026445360.1	3723	3486.15	9	0.471458
XM_026445361.1	5268	5031.15	0	0
XM_026445362.1	5265	5028.15	19.5462	0.709907
XM_026445363.1	4771	4534.15	7.41257	0.298552
XM_026445364.1	5198	4961.15	0	0
XM_026445365.1	5189	4952.15	0	0
XM_026445366.1	5120	4883.15	0	0
XM_026445367.1	2109	1872.15	2	0.195091
XM_026445368.1	1966	1729.15	68.1215	7.19447
XM_026445369.1	2039	1802.15	0	0
XM_026445370.1	2008	1771.15	38.8582	4.00658
XM_026445371.1	1863	1626.15	28.1295	3.15899
XM_026445372.1	1892	1655.15	7.63329	0.842212
XM_026445373.1	7077	6840.15	30.0783	0.803033
XM_026445374.1	2131	1894.15	19.7589	1.905
XM_026445375.1	2196	1959.15	0	0
XM_026445376.1	1882	1645.15	0	0
XM_026445377.1	2032	1795.15	9.62905	0.979557
XM_026445378.1	1818	1581.15	3.86967	0.446938
XM_026445379.1	8854	8617.15	8.80273	0.186552
XM_026445380.1	4167	3930.15	2.53152	0.11763
XM_026445381.1	3735	3498.15	0	0
XM_026445382.1	11959	11722.1	0	0
XM_026445383.1	11541	11304.1	17	0.274636
XM_026445384.1	8493	8256.15	5.17032	0.114363
XM_026445385.1	1203	966.148	10.0546	1.9005
XM_026445386.1	13025	12788.1	0	0
XM_026445387.1	6575	6338.15	12.689	0.365605
XM_026445388.1	3532	3295.15	0	0
XM_026445389.1	3675	3438.15	5.11635	0.271758
XM_026445390.1	2557	2320.15	10.2668	0.808101
XM_026445391.1	1490	1253.15	7.26655	1.05894
XM_026445392.1	1403	1166.15	16.5108	2.5856
XM_026445393.1	4857	4620.15	3	0.11858
XM_026445394.1	2162	1925.15	19.4366	1.84375
XM_026445395.1	2518	2281.15	16.6548	1.33331
XM_026445396.1	823	587.162	0	0
XM_026445397.1	8308	8071.15	115.623	2.61611
XM_026445398.1	7776	7539.15	16.377	0.396697
XM_026445399.1	1447	1210.15	329	49.6482
XM_026445400.1	1625	1388.15	0	0
XM_026445401.1	2702	2465.15	86	6.37092
XM_026445402.1	2434	2197.15	0	0
XM_026445403.1	2133	1896.15	0	0
XM_026445404.1	2109	1872.15	0	0
XM_026445405.1	2106	1869.15	0	0
XM_026445406.1	2046	1809.15	0	0
XM_026445407.1	2046	1809.15	0	0
XM_026445408.1	2745	2508.15	29	2.1115
XM_026445409.1	2961	2724.15	18	1.20667
XM_026445410.1	2004	1767.15	0	0
XM_026445411.1	1523	1286.15	13	1.84586
XM_026445412.1	546	317.643	36.1512	20.784
XM_026445413.1	2483	2246.15	5.00073	0.406576
XM_026445414.1	2155	1918.15	15	1.42809
XM_026445415.1	4589	4352.15	67.4784	2.83144
XM_026445416.1	7280	7043.15	0.226945	0.00588438
XM_026445417.1	3736	3499.15	0	0
XM_026445418.1	3735	3498.15	0	0
XM_026445419.1	2901	2664.15	1	0.0685469
XM_026445420.1	1509	1272.15	0	0
XM_026445421.1	594	362.675	0	0
XM_026445422.1	604	372.341	3	1.47139
XM_026445423.1	594	362.675	0	0
XM_026445424.1	3693	3456.15	0.00548726	0.000289941
XM_026445425.1	3670	3433.15	3.99451	0.21248
XM_026445426.1	3291	3054.15	0	0
XM_026445427.1	2594	2357.15	20	1.54949
XM_026445428.1	6130	5893.15	0	0
XM_026445429.1	6198	5961.15	0	0
XM_026445430.1	6196	5959.15	0	0
XM_026445431.1	6461	6224.15	0	0
XM_026445432.1	6437	6200.15	0	0
XM_026445433.1	6055	5818.15	0	0
XM_026445434.1	6275	6038.15	16.8787	0.510482
XM_026445435.1	5763	5526.15	5.68313	0.187807
XM_026445436.1	5754	5517.15	2.12911	0.0704742
XM_026445437.1	4953	4716.15	5.6588	0.219121
XM_026445438.1	1023	786.148	0	0
XM_026445439.1	1050	813.148	0	0
XM_026445440.1	1622	1385.15	5.142	0.677926
XM_026445441.1	1610	1373.15	5.21358	0.69337
XM_026445442.1	1594	1357.15	46.8402	6.30287
XM_026445443.1	1358	1121.15	45.1598	7.3559
XM_026445444.1	5820	5583.15	3.33363	0.10904
XM_026445445.1	5817	5580.15	5.66637	0.185441
XM_026445446.1	5420	5183.15	0	0
XM_026445447.1	957	720.37	0	0
XM_026445448.1	848	612.102	1	0.298347
XM_026445449.1	994	757.224	0	0
XM_026445450.1	815	579.22	0	0
XM_026445451.1	1299	1062.15	8	1.37547
XM_026445452.1	4056	3819.15	72.0062	3.4431
XM_026445453.1	1928	1691.15	22	2.37568
XM_026445454.1	1258	1021.15	4	0.715349
XM_026445455.1	485	263.963	1	0.691836
XM_026445456.1	2781	2544.15	2	0.14356
XM_026445457.1	3712	3475.15	38	1.9969
XM_026445458.1	3721	3484.15	0	0
XM_026445459.1	1245	1008.15	17	3.07944
XM_026445460.1	1265	1028.15	6.45672e-08	1.14684e-08
XM_026445461.1	1201	964.148	0	0
XM_026445462.1	1197	960.148	6	1.14119
XM_026445463.1	2835	2598.15	22.3776	1.57288
XM_026445464.1	2817	2580.15	15.6224	1.10573
XM_026445465.1	2781	2544.15	0	0
XM_026445466.1	2749	2512.15	0	0
XM_026445467.1	2832	2595.15	0	0
XM_026445468.1	1202	965.148	1	0.189214
XM_026445469.1	4576	4339.15	6.83383	0.287612
XM_026445470.1	7655	7418.15	231.572	5.70082
XM_026445471.1	1126	889.148	0	0
XM_026445472.1	1237	1000.15	440	80.3406
XM_026445473.1	1492	1255.15	0	0
XM_026445474.1	19115	18878.1	0	0
XM_026445475.1	18762	18525.1	0	0
XM_026445476.1	18864	18627.1	35.4597	0.347645
XM_026445477.1	4723	4486.15	3.16617	0.128886
XM_026445478.1	18534	18297.1	0	0
XM_026445479.1	19029	18792.1	0	0
XM_026445480.1	19102	18865.1	0	0
XM_026445481.1	19089	18852.1	12.7903	0.123898
XM_026445482.1	19084	18847.1	0	0
XM_026445483.1	18731	18494.1	95.1458	0.93951
XM_026445484.1	19078	18841.1	0	0
XM_026445485.1	19051	18814.1	0	0
XM_026445486.1	18979	18742.1	16.3949	0.159748
XM_026445487.1	18949	18712.1	38.4881	0.37562
XM_026445488.1	18885	18648.1	7.94332e-05	7.77881e-07
XM_026445489.1	18599	18362.1	0	0
XM_026445490.1	18355	18118.1	61.7212	0.62211
XM_026445491.1	19047	18810.1	0	0
XM_026445492.1	4028	3791.15	0	0
XM_026445493.1	3788	3551.15	7.89602	0.406056
XM_026445494.1	3968	3731.15	64.104	3.13754
XM_026445495.1	4742	4505.15	0	0
XM_026445496.1	3625	3388.15	0	0
XM_026445497.1	2902	2665.15	8	0.54817
XM_026445498.1	1608	1371.15	0	0
XM_026445499.1	482	261.292	0	0
XM_026445500.1	482	261.292	0	0
XM_026445501.1	2509	2272.15	181.221	14.5653
XM_026445502.1	3231	2994.15	26.0566	1.58925
XM_026445503.1	810	574.277	2.76225	0.87839
XM_026445504.1	909	672.72	3.70268	1.00514
XM_026445505.1	673	439.199	0	0
XM_026445506.1	963	726.297	41	10.309
XM_026445507.1	13562	13325.1	24	0.328916
XM_026445508.1	1430	1193.15	0	0
XM_026445509.1	1418	1181.15	176	27.2116
XM_026445510.1	1948	1711.15	2	0.213446
XM_026445511.1	1792	1555.15	24	2.81829
XM_026445512.1	1641	1404.15	0	0
XM_026445513.1	903	666.72	23	6.29986
XM_026445514.1	847	611.102	0	0
XM_026445515.1	2497	2260.15	9	0.727197
XM_026445516.1	2261	2024.15	0	0
XM_026445517.1	1925	1688.15	10.4552	1.13102
XM_026445518.1	2484	2247.15	3	0.243801
XM_026445519.1	1054	817.148	5	1.11742
XM_026445520.1	4503	4266.15	0	0
XM_026445521.1	4620	4383.15	0	0
XM_026445522.1	1397	1160.15	18.5544	2.92065
XM_026445523.1	1519	1282.15	3.44564	0.49077
XM_026445524.1	1493	1256.15	0	0
XM_026445525.1	2508	2271.15	10	0.804083
XM_026445526.1	585	354.218	0.0112588	0.00580452
XM_026445527.1	946	709.441	5.98874	1.54158
XM_026445528.1	1217	980.148	0	0
XM_026445529.1	2072	1835.15	11	1.09463
XM_026445530.1	1992	1755.15	4	0.416191
XM_026445531.1	1564	1327.15	0	0
XM_026445532.1	1378	1141.15	23	3.68072
XM_026445533.1	1523	1286.15	0	0
XM_026445534.1	1506	1269.15	0	0
XM_026445535.1	3222	2985.15	2	0.122352
XM_026445536.1	1074	837.148	0	0
XM_026445537.1	1058	821.148	22	4.89269
XM_026445538.1	1436	1199.15	0	0
XM_026445539.1	1345	1108.15	13	2.14236
XM_026445540.1	5052	4815.15	0	0
XM_026445541.1	1171	934.148	0	0
XM_026445542.1	3123	2886.15	5.99322	0.379217
XM_026445543.1	1379	1142.15	0	0
XM_026445544.1	1195	958.148	0	0
XM_026445545.1	1345	1108.15	0	0
XM_026445546.1	1260	1023.15	3.99734	0.713476
XM_026445547.1	1016	779.148	0	0
XM_026445548.1	1006	769.148	0.00265789	0.000631064
XM_026445549.1	898	661.72	6.37305	1.75881
XM_026445550.1	876	639.915	6.62695	1.8912
XM_026445551.1	1871	1634.15	0	0
XM_026445552.1	4962	4725.15	0	0
XM_026445553.1	4627	4390.15	1	0.0415975
XM_026445554.1	2416	2179.15	0	0
XM_026445555.1	2201	1964.15	0	0
XM_026445556.1	4699	4462.15	1.69943	0.0695513
XM_026445557.1	4696	4459.15	3.30057	0.135171
XM_026445558.1	4346	4109.15	0	0
XM_026445559.1	6305	6068.15	31.7932	0.956806
XM_026445560.1	8084	7847.15	13.3856	0.311509
XM_026445561.1	2691	2454.15	4	0.29765
XM_026445562.1	3078	2841.15	30.9724	1.9908
XM_026445563.1	1908	1671.15	5	0.546389
XM_026445564.1	1986	1749.15	36	3.75857
XM_026445565.1	970	733.297	19.1196	4.76153
XM_026445566.1	2368	2131.15	0	0
XM_026445567.1	2249	2012.15	0	0
XM_026445568.1	1102	865.148	0	0
XM_026445569.1	2415	2178.15	0	0
XM_026445570.1	2069	1832.15	0	0
XM_026445571.1	3650	3413.15	23.5992	1.26267
XM_026445572.1	1220	983.148	0	0
XM_026445573.1	6492	6255.15	151.123	4.41204
XM_026445574.1	6189	5952.15	10.4139	0.319512
XM_026445575.1	6491	6254.15	22.1353	0.646344
XM_026445576.1	6484	6247.15	85.364	2.49539
XM_026445577.1	6417	6180.15	125.964	3.72214
XM_026445578.1	1689	1452.15	15.1659	1.90724
XM_026445579.1	1641	1404.15	0	0
XM_026445580.1	3399	3162.15	0	0
XM_026445581.1	3301	3064.15	0	0
XM_026445582.1	3275	3038.15	13	0.781413
XM_026445583.1	3240	3003.15	0	0
XM_026445584.1	3320	3083.15	0	0
XM_026445585.1	3142	2905.15	0	0
XM_026445586.1	1050	813.148	0	0
XM_026445587.1	3320	3083.15	0	0
XM_026445588.1	5412	5175.15	0	0
XM_026445589.1	5385	5148.15	0	0
XM_026445590.1	5355	5118.15	0	0
XM_026445591.1	5340	5103.15	0	0
XM_026445592.1	5322	5085.15	0	0
XM_026445593.1	5870	5633.15	90.5194	2.93452
XM_026445594.1	5362	5125.15	0	0
XM_026445595.1	5313	5076.15	0	0
XM_026445596.1	5301	5064.15	0	0
XM_026445597.1	5813	5576.15	138.12	4.52343
XM_026445598.1	5357	5120.15	0	0
XM_026445599.1	5241	5004.15	0	0
XM_026445600.1	5235	4998.15	52.1475	1.90533
XM_026445601.1	5223	4986.15	0	0
XM_026445602.1	5211	4974.15	0	0
XM_026445603.1	5169	4932.15	0	0
XM_026445604.1	5151	4914.15	0	0
XM_026445605.1	5130	4893.15	9.94738	0.37125
XM_026445606.1	4931	4694.15	0	0
XM_026445607.1	5972	5735.15	331.68	10.5614
XM_026445608.1	5079	4842.15	0	0
XM_026445609.1	5064	4827.15	0	0
XM_026445610.1	5040	4803.15	11.7492	0.446712
XM_026445611.1	4953	4716.15	0	0
XM_026445612.1	4881	4644.15	161.968	6.36899
XM_026445613.1	4857	4620.15	9.80867	0.387704
XM_026445614.1	3573	3336.15	0	0
XM_026445615.1	3546	3309.15	4.24559	0.234298
XM_026445616.1	4030	3793.15	118.279	5.69449
XM_026445617.1	3575	3338.15	4.12916	0.225893
XM_026445618.1	901	664.72	2	0.549462
XM_026445619.1	635	402.216	0	0
XM_026445620.1	1201	964.148	0	0
XM_026445621.1	13605	13368.1	0	0
XM_026445622.1	1071	834.148	3	0.656787
XM_026445623.1	3112	2875.15	0	0
XM_026445624.1	821	585.162	0	0
XM_026445625.1	8759	8522.15	913	19.5645
XM_026445626.1	1728	1491.15	0	0
XM_026445627.1	6928	6691.15	33	0.900658
XM_026445628.1	3227	2990.15	1	0.0610736
XM_026445629.1	3601	3364.15	7	0.379988
XM_026445630.1	464	246.005	0	0
XM_026445631.1	582	351.575	0	0
XM_026445632.1	3759	3522.15	2.24223	0.116257
XM_026445633.1	3746	3509.15	6.75777	0.351681
XM_026445634.1	5119	4882.15	4.86506e-07	1.8198e-08
XM_026445635.1	5029	4792.15	46	1.75297
XM_026445636.1	9410	9173.15	0	0
XM_026445637.1	9356	9119.15	0	0
XM_026445638.1	859	623.04	34	9.96573
XM_026445639.1	1453	1216.15	0	0
XM_026445640.1	6461	6224.15	5	0.146702
XM_026445641.1	6169	5932.15	48	1.47766
XM_026445642.1	1958	1721.15	3	0.318309
XM_026445643.1	1660	1423.15	0	0
XM_026445644.1	1696	1459.15	1.9046	0.23837
XM_026445645.1	1527	1290.15	0	0
XM_026445646.1	1881	1644.15	0	0
XM_026445647.1	1508	1271.15	0	0
XM_026445648.1	560	330.722	34	18.7742
XM_026445649.1	3800	3563.15	35.9162	1.84078
XM_026445650.1	3758	3521.15	0	0
XM_026445651.1	3739	3502.15	0	0
XM_026445652.1	3797	3560.15	12.0838	0.619843
XM_026445653.1	9366	9129.15	0	0
XM_026445654.1	9180	8943.15	9.57223	0.195465
XM_026445655.1	1004	767.148	0	0
XM_026445656.1	11850	11613.1	0	0
XM_026445657.1	12730	12493.1	0.109922	0.00160679
XM_026445658.1	12375	12138.1	32.5467	0.489667
XM_026445659.1	2815	2578.15	0	0
XM_026445660.1	2448	2211.15	5	0.412951
XM_026445661.1	11495	11258.1	0	0
XM_026445662.1	11096	10859.1	0	0
XM_026445663.1	2984	2747.15	0	0
XM_026445664.1	2706	2469.15	0	0
XM_026445665.1	2921	2684.15	0	0
XM_026445666.1	2501	2264.15	7	0.564598
XM_026445667.1	11845	11608.1	12.369	0.194589
XM_026445668.1	11219	10982.1	0	0
XM_026445669.1	1207	970.148	1.00625e-06	1.89414e-07
XM_026445670.1	11838	11601.1	0	0
XM_026445671.1	4856	4619.15	36.1114	1.42767
XM_026445672.1	2956	2719.15	73	4.90271
XM_026445673.1	2596	2359.15	0	0
XM_026445674.1	2867	2630.15	2	0.138866
XM_026445675.1	11834	11597.1	3.77258	0.0594065
XM_026445676.1	709	474.425	0	0
XM_026445677.1	3582	3345.15	0	0
XM_026445678.1	3313	3076.15	0	0
XM_026445679.1	3318	3081.15	45.8403	2.71695
XM_026445680.1	11832	11595.1	0	0
XM_026445681.1	1799	1562.15	33.2444	3.88636
XM_026445682.1	11796	11559.1	19.4595	0.307434
XM_026445683.1	3058	2821.15	0	0
XM_026445684.1	3107	2870.15	17	1.08166
XM_026445685.1	3084	2847.15	0	0
XM_026445686.1	11739	11502.1	0	0
XM_026445687.1	5953	5716.15	0	0
XM_026445688.1	6182	5945.15	13.2677	0.40755
XM_026445689.1	6158	5921.15	24.3984	0.752491
XM_026445690.1	6178	5941.15	11.658	0.358344
XM_026445691.1	11571	11334.1	0	0
XM_026445692.1	11555	11318.1	0.809113	0.0130551
XM_026445693.1	1250	1013.15	0	0
XM_026445694.1	10835	10598.1	4.72047	0.0813395
XM_026445695.1	10796	10559.1	36.3602	0.628845
XM_026445696.1	10784	10547.1	0	0
XM_026445697.1	10739	10502.1	0	0
XM_026445698.1	7804	7567.15	17.9051	0.432107
XM_026445699.1	10730	10493.1	0	0
XM_026445700.1	11537	11300.1	3.89278	0.0629104
XM_026445701.1	8998	8761.15	24.5165	0.511028
XM_026445702.1	8951	8714.15	11.0281	0.231112
XM_026445703.1	11426	11189.1	46.4489	0.758097
XM_026445704.1	2707	2470.15	0	0
XM_026445705.1	10723	10486.1	72.3287	1.25962
XM_026445706.1	4883	4646.15	56	2.20111
XM_026445707.1	3013	2776.15	0	0
XM_026445708.1	6077	5840.15	4	0.125078
XM_026445709.1	4063	3826.15	0	0
XM_026445710.1	5187	4950.15	69	2.54552
XM_026445711.1	3958	3721.15	0	0
XM_026445712.1	4066	3829.15	0.0264903	0.00126337
XM_026445713.1	10783	10546.1	0	0
XM_026445714.1	1966	1729.15	0	0
XM_026445715.1	3980	3743.15	3.68175	0.179624
XM_026445716.1	1169	932.148	0	0
XM_026445717.1	5998	5761.15	25	0.79246
XM_026445718.1	541	313.189	2	1.16619
XM_026445719.1	1646	1409.15	2	0.259191
XM_026445720.1	1431	1194.15	0	0
XM_026445721.1	1116	879.148	1	0.207723
XM_026445722.1	962	725.297	19	4.78392
XM_026445723.1	1533	1296.15	0	0
XM_026445724.1	1411	1174.15	5.48656	0.853343
XM_026445725.1	1448	1211.15	0	0
XM_026445726.1	1462	1225.15	0	0
XM_026445727.1	1438	1201.15	0	0
XM_026445728.1	1325	1088.15	0	0
XM_026445729.1	9815	9578.15	1.84397e-06	3.51576e-08
XM_026445730.1	9897	9660.15	17.4992	0.330811
XM_026445731.1	6226	5989.15	0	0
XM_026445732.1	1563	1326.15	0	0
XM_026445733.1	2353	2116.15	0	0
XM_026445734.1	10131	9894.15	10.8743	0.20071
XM_026445735.1	3193	2956.15	0	0
XM_026445736.1	9826	9589.15	23.3135	0.443991
XM_026445737.1	4684	4447.15	11	0.451708
XM_026445738.1	9672	9435.15	5.17195	0.100104
XM_026445739.1	9804	9567.15	0	0
XM_026445740.1	1016	779.148	0	0
XM_026445741.1	10141	9904.15	0	0
XM_026445742.1	1110	873.148	1	0.20915
XM_026445743.1	1557	1320.15	0	0
XM_026445744.1	1173	936.148	0	0
XM_026445745.1	1094	857.148	0	0
XM_026445746.1	803	567.277	0	0
XM_026445747.1	9585	9348.15	106.141	2.0735
XM_026445748.1	1469	1232.15	0	0
XM_026445749.1	1288	1051.15	4	0.694933
XM_026445750.1	3427	3190.15	0	0
XM_026445751.1	876	639.915	2.01491	0.575016
XM_026445752.1	1081	844.148	0	0
XM_026445753.1	964	727.297	0	0
XM_026445754.1	1712	1475.15	2.42793	0.300571
XM_026445755.1	751	515.871	2	0.708004
XM_026445756.1	637	404.175	0	0
XM_026445757.1	574	344.104	0	0
XM_026445758.1	518	292.707	0	0
XM_026445759.1	645	411.887	1	0.443372
XM_026445760.1	2320	2083.15	0	0
XM_026445761.1	1755	1518.15	96.3827	11.5939
XM_026445762.1	1909	1672.15	16.6173	1.81482
XM_026445763.1	362	165.72	4.83982	5.33337
XM_026445764.1	2360	2123.15	16.908	1.45432
XM_026445765.1	1077	840.148	0	0
XM_026445766.1	1086	849.148	0	0
XM_026445767.1	1093	856.148	0	0
XM_026445768.1	2890	2653.15	24.8733	1.71205
XM_026445769.1	2570	2333.15	10.0486	0.786523
XM_026445770.1	2232	1995.15	5.0781	0.464807
XM_026445771.1	2052	1815.15	0	0
XM_026445772.1	2870	2633.15	0	0
XM_026445773.1	2158	1921.15	1.24854	0.118682
XM_026445774.1	2137	1900.15	1.25197	0.120325
XM_026445775.1	2540	2303.15	0	0
XM_026445776.1	933	696.652	0	0
XM_026445777.1	1341	1104.15	9.39239	1.55344
XM_026445778.1	6687	6450.15	6.64378e-06	1.88101e-07
XM_026445779.1	6598	6361.15	5.99999	0.172251
XM_026445780.1	1097	860.148	0	0
XM_026445781.1	2038	1801.15	11	1.11529
XM_026445782.1	9678	9441.15	2	0.0386858
XM_026445783.1	501	277.795	0	0
XM_026445784.1	487	265.714	0	0
XM_026445785.1	845	609.102	0	0
XM_026445786.1	612	379.885	0	0
XM_026445787.1	633	400.256	1	0.456256
XM_026445788.1	1759	1522.15	2	0.239949
XM_026445789.1	1995	1758.15	9	0.934832
XM_026445790.1	2951	2714.15	0	0
XM_026445791.1	2888	2651.15	4	0.275532
XM_026445792.1	13193	12956.1	352.58	4.96968
XM_026445793.1	3223	2986.15	0	0
XM_026445794.1	3519	3282.15	6.66426	0.3708
XM_026445795.1	2819	2582.15	0	0
XM_026445796.1	2712	2475.15	8.40778	0.620335
XM_026445797.1	2534	2297.15	0.927961	0.0737713
XM_026445798.1	3021	2784.15	0	0
XM_026445799.1	18831	18594.1	251.555	2.4706
XM_026445800.1	17367	17130.1	0	0
XM_026445801.1	17353	17116.1	71.2527	0.760224
XM_026445802.1	17347	17110.1	3.51132	0.0374768
XM_026445803.1	17076	16839.1	3.51058	0.0380719
XM_026445804.1	17338	17101.1	0	0
XM_026445805.1	17365	17128.1	52.182	0.556361
XM_026445806.1	17326	17089.1	10.3057	0.110129
XM_026445807.1	17015	16778.1	66.0328	0.718724
XM_026445808.1	17269	17032.1	0	0
XM_026445809.1	17262	17025.1	0	0
XM_026445810.1	17254	17017.1	0	0
XM_026445811.1	17230	16993.1	0	0
XM_026445812.1	17222	16985.1	0	0
XM_026445813.1	17218	16981.1	11.9974	0.129023
XM_026445814.1	17221	16984.1	59.2173	0.636724
XM_026445815.1	17186	16949.1	0	0
XM_026445816.1	17125	16888.1	0	0
XM_026445817.1	17118	16881.1	6.4702e-08	6.99942e-10
XM_026445818.1	17013	16776.1	0	0
XM_026445819.1	17006	16769.1	27.0257	0.294315
XM_026445820.1	16973	16736.1	3.07161e-05	3.35163e-07
XM_026445821.1	16867	16630.1	191.644	2.10449
XM_026445822.1	16551	16314.1	0	0
XM_026445823.1	12343	12106.1	0	0
XM_026445824.1	12283	12046.1	0	0
XM_026445825.1	12231	11994.1	6.27777e-06	9.55833e-08
XM_026445826.1	12224	11987.1	808.375	12.3153
XM_026445827.1	12191	11954.1	1.5538e-06	2.37369e-08
XM_026445828.1	12171	11934.1	0.0780337	0.00119409
XM_026445829.1	12138	11901.1	0	0
XM_026445830.1	12131	11894.1	0.020072	0.000308179
XM_026445831.1	12095	11858.1	677.037	10.4266
XM_026445832.1	12661	12424.1	495.404	7.28181
XM_026445833.1	12642	12405.1	19.5959	0.288476
XM_026445834.1	6110	5873.15	35	1.08829
XM_026445835.1	2218	1981.15	0	0
XM_026445836.1	1385	1148.15	0	0
XM_026445837.1	2629	2392.15	0	0
XM_026445838.1	2563	2326.15	16	1.25611
XM_026445839.1	2564	2327.15	0	0
XM_026445840.1	2502	2265.15	0	0
XM_026445841.1	2231	1994.15	0	0
XM_026445842.1	1847	1610.15	0.862623	0.0978367
XM_026445843.1	3263	3026.15	29	1.75007
XM_026445844.1	2266	2029.15	0.99704	0.0897316
XM_026445845.1	2278	2041.15	0.00295959	0.000264791
XM_026445846.1	1627	1390.15	2	0.262733
XM_026445847.1	2588	2351.15	0	0
XM_026445848.1	2929	2692.15	10	0.67834
XM_026445849.1	840	604.102	0	0
XM_026445850.1	1223	986.148	1	0.185184
XM_026445851.1	2365	2128.15	46.78	4.01425
XM_026445852.1	4619	4382.15	0	0
XM_026445853.1	3168	2931.15	0	0
XM_026445854.1	4573	4336.15	4.65773	0.196163
XM_026445855.1	2998	2761.15	0.521658	0.0345019
XM_026445856.1	2987	2750.15	26.8206	1.78098
XM_026445857.1	3669	3432.15	48.8782	2.60073
XM_026445858.1	3710	3473.15	0	0
XM_026445859.1	728	493.327	0	0
XM_026445860.1	9125	8888.15	0	0
XM_026445861.1	3853	3616.15	17.3843	0.877925
XM_026445862.1	2961	2724.15	132.418	8.87692
XM_026445863.1	3058	2821.15	71	4.59599
XM_026445864.1	2426	2189.15	7	0.583942
XM_026445865.1	1925	1688.15	0	0
XM_026445866.1	1836	1599.15	18	2.05556
XM_026445867.1	1438	1201.15	0	0
XM_026445868.1	251	91.0511	0	0
XM_026445869.1	3304	3067.15	16	0.952646
XM_026445870.1	10624	10387.1	0	0
XM_026445871.1	9895	9658.15	0	0
XM_026445872.1	9781	9544.15	0	0
XM_026445873.1	9822	9585.15	0	0
XM_026445874.1	1495	1258.15	3.08318	0.447521
XM_026445875.1	2441	2204.15	47.2615	3.91573
XM_026445876.1	4038	3801.15	0	0
XM_026445877.1	4086	3849.15	0	0
XM_026445878.1	3829	3592.15	0	0
XM_026445879.1	4953	4716.15	16	0.619554
XM_026445880.1	4837	4600.15	0	0
XM_026445881.1	4210	3973.15	29	1.33294
XM_026445882.1	8239	8002.15	288.368	6.58093
XM_026445883.1	5313	5076.15	0	0
XM_026445884.1	4709	4472.15	7.45476	0.304413
XM_026445885.1	5392	5155.15	0	0
XM_026445886.1	13375	13138.1	0	0
XM_026445887.1	7708	7471.15	7.61133	0.186046
XM_026445888.1	13360	13123.1	1.979e-08	2.75394e-10
XM_026445889.1	13285	13048.1	0.0187763	0.000262789
XM_026445890.1	13270	13033.1	370.657	5.19361
XM_026445891.1	13096	12859.1	15.035	0.21352
XM_026445892.1	8461	8224.15	9.92507	0.220388
XM_026445893.1	4663	4426.15	0	0
XM_026445894.1	4459	4222.15	0	0
XM_026445895.1	4156	3919.15	34.3014	1.59833
XM_026445896.1	10702	10465.1	86	1.50072
XM_026445897.1	10859	10622.1	0	0
XM_026445898.1	2863	2626.15	0	0
XM_026445899.1	4342	4105.15	0	0
XM_026445900.1	2603	2366.15	0	0
XM_026445901.1	2614	2377.15	0	0
XM_026445902.1	2478	2241.15	5.13274	0.418239
XM_026445903.1	1329	1092.15	0	0
XM_026445904.1	1204	967.148	1	0.188822
XM_026445905.1	1351	1114.15	4	0.655637
XM_026445906.1	4273	4036.15	0	0
XM_026445907.1	330	141.889	0	0
XM_026445908.1	1680	1443.15	1	0.126542
XM_026445909.1	3364	3127.15	5	0.29199
XM_026445910.1	2964	2727.15	7	0.468744
XM_026445911.1	1386	1149.15	0	0
XM_026445912.1	3908	3671.15	0	0
XM_026445913.1	2892	2655.15	0	0
XM_026445914.1	2688	2451.15	1	0.0745035
XM_026445915.1	2384	2147.15	0	0
XM_026445916.1	3986	3749.15	0	0
XM_026445917.1	2955	2718.15	7	0.470296
XM_026445918.1	2668	2431.15	79.791	5.99362
XM_026445919.1	3943	3706.15	190.209	9.37248
XM_026445920.1	1924	1687.15	47	5.08734
XM_026445921.1	3976	3739.15	0	0
XM_026445922.1	3803	3566.15	82	4.19915
XM_026445923.1	2014	1777.15	9.04401	0.92936
XM_026445924.1	3965	3728.15	4.95954	0.242938
XM_026445925.1	3001	2764.15	0	0
XM_026445926.1	1280	1043.15	1	0.175066
XM_026445927.1	2143	1906.15	7	0.670638
XM_026445928.1	3739	3502.15	18.3843	0.958649
XM_026445929.1	3698	3461.15	0	0
XM_026445930.1	3898	3661.15	1.1931e-08	5.95122e-10
XM_026445931.1	3879	3642.15	33.6953	1.6895
XM_026445932.1	3876	3639.15	4.57315e-06	2.29489e-07
XM_026445933.1	3878	3641.15	0	0
XM_026445934.1	3205	2968.15	5.69926	0.350655
XM_026445935.1	3826	3589.15	1.2211	0.0621308
XM_026445936.1	3226	2989.15	0	0
XM_026445937.1	1946	1709.15	0	0
XM_026445938.1	2041	1804.15	0	0
XM_026445939.1	1387	1150.15	0	0
XM_026445940.1	1210	973.148	2	0.375316
XM_026445941.1	796	560.277	26.5009	8.63781
XM_026445942.1	870	633.915	0	0
XM_026445943.1	2237	2000.15	0	0
XM_026445944.1	681	446.977	0	0
XM_026445945.1	2965	2728.15	3.09503	0.207178
XM_026445946.1	1310	1073.15	0	0
XM_026445947.1	495	272.68	0	0
XM_026445948.1	531	304.451	17	10.1971
XM_026445949.1	609	377.075	133.338	64.576
XM_026445950.1	493	270.764	0	0
XM_026445951.1	3789	3552.15	6479	333.091
XM_026445952.1	888	651.786	5469.7	1532.51
XM_026445953.1	1515	1278.15	13.3141	1.9023
XM_026445954.1	10088	9851.15	41	0.760052
XM_026445955.1	1389	1152.15	0	0
XM_026445956.1	1677	1440.15	0	0
XM_026445957.1	3894	3657.15	0	0
XM_026445958.1	2117	1880.15	0	0
XM_026445959.1	1341	1104.15	0	0
XM_026445960.1	994	757.224	6	1.44702
XM_026445961.1	3808	3571.15	0	0
XM_026445962.1	2511	2274.15	1	0.0803023
XM_026445963.1	669	435.331	13.7987	5.78848
XM_026445964.1	2626	2389.15	0.013689	0.00104635
XM_026445965.1	2613	2376.15	2.98631	0.229513
XM_026445966.1	4229	3992.15	0	0
XM_026445967.1	2190	1953.15	0	0
XM_026445968.1	3011	2774.15	0	0
XM_026445969.1	715	480.425	0	0
XM_026445970.1	682	447.977	4.31263	1.75806
XM_026445971.1	690	455.704	4.09952	1.64284
XM_026445972.1	593	361.711	17.5878	8.87968
XM_026445973.1	2151	1914.15	0	0
XM_026445974.1	3808	3571.15	12.5618	0.642379
XM_026445975.1	4241	4004.15	0	0
XM_026445976.1	255	93.4477	0	0
XM_026445977.1	520	294.465	0	0
XM_026445978.1	696	461.658	0	0
XM_026445979.1	362	165.72	0	0
XM_026445980.1	4183	3946.15	0	0
XM_026445981.1	1347	1110.15	0	0
XM_026445982.1	1014	777.148	0	0
XM_026445983.1	3768	3531.15	0	0
XM_026445984.1	528	301.637	10	6.05426
XM_026445985.1	4155	3918.15	0	0
XM_026445986.1	1044	807.148	0	0
XM_026445987.1	1117	880.148	1	0.207487
XM_026445988.1	478	257.918	0	0
XM_026445989.1	715	480.425	0	0
XM_026445990.1	3879	3642.15	7.7011	0.386137
XM_026445991.1	915	678.72	2	0.538128
XM_026445992.1	432	220.183	0	0
XM_026445993.1	531	304.451	0	0
XM_026445994.1	1116	879.148	1	0.207723
XM_026445995.1	2816	2579.15	87.3394	6.18415
XM_026445996.1	2846	2609.15	10.6606	0.746159
XM_026445997.1	429	217.564	0	0
XM_026445998.1	1754	1517.15	0	0
XM_026445999.1	2225	1988.15	0	0
XM_026446000.1	982	745.224	29065.6	7122.6
XM_026446001.1	1624	1387.15	4.96546	0.653707
XM_026446002.1	1631	1394.15	0.0345381	0.00452414
XM_026446003.1	11670	11433.1	1.51304e-06	2.41674e-08
XM_026446004.1	11643	11406.1	623.783	9.98714
XM_026446005.1	11867	11630.1	0.550781	0.00864849
XM_026446006.1	11607	11370.1	168.251	2.70232
XM_026446007.1	11825	11588.1	0.0305595	0.000481591
XM_026446008.1	11738	11501.1	461.835	7.33318
XM_026446009.1	11696	11459.1	1.43618	0.0228877
XM_026446010.1	1523	1286.15	0	0
XM_026446011.1	4862	4625.15	0	0
XM_026446012.1	4699	4462.15	8.02461	0.328418
XM_026446013.1	4143	3906.15	7.97461	0.372827
XM_026446014.1	1451	1214.15	0	0
XM_026446015.1	1654	1417.15	0	0
XM_026446016.1	1483	1246.15	4.02106	0.589275
XM_026446017.1	1026	789.148	0	0
XM_026446018.1	1722	1485.15	0	0
XM_026446019.1	2220	1983.15	0	0
XM_026446020.1	2169	1932.15	0	0
XM_026446021.1	2173	1936.15	7	0.660246
XM_026446022.1	2417	2180.15	0.0171515	0.00143669
XM_026446023.1	1624	1387.15	19	2.50137
XM_026446024.1	1683	1446.15	0	0
XM_026446025.1	1677	1440.15	0	0
XM_026446026.1	1652	1415.15	0	0
XM_026446027.1	1613	1376.15	0	0
XM_026446028.1	1097	860.148	0.00199554	0.000423676
XM_026446029.1	1091	854.148	1	0.213803
XM_026446030.1	1167	930.148	0	0
XM_026446031.1	3268	3031.15	16.2136	0.976827
XM_026446032.1	1650	1413.15	0	0
XM_026446033.1	1631	1394.15	0	0
XM_026446034.1	1804	1567.15	0	0
XM_026446035.1	2605	2368.15	23.2171	1.79038
XM_026446036.1	1367	1130.15	2	0.323178
XM_026446037.1	2288	2051.15	0	0
XM_026446038.1	2100	1863.15	4.17131	0.408857
XM_026446039.1	2071	1834.15	1.9632	0.195468
XM_026446040.1	1426	1189.15	6.04478	0.928306
XM_026446041.1	1444	1207.15	0	0
XM_026446042.1	1453	1216.15	0	0
XM_026446043.1	1869	1632.15	0	0
XM_026446044.1	1487	1250.15	5.50185	0.8037
XM_026446045.1	1580	1343.15	0	0
XM_026446046.1	1466	1229.15	0	0
XM_026446047.1	1163	926.148	0	0
XM_026446048.1	2067	1830.15	63.9156	6.37774
XM_026446049.1	2361	2124.15	16	1.37557
XM_026446050.1	1143	906.148	32	6.44907
XM_026446051.1	7618	7381.15	50	1.23706
XM_026446052.1	2103	1866.15	11	1.07645
XM_026446053.1	4970	4733.15	0	0
XM_026446054.1	4916	4679.15	0	0
XM_026446055.1	4898	4661.15	0	0
XM_026446056.1	2232	1995.15	1	0.0915317
XM_026446057.1	3614	3377.15	62.8036	3.3961
XM_026446058.1	3042	2805.15	0	0
XM_026446059.1	3080	2843.15	0	0
XM_026446060.1	3441	3204.15	12.4585	0.71007
XM_026446061.1	2256	2019.15	18.5504	1.67777
XM_026446062.1	1506	1269.15	0	0
XM_026446063.1	1487	1250.15	0	0
XM_026446064.1	1545	1308.15	10.2444	1.43013
XM_026446065.1	3033	2796.15	8	0.522488
XM_026446066.1	2761	2524.15	0	0
XM_026446067.1	1408	1171.15	0	0
XM_026446068.1	3067	2830.15	0.360399	0.0232552
XM_026446069.1	3831	3594.15	0	0
XM_026446070.1	6691	6454.15	1.33905	0.0378881
XM_026446071.1	9276	9039.15	3.66312	0.0740065
XM_026446072.1	3820	3583.15	0	0
XM_026446073.1	3798	3561.15	0	0
XM_026446074.1	3765	3528.15	0	0
XM_026446075.1	3777	3540.15	0	0
XM_026446076.1	3772	3535.15	0	0
XM_026446077.1	8502	8265.15	0	0
XM_026446078.1	4183	3946.15	0	0
XM_026446079.1	8411	8174.15	0	0
XM_026446080.1	5132	4895.15	0	0
XM_026446081.1	5051	4814.15	0	0
XM_026446082.1	4967	4730.15	0	0
XM_026446083.1	5052	4815.15	0	0
XM_026446084.1	4771	4534.15	0	0
XM_026446085.1	4898	4661.15	0	0
XM_026446086.1	5037	4800.15	0	0
XM_026446087.1	5060	4823.15	0	0
XM_026446088.1	5027	4790.15	0	0
XM_026446089.1	5039	4802.15	0	0
XM_026446090.1	5086	4849.15	0	0
XM_026446091.1	5061	4824.15	0	0
XM_026446092.1	4891	4654.15	5.43825	0.213386
XM_026446093.1	4958	4721.15	0	0
XM_026446094.1	4176	3939.15	0	0
XM_026446095.1	4761	4524.15	0	0
XM_026446096.1	4167	3930.15	0	0
XM_026446097.1	4328	4091.15	3.56175	0.158988
XM_026446098.1	3662	3425.15	0	0
XM_026446099.1	3653	3416.15	0	0
XM_026446100.1	5000	4763.15	0	0
XM_026446101.1	6488	6251.15	58.3186	1.7037
XM_026446102.1	5706	5469.15	105.382	3.5188
XM_026446103.1	4728	4491.15	191.623	7.79177
XM_026446104.1	7543	7306.15	5	0.124976
XM_026446105.1	728	493.327	3.63451	1.34542
XM_026446106.1	1802	1565.15	0	0
XM_026446107.1	4377	4140.15	0	0
XM_026446108.1	1752	1515.15	31	3.7364
XM_026446109.1	1338	1101.15	0	0
XM_026446110.1	1509	1272.15	4	0.574207
XM_026446111.1	1245	1008.15	0	0
XM_026446112.1	1924	1687.15	3.80004	0.411321
XM_026446113.1	1658	1421.15	14.5089	1.86441
XM_026446114.1	5686	5449.15	48.9511	1.64052
XM_026446115.1	5464	5227.15	30.9382	1.08088
XM_026446116.1	5668	5431.15	0.00344297	0.000115768
XM_026446117.1	5662	5425.15	0	0
XM_026446118.1	5656	5419.15	0.0243306	0.000819914
XM_026446119.1	5650	5413.15	0.0726121	0.00244966
XM_026446120.1	5620	5383.15	0	0
XM_026446121.1	5662	5425.15	0.0102504	0.000345045
XM_026446122.1	4674	4437.15	8	0.329255
XM_026446123.1	4575	4338.15	12.6002	0.530419
XM_026446124.1	4512	4275.15	0	0
XM_026446125.1	4419	4182.15	0	0
XM_026446126.1	4400	4163.15	3.70234	0.162405
XM_026446127.1	4694	4457.15	10.6821	0.437668
XM_026446128.1	4664	4427.15	0	0
XM_026446129.1	2014	1777.15	0	0
XM_026446130.1	1407	1170.15	3.21117	0.501151
XM_026446131.1	1625	1388.15	8.61554	1.13343
XM_026446132.1	3472	3235.15	44.2649	2.49869
XM_026446133.1	1668	1431.15	44.7351	5.70835
XM_026446134.1	8607	8370.15	40.4987	0.883596
XM_026446135.1	52930	52693.1	71.4403	0.247591
XM_026446136.1	52753	52516.1	6745.85	23.458
XM_026446137.1	52879	52642.1	3055.24	10.5988
XM_026446138.1	34573	34336.1	34.5281	0.18364
XM_026446139.1	24932	24695.1	297.944	2.20328
XM_026446140.1	5688	5451.15	0	0
XM_026446141.1	15295	15058.1	0.000627847	7.61428e-06
XM_026446142.1	13386	13149.1	8.71116	0.120983
XM_026446143.1	15139	14902.1	18.2704	0.223896
XM_026446144.1	5086	4849.15	9.14415	0.344369
XM_026446145.1	4636	4399.15	3.85585	0.160066
XM_026446146.1	2291	2054.15	8.14861	0.724433
XM_026446147.1	5679	5442.15	0	0
XM_026446148.1	2161	1924.15	0	0
XM_026446149.1	2167	1930.15	11.9235	1.12813
XM_026446150.1	2153	1916.15	0	0
XM_026446151.1	1854	1617.15	0	0
XM_026446152.1	2094	1857.15	0.927886	0.091242
XM_026446153.1	1956	1719.15	0	0
XM_026446154.1	2649	2412.15	6.93898	0.525337
XM_026446155.1	2184	1947.15	0	0
XM_026446156.1	2230	1993.15	0	0
XM_026446157.1	2031	1794.15	0	0
XM_026446158.1	2551	2314.15	30	2.36743
XM_026446159.1	1217	980.148	0	0
XM_026446160.1	4462	4225.15	6.35356	0.274613
XM_026446161.1	3946	3709.15	0	0
XM_026446162.1	2814	2577.15	1	0.070861
XM_026446163.1	1865	1628.15	31	3.47708
XM_026446164.1	813	577.22	0	0
XM_026446165.1	495	272.68	11	7.36693
XM_026446166.1	1702	1465.15	0	0
XM_026446167.1	1617	1380.15	19.2723	2.55009
XM_026446168.1	1347	1110.15	0	0
XM_026446169.1	1262	1025.15	13.7277	2.44544
XM_026446170.1	6325	6088.15	0.0140489	0.000421408
XM_026446171.1	6466	6229.15	0	0
XM_026446172.1	6286	6049.15	7.98639	0.241103
XM_026446173.1	1282	1045.15	3.77684	0.65993
XM_026446174.1	3873	3636.15	0	0
XM_026446175.1	1296	1059.15	7.28624	1.2563
XM_026446176.1	1402	1165.15	2.93691	0.460316
XM_026446177.1	1278	1041.15	0	0
XM_026446178.1	4049	3812.15	0	0
XM_026446179.1	4046	3809.15	9.29815	0.445775
XM_026446180.1	4608	4371.15	63.1309	2.6375
XM_026446181.1	4086	3849.15	8.6043	0.408223
XM_026446182.1	3576	3339.15	2.79895	0.153076
XM_026446183.1	3870	3633.15	0	0
XM_026446184.1	1414	1177.15	25.1677	3.90444
XM_026446185.1	3957	3720.15	0	0
XM_026446186.1	2259	2022.15	8.37338	0.756196
XM_026446187.1	3918	3681.15	0	0
XM_026446188.1	3840	3603.15	0	0
XM_026446189.1	3292	3055.15	266.898	15.9536
XM_026446190.1	3247	3010.15	3.46176	0.210017
XM_026446191.1	3538	3301.15	0	0
XM_026446192.1	3268	3031.15	182.64	11.0036
XM_026446193.1	3807	3570.15	0	0
XM_026446194.1	2383	2146.15	99	8.42407
XM_026446195.1	3777	3540.15	0	0
XM_026446196.1	1085	848.148	22.4509	4.83403
XM_026446197.1	1005	768.148	2.65522	0.631251
XM_026446198.1	3762	3525.15	0	0
XM_026446199.1	3509	3272.15	0	0
XM_026446200.1	2247	2010.15	0	0
XM_026446201.1	2208	1971.15	14.9965	1.38937
XM_026446202.1	2087	1850.15	0.0035222	0.000347659
XM_026446203.1	1994	1757.15	0	0
XM_026446204.1	3711	3474.15	28.1604	1.48026
XM_026446205.1	1667	1430.15	0	0
XM_026446206.1	3699	3462.15	0	0
XM_026446207.1	1170	933.148	0	0
XM_026446208.1	7266	7029.15	91.072	2.36608
XM_026446209.1	3666	3429.15	0	0
XM_026446210.1	6885	6648.15	80.1118	2.20061
XM_026446211.1	3906	3669.15	178.932	8.90571
XM_026446212.1	3876	3639.15	446.001	22.3812
XM_026446213.1	6023	5786.15	0	0
XM_026446214.1	3901	3664.15	63.984	3.18893
XM_026446215.1	7120	6883.15	10.4187	0.276423
XM_026446216.1	7383	7146.15	13.1568	0.336221
XM_026446217.1	3603	3366.15	0	0
XM_026446218.1	5550	5313.15	0	0
XM_026446219.1	8523	8286.15	71	1.56478
XM_026446220.1	3644	3407.15	1.63648	0.0877135
XM_026446221.1	3486	3249.15	6.1891	0.34786
XM_026446222.1	3757	3520.15	0	0
XM_026446223.1	3420	3183.15	0	0
XM_026446224.1	3344	3107.15	0	0
XM_026446225.1	14474	14237.1	0	0
XM_026446226.1	14458	14221.1	0	0
XM_026446227.1	14453	14216.1	0	0
XM_026446228.1	14444	14207.1	0	0
XM_026446229.1	14423	14186.1	0	0
XM_026446230.1	14417	14180.1	0	0
XM_026446231.1	14089	13852.1	0	0
XM_026446232.1	14407	14170.1	0	0
XM_026446233.1	14395	14158.1	0	0
XM_026446234.1	14356	14119.1	6.08571e-08	7.87135e-10
XM_026446235.1	14316	14079.1	16.2086	0.210241
XM_026446236.1	14300	14063.1	49.7913	0.646573
XM_026446237.1	14266	14029.1	3.35275e-05	4.36432e-07
XM_026446238.1	4265	4028.15	0.000122854	5.56966e-06
XM_026446239.1	4421	4184.15	379.505	16.5637
XM_026446240.1	4606	4369.15	40.6199	1.69781
XM_026446241.1	4544	4307.15	9.05226	0.383808
XM_026446242.1	6159	5922.15	25.8231	0.796297
XM_026446243.1	4217	3980.15	16.9007	0.775447
XM_026446244.1	3023	2786.15	0	0
XM_026446245.1	3169	2932.15	4	0.249127
XM_026446246.1	3493	3256.15	0	0
XM_026446247.1	1056	819.148	0	0
XM_026446248.1	5254	5017.15	42.9004	1.56153
XM_026446249.1	5137	4900.15	87.0057	3.24254
XM_026446250.1	4618	4381.15	292	12.1714
XM_026446251.1	5290	5053.15	129.442	4.67799
XM_026446252.1	3939	3702.15	118.907	5.86544
XM_026446253.1	3837	3600.15	25.1886	1.2777
XM_026446254.1	3714	3477.15	0	0
XM_026446255.1	3732	3495.15	21.4625	1.1214
XM_026446256.1	594	362.675	0	0
XM_026446257.1	3403	3166.15	36	2.07643
XM_026446258.1	5004	4767.15	116	4.44371
XM_026446259.1	533	306.107	13	7.75562
XM_026446260.1	1662	1425.15	0	0
XM_026446261.1	1030	793.148	0	0
XM_026446262.1	2034	1797.15	6	0.609697
XM_026446263.1	1392	1155.15	4	0.632367
XM_026446264.1	3593	3356.15	4	0.217653
XM_026446265.1	1117	880.148	0	0
XM_026446266.1	3138	2901.15	4	0.251789
XM_026446267.1	2226	1989.15	12	1.10169
XM_026446268.1	12033	11796.1	14.6529	0.226845
XM_026446269.1	3976	3739.15	0.00101995	4.98139e-05
XM_026446270.1	798	562.277	0	0
XM_026446271.1	2581	2344.15	3.49333	0.272146
XM_026446272.1	5052	4815.15	0	0
XM_026446273.1	1390	1153.15	8	1.26693
XM_026446274.1	399	193.785	0	0
XM_026446275.1	596	364.638	1	0.500823
XM_026446276.1	5602	5365.15	4	0.136152
XM_026446277.1	4193	3956.15	1	0.0461609
XM_026446278.1	2134	1897.15	0	0
XM_026446279.1	4983	4746.15	7.78037	0.299368
XM_026446280.1	2690	2453.15	0	0
XM_026446281.1	865	628.915	0	0
XM_026446282.1	2970	2733.15	44	2.93992
XM_026446283.1	914	677.72	0	0
XM_026446284.1	9637	9400.15	1.30924e-05	2.54349e-07
XM_026446285.1	10472	10235.1	557.729	9.95121
XM_026446286.1	9574	9337.15	48.9424	0.957233
XM_026446287.1	5715	5478.15	0	0
XM_026446288.1	5651	5414.15	41.4048	1.39658
XM_026446289.1	2149	1912.15	60.6854	5.79575
XM_026446290.1	2290	2053.15	0.0122806	0.00109231
XM_026446291.1	2086	1849.15	23.1682	2.28806
XM_026446292.1	3253	3016.15	68.9176	4.17277
XM_026446293.1	3195	2958.15	0	0
XM_026446294.1	3168	2931.15	0	0
XM_026446295.1	3069	2832.15	0	0
XM_026446296.1	1556	1319.15	0	0
XM_026446297.1	3042	2805.15	13	0.846319
XM_026446298.1	1546	1309.15	18	2.5109
XM_026446299.1	1290	1053.15	5	0.867016
XM_026446300.1	657	423.677	2	0.862068
XM_026446301.1	667	433.375	0	0
XM_026446302.1	1554	1317.15	0	0
XM_026446303.1	4256	4019.15	3	0.136312
XM_026446304.1	3405	3168.15	0	0
XM_026446305.1	3845	3608.15	2	0.101226
XM_026446306.1	5767	5530.15	0	0
XM_026446307.1	6917	6680.15	101.119	2.76435
XM_026446308.1	5728	5491.15	0	0
XM_026446309.1	6105	5868.15	0	0
XM_026446310.1	7411	7174.15	0	0
XM_026446311.1	1938	1701.15	47	5.04548
XM_026446312.1	1114	877.148	1	0.208197
XM_026446313.1	505	281.158	0	0
XM_026446314.1	756	520.871	0	0
XM_026446315.1	4017	3780.15	4	0.19324
XM_026446316.1	4059	3822.15	85	4.06123
XM_026446317.1	1543	1306.15	1	0.139815
XM_026446318.1	574	344.104	4.54729	2.41329
XM_026446319.1	813	577.22	7	2.21464
XM_026446320.1	1513	1276.15	2	0.286204
XM_026446321.1	1871	1634.15	0	0
XM_026446322.1	2673	2436.15	0	0
XM_026446323.1	1754	1517.15	48.4563	5.83269
XM_026446324.1	2506	2269.15	9	0.724313
XM_026446325.1	1493	1256.15	0	0
XM_026446326.1	1447	1210.15	2	0.301813
XM_026446327.1	2164	1927.15	0	0
XM_026446328.1	5668	5431.15	62	2.08471
XM_026446329.1	3096	2859.15	8	0.510975
XM_026446330.1	852	616.102	0	0
XM_026446331.1	1661	1424.15	7.5437	0.967332
XM_026446332.1	3374	3137.15	3.72296e-06	2.16721e-07
XM_026446333.1	719	484.425	0	0
XM_026446334.1	1588	1351.15	0	0
XM_026446335.1	1734	1497.15	62.986	7.68291
XM_026446336.1	1696	1459.15	67.7734	8.48215
XM_026446337.1	910	673.72	387.346	104.994
XM_026446338.1	769	533.607	26.8942	9.20416
XM_026446339.1	675	441.199	11	4.55307
XM_026446340.1	4711	4474.15	31.1378	1.27094
XM_026446341.1	1018	781.148	0	0
XM_026446342.1	3101	2864.15	0	0
XM_026446343.1	3356	3119.15	0	0
XM_026446344.1	3219	2982.15	1	0.0612375
XM_026446345.1	6649	6412.15	51	1.45249
XM_026446346.1	1872	1635.15	0	0
XM_026446347.1	1818	1581.15	0	0
XM_026446348.1	2775	2538.15	0	0
XM_026446349.1	1745	1508.15	0	0
XM_026446350.1	1399	1162.15	0	0
XM_026446351.1	11975	11738.1	0.000143532	2.23304e-06
XM_026446352.1	11867	11630.1	1.03385e-07	1.62337e-09
XM_026446353.1	11787	11550.1	0	0
XM_026446354.1	11758	11521.1	97.9708	1.55291
XM_026446355.1	11064	10827.1	0	0
XM_026446356.1	11750	11513.1	7.72013e-07	1.22455e-08
XM_026446357.1	11803	11566.1	2.39772e-05	3.78579e-07
XM_026446358.1	1597	1360.15	0	0
XM_026446359.1	1512	1275.15	0	0
XM_026446360.1	4738	4501.15	93.2721	3.78421
XM_026446361.1	3652	3415.15	4.93324e-06	2.63797e-07
XM_026446362.1	3607	3370.15	39.6762	2.14995
XM_026446363.1	3541	3304.15	0	0
XM_026446364.1	3905	3668.15	27.6312	1.37562
XM_026446365.1	3178	2941.15	14.6926	0.912278
XM_026446366.1	1851	1614.15	0	0
XM_026446367.1	3097	2860.15	0	0
XM_026446368.1	2896	2659.15	0	0
XM_026446369.1	2800	2563.15	15.0596	1.07296
XM_026446370.1	3216	2979.15	0	0
XM_026446371.1	2752	2515.15	2.45323e-08	1.78124e-09
XM_026446372.1	2947	2710.15	69.5192	4.68444
XM_026446373.1	2828	2591.15	31.8612	2.24551
XM_026446374.1	2808	2571.15	0	0
XM_026446375.1	2174	1937.15	12.5337	1.18158
XM_026446376.1	3753	3516.15	7	0.363561
XM_026446377.1	3666	3429.15	0	0
XM_026446378.1	3840	3603.15	0	0
XM_026446379.1	1961	1724.15	21	2.22429
XM_026446380.1	5437	5200.15	54.4313	1.91152
XM_026446381.1	2512	2275.15	36.4021	2.92189
XM_026446382.1	2387	2150.15	7.5979	0.645315
XM_026446383.1	8222	7985.15	224.999	5.1457
XM_026446384.1	8210	7973.15	0.000822818	1.8846e-05
XM_026446385.1	4020	3783.15	0	0
XM_026446386.1	2963	2726.15	21.6119	1.44774
XM_026446387.1	4631	4394.15	8.38813	0.348608
XM_026446388.1	2472	2235.15	0	0
XM_026446389.1	2355	2118.15	13	1.12081
XM_026446390.1	5072	4835.15	0	0
XM_026446391.1	4890	4653.15	0	0
XM_026446392.1	4660	4423.15	6	0.247723
XM_026446393.1	1300	1063.15	0	0
XM_026446394.1	10106	9869.15	66	1.22127
XM_026446395.1	5133	4896.15	0.0106023	0.00039545
XM_026446396.1	5009	4772.15	0	0
XM_026446397.1	3381	3144.15	4.43596	0.25765
XM_026446398.1	6937	6700.15	0	0
XM_026446399.1	7050	6813.15	4.58666	0.122941
XM_026446400.1	6905	6668.15	0	0
XM_026446401.1	6901	6664.15	0	0
XM_026446402.1	6886	6649.15	65.4133	1.79658
XM_026446403.1	2426	2189.15	16	1.33472
XM_026446404.1	2334	2097.15	126	10.9721
XM_026446405.1	7509	7272.15	1.12264	0.0281919
XM_026446406.1	7506	7269.15	1.68697	0.042381
XM_026446407.1	3598	3361.15	26.689	1.45008
XM_026446408.1	3581	3344.15	0	0
XM_026446409.1	3546	3309.15	18.0452	0.995844
XM_026446410.1	3530	3293.15	0	0
XM_026446411.1	3443	3206.15	110.266	6.28064
XM_026446412.1	2060	1823.15	0.391108	0.0391761
XM_026446413.1	7141	6904.15	0	0
XM_026446414.1	7995	7758.15	0	0
XM_026446415.1	8328	8091.15	34.2877	0.773883
XM_026446416.1	7983	7746.15	0	0
XM_026446417.1	7929	7692.15	0	0
XM_026446418.1	7833	7596.15	2.47243	0.0594397
XM_026446419.1	7775	7538.15	0	0
XM_026446420.1	7763	7526.15	12.2398	0.296995
XM_026446421.1	7674	7437.15	0	0
XM_026446422.1	7512	7275.15	0	0
XM_026446423.1	7220	6983.15	0	0
XM_026446424.1	7341	7104.15	0	0
XM_026446425.1	6820	6583.15	0	0
XM_026446426.1	6793	6556.15	0	0
XM_026446427.1	841	605.102	2	0.603598
XM_026446428.1	496	273.566	2.22572	1.48578
XM_026446429.1	8736	8499.15	0	0
XM_026446430.1	8712	8475.15	0	0
XM_026446431.1	8574	8337.15	0	0
XM_026446432.1	8157	7920.15	0	0
XM_026446433.1	8359	8122.15	2	0.0449682
XM_026446434.1	5895	5658.15	0	0
XM_026446435.1	5836	5599.15	0	0
XM_026446436.1	5876	5639.15	0	0
XM_026446437.1	1784	1547.15	2	0.236072
XM_026446438.1	610	377.961	1	0.483169
XM_026446439.1	1195	958.148	0	0
XM_026446440.1	1098	861.148	8	1.69652
XM_026446441.1	12442	12205.1	0	0
XM_026446442.1	12379	12142.1	0	0
XM_026446443.1	12288	12051.1	104.433	1.58254
XM_026446444.1	12286	12049.1	0	0
XM_026446445.1	12222	11985.1	0	0
XM_026446446.1	12180	11943.1	20.5675	0.314491
XM_026446447.1	11074	10837.1	0	0
XM_026446448.1	9998	9761.15	0	0
XM_026446449.1	1809	1572.15	5	0.580795
XM_026446450.1	562	332.688	0	0
XM_026446451.1	3209	2972.15	0	0
XM_026446452.1	3085	2848.15	8	0.512949
XM_026446453.1	2219	1982.15	0	0
XM_026446454.1	9241	9004.15	0	0
XM_026446455.1	956	719.37	0	0
XM_026446456.1	4620	4383.15	7.20569	0.300217
XM_026446457.1	4602	4365.15	16.3319	0.683259
XM_026446458.1	4233	3996.15	49.4624	2.26037
XM_026446459.1	4215	3978.15	0	0
XM_026446460.1	1296	1059.15	1	0.172421
XM_026446461.1	3753	3516.15	2	0.103875
XM_026446462.1	3863	3626.15	2.64268	0.13309
XM_026446463.1	3948	3711.15	42.324	2.08269
XM_026446464.1	1577	1340.15	0	0
XM_026446465.1	6602	6365.15	2.39691	0.0687685
XM_026446466.1	5415	5178.15	62.0837	2.18952
XM_026446467.1	3483	3246.15	0	0
XM_026446468.1	1617	1380.15	0.0669214	0.00885495
XM_026446469.1	2200	1963.15	0	0
XM_026446470.1	2147	1910.15	0	0
XM_026446471.1	5774	5537.15	0	0
XM_026446472.1	7039	6802.15	0	0
XM_026446473.1	7037	6800.15	0	0
XM_026446474.1	14103	13866.1	530.68	6.98913
XM_026446475.1	13538	13301.1	0.648945	0.00890974
XM_026446476.1	14100	13863.1	16.3369	0.215206
XM_026446477.1	13962	13725.1	343.335	4.56822
XM_026446478.1	7890	7653.15	35.5432	0.84813
XM_026446479.1	11065	10828.1	442.569	7.46402
XM_026446480.1	1197	960.148	0	0
XM_026446481.1	603	371.341	1	0.491783
XM_026446482.1	785	549.388	7	2.32683
XM_026446483.1	3368	3131.15	0.00189769	0.00011068
XM_026446484.1	3346	3109.15	1.9981	0.117361
XM_026446485.1	2262	2025.15	17	1.53299
XM_026446486.1	4188	3951.15	0	0
XM_026446487.1	4095	3858.15	1	0.0473334
XM_026446488.1	14074	13837.1	0	0
XM_026446489.1	2379	2142.15	49	4.17727
XM_026446490.1	2357	2120.15	0	0
XM_026446491.1	1690	1453.15	17.9635	2.2575
XM_026446492.1	14049	13812.1	40.0471	0.529489
XM_026446493.1	1318	1081.15	3.0365	0.512903
XM_026446494.1	14029	13792.1	196.159	2.59731
XM_026446495.1	13921	13684.1	0	0
XM_026446496.1	14624	14387.1	212.819	2.70136
XM_026446497.1	2016	1779.15	0	0
XM_026446498.1	1878	1641.15	0	0
XM_026446499.1	14087	13850.1	0	0
XM_026446500.1	13966	13729.1	125.447	1.66864
XM_026446501.1	13912	13675.1	21.4693	0.286703
XM_026446502.1	2159	1922.15	1	0.0950079
XM_026446503.1	1663	1426.15	3	0.384152
XM_026446504.1	13870	13633.1	8.71441	0.116731
XM_026446505.1	1444	1207.15	10	1.51282
XM_026446506.1	1324	1087.15	0	0
XM_026446507.1	669	435.331	15	6.29243
XM_026446508.1	13806	13569.1	220.343	2.96547
XM_026446509.1	565	335.553	4	2.17694
XM_026446510.1	4689	4452.15	0	0
XM_026446511.1	4686	4449.15	13.9656	0.573231
XM_026446512.1	4673	4436.15	29.0344	1.19523
XM_026446513.1	4441	4204.15	0	0
XM_026446514.1	12677	12440.1	0	0
XM_026446515.1	2652	2415.15	2.94154	0.222422
XM_026446516.1	3725	3488.15	70	3.66479
XM_026446517.1	4736	4499.15	0	0
XM_391818.7	4661	4424.15	187.832	7.7533
XM_391822.7	735	500.227	7.69563	2.80946
XM_391824.6	3413	3176.15	3.60253	0.207135
XM_391829.7	4160	3923.15	228	10.6132
XM_391836.7	1491	1254.15	72	10.4841
XM_391838.7	3341	3104.15	80.3218	4.72539
XM_391843.6	1679	1442.15	88	11.1434
XM_391844.6	2064	1827.15	159	15.8917
XM_391847.7	7479	7242.15	7.32446	0.184695
XM_391850.6	4111	3874.15	297.172	14.008
XM_391852.7	1640	1403.15	20	2.60299
XM_391854.7	1908	1671.15	83.2169	9.09375
XM_391855.7	1578	1341.15	126.047	17.1633
XM_391859.7	817	581.162	171	53.7336
XM_391861.7	1008	771.148	1	0.236815
XM_391863.7	2716	2479.15	0.999208	0.0736037
XM_391867.7	4904	4667.15	2.34762	0.0918591
XM_391869.7	2173	1936.15	3	0.282963
XM_391875.7	1715	1478.15	13.1069	1.6193
XM_391879.7	1209	972.148	52	9.76827
XM_391880.7	2185	1948.15	331	31.0279
XM_391881.7	2663	2426.15	47	3.53775
XM_391882.7	5839	5602.15	47.1745	1.5378
XM_391887.5	3596	3359.15	14	0.761106
XM_391890.7	2642	2405.15	0	0
XM_391898.7	1104	867.148	91	19.1644
XM_391899.7	4464	4227.15	44.6606	1.92941
XM_391903.7	6309	6072.15	56.7107	1.70557
XM_391905.7	1013	776.148	338	79.5278
XM_391907.5	1387	1150.15	0	0
XM_391908.7	7548	7311.15	0	0
XM_391909.5	3703	3466.15	13.5934	0.716187
XM_391912.6	4585	4348.15	48.146	2.0221
XM_391914.7	1337	1100.15	0	0
XM_391915.6	1954	1717.15	0	0
XM_391916.7	1618	1381.15	153	20.2301
XM_391917.7	1527	1290.15	15	2.12324
XM_391919.7	820	584.162	7	2.18832
XM_391920.7	1805	1568.15	16	1.86329
XM_391922.5	5435	5198.15	79.2959	2.78579
XM_391929.6	6443	6206.15	0	0
XM_391930.5	1616	1379.15	7	0.926902
XM_391934.7	1197	960.148	71	13.5041
XM_391935.7	1918	1681.15	28	3.04158
XM_391940.6	2905	2668.15	30	2.05333
XM_391942.7	6115	5878.15	7	0.217472
XM_391943.7	2399	2162.15	85	7.17926
XM_391948.7	1681	1444.15	54	6.82855
XM_391949.7	3833	3596.15	19	0.964856
XM_391954.7	6131	5894.15	6	0.185899
XM_391960.7	1636	1399.15	49	6.39556
XM_391962.7	668	434.375	10	4.20419
XM_391963.6	2183	1946.15	8	0.75069
XM_391965.7	2162	1925.15	64	6.07103
XM_391971.7	1096	859.148	40	8.50234
XM_391973.6	1252	1015.15	12	2.15873
XM_391975.6	1751	1514.15	0	0
XM_391976.7	7964	7727.15	83.2633	1.9678
XM_391978.6	4503	4266.15	36	1.54104
XM_391979.7	1895	1658.15	0	0
XM_391980.7	2348	2111.15	110	9.51526
XM_391981.6	2468	2231.15	6	0.491099
XM_391986.7	2477	2240.15	49	3.99453
XM_391988.7	1416	1179.15	46.7659	7.24282
XM_391989.7	1865	1628.15	33	3.7014
XM_391991.5	4400	4163.15	12.0956	0.530583
XM_391994.7	3508	3271.15	907.52	50.6643
XM_391996.6	2253	2016.15	6	0.54347
XM_392000.7	2154	1917.15	1593	151.742
XM_392005.7	1715	1478.15	61.505	7.59869
XM_392006.7	3257	3020.15	25	1.51167
XM_392011.7	4269	4032.15	29.6486	1.34281
XM_392015.6	5964	5727.15	10.3617	0.3304
XM_392018.7	3307	3070.15	75.5566	4.49427
XM_392019.7	9726	9489.15	2.19744	0.0422899
XM_392023.7	751	515.871	23	8.14204
XM_392026.7	1572	1335.15	165.683	22.6619
XM_392027.7	2119	1882.15	257	24.9359
XM_392037.6	811	575.22	36	11.4292
XM_392041.6	4251	4014.15	175.396	7.97944
XM_392043.7	4881	4644.15	49.3859	1.94198
XM_392044.7	3303	3066.15	71.9804	4.28714
XM_392047.7	2963	2726.15	75.7121	5.07181
XM_392050.7	4875	4638.15	3.12286e-06	1.22957e-07
XM_392051.5	3695	3458.15	9.76878	0.515873
XM_392055.7	2304	2067.15	18	1.59018
XM_392056.6	2689	2452.15	1	0.0744732
XM_392060.7	836	600.102	0	0
XM_392061.7	8742	8505.15	10.2016	0.219044
XM_392065.7	2359	2122.15	767	66.0034
XM_392067.7	1185	948.148	10	1.92606
XM_392068.7	2675	2438.15	15.6719	1.17384
XM_392070.7	1933	1696.15	0	0
XM_392077.7	1287	1050.15	15.9398	2.7719
XM_392078.7	857	621.102	156	45.8678
XM_392082.7	3676	3439.15	54.6221	2.90044
XM_392084.7	1644	1407.15	5	0.648898
XM_392085.7	1548	1311.15	38	5.29271
XM_392087.7	1929	1692.15	22	2.37427
XM_392088.6	2051	1814.15	0	0
XM_392089.7	2911	2674.15	24.8282	1.69553
XM_392090.6	2181	1944.15	16.2081	1.52247
XM_392094.7	2474	2237.15	70.1855	5.72927
XM_392097.7	6924	6687.15	1448	39.5434
XM_392102.7	2070	1833.15	8	0.796964
XM_392103.6	1643	1406.15	0	0
XM_392104.6	1943	1706.15	86	9.20509
XM_392107.7	5381	5144.15	72.6646	2.57962
XM_392108.7	2301	2064.15	49.22	4.35459
XM_392109.6	2378	2141.15	68.5014	5.84251
XM_392111.7	1595	1358.15	48	6.45417
XM_392112.7	1756	1519.15	41	4.92868
XM_392114.6	1453	1216.15	79	11.8628
XM_392115.7	1102	865.148	29	6.12145
XM_392116.7	3215	2978.15	27	1.65563
XM_392117.7	1604	1367.15	9	1.20219
XM_392119.7	10311	10074.1	1.14575	0.0207695
XM_392120.7	1705	1468.15	12	1.49265
XM_392121.5	5068	4831.15	0	0
XM_392127.7	875	638.915	6	1.71496
XM_392132.7	2417	2180.15	44	3.68564
XM_392133.7	2462	2225.15	0.506947	0.0416054
XM_392138.5	1610	1373.15	18	2.39388
XM_392139.7	1663	1426.15	0.026271	0.00336402
XM_392145.7	3016	2779.15	381.594	25.0747
XM_392150.6	2044	1807.15	8	0.808431
XM_392155.7	1487	1250.15	0	0
XM_392156.7	2057	1820.15	15	1.50498
XM_392157.6	5834	5597.15	46.4302	1.51489
XM_392160.6	1767	1530.15	19.4722	2.32396
XM_392161.7	1397	1160.15	0	0
XM_392162.7	793	557.333	21	6.88099
XM_392165.7	5967	5730.15	19	0.605528
XM_392172.7	1495	1258.15	35	5.08022
XM_392174.7	2019	1782.15	9	0.922243
XM_392175.7	2126	1889.15	17	1.64335
XM_392181.7	1315	1078.15	41	6.94468
XM_392183.7	2020	1783.15	447.509	45.8311
XM_392189.7	4874	4637.15	170.299	6.70669
XM_392190.7	1442	1205.15	354	53.6425
XM_392192.6	4896	4659.15	11.5078	0.451057
XM_392194.7	2014	1777.15	0	0
XM_392195.6	4410	4173.15	98	4.28853
XM_392202.7	8440	8203.15	98.6795	2.19681
XM_392205.6	2135	1898.15	22	2.1166
XM_392209.6	853	617.102	16.2523	4.80955
XM_392210.7	1911	1674.15	0	0
XM_392212.7	1174	937.148	34	6.62548
XM_392214.7	2791	2554.15	13.9422	0.996852
XM_392217.7	16695	16458.1	72.9879	0.809872
XM_392218.7	2086	1849.15	0	0
XM_392222.7	1622	1385.15	96	12.6567
XM_392223.7	1201	964.148	16	3.03056
XM_392226.7	3506	3269.15	0	0
XM_392230.7	5030	4793.15	127.863	4.87157
XM_392231.7	1186	949.148	54	10.3898
XM_392237.7	2319	2082.15	3	0.263121
XM_392238.7	1324	1087.15	29	4.87142
XM_392244.7	1088	851.148	11	2.36012
XM_392246.7	2201	1964.15	22.1014	2.05491
XM_392247.7	790	554.333	7	2.30608
XM_392248.7	2845	2608.15	45.0919	3.15728
XM_392251.7	2032	1795.15	0	0
XM_392256.7	3025	2788.15	31.8129	2.0837
XM_392257.7	7529	7292.15	95	2.37911
XM_392258.7	3384	3147.15	247.548	14.3645
XM_392259.7	1748	1511.15	23	2.7795
XM_392262.6	2669	2432.15	23	1.72697
XM_392263.7	990	753.224	3	0.727351
XM_392264.6	2288	2051.15	4.30913	0.383654
XM_392265.7	1659	1422.15	7	0.898876
XM_392276.7	3605	3368.15	0	0
XM_392277.7	2504	2267.15	73.8545	5.94899
XM_392284.7	1632	1395.15	9	1.17806
XM_392285.7	897	660.786	41.2183	11.3914
XM_392288.7	1698	1461.15	9.63304	1.20397
XM_392295.6	4844	4607.15	279	11.0591
XM_392296.7	4025	3788.15	16	0.771329
XM_392313.7	1834	1597.15	359	41.0484
XM_392318.7	3755	3518.15	0	0
XM_392319.7	4421	4184.15	300	13.0936
XM_392325.7	2552	2315.15	35	2.7608
XM_392327.6	3927	3690.15	12.2055	0.60403
XM_392330.7	602	370.378	347.595	171.386
XM_392334.7	4386	4149.15	0	0
XM_392338.7	3334	3097.15	338.862	19.9805
XM_392346.7	4729	4492.15	9.61073	0.390705
XM_392359.7	3510	3273.15	74	4.12869
XM_392360.7	1869	1632.15	5.08936	0.569442
XM_392364.6	939	702.582	34.6688	9.01131
XM_392365.5	1496	1259.15	12.3312	1.78844
XM_392366.7	5296	5059.15	8	0.288775
XM_392367.7	3463	3226.15	122.012	6.90663
XM_392368.7	1670	1433.15	48	6.11641
XM_392370.6	5190	4953.15	23.1631	0.854007
XM_392371.7	4024	3787.15	0	0
XM_392373.7	4904	4667.15	173.915	6.80504
XM_392374.7	1517	1280.15	6	0.855929
XM_392377.7	2589	2352.15	0	0
XM_392378.7	1213	976.148	2	0.374163
XM_392379.6	2169	1932.15	56	5.2929
XM_392381.5	3203	2966.15	556	34.2317
XM_392383.7	1504	1267.15	290.032	41.799
XM_392388.7	3912	3675.15	0	0
XM_392390.5	1301	1064.15	216.955	37.2319
XM_392391.6	1123	886.148	10.6727	2.19946
XM_392396.7	2370	2133.15	8	0.684882
XM_392398.7	977	740.224	64.3852	15.8844
XM_392401.7	2302	2065.15	1025	90.6398
XM_392405.7	2475	2238.15	58.7061	4.79006
XM_392407.7	8613	8376.15	191.082	4.16602
XM_392408.6	3872	3635.15	390.501	19.6176
XM_392413.7	3450	3213.15	5	0.284175
XM_392414.7	6027	5790.15	138.289	4.36158
XM_392416.7	2055	1818.15	16	1.60708
XM_392419.7	3654	3417.15	27	1.44293
XM_392421.7	6129	5892.15	32.7367	1.01463
XM_392422.7	1048	811.148	0	0
XM_392423.7	1225	988.148	21	3.881
XM_392425.7	3881	3644.15	19.3889	0.971636
XM_392426.6	4561	4324.15	12.2595	0.517747
XM_392430.7	1224	987.148	101	18.6847
XM_392431.5	3694	3457.15	12	0.633884
XM_392433.7	6732	6495.15	185.23	5.20798
XM_392437.6	930	693.652	71.6771	18.8706
XM_392438.7	4330	4093.15	0	0
XM_392439.7	6059	5822.15	18.7885	0.589325
XM_392443.7	17489	17252.1	2.15864e-06	2.28498e-08
XM_392445.7	3635	3398.15	0	0
XM_392446.7	1180	943.148	347	67.1887
XM_392452.7	2554	2317.15	0	0
XM_392453.7	2349	2112.15	0	0
XM_392464.7	6351	6114.15	4	0.119473
XM_392465.7	2349	2112.15	16.6642	1.44081
XM_392468.7	1139	902.148	37	7.4898
XM_392477.7	2368	2131.15	15.7363	1.34845
XM_392478.6	1615	1378.15	307	40.6808
XM_392483.6	2376	2139.15	50.267	4.29129
XM_392487.7	4845	4608.15	16.9937	0.673454
XM_392494.5	2416	2179.15	12	1.00564
XM_392498.7	1807	1570.15	99	11.5144
XM_392499.5	4456	4219.15	1.25848e-08	5.44715e-10
XM_392511.7	3016	2779.15	233.547	15.3465
XM_392512.7	1393	1156.15	17	2.68523
XM_392513.7	3251	3014.15	265.529	16.0877
XM_392515.7	3285	3048.15	28.2163	1.69048
XM_392518.7	1048	811.148	36	8.10492
XM_392520.7	6166	5929.15	1.86686	0.0574999
XM_392521.7	1875	1638.15	54	6.01987
XM_392523.7	2423	2186.15	39.0238	3.25984
XM_392530.7	6953	6716.15	0	0
XM_392533.7	2017	1780.15	31.3344	3.21449
XM_392534.7	1491	1254.15	26.8857	3.91488
XM_392535.7	5228	4991.15	58.4799	2.1397
XM_392540.7	1385	1148.15	20.4792	3.25733
XM_392545.7	4256	4019.15	4	0.181749
XM_392553.7	1543	1306.15	32	4.47408
XM_392555.7	1289	1052.15	9	1.56211
XM_392556.6	972	735.297	20	4.96722
XM_392558.7	4599	4362.15	31.0134	1.29836
XM_392566.7	1856	1619.15	0	0
XM_392567.7	6504	6267.15	175.906	5.12575
XM_392569.6	1354	1117.15	10	1.63469
XM_392573.7	4418	4181.15	191	8.34227
XM_392575.7	1321	1084.15	0	0
XM_392577.7	4498	4261.15	1.21618e-06	5.21215e-08
XM_392582.7	1837	1600.15	1	0.114126
XM_392583.7	1604	1367.15	10.0011	1.33592
XM_392584.5	8484	8247.15	0.655523	0.0145154
XM_392585.7	1876	1639.15	11	1.22552
XM_392586.7	3298	3061.15	57	3.40045
XM_392588.7	1771	1534.15	1	0.119036
XM_392589.6	897	660.786	1	0.276366
XM_392590.7	1820	1583.15	60.3486	6.96133
XM_392591.7	1132	895.148	61	12.4446
XM_392599.7	1707	1470.15	61	7.57731
XM_392602.7	2929	2692.15	26	1.76368
XM_392604.7	780	544.553	14	4.69499
XM_392607.7	2836	2599.15	11	0.772873
XM_392608.7	6422	6185.15	0.00156841	4.63079e-05
XM_392611.7	3502	3265.15	447	25.0006
XM_392612.7	1702	1465.15	10	1.24642
XM_392613.6	1196	959.148	4	0.761589
XM_392615.5	2332	2095.15	2.98389	0.260085
XM_392617.7	3156	2919.15	53	3.31563
XM_392624.7	3675	3438.15	15	0.796734
XM_392626.7	1228	991.148	24	4.42201
XM_392630.6	3266	3029.15	30	1.80862
XM_392631.7	2815	2578.15	0	0
XM_392632.7	8670	8433.15	8.42233	0.182385
XM_392635.7	1761	1524.15	10	1.19817
XM_392639.6	2047	1810.15	449	45.298
XM_392640.7	1069	832.148	35	7.68093
XM_392642.6	2976	2739.15	0.296346	0.0197574
XM_392644.7	2354	2117.15	12	1.03509
XM_392650.7	4113	3876.15	45	2.12011
XM_392651.6	1711	1474.15	116	14.3702
XM_392652.7	4975	4738.15	1.15617	0.0445613
XM_392654.6	824	588.162	5	1.55246
XM_392655.7	970	733.297	66	16.4365
XM_392656.7	2881	2644.15	3	0.207196
XM_392658.7	652	418.762	23	10.0301
XM_392660.7	1968	1731.15	76	8.01726
XM_392665.7	3897	3660.15	1.00506	0.0501464
XM_392666.7	1448	1211.15	10.1147	1.52511
XM_392667.7	1018	781.148	22	5.14323
XM_392668.7	4792	4555.15	54.5665	2.18761
XM_392669.6	1657	1420.15	0.149271	0.019195
XM_392671.7	1132	895.148	2.05426	0.41909
XM_392675.6	3290	3053.15	100.298	5.99919
XM_392676.6	3250	3013.15	19.2226	1.16503
XM_392679.7	2379	2142.15	50.7923	4.33007
XM_392681.6	2090	1853.15	80	7.88363
XM_392682.7	2337	2100.15	0.000660055	5.73953e-05
XM_392683.6	2106	1869.15	0	0
XM_392684.7	881	644.786	94	26.6231
XM_392686.6	1472	1235.15	8	1.18282
XM_392687.7	1943	1706.15	0	0
XM_392691.7	3152	2915.15	1333.16	83.5157
XM_392692.7	1323	1086.15	38	6.38912
XM_392696.7	1774	1537.15	435	51.6797
XM_392698.7	1815	1578.15	5	0.578587
XM_392703.6	2439	2202.15	24	1.99027
XM_392704.7	1997	1760.15	3	0.311257
XM_392709.7	1313	1076.15	0	0
XM_392710.6	2901	2664.15	0	0
XM_392711.7	658	424.634	122	52.4676
XM_392715.7	2078	1841.15	16.998	1.686
XM_392719.7	1495	1258.15	45	6.53172
XM_392721.7	821	585.162	13	4.05708
XM_392722.7	1486	1249.15	25	3.65488
XM_392723.7	2310	2073.15	4	0.352352
XM_392725.7	898	661.72	15	4.13965
XM_392727.7	2034	1797.15	82.3662	8.36973
XM_392728.7	1640	1403.15	0	0
XM_392742.7	2133	1896.15	30	2.88932
XM_392746.7	1837	1600.15	13	1.48364
XM_392749.7	1497	1260.15	50.0131	7.24784
XM_392750.7	2307	2070.15	2.7414	0.241834
XM_392753.7	1586	1349.15	10	1.35359
XM_392754.7	5471	5234.15	20.0925	0.701027
XM_392758.7	1350	1113.15	54	8.85905
XM_392759.7	1781	1544.15	2	0.236531
XM_392760.7	870	633.915	57	16.4206
XM_392763.6	1783	1546.15	36.2616	4.28294
XM_392764.7	1690	1453.15	11	1.38239
XM_392767.7	3261	3024.15	25	1.50967
XM_392769.7	3870	3633.15	57.7184	2.9012
XM_392773.7	1534	1297.15	15	2.11178
XM_392774.7	2193	1956.15	24	2.24056
XM_392776.6	2748	2511.15	68.5609	4.98598
XM_392779.6	3043	2806.15	1	0.0650782
XM_392780.7	1168	931.148	65	12.748
XM_392781.7	3084	2847.15	7.37738	0.473193
XM_392783.5	1382	1145.15	9	1.43525
XM_392786.7	2455	2218.15	22	1.81125
XM_392789.6	2358	2121.15	13.6848	1.17819
XM_392793.7	914	677.72	13.502	3.63826
XM_392795.7	2393	2156.15	0	0
XM_392797.7	2523	2286.15	21	1.6775
XM_392799.7	1233	996.148	24	4.39981
XM_392800.7	2996	2759.15	49	3.24315
XM_392808.7	2213	1976.15	106.446	9.83684
XM_392810.6	3556	3319.15	57.3891	3.15754
XM_392812.7	610	377.961	399	192.785
XM_392813.7	1361	1124.15	11	1.78696
XM_392814.6	1943	1706.15	205	21.9424
XM_392816.7	1186	949.148	15	2.88605
XM_392818.7	2143	1906.15	45	4.31124
XM_392823.7	4218	3981.15	46.5727	2.13634
XM_392824.6	1503	1266.15	30	4.32696
XM_392826.7	1367	1130.15	29	4.68607
XM_392828.7	2700	2463.15	26.2037	1.94276
XM_392830.7	2715	2478.15	20.3203	1.49744
XM_392831.6	1408	1171.15	0	0
XM_392837.7	1259	1022.15	21	3.75191
XM_392838.7	3045	2808.15	0.031685	0.00206054
XM_392843.7	1024	787.148	570	132.241
XM_392845.7	1652	1415.15	88	11.356
XM_392847.7	3608	3371.15	0	0
XM_392849.7	1444	1207.15	24.0993	3.64578
XM_392857.6	1769	1532.15	956.993	114.066
XM_392862.7	4192	3955.15	3.93088	0.181498
XM_392863.7	2559	2322.15	18.8792	1.48471
XM_392864.7	3713	3476.15	0	0
XM_392873.7	2306	2069.15	5	0.441291
XM_392874.7	6584	6347.15	0	0
XM_392877.7	2158	1921.15	46	4.37264
XM_392880.7	4068	3831.15	14	0.667338
XM_392882.7	1745	1508.15	7	0.847619
XM_392884.7	1521	1284.15	18	2.55979
XM_392893.7	1538	1301.15	2	0.280705
XM_392894.7	2075	1838.15	107.12	10.6423
XM_392899.7	2844	2607.15	153	10.717
XM_392901.7	2200	1963.15	83	7.72096
XM_392902.7	1068	831.148	12	2.63663
XM_392903.7	1074	837.148	13.3577	2.9139
XM_392905.7	2047	1810.15	31.6545	3.19351
XM_392911.7	1750	1513.15	39.393	4.75427
XM_392912.7	799	563.277	130	42.1471
XM_392919.7	1101	864.148	24.7794	5.2366
XM_392920.7	912	675.72	17	4.5944
XM_392921.6	910	673.72	30.5117	8.27053
XM_392923.7	3306	3069.15	18	1.07103
XM_392925.6	3060	2823.15	8.59032	0.555676
XM_392926.7	1218	981.148	29.3525	5.46333
XM_392932.7	2392	2155.15	240	20.3367
XM_392937.7	3040	2803.15	57	3.71343
XM_392943.7	2760	2523.15	85	6.15209
XM_392948.7	3554	3317.15	32.2198	1.7738
XM_392951.7	2213	1976.15	7	0.646882
XM_392953.6	2361	2124.15	11.954	1.02772
XM_392954.5	1419	1182.15	2	0.308962
XM_392962.7	1102	865.148	261.009	55.0949
XM_392968.5	8199	7962.15	69	1.58258
XM_392973.5	1533	1296.15	38	5.35396
XM_392977.7	2897	2660.15	0	0
XM_392983.7	853	617.102	34	10.0616
XM_392990.7	803	567.277	33.3752	10.7442
XM_392993.7	3218	2981.15	65	3.98177
XM_392994.7	2785	2548.15	0	0
XM_392995.7	1123	886.148	4.88893	1.00752
XM_392996.7	980	743.224	13	3.19426
XM_392998.7	1331	1094.15	0	0
XM_393000.6	2503	2266.15	0	0
XM_393002.7	1245	1008.15	27	4.89087
XM_393004.7	3346	3109.15	31.6111	1.85671
XM_393006.7	1462	1225.15	13	1.93777
XM_393007.7	759	523.871	30	10.4579
XM_393012.7	1109	872.148	20	4.1878
XM_393017.7	1731	1494.15	0	0
XM_393018.7	1127	890.148	10	2.05156
XM_393020.7	2012	1775.15	14.2622	1.46723
XM_393021.7	2192	1955.15	33	3.08234
XM_393022.7	3894	3657.15	17.0372	0.850752
XM_393026.7	1556	1319.15	0	0
XM_393027.6	1424	1187.15	58	8.92215
XM_393029.7	1486	1249.15	34	4.97063
XM_393033.7	2768	2531.15	7.99662	0.576946
XM_393034.7	1022	785.148	358	83.268
XM_393035.6	1421	1184.15	14	2.15908
XM_393037.7	1140	903.148	55	11.1212
XM_393038.7	1675	1438.15	14	1.77775
XM_393044.7	1328	1091.15	2	0.334729
XM_393046.7	1156	919.148	23.5191	4.67284
XM_393050.7	2346	2109.15	56	4.84872
XM_393051.7	1481	1244.15	16	2.34852
XM_393055.6	2266	2029.15	65	5.84987
XM_393059.7	658	424.634	59.6116	25.6367
XM_393060.7	2617	2380.15	0	0
XM_393064.7	3961	3724.15	0	0
XM_393065.7	1894	1657.15	8.36356	0.921672
XM_393070.7	3391	3154.15	65	3.76338
XM_393071.7	3151	2914.15	0	0
XM_393072.7	1377	1140.15	11	1.76189
XM_393076.7	1574	1337.15	19	2.5949
XM_393077.7	4057	3820.15	0	0
XM_393080.7	2700	2463.15	7.87505	0.583861
XM_393085.7	1156	919.148	32	6.35786
XM_393087.7	2443	2206.15	19	1.57277
XM_393089.7	676	442.199	41	16.9321
XM_393096.7	2237	2000.15	8.99528e-08	8.21295e-09
XM_393097.7	2883	2646.15	14	0.966185
XM_393103.7	930	693.652	70	18.429
XM_393105.7	1264	1027.15	563	100.097
XM_393106.7	2489	2252.15	7.51295	0.6092
XM_393109.7	4579	4342.15	41.2857	1.73637
XM_393110.7	5295	5058.15	97	3.50208
XM_393112.7	1453	1216.15	135	20.2719
XM_393113.7	1420	1183.15	13	2.00655
XM_393116.7	2113	1876.15	19	1.84941
XM_393119.7	1761	1524.15	15.1388	1.81389
XM_393124.7	2633	2396.15	0	0
XM_393127.6	1401	1164.15	177	27.7659
XM_393129.7	2641	2404.15	486.878	36.9833
XM_393135.7	868	631.915	298	86.12
XM_393137.7	1922	1685.15	28	3.03436
XM_393138.7	2136	1899.15	0	0
XM_393141.7	3209	2972.15	301.759	18.5411
XM_393143.7	894	657.786	7	1.94339
XM_393144.7	2198	1961.15	11.7486	1.09401
XM_393145.6	2170	1933.15	0	0
XM_393146.7	1367	1130.15	11	1.77748
XM_393148.6	4326	4089.15	448	20.0074
XM_393151.7	1946	1709.15	8	0.854785
XM_393156.7	9115	8878.15	194.644	4.00373
XM_393160.7	1129	892.148	3.39402	0.694742
XM_393161.7	735	500.227	85	31.0311
XM_393162.6	4276	4039.15	0	0
XM_393165.7	1049	812.148	126.554	28.4568
XM_393166.6	974	737.297	17	4.21068
XM_393169.5	2397	2160.15	19	1.60626
XM_393172.7	4348	4111.15	0	0
XM_393173.7	2595	2358.15	1707	132.193
XM_393174.7	2913	2676.15	34	2.32015
XM_393179.7	855	619.102	29.9918	8.84681
XM_393186.7	2775	2538.15	8.08294	0.581566
XM_393189.7	1776	1539.15	7	0.830547
XM_393191.7	1078	841.148	43	9.33561
XM_393194.5	1533	1296.15	14	1.97251
XM_393196.7	1336	1099.15	6	0.996877
XM_393199.6	1387	1150.15	2	0.317558
XM_393201.7	5139	4902.15	0	0
XM_393202.7	4685	4448.15	7.4413	0.305503
XM_393204.7	1851	1614.15	15	1.69705
XM_393205.7	3017	2780.15	38.7833	2.54755
XM_393208.7	1670	1433.15	125	15.9282
XM_393211.7	1537	1300.15	48.6867	6.83855
XM_393215.7	4674	4437.15	21.2935	0.876373
XM_393219.7	2101	1864.15	49	4.80023
XM_393222.7	2676	2439.15	0	0
XM_393223.7	1658	1421.15	16	2.05602
XM_393224.7	2568	2331.15	5	0.391694
XM_393231.6	3966	3729.15	9.6493	0.472533
XM_393232.6	1718	1481.15	14.5284	1.7913
XM_393233.7	2069	1832.15	2.3175e-06	2.30997e-07
XM_393234.7	1898	1661.15	35.5783	3.91132
XM_393236.7	2083	1846.15	13	1.28595
XM_393237.7	2230	1993.15	368.966	33.806
XM_393244.7	1059	822.148	1	0.222125
XM_393249.7	1249	1012.15	18	3.24769
XM_393250.7	2342	2105.15	32	2.77596
XM_393258.7	1571	1334.15	0	0
XM_393259.7	1231	994.148	0	0
XM_393261.7	1716	1479.15	0	0
XM_393262.7	2611	2374.15	182.631	14.048
XM_393264.6	4623	4386.15	0	0
XM_393266.6	2069	1832.15	36	3.5883
XM_393267.7	3065	2828.15	108.14	6.9828
XM_393269.7	2107	1870.15	0	0
XM_393271.7	3984	3747.15	138.747	6.76191
XM_393277.6	5681	5444.15	19.9341	0.668673
XM_393283.6	2244	2007.15	94.198	8.57056
XM_393285.7	4298	4061.15	208.864	9.39206
XM_393287.7	1093	856.148	18	3.83946
XM_393288.7	1164	927.148	41.8598	8.24508
XM_393289.7	5281	5044.15	73.3768	2.65655
XM_393291.7	1396	1159.15	12	1.89055
XM_393293.7	1979	1742.15	425	44.5503
XM_393294.7	860	623.978	69	20.1942
XM_393296.7	3592	3355.15	65.8516	3.58428
XM_393297.7	1235	998.148	75.6828	13.8468
XM_393300.7	2040	1803.15	65	6.58307
XM_393301.6	2218	1981.15	0	0
XM_393307.7	656	422.719	3	1.29603
XM_393310.6	1263	1026.15	7	1.24576
XM_393312.7	1909	1672.15	11	1.20134
XM_393315.7	1978	1741.15	69	7.23702
XM_393319.7	6649	6412.15	23.5238	0.669963
XM_393322.7	738	503.227	269	97.619
XM_393324.7	1379	1142.15	14	2.23847
XM_393326.7	1693	1456.15	1	0.125413
XM_393330.7	5804	5567.15	93.7549	3.07544
XM_393332.7	2607	2370.15	7.89594	0.60838
XM_393336.7	2962	2725.15	103	6.9023
XM_393342.7	2835	2598.15	808.896	56.8558
XM_393344.7	4422	4185.15	121.806	5.31501
XM_393346.7	6251	6014.15	0	0
XM_393347.6	1129	892.148	7	1.43287
XM_393349.7	2504	2267.15	8.06814	0.64989
XM_393350.7	3858	3621.15	0	0
XM_393351.7	813	577.22	227	71.8176
XM_393352.7	1810	1573.15	57.3483	6.65729
XM_393353.6	1581	1344.15	25.7935	3.50437
XM_393356.6	1567	1330.15	67	9.19859
XM_393357.7	2275	2038.15	3	0.268802
XM_393365.6	7665	7428.15	276.149	6.78906
XM_393370.7	1872	1635.15	37	4.13229
XM_393373.6	2562	2325.15	74	5.81203
XM_393374.7	2333	2096.15	29	2.52652
XM_393376.7	1362	1125.15	0	0
XM_393377.6	2428	2191.15	37	3.08373
XM_393381.7	1701	1464.15	304	37.9171
XM_393383.7	1690	1453.15	9.94398	1.24967
XM_393385.7	1746	1509.15	21.2163	2.56735
XM_393390.6	3923	3686.15	8.66118	0.429092
XM_393391.7	3202	2965.15	19	1.17018
XM_393394.6	3272	3035.15	11.3157	0.680843
XM_393396.6	2063	1826.15	23.7248	2.37254
XM_393397.7	3795	3558.15	16	0.821188
XM_393403.7	2110	1873.15	24	2.33984
XM_393404.7	887	650.786	12	3.36736
XM_393406.7	3430	3193.15	33	1.8873
XM_393409.7	4179	3942.15	40	1.85299
XM_393411.6	1971	1734.15	57	6.00254
XM_393416.7	2478	2241.15	11	0.896331
XM_393417.6	884	647.786	14	3.94678
XM_393418.7	3131	2894.15	1.2373	0.0780728
XM_393419.7	4478	4241.15	198	8.52566
XM_393421.5	597	365.527	185	92.4269
XM_393422.7	2208	1971.15	9	0.833815
XM_393426.7	1853	1616.15	81	9.15272
XM_393437.7	1847	1610.15	25	2.83544
XM_393438.6	1565	1328.15	41	5.63747
XM_393443.5	659	425.634	0	0
XM_393446.6	1672	1435.15	21	2.6722
XM_393447.7	4228	3991.15	172	7.87004
XM_393448.7	4407	4170.15	6.06531	0.265612
XM_393450.7	1325	1088.15	12	2.01391
XM_393452.7	2186	1949.15	13	1.21799
XM_393453.7	4082	3845.15	1797.46	85.3674
XM_393466.7	1210	973.148	6	1.12595
XM_393467.7	2711	2474.15	3	0.221433
XM_393468.6	819	583.162	86	26.9312
XM_393469.6	2441	2204.15	2	0.165705
XM_393473.7	1119	882.148	10	2.07017
XM_393474.7	5400	5163.15	38.6723	1.36783
XM_393479.7	1810	1573.15	25	2.90213
XM_393480.7	3325	3088.15	22	1.30098
XM_393481.7	5560	5323.15	24	0.823359
XM_393483.7	1432	1195.15	21.8656	3.34107
XM_393487.7	1476	1239.15	3.01469e-05	4.4429e-06
XM_393488.7	2173	1936.15	8	0.754567
XM_393493.6	3107	2870.15	0	0
XM_393495.6	2208	1971.15	446.499	41.3664
XM_393499.7	1195	958.148	50.4021	9.60643
XM_393500.7	1768	1531.15	0	0
XM_393502.7	3261	3024.15	105.941	6.39748
XM_393509.7	1747	1510.15	122	14.7532
XM_393510.6	2150	1913.15	30.2713	2.88954
XM_393514.6	1216	979.148	21.7141	4.04985
XM_393516.7	1174	937.148	26	5.06654
XM_393520.7	4976	4739.15	84.7909	3.26735
XM_393523.7	4672	4435.15	3	0.123526
XM_393524.6	1728	1491.15	9.74568	1.19354
XM_393528.6	1443	1206.15	145.51	22.0312
XM_393529.6	3259	3022.15	254	15.3484
XM_393531.7	7806	7569.15	0	0
XM_393536.6	1194	957.148	3	0.572386
XM_393544.6	1427	1190.15	304	46.6465
XM_393545.7	2429	2192.15	75	6.24795
XM_393549.7	2195	1958.15	107	9.97895
XM_393553.7	3566	3329.15	5	0.274273
XM_393558.7	1418	1181.15	36	5.56602
XM_393560.7	2183	1946.15	5	0.469181
XM_393563.7	1977	1740.15	3.23406	0.339397
XM_393566.7	937	700.582	0	0
XM_393567.6	1704	1467.15	0	0
XM_393572.7	2994	2757.15	19	1.25846
XM_393573.7	2614	2377.15	204.161	15.6843
XM_393581.7	1033	796.148	25	5.73446
XM_393586.7	1969	1732.15	26	2.74116
XM_393588.7	2467	2230.15	40	3.27546
XM_393589.7	3345	3108.15	1.96025	0.115175
XM_393590.7	1096	859.148	3	0.637676
XM_393593.7	2433	2196.15	6.65168	0.553116
XM_393594.6	2615	2378.15	0	0
XM_393599.7	1479	1242.15	62	9.11517
XM_393600.7	2162	1925.15	26	2.46636
XM_393602.7	2134	1897.15	5.99748	0.577316
XM_393603.7	1042	805.148	13	2.94859
XM_393604.7	3883	3646.15	12	0.601026
XM_393605.7	1733	1496.15	425	51.8753
XM_393610.7	6674	6437.15	2.06765	0.0586584
XM_393612.7	1935	1698.15	101	10.8616
XM_393613.6	1386	1149.15	27	4.29076
XM_393615.7	2224	1987.15	12	1.1028
XM_393616.7	4271	4034.15	76.248	3.45162
XM_393619.6	4211	3974.15	11.4103	0.524321
XM_393627.7	2294	2057.15	1	0.088773
XM_393631.7	1638	1401.15	27	3.51906
XM_393632.7	1842	1605.15	49.6588	5.64972
XM_393635.6	3331	3094.15	0.765793	0.0451977
XM_393637.7	5449	5212.15	0	0
XM_393641.7	1427	1190.15	5.30222	0.813586
XM_393642.7	4514	4277.15	72.1855	3.08207
XM_393651.6	1279	1042.15	171	29.9649
XM_393658.7	5797	5560.15	58.3419	1.9162
XM_393661.7	8860	8623.15	2.599e-06	5.50411e-08
XM_393666.7	7519	7282.15	35	0.877717
XM_393667.7	1844	1607.15	34	3.8634
XM_393670.7	2356	2119.15	9	0.775582
XM_393671.7	932	695.652	576	151.209
XM_393673.6	2354	2117.15	12	1.03509
XM_393677.7	1983	1746.15	2	0.209168
XM_393678.6	1333	1096.15	2.54726	0.424376
XM_393683.6	1308	1071.15	13	2.21636
XM_393684.7	5865	5628.15	92.5002	3.0014
XM_393685.6	2210	1973.15	0	0
XM_393688.6	2550	2313.15	10	0.789483
XM_393689.6	1648	1411.15	12.4891	1.61624
XM_393691.6	1970	1733.15	8.16125	0.859939
XM_393699.7	2133	1896.15	20	1.92621
XM_393700.7	3857	3620.15	80	4.03562
XM_393701.7	932	695.652	12	3.15018
XM_393702.7	1898	1661.15	43	4.72723
XM_393703.7	7656	7419.15	9.0175	0.221962
XM_393706.7	1235	998.148	0	0
XM_393709.7	1616	1379.15	332.978	44.0912
XM_393711.6	2596	2359.15	47	3.63822
XM_393712.6	5271	5034.15	8	0.290209
XM_393713.5	4041	3804.15	5	0.240026
XM_393720.7	1243	1006.15	11	1.99654
XM_393723.7	1560	1323.15	93	12.8357
XM_393726.7	1861	1624.15	6.52186	0.733318
XM_393727.6	3227	2990.15	87.9535	5.37164
XM_393728.7	3730	3493.15	0	0
XM_393736.6	1695	1458.15	16	2.00385
XM_393737.7	3270	3033.15	6	0.361247
XM_393743.6	2090	1853.15	44	4.336
XM_393747.6	1227	990.148	6	1.10662
XM_393750.7	5457	5220.15	645.92	22.5966
XM_393751.7	6739	6502.15	0	0
XM_393754.6	3040	2803.15	14	0.912071
XM_393759.5	1695	1458.15	13.4671	1.68663
XM_393761.7	2411	2174.15	51.5207	4.32752
XM_393764.7	940	703.582	15	3.89334
XM_393769.7	1162	925.148	27	5.32965
XM_393772.6	2291	2054.15	2	0.177805
XM_393776.7	1624	1387.15	0	0
XM_393777.6	3024	2787.15	13	0.851785
XM_393778.5	1066	829.148	3	0.660748
XM_393779.7	2117	1880.15	7	0.679912
XM_393789.6	1454	1217.15	27	4.05104
XM_393796.7	3915	3678.15	44	2.18459
XM_393798.7	3292	3055.15	2.50258	0.14959
XM_393800.6	6896	6659.15	32.0537	0.879033
XM_393805.7	3093	2856.15	0	0
XM_393806.7	2518	2281.15	35	2.80195
XM_393809.7	2629	2392.15	15	1.14512
XM_393811.7	2742	2505.15	57.4695	4.18939
XM_393813.7	3459	3222.15	64.6731	3.66543
XM_393815.7	3551	3314.15	0	0
XM_393817.7	6989	6752.15	0.932306	0.0252152
XM_393819.7	1601	1364.15	14	1.87419
XM_393820.7	1685	1448.15	8	1.00884
XM_393821.7	2291	2054.15	62	5.51196
XM_393823.6	2602	2365.15	4	0.30885
XM_393827.7	3143	2906.15	3	0.188517
XM_393828.6	4481	4244.15	109.75	4.72239
XM_393829.6	1146	909.148	4	0.803474
XM_393830.7	1629	1392.15	17.848	2.34127
XM_393834.7	2190	1953.15	19	1.7765
XM_393835.6	1319	1082.15	12	2.02507
XM_393837.7	2754	2517.15	2	0.1451
XM_393850.7	981	744.224	14	3.43535
XM_393853.7	4211	3974.15	103.06	4.7358
XM_393855.7	3965	3728.15	0	0
XM_393856.6	764	528.66	14	4.83613
XM_393860.7	2826	2589.15	444.063	31.3209
XM_393861.7	2061	1824.15	1	0.100112
XM_393863.6	4314	4077.15	38	1.70205
XM_393865.7	1677	1440.15	50.7334	6.43329
XM_393867.7	3085	2848.15	10	0.641186
XM_393868.5	2051	1814.15	23	2.31527
XM_393870.7	3307	3070.15	8	0.475858
XM_393874.5	1449	1212.15	3	0.451973
XM_393875.4	1086	849.148	51	10.9681
XM_393876.7	1497	1260.15	36	5.21708
XM_393883.7	1100	863.148	34	7.1935
XM_393885.5	4067	3830.15	5.00282	0.238532
XM_393886.6	1520	1283.15	1	0.142321
XM_393888.6	7572	7335.15	63	1.56848
XM_393890.5	2142	1905.15	3	0.287567
XM_393894.7	3110	2873.15	20	1.27121
XM_393900.7	1058	821.148	14	3.11353
XM_393902.7	1113	876.148	0	0
XM_393909.6	1024	787.148	89	20.6481
XM_393912.5	1275	1038.15	0	0
XM_393914.6	1475	1238.15	27	3.98233
XM_393921.7	1444	1207.15	0.000921744	0.000139443
XM_393926.6	2238	2001.15	7	0.638801
XM_393929.7	2053	1816.15	3.97406	0.399604
XM_393936.6	3073	2836.15	72.1823	4.64781
XM_393939.6	1209	972.148	2	0.375703
XM_393943.6	1737	1500.15	5	0.608671
XM_393944.6	4394	4157.15	8	0.351432
XM_393948.7	2629	2392.15	204.013	15.5745
XM_393949.6	931	694.652	16	4.20629
XM_393961.6	3199	2962.15	92	5.67189
XM_393962.6	1557	1320.15	0	0
XM_393963.6	3653	3416.15	577	30.8451
XM_393964.6	3168	2931.15	20	1.24606
XM_393966.5	8919	8682.15	222.525	4.68057
XM_393973.6	614	381.808	41	19.6104
XM_393976.7	8557	8320.15	223.128	4.89743
XM_393984.6	5665	5428.15	37	1.24479
XM_393985.6	6014	5777.15	34.0202	1.0754
XM_393986.7	2624	2387.15	0	0
XM_393989.7	3102	2865.15	32	2.03962
XM_393990.7	3018	2781.15	20.3873	1.3387
XM_393995.7	1341	1104.15	8	1.32315
XM_393996.7	3908	3671.15	2434	121.078
XM_393997.5	1764	1527.15	3	0.358746
XM_393999.5	2249	2012.15	0	0
XM_394000.7	3845	3608.15	0	0
XM_394004.7	948	711.441	7	1.79682
XM_394005.7	3202	2965.15	0	0
XM_394006.7	5839	5602.15	73.2299	2.38715
XM_394012.4	1215	978.148	33.0299	6.16664
XM_394013.7	6554	6317.15	4.00021	0.11564
XM_394014.6	3445	3208.15	0	0
XM_394017.6	2424	2187.15	6.48996	0.541889
XM_394018.7	2360	2123.15	511	43.9529
XM_394020.7	3493	3256.15	26	1.4582
XM_394021.5	2043	1806.15	5	0.505549
XM_394025.7	2235	1998.15	0	0
XM_394026.5	1166	929.148	29	5.6998
XM_394028.7	3195	2958.15	0	0
XM_394029.6	1988	1751.15	76	7.92569
XM_394033.6	2510	2273.15	32.3305	2.59735
XM_394034.6	3693	3456.15	0	0
XM_394035.6	1795	1558.15	32.9866	3.86612
XM_394040.7	1026	789.148	1	0.231413
XM_394041.7	3594	3357.15	32.4026	1.76261
XM_394044.7	4109	3872.15	43	2.02798
XM_394045.7	3862	3625.15	22	1.10826
XM_394046.7	3296	3059.15	21.9274	1.30898
XM_394050.7	3252	3015.15	27	1.63532
XM_394052.7	4398	4161.15	0	0
XM_394055.7	2598	2361.15	36.5545	2.82725
XM_394056.7	7134	6897.15	0	0
XM_394058.7	3595	3358.15	30.6769	1.66824
XM_394061.6	1481	1244.15	137	20.1092
XM_394067.6	4493	4256.15	109.8	4.7112
XM_394069.7	700	465.519	0	0
XM_394075.6	1300	1063.15	10	1.71772
XM_394080.6	1553	1316.15	3	0.416258
XM_394081.6	1814	1577.15	0	0
XM_394082.7	6162	5925.15	0	0
XM_394084.7	7341	7104.15	22	0.565532
XM_394088.6	630	397.376	7	3.21694
XM_394090.5	1477	1240.15	31.9486	4.70462
XM_394092.7	5341	5104.15	306	10.9482
XM_394094.6	2237	2000.15	18.7078	1.70808
XM_394095.7	1376	1139.15	6.19102	0.992496
XM_394098.7	2540	2303.15	0	0
XM_394099.7	2343	2106.15	28	2.42782
XM_394101.6	5129	4892.15	0	0
XM_394109.6	6175	5938.15	28.6245	0.880305
XM_394112.7	1589	1352.15	138	18.6381
XM_394113.7	668	434.375	16.2396	6.82745
XM_394115.7	3866	3629.15	12	0.603842
XM_394120.7	7804	7567.15	127.198	3.0697
XM_394134.5	3586	3349.15	0.994986	0.0542536
XM_394140.7	670	436.243	6	2.51171
XM_394141.4	2319	2082.15	0	0
XM_394142.7	2330	2093.15	3	0.261739
XM_394146.7	4750	4513.15	0	0
XM_394150.7	1541	1304.15	3	0.420089
XM_394152.7	1262	1025.15	207	36.8749
XM_394153.6	743	508.076	22	7.90753
XM_394155.7	828	592.102	4	1.2337
XM_394160.6	2128	1891.15	44	4.24887
XM_394163.6	14060	13823.1	86.9768	1.14906
XM_394164.7	1550	1313.15	0	0
XM_394167.7	2680	2443.15	25	1.86869
XM_394179.7	1946	1709.15	6.37742	0.681415
XM_394182.7	3192	2955.15	9.11676	0.563388
XM_394201.6	4708	4471.15	6	0.245063
XM_394204.5	1495	1258.15	0	0
XM_394209.7	2417	2180.15	157.614	13.2025
XM_394210.7	2090	1853.15	361	35.5749
XM_394216.7	1221	984.148	8.81572	1.63585
XM_394217.5	4170	3933.15	179.554	8.33682
XM_394219.6	2139	1902.15	5	0.480034
XM_394221.6	2861	2624.15	11.5461	0.803516
XM_394225.7	2868	2631.15	22	1.52695
XM_394227.6	1564	1327.15	14	1.92644
XM_394229.6	1119	882.148	3	0.62105
XM_394233.7	2833	2596.15	41	2.88404
XM_394245.6	3465	3228.15	179	10.1262
XM_394248.6	2212	1975.15	0.714673	0.0660776
XM_394252.5	5593	5356.15	209.054	7.12774
XM_394253.7	6348	6111.15	0	0
XM_394258.7	3701	3464.15	0	0
XM_394261.7	8948	8711.15	166.507	3.49062
XM_394268.7	3438	3201.15	0	0
XM_394275.7	3235	2998.15	53.8682	3.28115
XM_394280.6	3061	2824.15	0	0
XM_394284.5	2139	1902.15	0	0
XM_394287.7	3858	3621.15	45.0033	2.26957
XM_394292.7	2158	1921.15	24.2768	2.30769
XM_394313.7	662	428.548	161	68.6077
XM_394314.7	3108	2871.15	150.297	9.55962
XM_394320.7	1452	1215.15	3.12301	0.469344
XM_394326.6	2038	1801.15	0	0
XM_394328.7	8060	7823.15	8.10592	0.18922
XM_394330.7	1299	1062.15	9	1.5474
XM_394331.7	1744	1507.15	0.000599449	7.26344e-05
XM_394332.7	1322	1085.15	8.87518	1.4936
XM_394342.7	3272	3035.15	1	0.0601681
XM_394347.7	2016	1779.15	23	2.36082
XM_394348.7	1153	916.148	9	1.794
XM_394351.7	1257	1020.15	4	0.71605
XM_394352.7	1576	1339.15	3	0.409109
XM_394353.7	1308	1071.15	23	3.92125
XM_394354.7	1207	970.148	0	0
XM_394359.6	1022	785.148	6	1.39555
XM_394360.4	2455	2218.15	2	0.164659
XM_394361.5	2369	2132.15	1	0.0856503
XM_394362.6	6587	6350.15	24.6031	0.707542
XM_394370.5	925	688.652	2133	565.636
XM_394372.7	2344	2107.15	8	0.693332
XM_394373.5	1270	1033.15	9	1.59084
XM_394382.6	2540	2303.15	21	1.66511
XM_394389.7	3707	3470.15	0	0
XM_394391.7	1879	1642.15	22.58	2.51106
XM_394396.6	2555	2318.15	16.4976	1.29965
XM_394399.7	5626	5389.15	0	0
XM_394400.6	3944	3707.15	38	1.87193
XM_394416.7	4374	4137.15	4	0.176565
XM_394417.6	2093	1856.15	30	2.95158
XM_394419.7	1515	1278.15	6	0.857268
XM_394423.7	3041	2804.15	0	0
XM_394424.6	4237	4000.15	0	0
XM_394425.7	2602	2365.15	5	0.386063
XM_394426.7	3814	3577.15	27	1.37839
XM_394428.5	1158	921.148	4	0.793007
XM_394429.7	4156	3919.15	489.899	22.8277
XM_394432.7	9671	9434.15	120.599	2.33446
XM_394433.7	3083	2846.15	0	0
XM_394434.7	4510	4273.15	183	7.82077
XM_394435.7	3418	3181.15	0	0
XM_394440.7	758	522.871	13	4.54041
XM_394443.7	4563	4326.15	0	0
XM_394445.7	2342	2105.15	9	0.78074
XM_394446.7	5192	4955.15	28	1.03192
XM_394451.6	4861	4624.15	0	0
XM_394455.7	3519	3282.15	0	0
XM_394460.7	1693	1456.15	0	0
XM_394462.6	4006	3769.15	13.694	0.663487
XM_394464.7	4985	4748.15	27	1.03845
XM_394467.5	961	724.297	13	3.27773
XM_394469.6	2119	1882.15	20	1.94054
XM_394471.5	1437	1200.15	132	20.0856
XM_394472.7	4079	3842.15	288.191	13.6979
XM_394473.5	4252	4015.15	0.00339445	0.000154388
XM_394474.7	1922	1685.15	14.8204	1.60608
XM_394479.7	2239	2002.15	37.5245	3.42268
XM_394482.7	3165	2928.15	0	0
XM_394484.6	4016	3779.15	116	5.60545
XM_394485.7	1766	1529.15	24	2.86621
XM_394487.7	1484	1247.15	59	8.63934
XM_394491.7	10332	10095.1	2.03341	0.036784
XM_394492.7	5918	5681.15	9.48994	0.305052
XM_394494.7	2720	2483.15	61	4.48615
XM_394499.5	2809	2572.15	13	0.922983
XM_394503.7	1703	1466.15	2	0.249114
XM_394516.6	2206	1969.15	15	1.3911
XM_394517.7	1534	1297.15	4	0.563141
XM_394521.7	6503	6266.15	60.5391	1.76434
XM_394527.7	3690	3453.15	18	0.951927
XM_394533.7	7164	6927.15	35.9991	0.949039
XM_394536.5	1623	1386.15	24	3.1619
XM_394542.7	5248	5011.15	0	0
XM_394543.7	1671	1434.15	33	4.2021
XM_394546.6	2061	1824.15	2	0.200224
XM_394547.7	3682	3445.15	10	0.530076
XM_394550.6	1517	1280.15	14.1303	2.01576
XM_394551.7	1123	886.148	14	2.88515
XM_394552.7	4986	4749.15	0	0
XM_394553.7	6492	6255.15	61.8188	1.8048
XM_394554.5	2480	2243.15	0	0
XM_394555.7	1462	1225.15	20	2.98118
XM_394559.5	847	611.102	7	2.09185
XM_394564.5	2477	2240.15	8	0.652168
XM_394574.7	2657	2420.15	26	1.9619
XM_394577.7	1441	1204.15	29.9954	4.54905
XM_394578.6	6524	6287.15	41	1.1909
XM_394579.6	1684	1447.15	6	0.757155
XM_394584.7	2341	2104.15	28	2.43012
XM_394587.7	8946	8709.15	14.1859	0.29746
XM_394588.7	6411	6174.15	219.83	6.50213
XM_394596.6	3165	2928.15	97.3914	6.07399
XM_394598.7	4389	4152.15	11.5371	0.507422
XM_394599.7	2409	2172.15	15	1.2611
XM_394600.7	2218	1981.15	1.75681	0.16194
XM_394608.7	2239	2002.15	21	1.91544
XM_394614.7	2015	1778.15	74.301	7.63085
XM_394615.7	2243	2006.15	1.93212	0.17588
XM_394616.6	2175	1938.15	17.0029	1.60207
XM_394618.6	1021	784.148	11.1515	2.59705
XM_394619.7	1749	1512.15	7	0.845377
XM_394621.6	4549	4312.15	32.8285	1.39028
XM_394622.5	2704	2467.15	23.0009	1.70253
XM_394630.6	1448	1211.15	0	0
XM_394637.7	3003	2766.15	46	3.03689
XM_394641.7	2603	2366.15	9	0.69462
XM_394646.7	2112	1875.15	7	0.681725
XM_394649.6	3706	3469.15	84.0107	4.4224
XM_394650.5	2657	2420.15	6.44513	0.486336
XM_394655.6	3993	3756.15	0	0
XM_394662.7	1363	1126.15	2.43149	0.394296
XM_394663.7	1747	1510.15	1	0.120928
XM_394665.7	763	527.713	8	2.76846
XM_394666.7	1249	1012.15	0	0
XM_394667.6	1182	945.148	0	0
XM_394669.6	1352	1115.15	8	1.3101
XM_394670.7	2016	1779.15	15	1.53966
XM_394673.7	4000	3763.15	0	0
XM_394674.6	2164	1927.15	1	0.0947614
XM_394676.6	1236	999.148	13	2.37607
XM_394678.7	1651	1414.15	1.80527	0.233128
XM_394680.6	944	707.441	91	23.4908
XM_394686.7	5871	5634.15	18.0147	0.583908
XM_394687.6	3990	3753.15	5.06244e-08	2.46326e-09
XM_394689.6	1016	779.148	0	0
XM_394692.6	1923	1686.15	21	2.27442
XM_394700.7	1595	1358.15	0	0
XM_394701.7	5889	5652.15	38	1.22777
XM_394703.7	3687	3450.15	0	0
XM_394705.6	1141	904.148	1	0.201979
XM_394708.7	3921	3684.15	0	0
XM_394711.7	3555	3318.15	3	0.165109
XM_394713.7	2390	2153.15	7	0.593705
XM_394714.7	4009	3772.15	16	0.7746
XM_394718.6	6258	6021.15	10	0.303296
XM_394722.7	3540	3303.15	11	0.608151
XM_394728.7	1359	1122.15	14	2.27837
XM_394733.7	1712	1475.15	5	0.618986
XM_394734.7	3075	2838.15	9	0.5791
XM_394738.5	1906	1669.15	6	0.656452
XM_394739.5	2232	1995.15	6	0.54919
XM_394742.7	2365	2128.15	31	2.66015
XM_394746.7	2368	2131.15	0	0
XM_394752.7	1971	1734.15	0	0
XM_394753.7	1600	1363.15	18	2.41144
XM_394755.7	6729	6492.15	22.145	0.622923
XM_394758.7	2883	2646.15	685.148	47.2843
XM_394762.7	7093	6856.15	0	0
XM_394764.6	1947	1710.15	4.96242	0.529915
XM_394765.7	1742	1505.15	104	12.6183
XM_394767.7	1918	1681.15	14	1.52079
XM_394768.7	1626	1389.15	0	0
XM_394769.7	969	732.297	217	54.1151
XM_394770.7	1884	1647.15	82	9.09134
XM_394771.7	6153	5916.15	157.809	4.87125
XM_394772.6	1932	1695.15	1	0.107731
XM_394773.7	2029	1792.15	92	9.37477
XM_394778.7	1453	1216.15	13	1.95211
XM_394780.6	2546	2309.15	0	0
XM_394781.7	1579	1342.15	74	10.0688
XM_394790.7	5444	5207.15	2.79273e-07	9.79436e-09
XM_394795.6	902	665.72	9	2.46886
XM_394812.6	3868	3631.15	4	0.20117
XM_394814.6	1081	844.148	0	0
XM_394822.7	5208	4971.15	235.239	8.64172
XM_394823.7	2863	2626.15	17.0751	1.18738
XM_394827.6	1405	1168.15	164	25.6385
XM_394832.5	1270	1033.15	0	0
XM_394836.7	3567	3330.15	0	0
XM_394838.7	2139	1902.15	2	0.192014
XM_394840.6	1961	1724.15	10	1.05919
XM_394846.6	1705	1468.15	9	1.11949
XM_394852.7	1284	1047.15	54	9.41743
XM_394854.7	501	277.795	240	157.773
XM_394855.6	2324	2087.15	393	34.3863
XM_394859.7	1112	875.148	112	23.3713
XM_394861.7	3001	2764.15	26	1.71774
XM_394865.7	1345	1108.15	3	0.49439
XM_394877.7	1015	778.148	0	0
XM_394878.6	2177	1940.15	19.2094	1.80811
XM_394880.6	1642	1405.15	0	0
XM_394881.7	1769	1532.15	7	0.834341
XM_394882.7	941	704.582	9.99857	2.59151
XM_394885.7	911	674.72	47	12.721
XM_394886.6	2643	2406.15	59	4.47792
XM_394892.7	2417	2180.15	5	0.418823
XM_394893.6	1737	1500.15	3	0.365202
XM_394908.7	1477	1240.15	13	1.91433
XM_394921.6	1903	1666.15	34.3777	3.76799
XM_394922.7	1678	1441.15	108.704	13.7747
XM_394923.7	958	721.37	5	1.26578
XM_394925.7	2448	2211.15	13	1.07367
XM_394932.7	3194	2957.15	86.3122	5.33023
XM_394934.6	4775	4538.15	35.4373	1.42603
XM_394944.7	6654	6417.15	0	0
XM_394948.7	1991	1754.15	7	0.72875
XM_394949.6	6388	6151.15	14	0.415641
XM_394952.7	1602	1365.15	14	1.87281
XM_394963.7	4094	3857.15	39.0045	1.84669
XM_394964.7	1270	1033.15	16	2.82816
XM_394966.7	720	485.425	7	2.63343
XM_394967.7	1938	1701.15	6.36964	0.683785
XM_394968.6	2178	1941.15	2	0.188156
XM_394976.7	3085	2848.15	35	2.24415
XM_394978.7	1593	1356.15	2.91615	0.392689
XM_394980.7	1441	1204.15	0	0
XM_394981.7	1646	1409.15	3	0.388786
XM_394982.6	1006	769.148	0	0
XM_394987.7	477	256.972	338	240.203
XM_394993.7	886	649.786	87	24.4509
XM_394996.7	839	603.102	1.70463	0.516161
XM_394997.7	1408	1171.15	15.0422	2.34557
XM_395004.7	1269	1032.15	39	6.90032
XM_395005.7	8943	8706.15	0	0
XM_395006.7	3205	2968.15	0	0
XM_395009.6	1495	1258.15	21	3.04813
XM_395011.7	3195	2958.15	11	0.679077
XM_395013.7	2201	1964.15	91	8.46084
XM_395016.7	2980	2743.15	0	0
XM_395017.7	826	590.162	2	0.618879
XM_395023.7	3102	2865.15	55	3.5056
XM_395024.6	2281	2044.15	28.1042	2.51076
XM_395025.6	1697	1460.15	0.000795053	9.94365e-05
XM_395034.7	2301	2064.15	0	0
XM_395035.7	2743	2506.15	71	5.17366
XM_395039.7	2090	1853.15	0	0
XM_395043.7	1741	1504.15	36	4.37077
XM_395044.7	1713	1476.15	4.83983	0.598751
XM_395046.6	3978	3741.15	72.9487	3.5609
XM_395047.6	1573	1336.15	119	16.2644
XM_395048.6	3858	3621.15	540	27.2329
XM_395052.5	1645	1408.15	20	2.59375
XM_395055.7	1426	1189.15	0	0
XM_395056.6	6839	6602.15	324.538	8.97692
XM_395065.7	905	668.72	0.865378	0.236324
XM_395069.6	1617	1380.15	40.3851	5.3437
XM_395074.7	2352	2115.15	33.1646	2.86339
XM_395079.7	1287	1050.15	54	9.39052
XM_395082.7	4560	4323.15	22	0.929328
XM_395083.7	1428	1191.15	5	0.766568
XM_395088.6	573	343.139	1	0.532201
XM_395092.7	636	403.175	20	9.05905
XM_395096.7	4788	4551.15	14	0.561763
XM_395098.7	2945	2708.15	11.5422	0.778329
XM_395102.6	1384	1147.15	0	0
XM_395106.7	3059	2822.15	9	0.582384
XM_395109.7	3059	2822.15	0.696791	0.0450888
XM_395117.7	1774	1537.15	6	0.712824
XM_395120.7	3183	2946.15	31.3467	1.94305
XM_395122.5	1136	899.148	10	2.03103
XM_395129.7	3023	2786.15	38.5571	2.52724
XM_395130.7	1787	1550.15	14	1.64931
XM_395132.7	2081	1844.15	14.0403	1.39036
XM_395133.6	2966	2729.15	0	0
XM_395143.7	3460	3223.15	0	0
XM_395145.5	514	289.067	21	13.2668
XM_395146.7	4833	4596.15	65	2.58265
XM_395147.7	2890	2653.15	26	1.78961
XM_395151.7	1673	1436.15	4	0.508636
XM_395153.7	2952	2715.15	78	5.24623
XM_395159.5	1192	955.148	1.98781	0.380058
XM_395161.6	1271	1034.15	7.50941	1.32608
XM_395162.7	2324	2087.15	64	5.59981
XM_395163.6	879	642.851	161	45.7364
XM_395164.6	1813	1576.15	21	2.43315
XM_395166.7	1723	1486.15	8	0.983047
XM_395172.6	2343	2106.15	25	2.16769
XM_395173.7	3824	3587.15	17	0.865458
XM_395179.6	3484	3247.15	25	1.406
XM_395180.7	1886	1649.15	1	0.110735
XM_395186.7	1255	1018.15	5	0.896821
XM_395191.7	2726	2489.15	3.0188	0.221478
XM_395192.7	3938	3701.15	96.1337	4.74336
XM_395193.5	1674	1437.15	0	0
XM_395197.7	3704	3467.15	38.8252	2.04497
XM_395200.7	2072	1835.15	5	0.49756
XM_395206.7	5202	4965.15	0	0
XM_395207.7	3004	2767.15	75	4.94966
XM_395210.5	2028	1791.15	19	1.93717
XM_395217.7	4322	4085.15	77.4537	3.46243
XM_395221.7	2076	1839.15	21	2.08521
XM_395223.7	5156	4919.15	23.4171	0.86934
XM_395224.6	990	753.224	6	1.4547
XM_395225.6	2960	2723.15	56.547	3.79214
XM_395226.7	3451	3214.15	0	0
XM_395227.7	3431	3194.15	0	0
XM_395231.6	3427	3190.15	0	0
XM_395236.7	6138	5901.15	128	3.96114
XM_395238.7	2229	1992.15	11	1.00836
XM_395245.6	882	645.786	19	5.37293
XM_395252.6	2781	2544.15	33	2.36874
XM_395253.6	1488	1251.15	5	0.729807
XM_395256.7	1890	1653.15	335	37.0066
XM_395260.7	1303	1066.15	5	0.856444
XM_395264.7	2335	2098.15	61	5.30934
XM_395266.7	1856	1619.15	20	2.25574
XM_395272.6	3228	2991.15	0	0
XM_395274.6	2519	2282.15	5	0.400104
XM_395280.7	2697	2460.15	49.2652	3.65701
XM_395281.6	3092	2855.15	8.43216	0.539333
XM_395282.7	1723	1486.15	17	2.08898
XM_395283.7	1843	1606.15	0	0
XM_395294.7	2007	1770.15	45.6224	4.70668
XM_395296.7	5029	4792.15	55.5832	2.11816
XM_395299.7	1146	909.148	163	32.7416
XM_395300.7	2057	1820.15	52	5.21727
XM_395304.6	1555	1318.15	0	0
XM_395308.6	1934	1697.15	5.95434	0.640709
XM_395310.6	1400	1163.15	4.08517	0.641389
XM_395313.7	2907	2670.15	14.7463	1.00854
XM_395319.7	1654	1417.15	17.1653	2.21199
XM_395321.7	2090	1853.15	37.1182	3.65783
XM_395323.6	1248	1011.15	5	0.903029
XM_395324.7	861	624.978	27	7.88943
XM_395325.6	2418	2181.15	22	1.84198
XM_395328.7	1538	1301.15	5	0.701762
XM_395329.4	1206	969.148	5	0.942164
XM_395330.6	1265	1028.15	17	3.01953
XM_395332.6	3673	3436.15	21.612	1.1486
XM_395337.7	1179	942.148	0	0
XM_395342.7	2399	2162.15	6.71474	0.56714
XM_395348.6	3222	2985.15	14	0.856463
XM_395349.7	1368	1131.15	0	0
XM_395353.5	1976	1739.15	1	0.105005
XM_395356.7	2131	1894.15	13	1.25336
XM_395357.6	3749	3512.15	169	8.7874
XM_395360.6	1881	1644.15	0	0
XM_395364.6	2524	2287.15	30	2.39537
XM_395366.6	1944	1707.15	0	0
XM_395370.5	2581	2344.15	5	0.389521
XM_395371.7	2244	2007.15	14	1.27378
XM_395373.6	3511	3274.15	21	1.1713
XM_395374.7	4659	4422.15	1.14842	0.0474258
XM_395376.6	3398	3161.15	0	0
XM_395378.6	2022	1785.15	13	1.32989
XM_395384.7	1741	1504.15	16.6985	2.02737
XM_395385.6	1346	1109.15	2	0.329296
XM_395386.6	3213	2976.15	68.0435	4.17521
XM_395387.7	6032	5795.15	36	1.13445
XM_395389.7	3773	3536.15	57	2.94368
XM_395391.7	2001	1764.15	7	0.724619
XM_395392.7	3842	3605.15	24	1.21572
XM_395396.7	1429	1192.15	4.82651	0.739349
XM_395400.7	1852	1615.15	7	0.791466
XM_395404.7	2183	1946.15	23	2.15823
XM_395405.4	754	518.871	10	3.51955
XM_395412.5	1185	948.148	17	3.27431
XM_395416.7	1345	1108.15	10	1.64797
XM_395421.7	1413	1176.15	5	0.776345
XM_395425.6	3112	2875.15	1.82223	0.115742
XM_395426.7	8054	7817.15	6.00184	0.140211
XM_395427.7	3276	3039.15	40.1749	2.41407
XM_395429.6	1868	1631.15	12	1.34349
XM_395437.7	1575	1338.15	35	4.77651
XM_395441.7	1791	1554.15	3.1643	0.371819
XM_395448.7	2774	2537.15	32.9998	2.37527
XM_395451.7	5717	5480.15	45	1.49957
XM_395464.7	2216	1979.15	29	2.67588
XM_395471.6	2842	2605.15	5	0.350497
XM_395473.7	1525	1288.15	10.7499	1.524
XM_395474.6	2038	1801.15	0	0
XM_395475.6	1288	1051.15	7	1.21613
XM_395476.5	1852	1615.15	9	1.0176
XM_395482.7	1426	1189.15	12	1.84286
XM_395486.7	2142	1905.15	2.2352	0.214256
XM_395493.6	1708	1471.15	3	0.372401
XM_395496.7	1243	1006.15	13	2.35954
XM_395497.7	1871	1634.15	4	0.447008
XM_395502.6	2464	2227.15	5	0.409984
XM_395507.7	1394	1157.15	3	0.473455
XM_395512.6	6201	5964.15	0	0
XM_395525.7	4851	4614.15	84	3.32456
XM_395530.5	1167	930.148	0	0
XM_395531.7	2214	1977.15	0	0
XM_395533.7	1666	1429.15	11	1.4056
XM_395535.6	1686	1449.15	29.556	3.72459
XM_395538.7	621	388.575	0	0
XM_395542.6	1405	1168.15	6	0.937994
XM_395543.6	2559	2322.15	72	5.66225
XM_395545.7	2375	2138.15	12	1.02492
XM_395548.7	1435	1198.15	5.00665	0.763103
XM_395550.7	2057	1820.15	0	0
XM_395554.5	8057	7820.15	4.98065	0.11631
XM_395559.7	4105	3868.15	94.8675	4.47879
XM_395563.7	4174	3937.15	59	2.73663
XM_395566.7	1008	771.148	1	0.236815
XM_395573.6	2059	1822.15	1	0.100222
XM_395577.7	4927	4690.15	202.415	7.88139
XM_395581.7	3694	3457.15	23.6641	1.25002
XM_395582.6	1762	1525.15	8.01028	0.95914
XM_395584.7	3322	3085.15	30	1.77579
XM_395591.6	761	525.765	5	1.7367
XM_395592.7	4189	3952.15	0	0
XM_395593.7	4646	4409.15	11.6103	0.48088
XM_395596.7	6460	6223.15	92.724	2.721
XM_395605.6	1285	1048.15	48	8.36306
XM_395607.7	7010	6773.15	0.00647723	0.000174641
XM_395612.7	1017	780.148	9	2.10675
XM_395613.7	2027	1790.15	31	3.16242
XM_395614.6	2824	2587.15	114	8.04693
XM_395618.6	2423	2186.15	30	2.50604
XM_395619.7	2450	2213.15	7	0.577609
XM_395623.7	862	625.978	2	0.583469
XM_395627.7	1915	1678.15	4.99987	0.544095
XM_395632.7	4187	3950.15	28	1.29447
XM_395633.7	1667	1430.15	5	0.638463
XM_395635.6	1584	1347.15	3.89839	0.528466
XM_395638.7	3362	3125.15	6.54006	0.382171
XM_395640.5	1803	1566.15	0	0
XM_395643.7	2694	2457.15	29.8847	2.22108
XM_395650.5	5689	5452.15	3.25966	0.109182
XM_395652.7	1015	778.148	18	4.22432
XM_395653.6	1745	1508.15	19	2.30068
XM_395654.7	4553	4316.15	97.5404	4.127
XM_395655.7	1409	1172.15	4	0.623195
XM_395658.7	1749	1512.15	28	3.38151
XM_395659.6	1201	964.148	121	22.9186
XM_395661.7	1194	957.148	1	0.190795
XM_395665.7	2013	1776.15	9	0.925358
XM_395667.5	1072	835.148	5	1.09333
XM_395671.6	1665	1428.15	207	26.4694
XM_395682.7	1975	1738.15	0	0
XM_395686.6	4577	4340.15	30.5773	1.28659
XM_395689.7	2041	1804.15	30	3.03666
XM_395694.6	2778	2541.15	32	2.29967
XM_395696.7	1177	940.148	2	0.38849
XM_395697.7	2218	1981.15	15	1.38268
XM_395698.7	2331	2094.15	0	0
XM_395702.6	963	726.297	5	1.25719
XM_395711.7	2349	2112.15	31	2.6803
XM_395716.7	2169	1932.15	9.18043	0.867699
XM_395721.7	1332	1095.15	0	0
XM_395724.7	2664	2427.15	14	1.05336
XM_395725.7	5127	4890.15	66.383	2.47903
XM_395729.7	1530	1293.15	21	2.96563
XM_395732.6	1554	1317.15	0	0
XM_395743.7	3717	3480.15	42	2.20393
XM_395745.7	3682	3445.15	7.96146e-06	4.22018e-07
XM_395748.7	1540	1303.15	31.5094	4.41563
XM_395752.6	3125	2888.15	34	2.14984
XM_395755.7	927	690.652	6	1.58649
XM_395757.7	2364	2127.15	23	1.97459
XM_395760.7	2497	2260.15	9.7861	0.790713
XM_395763.6	1428	1191.15	2.99822	0.459668
XM_395764.6	1973	1736.15	3.71181	0.390432
XM_395766.7	1769	1532.15	6	0.71515
XM_395767.6	2730	2493.15	4	0.292994
XM_395770.6	1295	1058.15	12	2.07101
XM_395771.7	1022	785.148	0	0
XM_395774.7	2484	2247.15	15.6585	1.27252
XM_395776.5	988	751.224	6.3041	1.5325
XM_395779.7	953	716.37	0	0
XM_395780.7	1743	1506.15	0	0
XM_395781.7	1292	1055.15	4	0.692298
XM_395784.7	1511	1274.15	36	5.15976
XM_395787.7	3198	2961.15	19	1.17176
XM_395789.6	698	463.566	55	21.667
XM_395792.7	3676	3439.15	14	0.743402
XM_395802.7	1596	1359.15	19	2.5529
XM_395804.6	1652	1415.15	1	0.129046
XM_395807.7	2261	2024.15	8	0.721762
XM_395810.7	704	469.425	3	1.16708
XM_395811.6	1797	1560.15	4	0.46821
XM_395812.6	1296	1059.15	0	0
XM_395818.6	2411	2174.15	16.5075	1.38656
XM_395824.7	1563	1326.15	11	1.51477
XM_395826.7	1183	946.148	16	3.08821
XM_395827.7	1081	844.148	17	3.6777
XM_395833.7	1379	1142.15	0	0
XM_395835.7	2403	2166.15	27	2.27626
XM_395837.7	4039	3802.15	28.5938	1.37337
XM_395839.7	798	562.277	9	2.92306
XM_395840.7	2209	1972.15	37	3.42617
XM_395842.6	2475	2238.15	12	0.979127
XM_395844.7	3047	2810.15	21	1.3647
XM_395849.7	5317	5080.15	0	0
XM_395851.7	1805	1568.15	111	12.9265
XM_395852.7	1781	1544.15	35	4.13929
XM_395864.7	1672	1435.15	4	0.508991
XM_395865.7	3086	2849.15	18.1474	1.16318
XM_395866.7	1756	1519.15	24	2.88508
XM_395867.7	2146	1909.15	18	1.72179
XM_395873.7	2363	2126.15	32.0928	2.75652
XM_395877.5	774	538.607	24	8.1374
XM_395879.7	8270	8033.15	50.2073	1.14137
XM_395880.7	2221	1984.15	0	0
XM_395892.7	1720	1483.15	11	1.35442
XM_395899.6	1090	853.148	3	0.64216
XM_395900.5	1278	1041.15	6	1.05241
XM_395902.7	992	755.224	33	7.97967
XM_395903.7	3020	2783.15	11	0.721777
XM_395905.6	1425	1188.15	28	4.30362
XM_395906.6	997	760.148	4	0.960967
XM_395910.7	1774	1537.15	8.85633	1.05217
XM_395913.7	2384	2147.15	15	1.27578
XM_395914.5	1822	1585.15	17	1.95851
XM_395916.7	2178	1941.15	18.8816	1.77634
XM_395917.7	1302	1065.15	27.2416	4.67055
XM_395921.7	4776	4539.15	13	0.523017
XM_395924.5	2070	1833.15	21	2.09203
XM_395927.7	10182	9945.15	3118.07	57.256
XM_395928.7	2258	2021.15	16.3676	1.47888
XM_395929.6	2466	2229.15	4	0.327693
XM_395930.6	1021	784.148	13	3.02755
XM_395932.6	4298	4061.15	0	0
XM_395933.7	1799	1562.15	9	1.05212
XM_395934.5	1053	816.148	1	0.223758
XM_395937.7	2245	2008.15	18	1.6369
XM_395938.6	1755	1518.15	2	0.240582
XM_395945.5	1347	1110.15	23	3.7835
XM_395946.7	1889	1652.15	0	0
XM_395948.7	2050	1813.15	26.232	2.64207
XM_395960.7	1367	1130.15	7	1.13112
XM_395961.7	2971	2734.15	66	4.40827
XM_395962.6	2682	2445.15	59	4.4065
XM_395972.7	2304	2067.15	1	0.0883436
XM_395979.6	1977	1740.15	20.5872	2.16052
XM_395981.7	1831	1594.15	37	4.23857
XM_395983.7	3265	3028.15	5.98147	0.360726
XM_395986.5	2130	1893.15	0	0
XM_395996.7	3093	2856.15	12.2174	0.781169
XM_396003.7	1673	1436.15	11	1.39875
XM_396004.6	959	722.37	15	3.79209
XM_396005.7	1502	1265.15	0	0
XM_396009.7	897	660.786	21	5.8037
XM_396012.7	1153	916.148	16	3.18934
XM_396015.7	1303	1066.15	6	1.02773
XM_396024.7	2989	2752.15	13	0.862617
XM_396025.6	4883	4646.15	1.5729	0.0618237
XM_396028.7	2767	2530.15	1	0.0721773
XM_396029.7	4473	4236.15	0	0
XM_396035.6	1977	1740.15	10	1.04945
XM_396039.7	2119	1882.15	14	1.35838
XM_396043.7	2223	1986.15	39.0458	3.59012
XM_396044.5	1541	1304.15	5	0.700148
XM_396051.7	1821	1584.15	8	0.922233
XM_396054.7	1642	1405.15	4	0.519858
XM_396056.7	3841	3604.15	0	0
XM_396062.7	4035	3798.15	23.9244	1.15031
XM_396063.7	3263	3026.15	13.1399	0.792953
XM_396066.6	1534	1297.15	8	1.12628
XM_396074.6	1750	1513.15	28	3.37927
XM_396075.6	1559	1322.15	3	0.414369
XM_396078.7	4277	4040.15	0	0
XM_396079.6	2162	1925.15	15.5254	1.47274
XM_396085.7	1967	1730.15	78.5266	8.28857
XM_396090.6	1703	1466.15	4	0.498229
XM_396091.7	1590	1353.15	0	0
XM_396093.7	3777	3540.15	17	0.876948
XM_396096.7	2643	2406.15	0	0
XM_396097.7	870	633.915	3.86709	1.11404
XM_396099.6	1101	864.148	7	1.4793
XM_396117.7	2769	2532.15	74	5.3369
XM_396123.7	4485	4248.15	0	0
XM_396126.6	1479	1242.15	32	4.7046
XM_396131.7	1772	1535.15	79	9.39774
XM_396132.7	5844	5607.15	25	0.814225
XM_396134.7	1540	1303.15	44	6.16603
XM_396142.7	2188	1951.15	8	0.748766
XM_396143.7	2425	2188.15	19	1.58571
XM_396145.7	1596	1359.15	4	0.537452
XM_396155.7	2763	2526.15	4	0.289166
XM_396159.5	888	651.786	0	0
XM_396160.7	2262	2025.15	16	1.44281
XM_396161.7	1260	1023.15	9	1.60639
XM_396163.6	933	696.652	33	8.65056
XM_396164.7	2398	2161.15	3	0.253503
XM_396165.7	1938	1701.15	13	1.39556
XM_396167.7	1163	926.148	83.2047	16.4064
XM_396175.7	2390	2153.15	3.99808	0.339097
XM_396180.7	3131	2894.15	0	0
XM_396181.7	2006	1769.15	25	2.58061
XM_396187.6	2059	1822.15	3	0.300666
XM_396192.7	5021	4784.15	24	0.916121
XM_396194.7	4354	4117.15	33	1.46374
XM_396197.7	1316	1079.15	1	0.169225
XM_396202.7	2590	2353.15	6.06449	0.470643
XM_396203.7	5526	5289.15	160	5.52434
XM_396204.7	2222	1985.15	26	2.39181
XM_396208.7	1500	1263.15	8	1.1566
XM_396212.4	871	634.915	0	0
XM_396215.7	1671	1434.15	46	5.85747
XM_396217.7	5083	4846.15	207.478	7.81849
XM_396220.6	963	726.297	7	1.76007
XM_396227.7	5231	4994.15	6	0.2194
XM_396230.6	12851	12614.1	1.09952	0.0159181
XM_396231.6	12928	12691.1	0	0
XM_396233.7	2771	2534.15	4	0.288253
XM_396235.7	1487	1250.15	2	0.292156
XM_396237.6	2488	2251.15	3	0.243368
XM_396241.6	3753	3516.15	0	0
XM_396249.7	1658	1421.15	15.2581	1.96069
XM_396254.7	12895	12658.1	67.4915	0.9737
XM_396257.6	1788	1551.15	3.35902	0.395463
XM_396259.7	859	623.04	3	0.879329
XM_396261.6	4742	4505.15	26.3648	1.06871
XM_396270.7	4762	4525.15	28	1.12998
XM_396275.6	2885	2648.15	0	0
XM_396279.6	2341	2104.15	0	0
XM_396280.7	2488	2251.15	67	5.43522
XM_396281.7	2926	2689.15	7	0.475368
XM_396282.7	1756	1519.15	17	2.0436
XM_396284.6	3842	3605.15	9	0.455896
XM_396286.7	3118	2881.15	0.0102507	0.00064973
XM_396290.5	5764	5527.15	13.6149	0.449841
XM_396291.6	3145	2908.15	0.400861	0.0251724
XM_396292.7	5496	5259.15	61.7543	2.14436
XM_396294.7	2372	2135.15	11.2642	0.963426
XM_396295.7	3932	3695.15	41	2.02628
XM_396298.7	2516	2279.15	25	2.00315
XM_396302.7	2674	2437.15	18	1.34877
XM_396310.6	6978	6741.15	6	0.162541
XM_396311.7	6422	6185.15	0	0
XM_396315.7	4814	4577.15	30	1.19694
XM_396316.7	825	589.162	23.3624	7.24152
XM_396318.7	3429	3192.15	28	1.60185
XM_396320.4	1012	775.148	0	0
XM_396321.6	1096	859.148	1	0.212559
XM_396322.7	1462	1225.15	10.9861	1.63758
XM_396332.6	1952	1715.15	0	0
XM_396338.7	2328	2091.15	27.0384	2.36125
XM_396341.6	2048	1811.15	57	5.74735
XM_396348.7	4793	4556.15	9.80629	0.393055
XM_396350.5	1547	1310.15	5	0.696941
XM_396365.4	1143	906.148	10	2.01534
XM_396366.7	8344	8107.15	94.9578	2.13899
XM_396371.7	2106	1869.15	12	1.17242
XM_396374.6	1412	1175.15	54	8.39166
XM_396375.7	1831	1594.15	31.0138	3.55282
XM_396376.7	3685	3448.15	36.7697	1.94738
XM_396377.6	3769	3532.15	0	0
XM_396379.7	2189	1952.15	10.8326	1.01336
XM_396380.7	1554	1317.15	4.98472	0.691119
XM_396382.6	1686	1449.15	17	2.14231
XM_396383.6	2748	2511.15	5	0.363617
XM_396386.6	1576	1339.15	15.4333	2.10464
XM_396388.7	2502	2265.15	8	0.644971
XM_396394.7	2678	2441.15	0	0
XM_396406.7	2704	2467.15	2.00027	0.148061
XM_396407.6	4951	4714.15	22.4239	0.86867
XM_396411.7	2611	2374.15	0	0
XM_396412.7	2685	2448.15	60	4.47569
XM_396416.7	3526	3289.15	22.3752	1.24231
XM_396423.7	2075	1838.15	29	2.88114
XM_396426.7	1785	1548.15	13	1.53348
XM_396430.5	1590	1353.15	0	0
XM_396435.7	1999	1762.15	13	1.34725
XM_396436.7	2429	2192.15	13	1.08298
XM_396447.6	1500	1263.15	0	0
XM_396448.5	4129	3892.15	21	0.985318
XM_396451.7	2864	2627.15	315	21.8964
XM_396456.7	5724	5487.15	0	0
XM_396457.5	2891	2654.15	0.000126457	8.70089e-06
XM_396462.7	1792	1555.15	35	4.11001
XM_396465.6	604	372.341	95	46.5939
XM_396469.5	3839	3602.15	53.8289	2.72898
XM_396475.7	3012	2775.15	7.59391	0.499719
XM_396481.6	2229	1992.15	0	0
XM_396485.7	2771	2534.15	12.2423	0.882218
XM_396491.6	3878	3641.15	0	0
XM_396499.7	2400	2163.15	18	1.51961
XM_396502.7	1253	1016.15	3.02492	0.54363
XM_396503.7	4628	4391.15	75.7097	3.14862
XM_396504.7	1678	1441.15	135	17.1069
XM_396506.7	3414	3177.15	18	1.03462
XM_396511.7	3449	3212.15	37	2.10355
XM_396516.7	1410	1173.15	3.77625	0.587833
XM_396520.6	2851	2614.15	17	1.18759
XM_396525.7	4158	3921.15	36.0785	1.68028
XM_396527.7	3944	3707.15	0.00812996	0.000400493
XM_396537.7	3613	3376.15	55.3277	2.99273
XM_396538.6	1876	1639.15	5.86458	0.653379
XM_396540.7	2793	2556.15	12.9262	0.923485
XM_396542.7	3310	3073.15	0	0
XM_396547.7	4454	4217.15	20.6571	0.894536
XM_396549.6	2871	2634.15	8.04347	0.557635
XM_396550.7	3799	3562.15	22	1.12787
XM_396552.7	3875	3638.15	0	0
XM_396554.6	2149	1912.15	28	2.67413
XM_396561.4	1357	1120.15	6	0.978188
XM_396572.7	998	761.148	9	2.15933
XM_396579.5	2595	2358.15	5.95741	0.461352
XM_396580.7	2620	2383.15	27.1233	2.07844
XM_396581.7	5199	4962.15	59	2.17134
XM_396584.5	1823	1586.15	2	0.230268
XM_396585.7	3616	3379.15	38.1939	2.06411
XM_396588.6	823	587.162	279.873	87.0461
XM_396595.5	1576	1339.15	0	0
XM_396596.7	996	759.148	37	8.90065
XM_396598.7	2271	2034.15	12.4753	1.11999
XM_396603.7	3806	3569.15	8.07606	0.41322
XM_396615.6	1316	1079.15	453	76.6591
XM_396618.6	3003	2766.15	22.694	1.49824
XM_396620.7	2153	1916.15	28.37	2.70382
XM_396622.7	9409	9172.15	18.9187	0.376675
XM_396624.7	1190	953.148	16	3.06553
XM_396627.7	4345	4108.15	18	0.800153
XM_396630.6	1015	778.148	9	2.11216
XM_396632.7	1610	1373.15	0	0
XM_396634.6	3073	2836.15	37	2.38243
XM_396635.6	1971	1734.15	7	0.737154
XM_396637.7	1465	1228.15	47	6.98866
XM_396639.7	1841	1604.15	17	1.93531
XM_396640.7	3212	2975.15	131	8.04098
XM_396642.7	1200	963.148	15	2.8441
XM_396645.7	5027	4790.15	26	0.991222
XM_396646.7	943	706.512	7	1.80936
XM_396653.5	1568	1331.15	0	0
XM_396654.4	1271	1034.15	0	0
XM_396656.7	3811	3574.15	317.902	16.243
XM_396658.6	4292	4055.15	37.0357	1.66786
XM_396662.5	2459	2222.15	0	0
XM_396670.7	2786	2549.15	0	0
XM_396685.7	2981	2744.15	22	1.46407
XM_396686.6	1183	946.148	8	1.54411
XM_396688.7	5641	5404.15	412	13.9225
XM_396690.7	1599	1362.15	0	0
XM_396691.7	1331	1094.15	5.59543	0.933907
XM_396692.7	2011	1774.15	115.881	11.928
XM_396696.6	1896	1659.15	7	0.770476
XM_396698.7	1997	1760.15	34	3.52757
XM_396699.7	2921	2684.15	16	1.08858
XM_396701.6	1179	942.148	1	0.193833
XM_396702.6	8305	8068.15	0	0
XM_396705.6	2617	2380.15	2	0.153452
XM_396706.6	2980	2743.15	11.6782	0.777449
XM_396712.6	3432	3195.15	0	0
XM_396715.6	4174	3937.15	3	0.139151
XM_396716.7	1664	1427.15	24	3.07106
XM_396720.6	2292	2055.15	3	0.266578
XM_396723.7	1582	1345.15	5	0.678807
XM_396724.7	1382	1145.15	21	3.34892
XM_396725.7	1694	1457.15	196.505	24.6272
XM_396730.5	2445	2208.15	10	0.827024
XM_396738.6	649	415.804	13	5.70954
XM_396742.6	1419	1182.15	0.00635405	0.000981579
XM_396744.7	1428	1191.15	61.9868	9.50342
XM_396750.6	2021	1784.15	11	1.12592
XM_396758.7	1248	1011.15	4	0.722423
XM_396778.6	2689	2452.15	0	0
XM_396781.6	1928	1691.15	31	3.34755
XM_396785.7	1461	1224.15	17	2.53607
XM_396788.6	1216	979.148	2.00814	0.374534
XM_396789.6	5740	5503.15	30	0.995535
XM_396791.5	2135	1898.15	31	2.98248
XM_396795.6	2553	2316.15	0	0
XM_396796.6	3089	2852.15	2.82219	0.180701
XM_396802.7	4978	4741.15	43	1.65627
XM_396806.6	4431	4194.15	10	0.435414
XM_396807.7	2021	1784.15	0	0
XM_396810.7	1731	1494.15	5	0.611115
XM_396813.7	6469	6232.15	0	0
XM_396815.6	4234	3997.15	0	0
XM_396816.6	7134	6897.15	219	5.79857
XM_396819.7	1956	1719.15	6	0.637359
XM_396821.6	3850	3613.15	2.20008	0.111198
XM_396824.6	1706	1469.15	6	0.745817
XM_396827.6	6445	6208.15	0	0
XM_396828.7	2227	1990.15	0	0
XM_396830.7	4916	4679.15	148	5.77619
XM_396833.7	4777	4540.15	20.2384	0.814052
XM_396835.7	2510	2273.15	0	0
XM_396838.6	1113	876.148	23	4.79399
XM_396842.7	720	485.425	21	7.9003
XM_396848.7	1564	1327.15	9.48831	1.30562
XM_396851.7	3277	3040.15	0	0
XM_396852.6	4166	3929.15	13	0.604215
XM_396853.7	3280	3043.15	0	0
XM_396855.6	2419	2182.15	5	0.418439
XM_396862.7	4406	4169.15	30	1.31408
XM_396869.7	6184	5947.15	35	1.07475
XM_396871.7	6099	5862.15	17.5479	0.546658
XM_396873.6	1816	1579.15	48	5.55092
XM_396874.7	3223	2986.15	73	4.46435
XM_396879.6	1535	1298.15	21	2.95421
XM_396881.6	1244	1007.15	6	1.08794
XM_396884.7	5618	5381.15	17.1558	0.582213
XM_396892.6	4621	4384.15	35	1.45791
XM_396894.6	1802	1565.15	7	0.81675
XM_396895.7	3174	2937.15	3.62057e-05	2.25111e-06
XM_396904.7	4546	4309.15	49.5048	2.09798
XM_396906.7	3951	3714.15	99.8676	4.91034
XM_396908.7	4844	4607.15	20.0014	0.792819
XM_396912.7	2224	1987.15	19.6854	1.80909
XM_396914.7	1408	1171.15	102.64	16.0049
XM_396915.6	3386	3149.15	1	0.05799
XM_396916.7	3539	3302.15	6.02742	0.333335
XM_396918.7	4739	4502.15	257.616	10.4496
XM_396922.7	1746	1509.15	91	11.0117
XM_396925.7	3722	3485.15	18	0.943187
XM_396930.7	803	567.277	35	11.2673
XM_396933.7	1804	1567.15	4	0.466119
XM_396934.7	2149	1912.15	14	1.33707
XM_396937.7	2597	2360.15	8	0.619009
XM_396939.6	1196	959.148	1	0.190397
XM_396942.7	2764	2527.15	20.017	1.44649
XM_396943.5	1922	1685.15	24	2.60088
XM_396944.7	2567	2330.15	3	0.235117
XM_396945.7	2378	2141.15	7	0.597032
XM_396955.7	2694	2457.15	45	3.34447
XM_396958.7	2408	2171.15	29	2.43924
XM_396960.5	1621	1384.15	147	19.3946
XM_396963.7	1257	1020.15	1	0.179012
XM_396966.7	1957	1720.15	34	3.6096
XM_396967.6	3016	2779.15	4	0.262842
XM_396972.7	1438	1201.15	16	2.4326
XM_396976.7	1410	1173.15	16	2.49066
XM_396981.7	3264	3027.15	0	0
XM_396986.6	2291	2054.15	18	1.60025
XM_396989.6	2390	2153.15	22	1.86593
XM_396990.7	4588	4351.15	20	0.839407
XM_396991.7	4509	4272.15	24	1.02591
XM_396993.7	1532	1295.15	0	0
XM_396999.7	2457	2220.15	0	0
XM_397001.6	3732	3495.15	0	0
XM_397003.7	8749	8512.15	0	0
XM_397008.5	2238	2001.15	135	12.3197
XM_397014.7	1880	1643.15	0	0
XM_397017.6	3211	2974.15	376	23.0872
XM_397030.5	1458	1221.15	19	2.8414
XM_397038.7	6003	5766.15	261.926	8.29544
XM_397043.7	766	530.607	46	15.8318
XM_397047.7	1339	1102.15	14.6474	2.42698
XM_397054.6	864	627.915	23	6.68919
XM_397055.7	1000	763.148	77	18.4259
XM_397056.7	1716	1479.15	39	4.81504
XM_397060.5	4252	4015.15	16	0.727721
XM_397061.7	1278	1041.15	8	1.40321
XM_397062.7	3819	3582.15	143.263	7.30361
XM_397065.6	2671	2434.15	13.629	1.0225
XM_397073.7	2322	2085.15	138	12.0862
XM_397078.6	3568	3331.15	30	1.64465
XM_397079.7	2876	2639.15	0	0
XM_397085.7	1706	1469.15	6	0.745817
XM_397092.6	4885	4648.15	24	0.942926
XM_397094.7	2667	2430.15	25	1.87868
XM_397095.6	2462	2225.15	40	3.28282
XM_397097.6	1904	1667.15	7	0.766779
XM_397101.7	2482	2245.15	20	1.62679
XM_397107.7	3531	3294.15	15.9999	0.886996
XM_397109.6	3592	3355.15	0	0
XM_397111.6	3335	3098.15	6.56915	0.387216
XM_397113.7	3178	2941.15	22	1.366
XM_397116.7	3275	3038.15	4	0.240435
XM_397118.7	5819	5582.15	55.8381	1.82674
XM_397120.7	1027	790.148	1	0.23112
XM_397125.7	1951	1714.15	2	0.213073
XM_397127.6	973	736.297	76	18.8498
XM_397129.7	2185	1948.15	2	0.18748
XM_397130.7	3190	2953.15	42	2.59723
XM_397131.7	3896	3659.15	11	0.548983
XM_397138.7	1951	1714.15	171	18.2177
XM_397139.5	3948	3711.15	0	0
XM_397140.7	5970	5733.15	9.67225e-05	3.08092e-06
XM_397143.7	2751	2514.15	6	0.43582
XM_397149.5	1168	931.148	0	0
XM_397155.7	807	571.277	5	1.59834
XM_397160.6	3278	3041.15	22	1.32109
XM_397168.6	1819	1582.15	13	1.50052
XM_397170.6	2049	1812.15	0	0
XM_397171.6	3678	3441.15	24	1.27366
XM_397174.7	1322	1085.15	23	3.87066
XM_397175.6	3092	2855.15	39.8397	2.5482
XM_397177.7	4432	4195.15	40.2768	1.75329
XM_397179.7	1533	1296.15	4	0.563575
XM_397181.7	4829	4592.15	193	7.67517
XM_397185.5	963	726.297	11	2.76582
XM_397201.7	1092	855.148	31	6.62014
XM_397202.7	1858	1621.15	19.7366	2.22329
XM_397205.7	2059	1822.15	0	0
XM_397213.6	1455	1218.15	8	1.19932
XM_397220.7	1064	827.148	6	1.32469
XM_397221.7	3834	3597.15	0.0296708	0.00150632
XM_397226.7	2572	2335.15	9.25669	0.723915
XM_397228.7	4436	4199.15	631	27.4419
XM_397232.5	4057	3820.15	36	1.72095
XM_397233.7	858	622.04	11	3.22939
XM_397235.7	3131	2894.15	13	0.820293
XM_397241.7	4228	3991.15	115	5.26195
XM_397248.7	1927	1690.15	37	3.99782
XM_397251.7	4109	3872.15	0	0
XM_397252.7	1117	880.148	74	15.354
XM_397261.7	1568	1331.15	28	3.8413
XM_397264.6	2220	1983.15	8	0.736684
XM_397266.6	1273	1036.15	9	1.58623
XM_397268.6	6545	6308.15	91.1198	2.63789
XM_397270.7	2396	2159.15	33	2.79112
XM_397273.7	4148	3911.15	98.3417	4.59177
XM_397274.7	1281	1044.15	13.0327	2.27939
XM_397279.7	1955	1718.15	0	0
XM_397281.7	928	691.652	39	10.2973
XM_397283.7	2766	2529.15	2	0.144412
XM_397291.7	1723	1486.15	2.72188	0.334467
XM_397293.7	2957	2720.15	18	1.20844
XM_397308.7	1613	1376.15	11	1.45974
XM_397314.7	554	324.955	103.754	58.3079
XM_397316.5	755	519.871	26	9.13323
XM_397317.7	1676	1439.15	0	0
XM_397318.7	1807	1570.15	5	0.581535
XM_397320.7	1070	833.148	5	1.09596
XM_397330.6	1832	1595.15	85.3627	9.77268
XM_397331.7	2414	2177.15	28.1618	2.36221
XM_397334.6	3201	2964.15	0.00513526	0.00031638
XM_397338.6	1541	1304.15	0	0
XM_397345.6	2891	2654.15	0	0
XM_397347.6	1716	1479.15	0	0
XM_397351.7	5378	5141.15	10.7912	0.383317
XM_397354.7	1082	845.148	10	2.1608
XM_397355.6	1367	1130.15	5	0.807944
XM_397363.7	1103	866.148	0.00104681	0.00022071
XM_397367.5	733	498.278	22	8.06302
XM_397368.6	2665	2428.15	25.3703	1.90808
XM_397369.6	2195	1958.15	0	0
XM_397372.7	1260	1023.15	5	0.892438
XM_397379.7	2424	2187.15	0	0
XM_397380.5	3063	2826.15	149	9.62804
XM_397381.6	3201	2964.15	9	0.554484
XM_397383.6	2266	2029.15	59.2556	5.33288
XM_397385.6	1534	1297.15	0	0
XM_397392.7	6713	6476.15	15.6807	0.442177
XM_397399.5	1703	1466.15	20	2.49114
XM_397412.7	1647	1410.15	18	2.33106
XM_397413.6	7198	6961.15	481.839	12.6406
XM_397416.6	5095	4858.15	0	0
XM_397422.7	4116	3879.15	40.8653	1.92382
XM_397424.7	1227	990.148	9	1.65993
XM_397432.6	754	518.871	74	26.0447
XM_397436.7	3304	3067.15	22	1.30989
XM_397439.7	4352	4115.15	273.569	12.1403
XM_397461.6	2029	1792.15	9.05125	0.922319
XM_397463.7	1003	766.148	20	4.76721
XM_397464.7	1390	1153.15	16.2713	2.57682
XM_397465.7	6544	6307.15	61	1.76621
XM_397468.7	2690	2453.15	0	0
XM_397471.7	2911	2674.15	31	2.11701
XM_397473.6	1523	1286.15	0	0
XM_397474.6	1287	1050.15	9	1.56509
XM_397475.7	615	382.808	5	2.38526
XM_397479.7	3086	2849.15	16	1.02554
XM_397486.7	2847	2610.15	0	0
XM_397488.7	2116	1879.15	1167	113.411
XM_397501.6	4165	3928.15	13	0.604369
XM_397509.7	2372	2135.15	216	18.4745
XM_397510.7	2064	1827.15	0	0
XM_397511.7	3479	3242.15	13	0.732246
XM_397512.5	670	436.243	4	1.67447
XM_397515.7	3251	3014.15	0	0
XM_397517.7	2688	2451.15	5.68726	0.423721
XM_397519.7	1182	945.148	23	4.44401
XM_397526.7	976	739.224	191	47.185
XM_397532.7	1863	1626.15	40.6259	4.56235
XM_397542.7	6215	5978.15	0	0
XM_397545.7	2365	2128.15	1	0.0858113
XM_397549.6	2366	2129.15	8.23176	0.706046
XM_397552.7	1854	1617.15	15	1.6939
XM_397559.7	1431	1194.15	0	0
XM_397567.7	1411	1174.15	90.5681	14.0864
XM_397572.7	3283	3046.15	36	2.15823
XM_397573.7	1742	1505.15	12	1.45596
XM_397589.7	915	678.72	112	30.1352
XM_397600.7	4156	3919.15	0	0
XM_623047.6	961	724.297	677.981	170.941
XM_623052.6	1705	1468.15	0.00667278	0.00083001
XM_623057.6	2432	2195.15	21.8156	1.81489
XM_623058.6	4527	4290.15	125.343	5.3355
XM_623059.6	2145	1908.15	0	0
XM_623060.6	1088	851.148	0	0
XM_623062.6	4427	4190.15	42.8252	1.86645
XM_623065.6	4248	4011.15	8.86973	0.40382
XM_623068.6	1948	1711.15	29	3.09497
XM_623072.6	2255	2018.15	11	0.995374
XM_623073.5	1795	1558.15	6	0.703216
XM_623076.6	1654	1417.15	41.8684	5.39533
XM_623078.6	941	704.582	3	0.777564
XM_623080.5	4240	4003.15	200.694	9.15542
XM_623081.5	1976	1739.15	102	10.7105
XM_623085.6	1287	1050.15	18	3.13017
XM_623086.6	2191	1954.15	0	0
XM_623090.6	2311	2074.15	37	3.25768
XM_623091.5	1669	1432.15	11	1.40266
XM_623093.6	1453	1216.15	190.033	28.5358
XM_623102.6	2673	2436.15	258	19.3403
XM_623103.6	1188	951.148	264	50.6877
XM_623106.5	1009	772.148	7.86703	1.86062
XM_623108.6	5379	5142.15	122	4.33273
XM_623113.6	3384	3147.15	0	0
XM_623115.6	3694	3457.15	6.97379	0.368381
XM_623117.6	2558	2321.15	15.2439	1.19933
XM_623125.6	1436	1199.15	44	6.7008
XM_623129.6	1763	1526.15	27	3.23083
XM_623130.6	2596	2359.15	6.74705	0.522282
XM_623131.6	1681	1444.15	5	0.632273
XM_623133.6	5216	4979.15	0	0
XM_623137.6	1378	1141.15	10.3985	1.66409
XM_623143.6	1874	1637.15	25.8766	2.88647
XM_623155.6	2827	2590.15	0	0
XM_623157.5	1284	1047.15	16	2.79035
XM_623167.6	2928	2691.15	8.18997	0.555765
XM_623178.6	1096	859.148	49.3201	10.4834
XM_623179.5	1418	1181.15	10	1.54612
XM_623181.6	1923	1686.15	1	0.108306
XM_623191.6	855	619.102	103.972	30.669
XM_623193.5	2488	2251.15	71.2625	5.78101
XM_623194.5	2879	2642.15	82.517	5.70339
XM_623195.3	3914	3677.15	56	2.78114
XM_623196.5	4605	4368.15	44.7006	1.8688
XM_623203.5	970	733.297	2	0.498077
XM_623208.5	2858	2621.15	0	0
XM_623210.6	4793	4556.15	10.1973	0.408726
XM_623213.5	2743	2506.15	4.54826	0.331425
XM_623217.6	1597	1360.15	157	21.0795
XM_623218.6	2069	1832.15	381	37.9761
XM_623224.5	1302	1065.15	59	10.1155
XM_623229.6	1244	1007.15	0	0
XM_623238.6	1585	1348.15	7.1015	0.961964
XM_623241.6	1054	817.148	41	9.16283
XM_623244.6	947	710.441	8	2.0564
XM_623252.5	2579	2342.15	21	1.63739
XM_623263.5	2635	2398.15	0	0
XM_623266.5	784	548.388	90	29.971
XM_623270.6	3596	3359.15	6.16583	0.335203
XM_623271.6	1193	956.148	0	0
XM_623275.4	1717	1480.15	1	0.123379
XM_623276.6	2751	2514.15	0	0
XM_623279.6	2155	1918.15	81	7.71169
XM_623280.6	2836	2599.15	11	0.772873
XM_623282.6	2372	2135.15	159.538	13.6453
XM_623284.5	1560	1323.15	99	13.6639
XM_623286.6	3825	3588.15	42	2.13759
XM_623296.6	1811	1574.15	14	1.62416
XM_623297.6	1702	1465.15	11.3906	1.41974
XM_623298.6	2188	1951.15	20	1.87192
XM_623300.6	624	391.496	224.388	104.669
XM_623309.5	1764	1527.15	18	2.15247
XM_623313.5	2081	1844.15	0	0
XM_623318.5	1721	1484.15	0	0
XM_623322.5	1074	837.148	0	0
XM_623324.6	2371	2134.15	49.3497	4.22286
XM_623338.6	1285	1048.15	28.5182	4.96874
XM_623339.6	2373	2136.15	1104.75	94.4453
XM_623346.6	1909	1672.15	0	0
XM_623354.5	2526	2289.15	32.7375	2.61167
XM_623359.6	2234	1997.15	26	2.37744
XM_623360.6	1735	1498.15	11	1.34086
XM_623362.6	2043	1806.15	80	8.08878
XM_623363.5	2248	2011.15	20	1.81607
XM_623366.4	2858	2621.15	0	0
XM_623368.6	1908	1671.15	36.2472	3.96102
XM_623369.6	798	562.277	48	15.5897
XM_623373.6	1087	850.148	10	2.14809
XM_623374.5	2537	2300.15	16.2115	1.2871
XM_623377.6	733	498.278	13.757	5.04197
XM_623387.6	1967	1730.15	12	1.26661
XM_623389.6	1610	1373.15	0	0
XM_623394.6	3672	3435.15	0	0
XM_623404.6	1657	1420.15	43	5.52944
XM_623406.6	4535	4298.15	85.9655	3.65249
XM_623410.6	3671	3434.15	0	0
XM_623415.6	997	760.148	0	0
XM_623419.6	1361	1124.15	5	0.812256
XM_623426.6	1098	861.148	22	4.66543
XM_623430.6	1012	775.148	10	2.35593
XM_623432.6	1621	1384.15	56	7.38843
XM_623433.6	1786	1549.15	11	1.29672
XM_623435.5	1939	1702.15	75	8.04656
XM_623437.6	1782	1545.15	31	3.66385
XM_623438.5	677	443.11	53	21.8429
XM_623439.5	2371	2134.15	0.99999	0.0855692
XM_623440.5	2325	2088.15	0	0
XM_623442.6	1397	1160.15	0	0
XM_623453.4	1931	1694.15	10	1.07794
XM_623462.5	2447	2210.15	5	0.413138
XM_623468.6	3084	2847.15	5.92684	0.380154
XM_623473.6	1038	801.148	0	0
XM_623477.6	1234	997.148	35	6.40995
XM_623478.6	980	743.224	0	0
XM_623481.5	1450	1213.15	4.43811	0.668083
XM_623483.5	962	725.297	2	0.503571
XM_623485.6	7004	6767.15	0	0
XM_623486.5	3092	2855.15	13	0.831498
XM_623487.6	2183	1946.15	48	4.50414
XM_623489.6	1979	1742.15	5	0.524121
XM_623492.6	2925	2688.15	272	18.4783
XM_623494.6	1198	961.148	85.9939	16.3389
XM_623495.6	1374	1137.15	5.9975	0.963162
XM_623496.6	1637	1400.15	218	28.4334
XM_623497.5	1320	1083.15	29	4.88941
XM_623500.6	1098	861.148	3	0.636195
XM_623502.5	663	429.548	12	5.10171
XM_623503.5	656	422.719	386	166.756
XM_623505.6	3311	3074.15	0	0
XM_623510.5	1584	1347.15	15	2.0334
XM_623514.5	4906	4669.15	112	4.38053
XM_623515.5	1161	924.148	23	4.54499
XM_623517.6	5043	4806.15	0	0
XM_623524.6	1841	1604.15	67	7.62741
XM_623527.6	849	613.102	9	2.68075
XM_623533.6	2366	2129.15	5	0.428855
XM_623536.6	3119	2882.15	70	4.43535
XM_623540.6	2368	2131.15	10.7589	0.921938
XM_623543.6	830	594.102	20.213	6.21321
XM_623545.6	2252	2015.15	0	0
XM_623546.6	1060	823.148	7.7995	1.73036
XM_623549.6	2104	1867.15	100	9.78065
XM_623551.6	1535	1298.15	5.73488	0.806765
XM_623553.4	744	509.025	15	5.38144
XM_623556.6	1628	1391.15	5.62068	0.737839
XM_623557.6	1656	1419.15	3.38514	0.435608
XM_623561.6	8253	8016.15	911.025	20.7544
XM_623562.5	7634	7397.15	28.4809	0.703129
XM_623568.6	2630	2393.15	3.49821	0.266946
XM_623570.6	1088	851.148	2	0.429113
XM_623571.5	1286	1049.15	10	1.74064
XM_623578.5	2239	2002.15	18	1.64181
XM_623582.6	4498	4261.15	3.55102	0.152185
XM_623583.5	1216	979.148	0	0
XM_623586.6	1227	990.148	2	0.368873
XM_623589.6	1785	1548.15	0	0
XM_623590.5	1331	1094.15	2	0.333811
XM_623592.5	1719	1482.15	420	51.7493
XM_623593.5	2653	2416.15	3.82	0.288726
XM_623595.5	990	753.224	47	11.3952
XM_623596.6	1173	936.148	21	4.09658
XM_623599.6	1441	1204.15	4.15016	0.629408
XM_623600.5	3634	3397.15	95	5.10688
XM_623601.5	936	699.582	0	0
XM_623602.5	2608	2371.15	38	2.92665
XM_623612.6	1168	931.148	0	0
XM_623617.6	1535	1298.15	8.01326	1.12728
XM_623618.6	2297	2060.15	26	2.30474
XM_623620.6	2042	1805.15	42	4.24896
XM_623621.6	1182	945.148	2	0.386435
XM_623622.6	1541	1304.15	42.6342	5.97005
XM_623632.6	1334	1097.15	7	1.16514
XM_623634.6	2111	1874.15	23	2.24114
XM_623641.6	3615	3378.15	74	4.00036
XM_623643.6	1399	1162.15	115	18.071
XM_623645.6	2198	1961.15	30.6389	2.85305
XM_623646.6	1102	865.148	56	11.8207
XM_623647.6	1506	1269.15	16	2.30226
XM_623649.5	3936	3699.15	96	4.73932
XM_623651.6	1079	842.148	1	0.216849
XM_623655.6	1573	1336.15	19.3398	2.64328
XM_623656.5	1768	1531.15	4.83067	0.576151
XM_623657.6	1224	987.148	34.903	6.45695
XM_623660.6	1201	964.148	10	1.8941
XM_623667.6	1655	1418.15	9	1.15896
XM_623669.4	1898	1661.15	76	8.3551
XM_623670.5	2532	2295.15	35	2.78486
XM_623673.6	1650	1413.15	73	9.43369
XM_623675.6	3382	3145.15	0	0
XM_623678.6	962	725.297	9	2.26607
XM_623682.6	2355	2118.15	41.8127	3.60494
XM_623687.6	1173	936.148	19	3.70643
XM_623695.6	1270	1033.15	0	0
XM_623696.6	2961	2724.15	0	0
XM_623698.6	2038	1801.15	7.19997	0.730009
XM_623701.6	1117	880.148	6	1.24492
XM_623702.6	2348	2111.15	2	0.173005
XM_623703.5	1464	1227.15	4	0.595264
XM_623707.6	2623	2386.15	0	0
XM_623712.6	2062	1825.15	18.8348	1.88456
XM_623714.6	877	640.915	6	1.70961
XM_623718.5	1245	1008.15	2	0.362287
XM_623720.5	2672	2435.15	0	0
XM_623721.6	1493	1256.15	8	1.16304
XM_623722.5	2120	1883.15	120	11.6371
XM_623724.5	1566	1329.15	602	82.7122
XM_623728.4	863	626.978	250	72.8172
XM_623729.6	4433	4196.15	108	4.70023
XM_623735.6	2408	2171.15	6.93657	0.583448
XM_623736.5	1239	1002.15	10	1.82228
XM_623742.6	1354	1117.15	9	1.47122
XM_623744.5	1096	859.148	3	0.637676
XM_623746.6	4781	4544.15	46	1.84864
XM_623747.5	1130	893.148	100	20.4467
XM_623748.5	669	435.331	34	14.2628
XM_623750.6	1255	1018.15	12	2.15237
XM_623751.5	629	396.376	1	0.460722
XM_623752.6	4014	3777.15	7	0.338439
XM_623755.6	1044	807.148	0	0
XM_623761.6	4148	3911.15	4.01113	0.187288
XM_623762.6	1127	890.148	2	0.410312
XM_623765.6	1861	1624.15	0	0
XM_623766.5	1769	1532.15	3	0.357575
XM_623767.6	1334	1097.15	0	0
XM_623771.6	1513	1276.15	14	2.00343
XM_623772.6	2240	2003.15	15	1.36749
XM_623773.6	3538	3301.15	0	0
XM_623776.6	497	274.338	36	23.9642
XM_623778.6	1184	947.148	39	7.51957
XM_623779.5	2610	2373.15	1.19243	0.0917602
XM_623786.6	1765	1528.15	49.8285	5.95468
XM_623790.5	3138	2901.15	8	0.503578
XM_623791.6	549	320.48	1	0.56983
XM_623792.6	3618	3381.15	8	0.432088
XM_623794.6	742	507.076	15	5.40213
XM_623796.6	1708	1471.15	11.3153	1.40461
XM_623797.6	1376	1139.15	31.1524	4.99411
XM_623799.6	1078	841.148	0	0
XM_623800.6	1426	1189.15	16	2.45714
XM_623804.6	648	414.804	50	22.0127
XM_623805.5	2222	1985.15	6	0.551956
XM_623806.5	697	462.612	21	8.28989
XM_623807.5	1081	844.148	15	3.24503
XM_623810.5	765	529.66	143	49.3044
XM_623813.6	1402	1165.15	3.0988	0.485689
XM_623817.6	3929	3692.15	69.4086	3.43305
XM_623818.6	893	656.786	2	0.556099
XM_623819.6	1477	1240.15	0	0
XM_623820.6	2141	1904.15	1.94179	0.186229
XM_623824.6	2110	1873.15	3.76396	0.366961
XM_623826.6	3774	3537.15	2	0.103258
XM_623829.6	1882	1645.15	71	7.88134
XM_623831.6	1934	1697.15	12	1.29124
XM_623833.6	1282	1045.15	0	0
XM_623834.5	1255	1018.15	8	1.43491
XM_623837.5	1206	969.148	2	0.376866
XM_623839.6	1513	1276.15	4.5531	0.651557
XM_623844.6	1151	914.148	6	1.19862
XM_623850.6	2150	1913.15	71	6.77729
XM_623856.6	3632	3395.15	53	2.85078
XM_623857.5	4536	4299.15	8.56792	0.363948
XM_623861.6	1452	1215.15	0	0
XM_623865.6	1380	1143.15	2	0.319502
XM_623867.5	4076	3839.15	22	1.04649
XM_623872.5	1145	908.148	11	2.21199
XM_623875.6	1196	959.148	4	0.761589
XM_623877.6	2567	2330.15	16	1.25396
XM_623883.6	937	700.582	8	2.08534
XM_623884.5	1238	1001.15	0	0
XM_623888.6	3281	3044.15	8	0.479922
XM_623890.5	1188	951.148	1	0.191999
XM_623891.5	1843	1606.15	0	0
XM_623894.5	4517	4280.15	33.2603	1.4191
XM_623895.6	2517	2280.15	3	0.240273
XM_623899.6	1178	941.148	81	15.7171
XM_623900.5	4956	4719.15	0	0
XM_623902.5	2122	1885.15	3	0.290618
XM_623903.6	1546	1309.15	9	1.25545
XM_623905.6	1151	914.148	22	4.39494
XM_623907.6	4765	4528.15	23.9995	0.967896
XM_623909.5	2171	1934.15	5.32676	0.502944
XM_623910.6	2243	2006.15	36	3.27707
XM_623911.6	1053	816.148	7	1.5663
XM_623912.6	2606	2369.15	2.42825e-05	1.87175e-06
XM_623914.6	1638	1401.15	105	13.6852
XM_623915.6	3213	2976.15	37	2.27035
XM_623916.6	2799	2562.15	25	1.7819
XM_623918.6	1000	763.148	70	16.7508
XM_623919.5	1424	1187.15	538	82.7607
XM_623921.6	1461	1224.15	19.3913	2.89281
XM_623922.6	1888	1651.15	35.6033	3.93778
XM_623927.6	1111	874.148	21	4.38713
XM_623930.5	1889	1652.15	24	2.65283
XM_623932.5	1067	830.148	7.36048	1.61919
XM_623933.6	2192	1955.15	64	5.97787
XM_623934.5	1190	953.148	18	3.44873
XM_623938.6	1843	1606.15	7	0.795901
XM_623939.6	1773	1536.15	21	2.49651
XM_623943.6	2031	1794.15	56	5.70002
XM_623947.6	2907	2670.15	6	0.410357
XM_623948.6	2132	1895.15	111.053	10.7012
XM_623949.6	4183	3946.15	16.9018	0.782181
XM_623951.6	858	622.04	54	15.8534
XM_623955.6	2986	2749.15	0	0
XM_623962.6	1631	1394.15	38.499	5.04298
XM_623964.6	1523	1286.15	24.3785	3.46149
XM_623970.3	2535	2298.15	0	0
XM_623971.6	2709	2472.15	34.3152	2.53489
XM_623972.6	1447	1210.15	28.737	4.3366
XM_623974.5	1858	1621.15	17.3903	1.95898
XM_623976.5	1287	1050.15	2	0.347797
XM_623977.5	655	421.719	0	0
XM_623978.5	862	625.978	12	3.50081
XM_623979.6	4153	3916.15	29.7594	1.38775
XM_623980.6	1108	871.148	4	0.838522
XM_623982.6	1507	1270.15	2	0.287556
XM_623985.6	2333	2096.15	0	0
XM_623988.6	7629	7392.15	0	0
XM_623990.6	2289	2052.15	7	0.622925
XM_623993.6	3198	2961.15	164	10.1142
XM_623996.5	835	599.102	4.8465e-05	1.47732e-05
XM_623997.6	993	756.224	3	0.724465
XM_623998.4	601	369.416	21	10.3813
XM_623999.6	1667	1430.15	13.6205	1.73923
XM_624003.6	4501	4264.15	46.2852	1.98224
XM_624004.6	2316	2079.15	36	3.16201
XM_624005.5	5027	4790.15	38	1.44871
XM_624009.6	2643	2406.15	5	0.379485
XM_624011.6	7311	7074.15	108	2.78802
XM_624015.6	3542	3305.15	3.19031	0.176274
XM_624016.4	563	333.621	12	6.56863
XM_624020.5	5364	5127.15	16	0.569889
XM_624022.6	2560	2323.15	19	1.49356
XM_624023.5	1576	1339.15	0	0
XM_624027.6	1662	1425.15	16	2.05025
XM_624033.5	2177	1940.15	4	0.376506
XM_624035.6	596	364.638	164	82.135
XM_624037.6	12210	11973.1	11.9611	0.182436
XM_624040.6	1216	979.148	0	0
XM_624044.5	680	445.977	7	2.86637
XM_624045.5	1445	1208.15	13.1146	1.98236
XM_624049.6	767	531.607	36	12.3668
XM_624050.6	2218	1981.15	2	0.184357
XM_624051.6	1685	1448.15	4	0.504421
XM_624054.6	1586	1349.15	1	0.135359
XM_624057.6	4414	4177.15	0	0
XM_624059.6	1770	1533.15	47.988	5.71603
XM_624061.6	2245	2008.15	31	2.81911
XM_624062.6	5519	5282.15	2.85066e-08	9.85557e-10
XM_624065.6	1275	1038.15	6.0614	1.06625
XM_624067.5	977	740.224	58.6976	14.4812
XM_624071.6	2154	1917.15	25	2.38139
XM_624073.5	981	744.224	877	215.2
XM_624074.6	2962	2725.15	24	1.6083
XM_624082.5	1383	1146.15	23	3.66466
XM_624083.6	836	600.102	17	5.17333
XM_624084.5	937	700.582	8.00377	2.08632
XM_624085.6	2531	2294.15	11.8854	0.946106
XM_624090.5	2446	2209.15	0	0
XM_624091.6	989	752.224	2	0.485545
XM_624092.6	2005	1768.15	36	3.71818
XM_624093.5	1587	1350.15	0	0
XM_624094.6	1813	1576.15	0	0
XM_624095.5	4582	4345.15	9.72348	0.408662
XM_624097.5	3313	3076.15	12.0664	0.716335
XM_624099.5	1344	1107.15	12	1.97935
XM_624101.6	2070	1833.15	53	5.27989
XM_624106.6	1225	988.148	49.8564	9.21394
XM_624108.6	1580	1343.15	46	6.25433
XM_624109.5	1952	1715.15	92	9.79564
XM_624111.6	637	404.175	7	3.16282
XM_624115.6	1074	837.148	7	1.52701
XM_624116.6	3155	2918.15	8	0.500644
XM_624118.6	1343	1106.15	14	2.31133
XM_624120.6	1488	1251.15	33.5936	4.90337
XM_624122.6	3002	2765.15	30	1.9813
XM_624123.5	5723	5486.15	74.6415	2.48462
XM_624125.5	11561	11324.1	106.185	1.71239
XM_624127.5	2082	1845.15	0	0
XM_624129.4	835	599.102	11.8888	3.62397
XM_624131.6	1949	1712.15	34	3.62647
XM_624133.6	6103	5866.15	0	0
XM_624134.5	3460	3223.15	31	1.75642
XM_624138.6	1158	921.148	2.08591	0.413535
XM_624141.5	2542	2305.15	16.9994	1.34673
XM_624142.6	2603	2366.15	7.13694	0.550828
XM_624143.6	2202	1965.15	5	0.464645
XM_624144.5	597	365.527	26	12.9897
XM_624147.6	2271	2034.15	9	0.807991
XM_624148.6	2398	2161.15	6	0.507006
XM_624150.5	3191	2954.15	49	3.02908
XM_624158.6	1608	1371.15	161	21.4431
XM_624159.5	3767	3530.15	0.928062	0.0480099
XM_624160.5	2345	2108.15	17	1.47263
XM_624161.5	1531	1294.15	36	5.08002
XM_624163.5	996	759.148	0	0
XM_624166.5	2566	2329.15	15	1.17609
XM_624169.6	2062	1825.15	75	7.50429
XM_624170.6	1281	1044.15	18	3.14816
XM_624172.6	3519	3282.15	41.0583	2.28449
XM_624175.5	2238	2001.15	3	0.273772
XM_624176.6	1131	894.148	4	0.816953
XM_624178.6	3845	3608.15	948.141	47.9883
XM_624179.6	740	505.126	22	7.9537
XM_624180.6	3093	2856.15	15	0.959085
XM_624190.6	1510	1273.15	3	0.430317
XM_624191.6	2168	1931.15	13.4915	1.27583
XM_624196.6	1312	1075.15	5	0.849275
XM_624202.5	1036	799.148	11	2.51369
XM_624203.6	1202	965.148	11	2.08135
XM_624204.6	1944	1707.15	3	0.32092
XM_624207.6	3117	2880.15	17.9544	1.13842
XM_624210.6	3935	3698.15	9.58897	0.473516
XM_624212.6	1556	1319.15	2	0.276875
XM_624217.6	1078	841.148	63	13.6778
XM_624218.5	675	441.199	1	0.413915
XM_624220.4	2193	1956.15	3.81436	0.356096
XM_624223.5	3181	2944.15	16.36	1.01477
XM_624224.6	669	435.331	19	7.97041
XM_624225.6	2743	2506.15	71	5.17366
XM_624226.6	1615	1378.15	0	0
XM_624227.6	1599	1362.15	0	0
XM_624228.6	2982	2745.15	70.061	4.66076
XM_624229.6	1228	991.148	55	10.1338
XM_624230.6	2000	1763.15	1.84218	0.190805
XM_624231.6	6832	6595.15	351.134	9.72287
XM_624237.5	1416	1179.15	140	21.6823
XM_624240.6	1577	1340.15	2.70263	0.368281
XM_624241.6	1338	1101.15	4	0.663378
XM_624243.4	1583	1346.15	0	0
XM_624245.6	2549	2312.15	4	0.31593
XM_624246.6	419	209.641	62	54.0086
XM_624248.6	1955	1718.15	64	6.80246
XM_624250.4	1693	1456.15	33	4.13861
XM_624251.6	3921	3684.15	0	0
XM_624253.5	591	359.748	76	38.58
XM_624254.5	2522	2285.15	1	0.0799157
XM_624258.5	1604	1367.15	20	2.67154
XM_624263.5	1758	1521.15	138.574	16.6363
XM_624274.6	3825	3588.15	17	0.865217
XM_624275.5	2155	1918.15	28.1772	2.68264
XM_624276.5	1745	1508.15	0	0
XM_624278.6	2207	1970.15	7.37464	0.683579
XM_624279.6	817	581.162	42	13.1977
XM_624280.6	2243	2006.15	34	3.09501
XM_624281.5	5694	5457.15	122.741	4.10744
XM_624284.6	2496	2259.15	5	0.404177
XM_624289.6	2570	2333.15	0	0
XM_624291.6	779	543.553	0	0
XM_624292.6	2057	1820.15	29	2.90963
XM_624294.6	1721	1484.15	41	5.04491
XM_624295.6	1831	1594.15	0	0
XM_624296.6	2229	1992.15	7	0.641686
XM_624297.6	1056	819.148	8.41152	1.87525
XM_624298.6	2936	2699.15	67	4.53309
XM_624300.5	3618	3381.15	22	1.18824
XM_624302.5	1118	881.148	102.06	21.152
XM_624304.5	1889	1652.15	6	0.663206
XM_624307.6	699	464.566	7	2.75168
XM_624314.5	2227	1990.15	0	0
XM_624316.5	1312	1075.15	45.4813	7.72522
XM_624318.6	2030	1793.15	0	0
XM_624319.5	1842	1605.15	0	0
XM_624321.6	1047	810.148	0	0
XM_624322.5	1331	1094.15	5	0.834527
XM_624327.6	1408	1171.15	45	7.01693
XM_624330.5	1099	862.148	18	3.81274
XM_624331.6	1754	1517.15	1	0.12037
XM_624332.6	2500	2263.15	1.4846	0.119796
XM_624334.6	1396	1159.15	9	1.41791
XM_624335.6	1229	992.148	5.08466	0.935906
XM_624336.5	892	655.786	10	2.78474
XM_624340.6	2616	2379.15	56	4.29846
XM_624341.5	736	501.227	0	0
XM_624343.6	1115	878.148	230	47.8307
XM_624345.6	1233	996.148	7.90593	1.44936
XM_624346.6	1921	1684.15	37	4.01206
XM_624348.6	1837	1600.15	0	0
XM_624349.5	3141	2904.15	0	0
XM_624350.5	1193	956.148	126	24.0653
XM_624351.6	2207	1970.15	36	3.33695
XM_624354.6	1517	1280.15	30	4.27964
XM_624355.6	1449	1212.15	1.05666	0.159194
XM_624357.5	851	615.102	14	4.15649
XM_624361.6	997	760.148	5	1.20121
XM_624364.6	1129	892.148	5	1.02348
XM_624366.6	1443	1206.15	1.24576	0.188617
XM_624367.5	3156	2919.15	54.0255	3.37978
XM_624369.5	1274	1037.15	18	3.16941
XM_624370.6	1766	1529.15	27.8382	3.32459
XM_624373.5	1296	1059.15	10	1.72421
XM_624374.4	3017	2780.15	0	0
XM_624375.5	1168	931.148	32.5541	6.38461
XM_624379.6	4670	4433.15	6.27036	0.258302
XM_624381.6	3149	2912.15	19.9649	1.25199
XM_624382.6	1167	930.148	5	0.981668
XM_624383.5	1228	991.148	2.27312	0.418823
XM_624389.6	898	661.72	64.501	17.8008
XM_624390.5	1683	1446.15	14	1.76792
XM_624392.6	2212	1975.15	8.39019	0.775744
XM_624394.5	872	635.915	15	4.30763
XM_624396.6	1314	1077.15	6	1.01724
XM_624400.6	3482	3245.15	31.9438	1.79762
XM_624402.6	2730	2493.15	0	0
XM_624403.5	1790	1553.15	20	2.3516
XM_624405.6	2550	2313.15	23.1405	1.8269
XM_624408.6	2273	2036.15	93.439	8.38041
XM_624409.6	2050	1813.15	4.75557	0.478978
XM_624411.6	7388	7151.15	13.1897	0.336827
XM_624412.4	1269	1032.15	0	0
XM_624414.6	1169	932.148	41	8.0324
XM_624416.6	2205	1968.15	22	2.04132
XM_624417.5	1475	1238.15	0	0
XM_624418.6	942	705.582	7	1.81174
XM_624420.6	2293	2056.15	0	0
XM_624421.5	905	668.72	0	0
XM_624426.6	798	562.277	0	0
XM_624427.6	3803	3566.15	11.7406	0.601225
XM_624429.6	717	482.425	12	4.54253
XM_624431.5	1370	1133.15	22	3.54554
XM_624432.5	751	515.871	9	3.18602
XM_624434.6	3564	3327.15	38	2.08573
XM_624435.6	1807	1570.15	31	3.60552
XM_624443.4	3663	3426.15	13	0.692921
XM_624446.6	1851	1614.15	27	3.05469
XM_624450.5	776	540.607	5	1.68902
XM_624453.6	3149	2912.15	76	4.76592
XM_624454.6	865	628.915	7	2.0326
XM_624455.5	2866	2629.15	20.7854	1.44375
XM_624459.6	1721	1484.15	12.5	1.53808
XM_624461.6	1613	1376.15	16	2.12325
XM_624463.6	1430	1193.15	0	0
XM_624464.6	1783	1546.15	78.1246	9.22749
XM_624466.5	1197	960.148	27	5.13537
XM_624469.6	1652	1415.15	0	0
XM_624471.6	1061	824.148	9	1.99427
XM_624472.6	2141	1904.15	26	2.49356
XM_624474.6	3455	3218.15	7	0.397227
XM_624476.6	750	514.922	3	1.06396
XM_624477.6	1273	1036.15	4	0.704993
XM_624478.6	5623	5386.15	26	0.881539
XM_624480.6	3062	2825.15	3.07856	0.199
XM_624481.6	825	589.162	1	0.309965
XM_624484.5	763	527.713	18	6.22904
XM_624494.5	2102	1865.15	152	14.8825
XM_624496.6	1483	1246.15	7	1.02583
XM_624497.5	1544	1307.15	22	3.07358
XM_624498.6	1166	929.148	0	0
XM_624501.6	1512	1275.15	7	1.0025
XM_624503.6	1062	825.148	76	16.8201
XM_624504.4	2110	1873.15	146.49	14.2818
XM_624505.6	1476	1239.15	10.3737	1.52882
XM_624508.6	1533	1296.15	10	1.40894
XM_624510.6	3064	2827.15	16	1.03352
XM_624517.6	1020	783.148	4	0.932745
XM_624518.5	1353	1116.15	1	0.163616
XM_624519.5	947	710.441	16	4.11281
XM_624522.5	1018	781.148	3	0.701349
XM_624523.6	1584	1347.15	0	0
XM_624524.6	2805	2568.15	37	2.63104
XM_624526.6	1829	1592.15	5	0.573499
XM_624527.6	836	600.102	9	2.73882
XM_624528.6	1925	1688.15	4.1833	0.452538
XM_624529.6	2277	2040.15	28.6263	2.56242
XM_624530.5	1750	1513.15	74	8.93093
XM_624531.6	771	535.607	4	1.36383
XM_624532.5	1266	1029.15	8.0775	1.43333
XM_624533.6	1015	778.148	18	4.22432
XM_624534.6	1138	901.148	6	1.21591
XM_624538.5	897	660.786	1	0.276366
XM_624540.6	627	394.456	28	12.963
XM_624545.6	3017	2780.15	250	16.4217
XM_624546.6	3010	2773.15	0	0
XM_624549.6	1414	1177.15	4	0.620548
XM_624550.6	3487	3250.15	12	0.674256
XM_624556.6	2087	1850.15	6.28033	0.619901
XM_624558.6	890	653.786	11	3.07258
XM_624559.6	1529	1292.15	5	0.70665
XM_624560.6	1784	1547.15	2.10867e-08	2.48899e-09
XM_624561.6	2472	2235.15	64.81	5.2952
XM_624564.5	2025	1788.15	3	0.306383
XM_624568.6	2628	2391.15	0	0
XM_624570.5	3600	3363.15	104.099	5.65257
XM_624571.5	1938	1701.15	0	0
XM_624573.5	1115	878.148	4	0.831838
XM_624574.6	1746	1509.15	0.543142	0.0657246
XM_624575.5	1528	1291.15	26	3.67742
XM_624577.6	1519	1282.15	50	7.12161
XM_624578.6	2103	1866.15	0	0
XM_624581.6	1622	1385.15	1	0.131841
XM_624586.6	9544	9307.15	0.139228	0.00273184
XM_624588.6	1335	1098.15	238	39.5788
XM_624590.6	732	497.278	14.5583	5.34635
XM_624591.6	965	728.297	13	3.25973
XM_624592.5	1008	771.148	76.8923	18.2092
XM_624593.6	3307	3070.15	7	0.416375
XM_624594.6	1310	1073.15	0	0
XM_624604.6	974	737.297	13	3.21993
XM_624605.6	1835	1598.15	44.7458	5.11307
XM_624610.6	1451	1214.15	44	6.61801
XM_624612.5	1283	1046.15	6	1.04738
XM_624613.6	685	450.886	6	2.43014
XM_624617.6	1070	833.148	426	93.3757
XM_624622.5	1721	1484.15	21	2.58398
XM_624633.6	5210	4973.15	29.447	1.08132
XM_624634.6	2044	1807.15	10.2326	1.03404
XM_624635.6	3112	2875.15	221	14.0371
XM_624637.6	943	706.512	38	9.82224
XM_624639.6	2046	1809.15	31	3.12921
XM_624640.6	1808	1571.15	12	1.3948
XM_624641.5	6556	6319.15	37.536	1.08477
XM_624644.5	672	438.199	3	1.25025
XM_624648.6	604	372.341	730	358.037
XM_624649.5	1177	940.148	4	0.776981
XM_624651.6	2581	2344.15	18.6043	1.44936
XM_624652.6	4257	4020.15	51.4331	2.3364
XM_624653.5	5141	4904.15	184	6.85174
XM_624654.5	2620	2383.15	1.37268	0.105188
XM_624658.6	1047	810.148	788	177.627
XM_624660.6	1289	1052.15	0	0
XM_624662.6	8311	8074.15	36.717	0.830456
XM_624664.5	1504	1267.15	7	1.00883
XM_624665.6	1850	1613.15	0	0
XM_624670.6	3542	3305.15	16.9877	0.938623
XM_624671.6	820	584.162	27	8.44068
XM_624675.6	3411	3174.15	240.754	13.8513
XM_624681.6	835	599.102	12	3.65786
XM_624683.4	912	675.72	3	0.810776
XM_624687.5	2342	2105.15	0	0
XM_624688.6	2322	2085.15	40	3.50324
XM_624689.5	1192	955.148	11	2.10314
XM_624690.6	1352	1115.15	34	5.56792
XM_624691.6	1838	1601.15	4	0.456221
XM_624693.6	630	397.376	156.619	71.9762
XM_624695.5	2597	2360.15	0	0
XM_624697.6	634	401.216	33	15.0204
XM_624698.6	521	295.404	6	3.7092
XM_624699.5	2428	2191.15	43	3.5838
XM_624700.6	1789	1552.15	19	2.23546
XM_624701.6	2499	2262.15	10	0.807282
XM_624703.5	1543	1306.15	4	0.55926
XM_624704.6	2755	2518.15	10	0.725212
XM_624705.5	2250	2013.15	7	0.634993
XM_624706.6	2397	2160.15	0	0
XM_624707.6	1162	925.148	13	2.56613
XM_624708.6	3225	2988.15	40	2.44458
XM_624710.6	1012	775.148	14	3.2983
XM_624712.6	1270	1033.15	50	8.838
XM_624718.5	2276	2039.15	37	3.3136
XM_624719.6	2135	1898.15	35	3.36732
XM_624722.6	2348	2111.15	41.0936	3.55469
XM_624730.6	2063	1826.15	131	13.1003
XM_624738.6	2857	2620.15	32	2.23034
XM_624741.6	2537	2300.15	0	0
XM_624745.6	2642	2405.15	7.06102	0.536133
XM_624746.6	770	534.607	10	3.41595
XM_624748.5	3768	3531.15	0	0
XM_624751.6	1872	1635.15	44.5399	4.97438
XM_624755.6	2232	1995.15	0	0
XM_624756.6	3769	3532.15	21	1.08574
XM_624757.5	744	509.025	2	0.717526
XM_624760.5	1291	1054.15	0	0
XM_624761.6	1200	963.148	3	0.56882
XM_624765.5	1440	1203.15	20	3.03569
XM_624769.5	1519	1282.15	3.87421	0.551813
XM_624774.6	2635	2398.15	128.018	9.74855
XM_624776.5	521	295.404	6	3.7092
XM_624784.6	456	239.474	31	23.6402
XM_624792.6	1611	1374.15	4.93308	0.655588
XM_624793.6	997	760.148	51.0609	12.267
XM_624795.6	1488	1251.15	0	0
XM_624796.6	1777	1540.15	2	0.237145
XM_624798.6	695	460.658	15.8987	6.30273
XM_624800.6	1405	1168.15	0	0
XM_624802.6	2802	2565.15	39	2.77651
XM_624803.6	1062	825.148	19	4.20502
XM_624805.6	1993	1756.15	5	0.519943
XM_624808.5	1838	1601.15	6	0.684331
XM_624811.6	867	630.915	4	1.15781
XM_624812.5	3077	2840.15	21	1.35028
XM_624813.6	1581	1344.15	10	1.35862
XM_624815.5	1373	1136.15	3.29632	0.529835
XM_624816.5	1184	947.148	29	5.59148
XM_624817.4	1318	1081.15	6	1.01347
XM_624818.6	1378	1141.15	306	48.9695
XM_624819.6	3879	3642.15	51	2.55717
XM_624820.6	1259	1022.15	770	137.57
XM_624821.6	1451	1214.15	42	6.31719
XM_624823.6	793	557.333	3	0.982999
XM_624824.6	1169	932.148	12	2.35095
XM_624825.6	1525	1288.15	0.112717	0.0159798
XM_624830.6	2401	2164.15	67.997	5.73785
XM_624833.5	1019	782.148	6	1.40091
XM_624834.5	1323	1086.15	21	3.53083
XM_624835.6	757	521.871	146	51.0901
XM_624841.6	2932	2695.15	4.36275	0.295613
XM_624842.6	1208	971.148	0	0
XM_624843.5	1460	1223.15	284.936	42.5417
XM_624846.6	2431	2194.15	8.37045	0.696674
XM_624849.6	739	504.177	58	21.0083
XM_624850.6	2985	2748.15	2.28489	0.151835
XM_624858.5	2083	1846.15	92	9.10055
XM_624860.5	1778	1541.15	0	0
XM_624862.6	1861	1624.15	21.8693	2.45898
XM_624864.5	1840	1603.15	21	2.39217
XM_624866.6	1203	966.148	0	0
XM_624868.6	592	360.748	217	109.851
XM_624869.5	3595	3358.15	44	2.39276
XM_624874.5	1696	1459.15	8	1.00124
XM_624876.6	731	496.278	11.3792	4.1873
XM_624878.5	1727	1490.15	54	6.61776
XM_624883.6	2976	2739.15	0	0
XM_624886.6	3329	3092.15	0	0
XM_624887.6	1028	791.148	28	6.46319
XM_624888.6	6349	6112.15	23.8695	0.713175
XM_624889.6	4679	4442.15	17.6098	0.723948
XM_624890.5	867	630.915	3.19385	0.924465
XM_624891.6	1758	1521.15	18.4573	2.21586
XM_624892.5	1684	1447.15	3	0.378577
XM_624893.6	906	669.72	222	60.5349
XM_624895.6	4765	4528.15	107.257	4.32564
XM_624896.6	1587	1350.15	5	0.676293
XM_624899.5	3341	3104.15	245.765	14.4585
XM_624903.6	2791	2554.15	30	2.14497
XM_624905.6	520	294.465	13	8.06224
XM_624907.5	685	450.886	32	12.9607
XM_624909.5	1540	1303.15	10	1.40137
XM_624910.6	1408	1171.15	25	3.8983
XM_624915.5	788	552.388	23	7.60378
XM_624927.6	943	706.512	76	19.6445
XM_624928.6	6685	6448.15	1.93484	0.0547969
XM_624930.6	1641	1404.15	0	0
XM_624931.6	855	619.102	0	0
XM_624932.5	1284	1047.15	0	0
XM_624933.6	1654	1417.15	48	6.18547
XM_624935.5	732	497.278	32	11.7516
XM_624936.6	3187	2950.15	0	0
XM_624937.5	2923	2686.15	0	0
XM_624939.6	1545	1308.15	5	0.698007
XM_624940.6	718	483.425	191	72.1524
XM_624943.6	2151	1914.15	16	1.52648
XM_624945.6	2321	2084.15	0	0
XM_624947.5	3092	2855.15	98	6.26822
XM_624950.5	3406	3169.15	7.75996	0.44716
XM_624955.6	811	575.22	15	4.76216
XM_624958.5	830	594.102	5	1.53693
XM_624961.5	1002	765.148	6	1.43203
XM_624967.6	2827	2590.15	165.836	11.6923
XM_624968.5	1103	866.148	13	2.74093
XM_624971.6	1215	978.148	2	0.373398
XM_624972.5	597	365.527	0	0
XM_624973.5	630	397.376	0	0
XM_624974.6	1315	1078.15	406	68.7692
XM_624975.6	1151	914.148	3	0.59931
XM_624977.6	1608	1371.15	1.75154	0.233283
XM_624981.5	1084	847.148	13	2.8024
XM_624982.6	6981	6744.15	6.84507	0.185352
XM_624984.5	586	355.218	29	14.909
XM_624985.6	1335	1098.15	32.217	5.3576
XM_624986.6	1852	1615.15	15	1.696
XM_624988.5	1985	1748.15	45	4.7009
XM_624990.5	514	289.067	12	7.58105
XM_624991.6	3742	3505.15	50.1947	2.61516
XM_624992.6	3581	3344.15	3	0.163826
XM_624995.5	1862	1625.15	3.20244	0.359861
XM_624997.6	1714	1477.15	4	0.494518
XM_624998.5	2576	2339.15	78	6.08952
XM_625002.6	855	619.102	7	2.06482
XM_625006.6	607	375.303	953	463.721
XM_625007.6	2240	2003.15	20.9985	1.91435
XM_625009.6	907	670.72	0	0
XM_625012.4	1413	1176.15	0	0
XM_625014.5	578	347.859	14	7.34974
XM_625017.6	2542	2305.15	7	0.554556
XM_625018.5	2830	2593.15	64.7847	4.56238
XM_625020.6	1285	1048.15	10	1.7423
XM_625024.5	808	572.277	81	25.8479
XM_625025.6	1643	1406.15	0	0
XM_625026.5	3341	3104.15	8	0.470646
XM_625027.5	1702	1465.15	0	0
XM_625028.6	1898	1661.15	8	0.879484
XM_625031.6	1461	1224.15	44	6.56395
XM_625032.6	2005	1768.15	23.4117	2.41802
XM_625034.5	3462	3225.15	13.998	0.792614
XM_625035.5	1215	978.148	3	0.560097
XM_625036.5	1547	1310.15	17	2.3696
XM_625047.6	1681	1444.15	59	7.46082
XM_625048.5	2022	1785.15	0	0
XM_625052.6	5684	5447.15	45.0496	1.51032
XM_625056.6	2204	1967.15	0	0
XM_625057.6	783	547.388	20	6.67238
XM_625059.6	10041	9804.15	46.4384	0.864995
XM_625060.5	965	728.297	7	1.75524
XM_625064.6	866	629.915	3	0.869732
XM_625066.5	1367	1130.15	24	3.87813
XM_625067.6	2039	1802.15	1	0.101334
XM_625068.6	2222	1985.15	2.31506e-08	2.12969e-09
XM_625070.6	1266	1029.15	0	0
XM_625071.6	1922	1685.15	0	0
XM_625072.6	1799	1562.15	8.80083	1.02884
XM_625074.5	1609	1372.15	3	0.39927
XM_625075.5	1091	854.148	12	2.56563
XM_625077.6	1255	1018.15	8	1.43491
XM_625079.6	1910	1673.15	10.2229	1.1158
XM_625080.6	1367	1130.15	6	0.969533
XM_625081.5	1106	869.148	15	3.15169
XM_625083.6	1749	1512.15	3	0.362304
XM_625089.6	2764	2527.15	3	0.216789
XM_625090.5	1175	938.148	9	1.75193
XM_625092.5	1497	1260.15	0	0
XM_625095.6	836	600.102	64	19.4761
XM_625096.5	1336	1099.15	15	2.49219
XM_625097.5	1168	931.148	72	14.1208
XM_625098.6	2607	2370.15	87	6.70332
XM_625099.6	4343	4106.15	67	2.9798
XM_625100.6	2452	2215.15	3	0.247323
XM_625101.6	642	409.052	341	152.238
XM_625102.6	890	653.786	0	0
XM_625105.5	1127	890.148	3	0.615468
XM_625107.6	1226	989.148	1	0.184623
XM_625108.5	1039	802.148	0	0
XM_625109.6	2453	2216.15	34	2.80173
XM_625110.6	2782	2545.15	5	0.358759
XM_625111.5	1226	989.148	100	18.4623
XM_625115.6	1180	943.148	32	6.19607
XM_625116.6	418	208.963	23	20.1004
XM_625117.6	3492	3255.15	9.80108	0.549857
XM_625118.6	686	451.796	1	0.404207
XM_625120.5	1789	1552.15	0	0
XM_625121.6	1195	958.148	0	0
XM_625122.5	2546	2309.15	181.477	14.3522
XM_625123.6	1478	1241.15	1	0.147137
XM_625129.6	1674	1437.15	0	0
XM_625131.6	1237	1000.15	9.44649	1.72486
XM_625134.6	1247	1010.15	14	2.53098
XM_625140.6	3359	3122.15	54	3.15854
XM_625143.6	1057	820.148	0	0
XM_625144.5	2263	2026.15	5.368	0.483824
XM_625145.6	1343	1106.15	8	1.32076
XM_625146.6	1589	1352.15	21.8712	2.95389
XM_625148.6	968	731.297	32.2456	8.05235
XM_625149.6	604	372.341	65	31.88
XM_625151.6	1999	1762.15	69	7.15078
XM_625153.6	2069	1832.15	3	0.299025
XM_625154.6	863	626.978	14.6724	4.2736
XM_625155.5	807	571.277	2	0.639337
XM_625156.5	852	616.102	24	7.11385
XM_625157.5	4704	4467.15	0	0
XM_625161.6	1310	1073.15	34	5.78583
XM_625162.6	2713	2476.15	3	0.221254
XM_625163.6	1465	1228.15	25	3.71737
XM_625166.6	808	572.277	3	0.957329
XM_625167.6	3068	2831.15	0	0
XM_625168.6	1306	1069.15	6.54738	1.11835
XM_625176.6	2403	2166.15	15.2703	1.28738
XM_625177.4	861	624.978	12	3.50641
XM_625178.6	682	447.977	1	0.407653
XM_625179.6	4431	4194.15	0	0
XM_625180.4	1907	1670.15	0	0
XM_625181.6	2250	2013.15	9	0.816419
XM_625182.6	735	500.227	16	5.84116
XM_625186.5	2125	1888.15	23	2.22453
XM_625187.6	4822	4585.15	13	0.517769
XM_625193.6	2903	2666.15	11	0.753451
XM_625198.6	1716	1479.15	10	1.23462
XM_625199.5	1885	1648.15	37	4.0997
XM_625202.6	408	201.092	14	12.7139
XM_625203.5	873	636.915	10	2.86725
XM_625206.6	1214	977.148	22	4.11158
XM_625207.5	1201	964.148	14	2.65174
XM_625210.6	637	404.175	5	2.25916
XM_625211.5	2545	2308.15	0.569265	0.0450399
XM_625212.6	2360	2123.15	7	0.602094
XM_625217.5	2129	1892.15	5.87188	0.56672
XM_625219.6	2749	2512.15	143	10.3953
XM_625220.6	3623	3386.15	29.0158	1.56486
XM_625221.6	2448	2211.15	11	0.908492
XM_625222.4	1414	1177.15	12	1.86164
XM_625223.5	1171	934.148	30	5.86479
XM_625224.5	3100	2863.15	8	0.510261
XM_625225.6	879	642.851	12.4498	3.5367
XM_625226.5	2961	2724.15	73	4.89371
XM_625227.6	1951	1714.15	6	0.639219
XM_625233.6	3491	3254.15	94.6109	5.30946
XM_625234.6	2183	1946.15	119	11.1665
XM_625238.6	2687	2450.15	20.071	1.49597
XM_625239.6	1860	1623.15	4.96915	0.559075
XM_625242.6	473	253.454	59	42.5108
XM_625247.6	2263	2026.15	9	0.811181
XM_625250.4	804	568.277	2	0.642712
XM_625251.6	614	381.808	132	63.1358
XM_625255.6	1095	858.148	93	19.791
XM_625258.6	949	712.441	0	0
XM_625261.6	1158	921.148	7	1.38776
XM_625262.6	3346	3109.15	960.291	56.4037
XM_625269.6	2139	1902.15	79	7.58454
XM_625271.6	1470	1233.15	70	10.3664
XM_625272.5	2264	2027.15	0.0312728	0.00281727
XM_625274.6	754	518.871	29	10.2067
XM_625277.6	2186	1949.15	15	1.40538
XM_625281.6	657	423.677	17	7.32758
XM_625290.6	2554	2317.15	254.37	20.0474
XR_001702082.2	3044	2807.15	24	1.56132
XR_001702084.2	2523	2286.15	3	0.239642
XR_001702090.2	837	601.102	5.78014	1.75605
XR_001702095.2	1774	1537.15	1	0.118804
XR_001702096.2	1615	1378.15	0	0
XR_001702102.1	1487	1250.15	0	0
XR_001702108.1	646	412.887	1.13577	0.502347
XR_001702109.1	1088	851.148	2	0.429113
XR_001702111.2	375	175.674	2.28591	2.37629
XR_001702112.2	326	138.836	0	0
XR_001702113.2	904	667.72	0	0
XR_001702114.2	350	156.822	3.34806	3.8988
XR_001702131.2	1136	899.148	0	0
XR_001702146.2	6135	5898.15	1.1671	0.036136
XR_001702147.2	3385	3148.15	6.8329	0.396366
XR_001702148.2	1601	1364.15	0	0
XR_001702149.2	1562	1325.15	0	0
XR_001702155.2	4661	4424.15	0	0
XR_001702156.2	8148	7911.15	0	0
XR_001702158.2	1399	1162.15	0	0
XR_001702159.2	1636	1399.15	0	0
XR_001702160.2	1532	1295.15	9	1.26902
XR_001702184.2	1681	1444.15	1	0.126455
XR_001702192.2	451	235.459	0	0
XR_001702200.2	7601	7364.15	12	0.297581
XR_001702201.2	709	474.425	0	0
XR_001702206.2	3372	3135.15	0	0
XR_001702207.2	1102	865.148	1	0.211084
XR_001702208.2	4078	3841.15	0	0
XR_001702219.2	5039	4802.15	6	0.228172
XR_001702228.2	1649	1412.15	0	0
XR_001702229.2	3580	3343.15	0	0
XR_001702230.2	1459	1222.15	42.6581	6.37417
XR_001702234.2	719	484.425	0	0
XR_001702238.2	1126	889.148	0	0
XR_001702239.2	2743	2506.15	7.78493	0.567276
XR_001702240.2	2727	2490.15	0	0
XR_001702245.2	4572	4335.15	4	0.168501
XR_001702257.2	693	458.704	0	0
XR_001702259.2	938	701.582	0	0
XR_001702262.2	761	525.765	6	2.08404
XR_001702266.2	943	706.512	0	0
XR_001702267.2	843	607.102	0	0
XR_001702281.2	4535	4298.15	11	0.467367
XR_001702282.2	1446	1209.15	4.66751	0.70494
XR_001702285.2	470	250.852	720	524.157
XR_001702291.2	385	183.226	1	0.99669
XR_001702295.2	764	528.66	4.22962	1.46107
XR_001702301.2	496	273.566	1	0.667551
XR_001702306.2	3352	3115.15	0	0
XR_001702307.2	3052	2815.15	5.78505	0.375277
XR_001702309.2	3119	2882.15	0	0
XR_001702314.2	260	96.5318	2	3.78361
XR_001702317.2	2585	2348.15	0.00301562	0.00023453
XR_001702322.2	1868	1631.15	0	0
XR_001702324.2	1373	1136.15	0	0
XR_001702332.2	1177	940.148	1	0.194245
XR_001702334.2	2604	2367.15	8.60074	0.663525
XR_001702335.2	2199	1962.15	0	0
XR_001702340.1	327	139.697	0	0
XR_001702342.2	2348	2111.15	0	0
XR_001702346.2	6583	6346.15	0	0
XR_001702348.2	5590	5353.15	5	0.170572
XR_001702350.2	5938	5701.15	0	0
XR_001702356.2	1998	1761.15	43.9202	4.55422
XR_001702357.2	6481	6244.15	0	0
XR_001702364.2	2273	2036.15	0	0
XR_001702365.2	2457	2220.15	2	0.164511
XR_001702366.2	2269	2032.15	0	0
XR_001702367.2	2744	2507.15	12	0.874073
XR_001702368.2	2167	1930.15	0	0
XR_001702378.2	1060	823.148	3	0.665564
XR_001702380.2	2613	2376.15	28.6141	2.19914
XR_001702381.2	721	486.376	3	1.12641
XR_001702396.2	558	328.755	0	0
XR_001702399.2	1504	1267.15	20.108	2.89794
XR_001702403.2	5221	4984.15	0	0
XR_001702404.2	5121	4884.15	0	0
XR_001702410.2	963	726.297	1	0.251439
XR_001702415.2	3393	3156.15	10	0.578614
XR_001702425.2	1317	1080.15	0	0
XR_001702430.2	4216	3979.15	0	0
XR_001702431.2	4168	3931.15	0	0
XR_001702432.2	3552	3315.15	0	0
XR_001702450.2	2753	2516.15	3	0.217737
XR_001702453.2	4063	3826.15	0	0
XR_001702458.2	892	655.786	0	0
XR_001702471.2	3677	3440.15	0	0
XR_001702481.2	4883	4646.15	0	0
XR_001702482.2	4852	4615.15	0	0
XR_001702483.2	4960	4723.15	0	0
XR_001702484.2	4891	4654.15	0	0
XR_001702485.2	4309	4072.15	5	0.22423
XR_001702486.2	4952	4715.15	0	0
XR_001702487.2	5030	4793.15	0	0
XR_001702489.2	1454	1217.15	0	0
XR_001702490.2	1308	1071.15	1	0.170489
XR_001702491.2	1301	1064.15	0	0
XR_001702495.2	4772	4535.15	2.00139	0.080591
XR_001702498.2	1395	1158.15	2	0.315364
XR_001702500.2	694	459.658	1	0.397293
XR_001702501.2	4419	4182.15	7	0.305665
XR_001702502.2	1536	1299.15	1	0.140568
XR_001702505.2	615	382.808	2	0.954104
XR_001702510.2	3730	3493.15	96.3125	5.03515
XR_001702512.2	1082	845.148	0	0
XR_001702513.2	1352	1115.15	0	0
XR_001702514.2	690	455.704	0	0
XR_001702515.2	813	577.22	1	0.316377
XR_001702517.2	801	565.277	0	0
XR_001702519.2	4294	4057.15	5.74667	0.258667
XR_001702522.2	1801	1564.15	3.33929	0.389872
XR_001702525.2	1127	890.148	1	0.205156
XR_001702526.2	4386	4149.15	0.779358	0.0343024
XR_001702529.2	4192	3955.15	0	0
XR_001702533.2	5787	5550.15	0	0
XR_001702542.2	817	581.162	12.9118	4.0573
XR_001702559.2	1440	1203.15	0	0
XR_001702568.2	2111	1874.15	0	0
XR_001702569.2	2229	1992.15	0	0
XR_001702570.2	1761	1524.15	0	0
XR_001702571.2	2129	1892.15	0	0
XR_001702572.2	1793	1556.15	0	0
XR_001702573.2	1640	1403.15	0	0
XR_001702574.2	2046	1809.15	0	0
XR_001702575.2	2051	1814.15	0	0
XR_001702576.2	2120	1883.15	0	0
XR_001702578.2	648	414.804	10	4.40254
XR_001702581.2	2597	2360.15	9.73388	0.75317
XR_001702582.2	413	204.967	1	0.890968
XR_001702585.2	5637	5400.15	0	0
XR_001702587.2	5571	5334.15	0	0
XR_001702588.2	5548	5311.15	0	0
XR_001702589.2	1440	1203.15	0	0
XR_001702591.2	2745	2508.15	0	0
XR_001702594.2	2933	2696.15	0	0
XR_001702597.2	351	157.502	4	4.63789
XR_001702600.2	1090	853.148	0	0
XR_001702601.2	1054	817.148	2	0.446967
XR_001702602.2	384	182.393	2	2.00248
XR_001702611.2	469	249.984	2	1.46105
XR_001702612.2	1499	1262.15	7	1.01282
XR_001702613.2	1382	1145.15	4	0.637889
XR_001702633.2	746	510.974	2	0.714789
XR_001702659.2	2756	2519.15	0	0
XR_001702660.2	2648	2411.15	9	0.681656
XR_001702667.1	4112	3875.15	0	0
XR_001702669.2	4969	4732.15	3.60205e-06	1.39008e-07
XR_001702671.2	5116	4879.15	0	0
XR_001702672.2	4906	4669.15	2.00244	0.0783194
XR_001702684.2	1719	1482.15	0	0
XR_001702685.2	2591	2354.15	2.51512	0.195106
XR_001702687.2	1655	1418.15	9.96384	1.28307
XR_001702688.1	813	577.22	8.52105	2.69587
XR_001702689.2	1876	1639.15	9.72788	1.08379
XR_001702690.2	1539	1302.15	2.27528	0.319095
XR_001702694.2	4078	3841.15	12.8251	0.609744
XR_001702700.2	836	600.102	5	1.52157
XR_001702703.2	429	217.564	22	18.4664
XR_001702704.2	3456	3219.15	46.4429	2.63466
XR_001702705.2	3334	3097.15	41.1388	2.42569
XR_001702706.2	1893	1656.15	0.228643	0.0252119
XR_001702707.2	2914	2677.15	0	0
XR_001702714.2	1206	969.148	4	0.753731
XR_001702715.2	2560	2323.15	13	1.02191
XR_001702716.2	1687	1450.15	10	1.25931
XR_001702723.2	1249	1012.15	5	0.902137
XR_001702727.2	1122	885.148	0	0
XR_001702734.2	3447	3210.15	4	0.227552
XR_001702738.2	1429	1192.15	0	0
XR_001702743.2	1393	1156.15	0	0
XR_001702744.2	1232	995.148	0	0
XR_001702748.2	2939	2702.15	4	0.270332
XR_001702749.2	4429	4192.15	0	0
XR_001702751.2	5318	5081.15	0.0351365	0.00126282
XR_001702752.2	5295	5058.15	3.09355	0.111689
XR_001702758.2	1199	962.148	4	0.759215
XR_001702759.2	207	64.019	0	0
XR_001702760.2	3926	3689.15	2.75484	0.136369
XR_001702762.2	3734	3497.15	3.04855	0.159194
XR_001702764.2	2240	2003.15	7	0.638163
XR_001702766.2	4538	4301.15	0	0
XR_001702769.2	428	216.776	4.51586	3.8043
XR_001702771.2	2032	1795.15	7.08911	0.721171
XR_001702774.2	2386	2149.15	9	0.764756
XR_001702777.2	947	710.441	5.5096	1.41624
XR_001702794.2	622	389.575	0	0
XR_001702795.2	2688	2451.15	13	0.968546
XR_001702796.2	2745	2508.15	0	0
XR_001702807.2	469	249.984	0	0
XR_001702808.2	3321	3084.15	0	0
XR_001702809.2	2878	2641.15	2.98383	0.206314
XR_001702823.2	3050	2813.15	16.3032	1.05834
XR_001702840.2	1657	1420.15	0	0
XR_001702869.2	5809	5572.15	15	0.491604
XR_001702879.2	918	681.652	18.3237	4.90905
XR_001702880.2	1954	1717.15	4	0.425401
XR_001702891.2	2802	2565.15	0	0
XR_001702892.2	3184	2947.15	0	0
XR_001702893.2	3732	3495.15	11.961	0.624953
XR_001702894.2	3721	3484.15	0	0
XR_001702897.1	1229	992.148	4.73434	0.871424
XR_001702898.2	1060	823.148	0	0
XR_001702899.2	1049	812.148	0	0
XR_001702900.2	739	504.177	6	2.17327
XR_001702910.2	2111	1874.15	0	0
XR_001702917.2	4637	4400.15	69.5173	2.88517
XR_001702918.2	2096	1859.15	0	0
XR_001702919.2	2091	1854.15	0	0
XR_001702921.2	1548	1311.15	0	0
XR_001702923.2	6573	6336.15	2	0.0576436
XR_001702926.2	2086	1849.15	0	0
XR_001702928.1	677	443.11	0	0
XR_001702929.2	1354	1117.15	0	0
XR_001702932.2	2734	2497.15	13	0.950704
XR_001702936.2	2137	1900.15	0	0
XR_001702946.2	2786	2549.15	0	0
XR_001702958.2	715	480.425	0	0
XR_001702959.2	3777	3540.15	0	0
XR_001702971.2	1149	912.148	1	0.200208
XR_001702974.2	1266	1029.15	1	0.177447
XR_001702976.2	355	160.515	0	0
XR_001702978.2	1146	909.148	39	7.83387
XR_001702979.2	2403	2166.15	4	0.337224
XR_001702983.1	315	131.376	0.762227	1.05953
XR_001703018.2	6807	6570.15	0	0
XR_001703022.2	2062	1825.15	0	0
XR_001703023.2	2058	1821.15	3.03122e-08	3.03962e-09
XR_001703024.2	7243	7006.15	5.36972	0.139965
XR_001703025.2	1468	1231.15	1	0.148332
XR_001703031.2	1347	1110.15	1	0.1645
XR_001703032.1	545	316.675	0	0
XR_001703036.2	6188	5951.15	2.65003	0.0813197
XR_001703038.2	6054	5817.15	0	0
XR_001703063.2	1353	1116.15	0	0
XR_001703068.2	4828	4591.15	0	0
XR_001703069.2	1134	897.148	3	0.610666
XR_001703070.2	4350	4113.15	0.000206682	9.17645e-06
XR_001703074.2	4363	4126.15	9.176e-06	4.06121e-07
XR_001703075.2	4364	4127.15	7.22404e-06	3.19651e-07
XR_001703076.2	1293	1056.15	7	1.21037
XR_001703079.2	568	338.381	0	0
XR_001703080.2	733	498.278	0	0
XR_001703081.2	3272	3035.15	0	0
XR_001703083.2	4214	3977.15	0	0
XR_001703089.2	2685	2448.15	9.00121	0.671444
XR_001703091.2	4689	4452.15	0	0
XR_001703097.2	2269	2032.15	0	0
XR_001703102.2	4181	3944.15	48	2.22246
XR_001703103.1	1905	1668.15	0	0
XR_001703104.2	577	346.929	0	0
XR_001703112.2	3794	3557.15	57	2.9263
XR_001703122.2	5004	4767.15	0	0
XR_001703123.2	4962	4725.15	0	0
XR_001703124.2	5170	4933.15	20.8689	0.772543
XR_001703127.1	4905	4668.15	0	0
XR_001703133.2	4606	4369.15	10.3026	0.430622
XR_001703137.2	1900	1663.15	2.1617	0.237362
XR_001703139.2	1703	1466.15	0	0
XR_001703140.2	1433	1196.15	17	2.59544
XR_001703141.2	1330	1093.15	0	0
XR_001703142.2	4375	4138.15	0	0
XR_001703143.2	5257	5020.15	0	0
XR_001703159.1	386	183.995	0	0
XR_001703160.2	3638	3401.15	0	0
XR_001703161.2	3590	3353.15	0.00050159	2.73176e-05
XR_001703162.2	3557	3320.15	8.70543	0.478827
XR_001703163.2	3646	3409.15	0	0
XR_001703164.2	1776	1539.15	0	0
XR_001703167.2	2305	2068.15	0	0
XR_001703168.2	2010	1773.15	0	0
XR_001703169.2	2116	1879.15	6	0.583092
XR_001703170.2	1727	1490.15	14.514	1.77871
XR_001703171.2	563	333.621	0	0
XR_001703174.2	5067	4830.15	0	0
XR_001703175.2	5310	5073.15	0	0
XR_001703177.2	3561	3324.15	0	0
XR_001703184.2	2363	2126.15	0	0
XR_001703192.2	2426	2189.15	0	0
XR_001703196.2	620	387.575	0	0
XR_001703210.2	4112	3875.15	6	0.282754
XR_001703215.2	2540	2303.15	4.39624	0.348583
XR_001703216.2	2308	2071.15	0	0
XR_001703218.2	2427	2190.15	0	0
XR_001703219.2	2450	2213.15	0	0
XR_001703221.2	2232	1995.15	0	0
XR_001703238.2	1137	900.148	0	0
XR_001703242.2	828	592.102	0	0
XR_001703248.2	2995	2758.15	4	0.264843
XR_001703257.2	4517	4280.15	1	0.0426666
XR_001703263.2	2526	2289.15	0	0
XR_001703264.2	2555	2318.15	0	0
XR_001703274.2	6505	6268.15	0	0
XR_001703285.2	2587	2350.15	4	0.310822
XR_001703286.2	3288	3051.15	2	0.119705
XR_001703292.2	406	199.27	0	0
XR_001703293.2	4848	4611.15	1	0.0396038
XR_001703297.2	4836	4599.15	12	0.476486
XR_001703299.2	1841	1604.15	0	0
XR_001703300.2	1674	1437.15	0	0
XR_001703301.2	1695	1458.15	0	0
XR_001703302.2	1781	1544.15	3	0.354796
XR_001703303.2	696	461.658	9	3.56015
XR_001703306.2	2326	2089.15	0	0
XR_001703308.2	1838	1601.15	0	0
XR_001703309.2	1224	987.148	0	0
XR_001703310.2	1500	1263.15	0	0
XR_001703311.2	1101	864.148	0	0
XR_001703312.2	640	407.052	0	0
XR_001703313.2	842	606.102	0	0
XR_001703314.2	874	637.915	0	0
XR_001703316.2	799	563.277	0	0
XR_001703318.2	585	354.218	0	0
XR_001703319.2	387	184.806	0	0
XR_001703320.2	1030	793.148	0	0
XR_001703323.2	2442	2205.15	0	0
XR_001703324.2	2286	2049.15	1	0.0891196
XR_001703325.2	2460	2223.15	0	0
XR_001703326.2	2386	2149.15	0	0
XR_001703331.2	891	654.786	11	3.06789
XR_001703333.2	510	285.63	0	0
XR_001703334.2	912	675.72	8	2.16207
XR_001703336.2	2975	2738.15	0.018468	0.00123171
XR_001703338.2	2964	2727.15	0.981532	0.0657268
XR_001703340.2	3420	3183.15	0	0
XR_001703343.2	705	470.425	0	0
XR_001703344.2	1355	1118.15	4	0.653292
XR_001703345.2	1775	1538.15	0	0
XR_001703346.2	1976	1739.15	0	0
XR_001703356.2	713	478.425	1	0.381709
XR_001703380.2	1498	1261.15	0	0
XR_001703402.2	9365	9128.15	0.000259728	5.19616e-06
XR_001703407.2	1205	968.148	0	0
XR_001703409.2	1290	1053.15	0	0
XR_001703413.2	3070	2833.15	3.0209	0.194721
XR_001703417.2	1155	918.148	0	0
XR_001703420.2	3771	3534.15	10.9756	0.56714
XR_001703422.2	3538	3301.15	0	0
XR_001703423.2	3449	3212.15	5.02439	0.28565
XR_001703435.2	1930	1693.15	16	1.72572
XR_001703437.2	6682	6445.15	8	0.226675
XR_001703439.2	4485	4248.15	0	0
XR_001703440.2	4428	4191.15	0	0
XR_001703441.2	4401	4164.15	0	0
XR_001703442.2	2636	2399.15	23.0822	1.75698
XR_001703451.2	1515	1278.15	0	0
XR_001703456.2	5428	5191.15	0	0
XR_001703457.2	5316	5079.15	6	0.215728
XR_001703459.2	4808	4571.15	0	0
XR_001703463.2	2716	2479.15	0	0
XR_001703464.2	1380	1143.15	1	0.159751
XR_001703465.2	637	404.175	6	2.71099
XR_001703466.2	629	396.376	1	0.460722
XR_001703469.2	554	324.955	0	0
XR_001703470.2	1808	1571.15	2	0.232466
XR_001703477.2	457	240.27	0	0
XR_001703489.2	940	703.582	0.0145185	0.00376837
XR_001703490.2	937	700.582	0.985241	0.25682
XR_001703491.2	672	438.199	2	0.833498
XR_001703494.2	4259	4022.15	1	0.0454034
XR_001703497.2	948	711.441	0	0
XR_001703498.2	1275	1038.15	140.948	24.7939
XR_001703499.2	1872	1635.15	0	0
XR_001703501.2	1839	1602.15	0.649275	0.074007
XR_001703505.2	345	153.15	0	0
XR_001703507.2	1712	1475.15	1.26808	0.156985
XR_001703510.2	1282	1045.15	0	0
XR_001703512.2	4592	4355.15	1.94752	0.0816632
XR_001703514.2	1826	1589.15	1	0.114916
XR_001703518.2	1488	1251.15	4	0.583845
XR_001703522.2	1376	1139.15	0	0
XR_001703523.2	1090	853.148	0	0
XR_001703528.2	4218	3981.15	0	0
XR_001703532.2	677	443.11	0	0
XR_001703535.2	441	227.347	1	0.803264
XR_001703545.2	1078	841.148	0	0
XR_001703546.2	298	119.582	0	0
XR_001703548.2	1191	954.148	19.9622	3.82067
XR_001703555.2	1927	1690.15	0	0
XR_001703556.2	1500	1263.15	0	0
XR_001703557.2	1198	961.148	0	0
XR_001703560.2	3159	2922.15	0	0
XR_001703561.2	5527	5290.15	0	0
XR_001703563.2	5370	5133.15	9.00058	0.320209
XR_001703565.2	1584	1347.15	0	0
XR_001703566.2	717	482.425	0	0
XR_001703577.2	873	636.915	2	0.573449
XR_001703578.2	958	721.37	1	0.253156
XR_001703580.2	1694	1457.15	0	0
XR_001703581.2	1679	1442.15	0	0
XR_001703586.2	4299	4062.15	0	0
XR_001703590.1	1423	1186.15	0	0
XR_001703593.2	2135	1898.15	0	0
XR_001703602.2	609	377.075	0	0
XR_001703605.2	2401	2164.15	0	0
XR_001703607.2	1181	944.148	0	0
XR_001703611.2	2858	2621.15	1	0.0696715
XR_001703632.2	4587	4350.15	11.9998	0.503753
XR_001703639.2	1739	1502.15	3	0.364716
XR_001703645.2	3568	3331.15	0	0
XR_001703653.2	763	527.713	0	0
XR_001703654.2	3183	2946.15	0	0
XR_001703664.2	2248	2011.15	1	0.0908035
XR_001703665.2	3029	2792.15	3	0.196214
XR_001703667.2	674	440.199	2	0.829711
XR_001703673.2	8266	8029.15	0	0
XR_001703674.2	8295	8058.15	14.5074	0.328777
XR_001703676.2	4375	4138.15	3.62395	0.159927
XR_001703677.2	1708	1471.15	0	0
XR_001703685.2	1374	1137.15	0	0
XR_001703689.2	1258	1021.15	0	0
XR_001703690.2	1104	867.148	0	0
XR_001703702.2	2668	2431.15	5	0.375582
XR_001703704.2	1854	1617.15	0	0
XR_001703711.2	3578	3341.15	0	0
XR_001703712.2	4885	4648.15	0.00022927	9.00771e-06
XR_001703713.2	4836	4599.15	7.99977	0.317648
XR_001703714.2	682	447.977	1	0.407653
XR_001703718.2	1358	1121.15	4	0.651544
XR_001703719.2	1934	1697.15	0	0
XR_001703721.2	2114	1877.15	0	0
XR_001703724.2	409	201.868	0	0
XR_001703725.2	1340	1103.15	0	0
XR_001703731.1	2319	2082.15	0	0
XR_001703732.2	867	630.915	2	0.578903
XR_001703733.1	2858	2621.15	7.72135	0.537958
XR_001703736.2	2552	2315.15	3	0.23664
XR_001703737.2	4297	4060.15	0.00157864	7.10048e-05
XR_001703742.2	1945	1708.15	0	0
XR_001703744.2	2355	2118.15	2.75769	0.237759
XR_001703746.2	2184	1947.15	0	0
XR_001703747.2	3750	3513.15	2.39709	0.124605
XR_001703751.2	3842	3605.15	75	3.79913
XR_001703764.2	759	523.871	2	0.697192
XR_001703772.2	7989	7752.15	0	0
XR_001703774.2	1445	1208.15	0	0
XR_001703775.2	1387	1150.15	0	0
XR_001703776.2	646	412.887	0	0
XR_001703784.2	719	484.425	1	0.376981
XR_001703787.2	1366	1129.15	1	0.161732
XR_001703789.2	1382	1145.15	0	0
XR_001703792.2	698	463.566	0	0
XR_001703798.2	1304	1067.15	0	0
XR_001703801.2	826	590.162	0	0
XR_001703823.2	5091	4854.15	0.00104949	3.9483e-05
XR_001703824.2	1201	964.148	0	0
XR_001703825.2	1246	1009.15	0	0
XR_001703828.2	984	747.224	0	0
XR_001703830.2	1290	1053.15	3	0.52021
XR_001703836.1	627	394.456	1	0.462964
XR_001703837.2	1678	1441.15	11	1.3939
XR_001703838.2	479	258.836	0	0
XR_001703842.2	9059	8822.15	53.9558	1.11689
XR_001703843.2	8456	8219.15	2.05055	0.0455606
XR_001703844.2	9322	9085.15	73.361	1.47462
XR_001703845.2	9253	9016.15	0.000256224	5.18974e-06
XR_001703847.2	3210	2973.15	9	0.552806
XR_001703852.2	3280	3043.15	11	0.66011
XR_001703855.2	418	208.963	1	0.873932
XR_001703860.2	1288	1051.15	3	0.521199
XR_001703862.2	292	116.227	0	0
XR_001703863.2	4758	4521.15	0	0
XR_001703865.2	4414	4177.15	13.9917	0.611699
XR_001703867.2	1031	794.148	1	0.229956
XR_001703868.2	1590	1353.15	2.10767	0.284448
XR_001703869.2	618	385.73	0	0
XR_001703870.2	3084	2847.15	0	0
XR_001703871.2	3254	3017.15	0	0
XR_001703873.2	2992	2755.15	0	0
XR_001703876.2	3271	3034.15	9	0.541692
XR_001703877.2	3683	3446.15	0	0
XR_001703880.2	3569	3332.15	0	0
XR_001703881.2	819	583.162	0	0
XR_001703886.2	7261	7024.15	0	0
XR_001703888.2	1022	785.148	0	0
XR_001703895.2	339	148.373	0	0
XR_001703904.2	2374	2137.15	0	0
XR_001703915.2	8069	7832.15	8.95005e-07	2.08685e-08
XR_001703916.2	7836	7599.15	0	0
XR_001703917.2	8065	7828.15	77.4716	1.8073
XR_001703918.2	8047	7810.15	8.04321	0.188069
XR_001703919.2	8046	7809.15	0	0
XR_001703920.2	8042	7805.15	5.1757e-06	1.21097e-07
XR_001703921.2	8025	7788.15	4.33766e-07	1.01711e-08
XR_001703922.2	8021	7784.15	42.2726	0.991731
XR_001703923.2	7834	7597.15	0.00446057	0.000107223
XR_001703924.2	7812	7575.15	6.33613	0.152749
XR_001703925.2	4616	4379.15	11.2673	0.469868
XR_001703931.2	988	751.224	5	1.21548
XR_001703935.2	1465	1228.15	2	0.29739
XR_001703942.2	7335	7098.15	3	0.0771832
XR_001703946.2	1626	1389.15	0	0
XR_001703947.2	1647	1410.15	0	0
XR_001703952.2	629	396.376	0	0
XR_001703954.2	1474	1237.15	0	0
XR_001703957.2	1439	1202.15	3.39303	0.515437
XR_001703958.2	440	226.42	0	0
XR_001703960.2	991	754.224	0	0
XR_001703970.2	1018	781.148	3	0.701349
XR_001703971.2	3654	3417.15	6.11095	0.326581
XR_001703972.2	3327	3090.15	8	0.472778
XR_001703999.2	3029	2792.15	0	0
XR_001704000.2	549	320.48	1	0.56983
XR_001704006.2	1009	772.148	0	0
XR_001704007.2	920	683.652	0	0
XR_001704008.2	2960	2723.15	0	0
XR_001704014.2	2993	2756.15	9	0.59633
XR_001704023.2	3392	3155.15	0	0
XR_001704026.2	3372	3135.15	1	0.058249
XR_001704029.2	5903	5666.15	14.0387	0.452465
XR_001704033.2	4571	4334.15	0	0
XR_001704034.2	4998	4761.15	4	0.153425
XR_001704036.2	8744	8507.15	6	0.128799
XR_001704039.2	9062	8825.15	0.0135432	0.00028025
XR_001704041.2	1518	1281.15	0	0
XR_001704043.2	1419	1182.15	1	0.154481
XR_001704044.2	840	604.102	1	0.302298
XR_001704046.2	4237	4000.15	1.03624	0.0473075
XR_001704049.2	2732	2495.15	0	0
XR_001704052.2	4560	4323.15	18.5202	0.782335
XR_001704053.2	325	138.148	0	0
XR_001704055.2	531	304.451	0	0
XR_001704056.2	2375	2138.15	0	0
XR_001704061.2	1137	900.148	8	1.62302
XR_001704064.2	1009	772.148	0	0
XR_001704065.2	3766	3529.15	0	0
XR_001704066.2	3741	3504.15	8.14214e-06	4.24329e-07
XR_001704067.2	3694	3457.15	4.99999	0.264118
XR_001704068.2	3763	3526.15	1.69035e-08	8.75434e-10
XR_001704069.2	3785	3548.15	0	0
XR_001704085.2	1846	1609.15	5	0.567441
XR_001704088.2	650	416.804	0	0
XR_001704089.2	678	444.021	0	0
XR_001704091.2	569	339.347	2	1.0763
XR_001704101.2	2356	2119.15	0	0
XR_001704102.2	309	127.008	1.74789	2.51322
XR_001704120.2	5208	4971.15	0	0
XR_001704121.2	4853	4616.15	0	0
XR_001704122.2	503	279.622	2	1.30619
XR_001704130.2	4356	4119.15	0	0
XR_001704131.2	2315	2078.15	4	0.351504
XR_001704132.2	1672	1435.15	1	0.127248
XR_001704162.2	5657	5420.15	0	0
XR_001704168.2	647	413.845	0	0
XR_001704182.2	1159	922.148	0	0
XR_001704187.2	5137	4900.15	1.62742	0.0606507
XR_001704190.2	1784	1547.15	0	0
XR_001704197.2	1141	904.148	0	0
XR_001704198.2	1064	827.148	0	0
XR_001704200.2	2205	1968.15	6.48059	0.601317
XR_001704208.2	11975	11738.1	0.00229952	3.57754e-05
XR_001704231.2	3971	3734.15	2.17321	0.106281
XR_001704245.2	255	93.4477	12	23.4509
XR_001704247.2	2103	1866.15	2	0.195718
XR_001704253.2	1404	1167.15	2.42371	0.379229
XR_001704279.2	2011	1774.15	0	0
XR_001704282.2	1156	919.148	16	3.17893
XR_001704287.2	2377	2140.15	1.00511	0.0857659
XR_001704291.2	1885	1648.15	0	0
XR_001704298.2	1074	837.148	36	7.8532
XR_001704299.2	148	32.516	0	0
XR_001704304.2	1644	1407.15	0	0
XR_001704346.2	874	637.915	0	0
XR_001704350.2	5151	4914.15	0	0
XR_001704353.2	8184	7947.15	9.63729	0.221457
XR_001704354.2	2147	1910.15	17.7597	1.69791
XR_001704373.2	1197	960.148	2.8207	0.536495
XR_001704377.2	1165	928.148	0	0
XR_001704379.2	2051	1814.15	0	0
XR_001704390.2	186	51.5528	0	0
XR_001704391.2	5981	5744.15	2	0.0635844
XR_001704393.2	1976	1739.15	37	3.88518
XR_001704394.2	852	616.102	15	4.44616
XR_001704396.2	1485	1248.15	0	0
XR_001704397.2	1059	822.148	11.1682	2.48072
XR_001704401.2	960	723.297	0	0
XR_001704402.2	1310	1073.15	5	0.850858
XR_001704407.2	1933	1696.15	70	7.53669
XR_001704408.2	261	97.1757	1	1.87927
XR_001704410.2	5632	5395.15	0	0
XR_001704424.2	1570	1333.15	1	0.136983
XR_001704432.2	2573	2336.15	13.236	1.03467
XR_001704433.2	2401	2164.15	0	0
XR_001704434.2	995	758.224	0	0
XR_001704438.2	1546	1309.15	25.9118	3.61455
XR_001704439.2	1783	1546.15	4.62778	0.546599
XR_001704441.2	592	360.748	0.740544	0.374881
XR_001704442.2	291	115.736	2	3.15579
XR_001704447.2	1434	1197.15	4	0.610181
XR_001704470.2	4396	4159.15	0	0
XR_001704471.2	3487	3250.15	12.7199	0.714704
XR_001704472.2	4401	4164.15	0	0
XR_001704473.2	4337	4100.15	0	0
XR_001704509.2	3849	3612.15	0	0
XR_001704511.2	3643	3406.15	0	0
XR_001704512.2	3714	3477.15	0	0
XR_001704513.2	3825	3588.15	0	0
XR_001704517.2	533	306.107	0	0
XR_001704522.2	1293	1056.15	0	0
XR_001704523.2	1756	1519.15	0	0
XR_001704525.2	2012	1775.15	0	0
XR_001704528.2	3041	2804.15	6	0.390748
XR_001704531.2	9271	9034.15	0.00206721	4.17872e-05
XR_001704535.2	22762	22525.1	82.6002	0.669669
XR_001704540.2	2222	1985.15	1	0.0919927
XR_001704543.2	401	195.415	0	0
XR_001704544.1	291	115.736	1	1.5779
XR_001704548.2	1270	1033.15	0	0
XR_001704555.2	626	393.456	0	0
XR_001704556.2	1116	879.148	1	0.207723
XR_001704558.2	2504	2267.15	2	0.1611
XR_001704561.2	2455	2218.15	0	0
XR_001704562.2	2683	2446.15	0	0
XR_001704573.2	2301	2064.15	2	0.176944
XR_001704578.2	3832	3595.15	2	0.101592
XR_001704586.2	886	649.786	10	2.81045
XR_001704591.2	1917	1680.15	4	0.434769
XR_001704603.2	1110	873.148	1	0.20915
XR_001704609.2	2362	2125.15	8	0.68746
XR_001704610.2	3769	3532.15	19.9859	1.03331
XR_001704622.2	4430	4193.15	21.3048	0.927865
XR_001704623.2	1995	1758.15	2	0.20774
XR_001704627.2	1471	1234.15	0	0
XR_001704665.2	525	298.977	1	0.610814
XR_001704681.2	933	696.652	0	0
XR_001704683.2	966	729.297	0	0
XR_001704685.2	2336	2099.15	3	0.26099
XR_001704686.2	2111	1874.15	0	0
XR_001704687.2	1010	773.148	0	0
XR_001704695.2	2466	2229.15	2.99038	0.244982
XR_001704700.2	7750	7513.15	6.51814	0.158434
XR_001704701.2	1276	1039.15	3	0.527218
XR_001704706.2	3011	2774.15	0	0
XR_001704707.2	2706	2469.15	9	0.665644
XR_001704709.2	150	33.4675	2	10.9132
XR_001704711.2	8326	8089.15	146	3.29606
XR_001704712.2	361	164.856	1	1.10775
XR_001704732.2	3700	3463.15	0	0
XR_001704734.2	4647	4410.15	42.5605	1.76238
XR_001704735.2	706	471.425	1	0.387377
XR_001704736.2	1749	1512.15	5	0.60384
XR_001704737.2	1787	1550.15	0	0
XR_001704741.2	2831	2594.15	4.64197	0.326779
XR_001704742.2	1014	777.148	0	0
XR_001704748.2	1306	1069.15	13	2.22051
XR_001704753.2	1671	1434.15	0	0
XR_001704760.2	4796	4559.15	24.7361	0.990819
XR_001704761.2	1498	1261.15	0	0
XR_001704762.2	1618	1381.15	4.26389	0.563783
XR_001704773.2	3719	3482.15	0	0
XR_001704774.2	3846	3609.15	0	0
XR_001704775.2	1700	1463.15	33.2079	4.14477
XR_001704776.2	3583	3346.15	0	0
XR_001704778.1	486	264.853	0	0
XR_001704781.2	2007	1770.15	0	0
XR_001704785.2	304	123.215	0	0
XR_001704786.2	1877	1640.15	2	0.222686
XR_001704788.2	2627	2390.15	3.99953	0.305584
XR_001704789.2	2649	2412.15	0.000472694	3.57868e-05
XR_001704795.2	1735	1498.15	0	0
XR_001704801.2	1510	1273.15	11.5391	1.65516
XR_001704803.2	1179	942.148	12.4609	2.41533
XR_001704805.2	567	337.416	0	0
XR_001704809.2	2532	2295.15	4.61986	0.36759
XR_001704810.2	3577	3340.15	0	0
XR_001704811.2	3559	3322.15	0	0
XR_001704812.2	640	407.052	4	1.79455
XR_001704813.2	4271	4034.15	0	0
XR_001704815.2	2868	2631.15	0	0
XR_001704816.2	2787	2550.15	6	0.429667
XR_001704817.2	2510	2273.15	11	0.883713
XR_001704819.2	461	243.575	4	2.99898
XR_001704848.2	1278	1041.15	0.0256973	0.00450735
XR_001704849.2	1273	1036.15	2.9743	0.524216
XR_001704850.2	1205	968.148	0	0
XR_001704856.2	3972	3735.15	5	0.24446
XR_001704858.2	1860	1623.15	1	0.112509
XR_001704874.2	3870	3633.15	8.70228	0.437418
XR_001704875.2	3021	2784.15	6.79256	0.445541
XR_001704890.2	2478	2241.15	6	0.488908
XR_001704893.2	1013	776.148	6.82473	1.60579
XR_001704901.2	2524	2287.15	3	0.239537
XR_001704910.2	1036	799.148	1	0.228517
XR_001704912.2	411	203.419	0	0
XR_001704917.2	1371	1134.15	0	0
XR_001704921.2	656	422.719	0	0
XR_001704922.2	722	487.376	5	1.87349
XR_001704924.2	716	481.425	0	0
XR_001704926.2	3759	3522.15	3.44497	0.178618
XR_001704928.2	3555	3318.15	27.0383	1.48809
XR_001704929.2	3025	2788.15	0	0
XR_001704930.2	3690	3453.15	6.99086	0.369711
XR_001704936.2	488	266.52	1	0.6852
XR_001704951.2	1300	1063.15	0	0
XR_001704952.1	608	376.189	3	1.45633
XR_001704965.2	5527	5290.15	0	0
XR_001704969.2	1512	1275.15	0	0
XR_001704972.2	1046	809.148	0	0
XR_001704976.2	1196	959.148	4.60331	0.876458
XR_001704977.2	1190	953.148	0	0
XR_001704983.2	267	101.144	0	0
XR_001704996.2	2596	2359.15	2	0.154818
XR_001704999.2	2714	2477.15	0	0
XR_001705000.2	1686	1449.15	0	0
XR_001705001.2	2450	2213.15	0	0
XR_001705008.2	2708	2471.15	0	0
XR_001705012.2	556	326.888	0	0
XR_001705013.2	770	534.607	0	0
XR_001705015.2	1059	822.148	0	0
XR_001705024.2	2193	1956.15	0	0
XR_001705025.2	1632	1395.15	0	0
XR_001705033.2	695	460.658	0	0
XR_001705034.2	651	417.762	3	1.31141
XR_001705040.1	1430	1193.15	0	0
XR_001705044.2	1221	984.148	0	0
XR_001705047.2	513	288.215	0	0
XR_001705064.2	2359	2122.15	3	0.258162
XR_001705079.2	4223	3986.15	0	0
XR_001705080.2	5945	5708.15	3.16206	0.101163
XR_001705082.2	1116	879.148	0	0
XR_001705085.2	1926	1689.15	1	0.108113
XR_001705087.2	1464	1227.15	0	0
XR_001705094.2	2826	2589.15	0	0
XR_001705115.2	2084	1847.15	0	0
XR_001705159.2	1044	807.148	1	0.226252
XR_001705165.2	1763	1526.15	0	0
XR_001705167.1	2726	2489.15	3.45583	0.253541
XR_001705181.2	2935	2698.15	2	0.135366
XR_001705182.2	2631	2394.15	0.992859	0.0757326
XR_001705187.2	1079	842.148	0	0
XR_001705188.2	1389	1152.15	3.71473	0.588798
XR_001705189.2	1392	1155.15	0.285265	0.0450981
XR_001705190.2	2169	1932.15	0	0
XR_001705196.2	552	323.12	1	0.565175
XR_001705202.1	520	294.465	0	0
XR_001705203.2	354	159.705	0	0
XR_001705204.2	638	405.175	7	3.15502
XR_001705209.2	4478	4241.15	23.743	1.02235
XR_001705211.2	6372	6135.15	0	0
XR_001705212.2	6364	6127.15	0	0
XR_001705213.2	6060	5823.15	90.8455	2.849
XR_001705214.2	5656	5419.15	26.1545	0.881378
XR_001705215.2	5647	5410.15	0	0
XR_001705216.2	923	686.652	0	0
XR_001705220.2	3060	2823.15	0	0
XR_001705234.2	486	264.853	2	1.37903
XR_001705236.2	572	342.139	9.68028	5.16692
XR_001705244.2	758	522.871	0	0
XR_001705275.2	939	702.582	0	0
XR_001705276.2	1292	1055.15	16	2.76919
XR_001705281.2	672	438.199	2.07055	0.8629
XR_001705283.2	1625	1388.15	0	0
XR_001705292.2	1829	1592.15	0	0
XR_001705294.2	452	236.132	0	0
XR_001705300.2	3663	3426.15	0	0
XR_001705302.2	2486	2249.15	0	0
XR_001705303.2	2477	2240.15	0	0
XR_001705305.2	379	178.571	0	0
XR_001705306.2	5484	5247.15	0	0
XR_001705307.2	1629	1392.15	0	0
XR_001705310.2	1607	1370.15	0	0
XR_001705311.2	1744	1507.15	9.73211e-06	1.17923e-06
XR_001705313.2	4824	4587.15	1	0.0398111
XR_001705334.2	2791	2554.15	2.55137	0.182421
XR_001705338.2	9966	9729.15	26	0.488028
XR_001705342.1	340	149.101	0	0
XR_001705345.2	478	257.918	3	2.12416
XR_001705351.2	1947	1710.15	0	0
XR_001705352.2	1925	1688.15	7.70661	0.83368
XR_001705353.2	1794	1557.15	5.07042	0.594649
XR_001705359.2	8781	8544.15	50.8773	1.08743
XR_001705361.2	4101	3864.15	39.467	1.86521
XR_001705367.2	621	388.575	0	0
XR_001705368.2	2290	2053.15	0	0
XR_001705370.2	1169	932.148	1.99517	0.390879
XR_001705371.2	1155	918.148	0	0
XR_001705377.2	622	389.575	0	0
XR_001705394.2	1541	1304.15	2	0.280059
XR_001705403.2	609	377.075	0	0
XR_001705418.2	3825	3588.15	0	0
XR_001705419.2	3745	3508.15	0.00797786	0.000415293
XR_001705420.2	3721	3484.15	6.98943	0.366346
XR_001705421.2	3749	3512.15	0.00259071	0.000134708
XR_001705424.2	1833	1596.15	0	0
XR_001705425.2	1746	1509.15	0	0
XR_001705428.2	852	616.102	0	0
XR_001705430.2	1528	1291.15	6.93205	0.980466
XR_001705435.2	1119	882.148	0	0
XR_001705438.2	4164	3927.15	0	0
XR_001705439.2	4259	4022.15	0	0
XR_001705442.2	571	341.278	0	0
XR_001705450.2	1580	1343.15	0	0
XR_001705454.2	911	674.72	2	0.541318
XR_001705459.2	4644	4407.15	0.949563	0.0393471
XR_001705461.2	8429	8192.15	0	0
XR_001705465.2	859	623.04	0	0
XR_001705467.2	503	279.622	0	0
XR_001705468.2	490	268.129	0	0
XR_001705478.2	1658	1421.15	0	0
XR_001705481.2	1575	1338.15	0	0
XR_001705483.2	3385	3148.15	3	0.174025
XR_001705490.2	1068	831.148	10.922	2.39978
XR_001705491.2	835	599.102	2.34094	0.71357
XR_001705494.2	5042	4805.15	7.33022e-07	2.78584e-08
XR_001705495.2	1805	1568.15	18.2911	2.1301
XR_001705500.2	1706	1469.15	0	0
XR_001705501.2	1788	1551.15	0	0
XR_001705502.2	1663	1426.15	0	0
XR_001705503.2	1724	1487.15	17.7726	2.18245
XR_001705504.2	1483	1246.15	0	0
XR_001705506.2	1591	1354.15	152.112	20.5137
XR_001705507.2	1673	1436.15	24.3239	3.093
XR_001705508.2	1461	1224.15	0	0
XR_001705518.2	6191	5954.15	0	0
XR_001705519.2	5887	5650.15	0	0
XR_001705520.2	5661	5424.15	0	0
XR_001705521.2	6344	6107.15	2.85625	0.0854092
XR_001705522.2	4751	4514.15	309.531	12.522
XR_001705523.2	5539	5302.15	136.758	4.7103
XR_001705525.2	1495	1258.15	1.987	0.288411
XR_001705531.2	1613	1376.15	15	1.99055
XR_001705537.2	857	621.102	0	0
XR_001705541.2	354	159.705	4.82546	5.51779
XR_001705551.2	1426	1189.15	0	0
XR_001705552.2	2470	2233.15	0	0
XR_001705555.2	640	407.052	0	0
XR_001705556.2	811	575.22	0	0
XR_001705566.2	3073	2836.15	1	0.0643899
XR_001705568.2	680	445.977	0	0
XR_001705570.2	1356	1119.15	2	0.326354
XR_001705574.2	1685	1448.15	0	0
XR_001705575.2	1197	960.148	9	1.71179
XR_001705577.2	1747	1510.15	3.20626	0.387726
XR_001705583.2	2740	2503.15	0	0
XR_001705584.2	1711	1474.15	1	0.123881
XR_001705586.2	1275	1038.15	4	0.703635
XR_001705587.2	491	269.045	2	1.35754
XR_001705594.2	4893	4656.15	0	0
XR_001705595.2	5735	5498.15	17.1364	0.56918
XR_001705596.2	4842	4605.15	4.01204	0.159099
XR_001705597.2	4528	4291.15	19.5131	0.830423
XR_001705600.2	4534	4297.15	0	0
XR_001705610.2	3925	3688.15	0	0
XR_001705618.2	2013	1776.15	17.3273	1.78155
XR_001705619.1	1164	927.148	0	0
XR_001705620.2	1634	1397.15	2.86187	0.374071
XR_001705621.2	1477	1240.15	0	0
XR_001705625.1	1269	1032.15	1.6882	0.298696
XR_001705629.2	812	576.22	0.493664	0.156455
XR_001705633.2	3263	3026.15	8.50381	0.51318
XR_001705634.2	3045	2808.15	5.78087	0.375941
XR_001705635.2	2918	2681.15	0	0
XR_001705636.2	3144	2907.15	15.1132	0.949374
XR_001705637.2	3237	3000.15	0	0
XR_001705638.2	1851	1614.15	2	0.226273
XR_001705642.2	2594	2357.15	3	0.232424
XR_001705645.2	4419	4182.15	13	0.567663
XR_001705651.2	853	617.102	1	0.29593
XR_001705654.2	3415	3178.15	10	0.574609
XR_001705668.1	145	31.2152	0	0
XR_001705670.2	398	193.089	5.78407	5.47044
XR_001705672.2	1669	1432.15	1.02705	0.130963
XR_001705674.2	2808	2571.15	13.7003	0.973079
XR_001705675.2	264	99.2773	35	64.382
XR_001705676.2	589	357.929	0	0
XR_001705677.2	1592	1355.15	0	0
XR_001705678.2	1694	1457.15	2	0.250653
XR_001705680.2	1803	1566.15	0	0
XR_001705681.2	1435	1198.15	0	0
XR_001705682.2	1421	1184.15	0	0
XR_001705688.2	850	614.102	8	2.37901
XR_001705692.2	2054	1817.15	1028.99	103.411
XR_001705693.1	1442	1205.15	33.1439	5.02239
XR_001705696.2	213	67.9168	0	0
XR_001705699.2	1298	1061.15	0	0
XR_001705703.2	1432	1195.15	0	0
XR_001705708.2	1635	1398.15	2.42439	0.316662
XR_001705716.2	4401	4164.15	14.5243	0.636964
XR_001705719.2	1257	1020.15	6	1.07407
XR_001705723.2	857	621.102	1	0.294024
XR_001705724.2	522	296.313	0	0
XR_001705725.2	2010	1773.15	1.32332e-06	1.36291e-07
XR_001705730.2	1026	789.148	0	0
XR_001705731.2	948	711.441	3	0.770067
XR_001705738.2	3659	3422.15	2	0.106728
XR_001705741.2	4541	4304.15	5	0.212143
XR_001705752.1	2026	1789.15	11.3755	1.16111
XR_001705753.2	627	394.456	0	0
XR_001705755.2	5996	5759.15	0.000369106	1.17041e-05
XR_001705756.2	5932	5695.15	22.7658	0.730004
XR_001705757.2	7516	7279.15	0	0
XR_001705758.2	2276	2039.15	0	0
XR_001705759.2	5240	5003.15	3	0.109503
XR_001705761.2	3354	3117.15	23.0805	1.35218
XR_001705762.2	729	494.327	0	0
XR_001705769.2	3950	3713.15	1	0.0491818
XR_001705774.2	2331	2094.15	0	0
XR_001705776.2	2338	2101.15	0	0
XR_001705777.2	1444	1207.15	0	0
XR_001705781.2	995	758.224	0	0
XR_001705783.2	877	640.915	0	0
XR_001705785.2	1558	1321.15	1.66243e-07	2.29794e-08
XR_001705788.2	992	755.224	0	0
XR_001705792.2	845	609.102	2	0.599634
XR_001705807.2	636	403.175	2	0.905905
XR_001705822.2	3473	3236.15	0	0
XR_001705833.2	1603	1366.15	0	0
XR_001705838.2	1868	1631.15	9.49917e-06	1.0635e-06
XR_001705839.2	1849	1612.15	0.999991	0.113276
XR_001705842.2	8081	7844.15	1.5795	0.0367724
XR_001705862.2	2906	2669.15	0.120077	0.00821547
XR_001705863.2	2896	2659.15	4.87992	0.335133
XR_001705880.2	5422	5185.15	0	0
XR_001705889.2	571	341.278	0	0
XR_001705896.2	799	563.277	0	0
XR_001705898.2	340	149.101	1	1.2248
XR_001705900.2	246	88.3653	0	0
XR_001705901.2	1587	1350.15	3	0.405776
XR_001705902.2	1839	1602.15	0	0
XR_001705905.2	4528	4291.15	0	0
XR_001705906.2	1086	849.148	1	0.215062
XR_001705908.2	1715	1478.15	1	0.123546
XR_001705909.2	5936	5699.15	215.467	6.90426
XR_001705910.2	3623	3386.15	164.903	8.89345
XR_001705911.2	2150	1913.15	6	0.572729
XR_001705917.2	4955	4718.15	4	0.154823
XR_001705918.2	6188	5951.15	0	0
XR_001705923.2	7220	6983.15	7.41579	0.193933
XR_001705935.1	422	212.039	1	0.861252
XR_001705951.2	1744	1507.15	0	0
XR_001705952.2	1300	1063.15	0	0
XR_001705953.2	1047	810.148	0	0
XR_001705958.2	2810	2573.15	0	0
XR_001705960.2	1329	1092.15	0	0
XR_001705970.2	677	443.11	2.02468	0.834433
XR_001705984.2	2098	1861.15	1.99995	0.196238
XR_001705992.2	1659	1422.15	1	0.128411
XR_001705994.2	1884	1647.15	19	2.10653
XR_001705995.2	351	157.502	0	0
XR_001705998.1	2435	2198.15	0	0
XR_001706004.2	445	230.608	0	0
XR_001706008.2	1507	1270.15	2.01583	0.289832
XR_001706010.2	1263	1026.15	11	1.95762
XR_001706016.2	6223	5986.15	13.8387	0.422177
XR_001706027.2	1089	852.148	0	0
XR_001706034.2	2163	1926.15	0	0
XR_001706040.2	3265	3028.15	7	0.422151
XR_001706092.2	885	648.786	3	0.844434
XR_001706093.2	2425	2188.15	4	0.333833
XR_001706094.2	2237	2000.15	0	0
XR_001706095.2	2146	1909.15	10	0.956548
XR_001706096.2	503	279.622	0.324634	0.212016
XR_001706103.2	3032	2795.15	0	0
XR_001706106.2	2089	1852.15	2	0.197197
XR_001706117.2	1185	948.148	11.0153	2.12162
XR_001706136.2	614	381.808	1	0.478301
XR_001706140.2	343	151.353	0	0
XR_001706142.2	1991	1754.15	0	0
XR_001706143.2	1321	1084.15	0	0
XR_001706144.2	3895	3658.15	0.0878538	0.00438577
XR_001706145.2	3878	3641.15	8.71771	0.437231
XR_001706146.2	1230	993.148	6	1.10328
XR_001706148.2	1167	930.148	0	0
XR_001706149.2	3893	3656.15	0	0
XR_001706150.2	3818	3581.15	0	0
XR_001706151.2	3801	3564.15	4.75297	0.243532
XR_001706155.2	1077	840.148	1.38762e-07	3.0162e-08
XR_001706157.2	1775	1538.15	0	0
XR_001706159.2	2030	1793.15	0	0
XR_001706160.2	2023	1786.15	0	0
XR_001706161.2	1735	1498.15	0	0
XR_001706165.2	644	411.011	0	0
XR_001706166.2	544	315.772	0	0
XR_001706167.2	567	337.416	0	0
XR_001706168.2	425	214.317	0	0
XR_001706169.2	546	317.643	0	0
XR_001706170.2	428	216.776	0	0
XR_001706183.2	2230	1993.15	0	0
XR_001706185.2	2013	1776.15	0	0
XR_001706186.2	1959	1722.15	5.19247	0.550617
XR_001706191.2	1258	1021.15	0	0
XR_001706193.2	589	357.929	0	0
XR_001706194.2	547	318.61	0	0
XR_001706199.2	2612	2375.15	0	0
XR_001706205.2	190	53.8586	1	3.39071
XR_001706206.2	1932	1695.15	1	0.107731
XR_001706218.2	1672	1435.15	31	3.94468
XR_001706223.2	569	339.347	0	0
XR_001706230.2	674	440.199	6	2.48913
XR_001706233.2	2665	2428.15	1	0.0752093
XR_001706245.2	3576	3339.15	0	0
XR_001706246.2	2486	2249.15	0	0
XR_001706250.2	628	395.416	0	0
XR_001706254.2	542	314.093	1	0.581417
XR_001706255.2	2329	2092.15	1	0.0872879
XR_001706277.2	1225	988.148	0	0
XR_001706278.2	750	514.922	0	0
XR_001706280.2	784	548.388	1	0.333011
XR_001706305.2	4265	4028.15	9	0.408022
XR_001706312.2	914	677.72	0	0
XR_001706316.2	2426	2189.15	1	0.0834202
XR_001706346.2	1393	1156.15	0	0
XR_001706347.2	1045	808.148	0	0
XR_001706350.2	997	760.148	0	0
XR_001706383.2	2082	1845.15	4	0.395891
XR_001706384.2	805	569.277	2	0.641583
XR_001706388.2	111	19.2054	0	0
XR_001706415.2	1825	1588.15	0	0
XR_001706416.2	1798	1561.15	0	0
XR_001706417.2	1774	1537.15	346.799	41.2011
XR_001706421.2	4407	4170.15	0	0
XR_001706436.2	443	228.929	1	0.797712
XR_001706437.2	417	208.169	0	0
XR_001706438.2	2328	2091.15	0	0
XR_001706443.2	1142	905.148	0	0
XR_001706444.2	1924	1687.15	0	0
XR_001706445.2	1876	1639.15	0	0
XR_001706446.2	1756	1519.15	24.29	2.91994
XR_001706449.2	705	470.425	3	1.1646
XR_001706450.2	4118	3881.15	0	0
XR_001706452.2	497	274.338	1	0.665672
XR_001706455.2	3665	3428.15	0	0
XR_001706459.2	3879	3642.15	22.8971	1.14807
XR_001706460.2	3899	3662.15	0.102895	0.00513106
XR_001706468.2	1879	1642.15	0	0
XR_001706471.2	1342	1105.15	1	0.165244
XR_001706473.2	1813	1576.15	0	0
XR_001706478.2	2413	2176.15	3.01083	0.252665
XR_001706488.2	1105	868.148	5	1.05177
XR_001706490.2	4746	4509.15	31.5797	1.27897
XR_001706492.2	2105	1868.15	3.00053	0.293314
XR_001706504.2	528	301.637	0	0
XR_001706514.2	377	177.144	0	0
XR_001706524.2	718	483.425	21.2136	8.01369
XR_001706525.2	4449	4212.15	62.5691	2.71271
XR_001706526.2	13339	13102.1	0	0
XR_001706533.2	964	727.297	3	0.753279
XR_001706534.2	4248	4011.15	10	0.455279
XR_001706543.2	1248	1011.15	0	0
XR_001706548.2	3205	2968.15	0	0
XR_001706550.2	1475	1238.15	11	1.62243
XR_003304104.1	29666	29429.1	0	0
XR_003304105.1	28344	28107.1	100.159	0.650757
XR_003304106.1	29063	28826.1	8.18387e-05	5.18464e-07
XR_003304107.1	23554	23317.1	43.068	0.337307
XR_003304108.1	30318	30081.1	25.7034	0.156043
XR_003304109.1	19382	19145.1	0	0
XR_003304110.1	28534	28297.1	0	0
XR_003304111.1	19152	18915.1	0	0
XR_003304112.1	20993	20756.1	4.75503	0.0418363
XR_003304113.1	10818	10581.1	1.31461	0.0226888
XR_003304114.1	3110	2873.15	0	0
XR_003304115.1	7419	7182.15	3.14827e-06	8.00506e-08
XR_003304116.1	1252	1015.15	2	0.359788
XR_003304117.1	7309	7072.15	13	0.33569
XR_003304118.1	4722	4485.15	0	0
XR_003304119.1	1473	1236.15	26.4291	3.90444
XR_003304120.1	811	575.22	0	0
XR_003304121.1	1719	1482.15	0	0
XR_003304122.1	2970	2733.15	0	0
XR_003304123.1	2944	2707.15	7.90278	0.533107
XR_003304124.1	2752	2515.15	0	0
XR_003304125.1	2916	2679.15	0	0
XR_003304126.1	2128	1891.15	0	0
XR_003304127.1	2037	1800.15	0	0
XR_003304128.1	2510	2273.15	0	0
XR_003304129.1	2603	2366.15	0	0
XR_003304130.1	2808	2571.15	0	0
XR_003304131.1	2359	2122.15	8.94202	0.769496
XR_003304132.1	2482	2245.15	0	0
XR_003304133.1	2332	2095.15	11.7341	1.02278
XR_003304134.1	1523	1286.15	7.37516	1.04719
XR_003304135.1	2087	1850.15	0	0
XR_003304136.1	1917	1680.15	0	0
XR_003304137.1	2247	2010.15	16.6411	1.51182
XR_003304138.1	1432	1195.15	0	0
XR_003304139.1	2058	1821.15	0	0
XR_003304140.1	1989	1752.15	4.57176	0.476496
XR_003304141.1	1960	1723.15	0	0
XR_003304142.1	1643	1406.15	0	0
XR_003304143.1	1545	1308.15	0	0
XR_003304144.1	1881	1644.15	26.3783	2.9299
XR_003304145.1	1852	1615.15	62.773	7.09752
XR_003304146.1	1453	1216.15	10.113	1.51858
XR_003304147.1	613	380.885	0	0
XR_003304148.1	621	388.575	0	0
XR_003304149.1	141	29.1263	0	0
XR_003304150.1	512	287.334	1	0.635564
XR_003304151.1	417	208.169	2	1.75453
XR_003304152.1	872	635.915	9.92784	2.85103
XR_003304153.1	1190	953.148	2.80242	0.536931
XR_003304154.1	1140	903.148	0	0
XR_003304155.1	1658	1421.15	0.941262	0.120953
XR_003304156.1	1973	1736.15	0	0
XR_003304157.1	4060	3823.15	0	0
XR_003304158.1	1930	1693.15	0	0
XR_003304159.1	3933	3696.15	0	0
XR_003304160.1	2272	2035.15	0	0
XR_003304161.1	1662	1425.15	0.058738	0.00752672
XR_003304162.1	814	578.22	1	0.31583
XR_003304163.1	588	357.074	0	0
XR_003304164.1	333	144.04	0	0
XR_003304165.1	788	552.388	0	0
XR_003304166.1	2287	2050.15	15.1783	1.35203
XR_003304167.1	21483	21246.1	96	0.825159
XR_003304168.1	2267	2030.15	2	0.179907
XR_003304169.1	254	92.8717	0	0
XR_003304170.1	878	641.851	0	0
XR_003304171.1	731	496.278	0	0
XR_003304172.1	2172	1935.15	0	0
XR_003304173.1	2054	1817.15	2	0.200995
XR_003304174.1	481	260.402	4.49996	3.15582
XR_003304175.1	1440	1203.15	0	0
XR_003304176.1	7043	6806.15	2	0.053663
XR_003304177.1	1190	953.148	0	0
XR_003304178.1	5240	5003.15	0	0
XR_003304179.1	3072	2835.15	3	0.193238
XR_003304180.1	4100	3863.15	0	0
XR_003304181.1	785	549.388	2	0.664809
XR_003304182.1	776	540.607	0	0
XR_003304183.1	918	681.652	0	0
XR_003304184.1	451	235.459	2	1.55117
XR_003304185.1	4278	4041.15	7	0.31633
XR_003304186.1	620	387.575	125	58.8981
XR_003304187.1	738	503.227	0	0
XR_003304188.1	5600	5363.15	1	0.0340507
XR_003304189.1	672	438.199	1	0.416749
XR_003304190.1	1521	1284.15	43.4118	6.17361
XR_003304191.1	1616	1379.15	0	0
XR_003304192.1	1008	771.148	36.3746	8.61403
XR_003304193.1	8219	7982.15	144	3.2945
XR_003304194.1	1983	1746.15	0	0
XR_003304195.1	1911	1674.15	0	0
XR_003304196.1	1216	979.148	0	0
XR_003304197.1	1008	771.148	0	0
XR_003304198.1	2741	2504.15	0	0
XR_003304199.1	2737	2500.15	0	0
XR_003304200.1	2602	2365.15	0	0
XR_003304201.1	914	677.72	0	0
XR_003304202.1	337	146.824	0	0
XR_003304203.1	521	295.404	0	0
XR_003304204.1	578	347.859	0	0
XR_003304205.1	430	218.421	1	0.836087
XR_003304206.1	2201	1964.15	12	1.11572
XR_003304207.1	3876	3639.15	4	0.200727
XR_003304208.1	2056	1819.15	1	0.100387
XR_003304209.1	970	733.297	0	0
XR_003304210.1	502	278.68	3.77038	2.47074
XR_003304211.1	3284	3047.15	0	0
XR_003304212.1	2980	2743.15	0	0
XR_003304213.1	2958	2721.15	19.5135	1.30957
XR_003304214.1	1000	763.148	26.61	6.36771
XR_003304215.1	5230	4993.15	4	0.146296
XR_003304216.1	5081	4844.15	13	0.490086
XR_003304217.1	6500	6263.15	7	0.204104
XR_003304218.1	590	358.82	0	0
XR_003304219.1	1865	1628.15	3.44146	0.386007
XR_003304220.1	311	128.395	0	0
XR_003304221.1	5964	5727.15	0	0
XR_003304222.1	2313	2076.15	20.1208	1.76983
XR_003304223.1	2317	2080.15	0	0
XR_003304224.1	2386	2149.15	5.25464	0.446502
XR_003304225.1	2381	2144.15	0	0
XR_003304226.1	1977	1740.15	0.74536	0.0782216
XR_003304227.1	2225	1988.15	0	0
XR_003304228.1	2377	2140.15	0	0
XR_003304229.1	7977	7740.15	7	0.165156
XR_003304230.1	6260	6023.15	0	0
XR_003304231.1	5861	5624.15	0	0
XR_003304232.1	5575	5338.15	0	0
XR_003304233.1	6135	5898.15	0	0
XR_003304234.1	5726	5489.15	0	0
XR_003304235.1	5438	5201.15	0	0
XR_003304236.1	6003	5766.15	0	0
XR_003304237.1	5848	5611.15	0	0
XR_003304238.1	5785	5548.15	0	0
XR_003304239.1	5749	5512.15	20.2206	0.669916
XR_003304240.1	4514	4277.15	0	0
XR_003304241.1	2187	1950.15	0	0
XR_003304242.1	2269	2032.15	0	0
XR_003304243.1	2079	1842.15	4	0.396535
XR_003304244.1	1769	1532.15	0	0
XR_003304245.1	1179	942.148	3	0.581499
XR_003304246.1	1005	768.148	0	0
XR_003304247.1	2860	2623.15	0	0
XR_003304248.1	1251	1014.15	4	0.720286
XR_003304249.1	671	437.199	0	0
XR_003304250.1	595	363.638	0	0
XR_003304251.1	1420	1183.15	0	0
XR_003304252.1	1560	1323.15	5.7198	0.78944
XR_003304253.1	3545	3308.15	4	0.220811
XR_003304254.1	2691	2454.15	91	6.77153
XR_003304255.1	1621	1384.15	6	0.791617
XR_003304256.1	2567	2330.15	5.99642	0.469954
XR_003304257.1	2589	2352.15	0.000562093	4.36405e-05
XR_003304258.1	2100	1863.15	0	0
XR_003304259.1	2568	2331.15	0	0
XR_003304260.1	2204	1967.15	3.21495	0.298459
XR_003304261.1	579	348.788	64	33.5093
XR_003304262.1	2167	1930.15	0	0
XR_003304263.1	2163	1926.15	0	0
XR_003304264.1	823	587.162	1	0.31102
XR_003304265.1	3700	3463.15	0	0
XR_003304266.1	4543	4306.15	0	0
XR_003304267.1	3359	3122.15	1	0.0584915
XR_003304268.1	1060	823.148	0	0
XR_003304269.1	9244	9007.15	5.43927	0.110281
XR_003304270.1	1409	1172.15	4	0.623195
XR_003304271.1	1755	1518.15	2	0.240582
XR_003304272.1	2607	2370.15	0	0
XR_003304273.1	2442	2205.15	0	0
XR_003304274.1	2463	2226.15	0	0
XR_003304275.1	2653	2416.15	0	0
XR_003304276.1	3413	3176.15	0	0
XR_003304277.1	2242	2005.15	0	0
XR_003304278.1	856	620.102	0	0
XR_003304279.1	624	391.496	0	0
XR_003304280.1	844	608.102	0	0
XR_003304281.1	459	242.039	0	0
XR_003304282.1	1546	1309.15	1	0.139495
XR_003304283.1	1898	1661.15	2	0.219871
XR_003304284.1	1371	1134.15	0	0
XR_003304285.1	1588	1351.15	0	0
XR_003304286.1	1653	1416.15	10.0381	1.29446
XR_003304287.1	1579	1342.15	0	0
XR_003304288.1	965	728.297	0	0
XR_003304289.1	1031	794.148	0	0
XR_003304290.1	963	726.297	1.84585	0.464119
XR_003304291.1	957	720.37	0	0
XR_003304292.1	1023	786.148	0	0
XR_003304293.1	3150	2913.15	0	0
XR_003304294.1	3168	2931.15	0	0
XR_003304295.1	3216	2979.15	0	0
XR_003304296.1	3071	2834.15	0	0
XR_003304297.1	3147	2910.15	0	0
XR_003304298.1	3136	2899.15	0	0
XR_003304299.1	3216	2979.15	0	0
XR_003304300.1	3216	2979.15	0	0
XR_003304301.1	3071	2834.15	0	0
XR_003304302.1	3163	2926.15	0	0
XR_003304303.1	3216	2979.15	0	0
XR_003304304.1	3141	2904.15	0	0
XR_003304305.1	3228	2991.15	0	0
XR_003304306.1	3148	2911.15	0	0
XR_003304307.1	3160	2923.15	0	0
XR_003304308.1	3061	2824.15	0	0
XR_003304309.1	3138	2901.15	0	0
XR_003304310.1	3213	2976.15	0	0
XR_003304311.1	3071	2834.15	0	0
XR_003304312.1	3071	2834.15	0	0
XR_003304313.1	3089	2852.15	0	0
XR_003304314.1	3148	2911.15	0	0
XR_003304315.1	3148	2911.15	0	0
XR_003304316.1	2815	2578.15	0	0
XR_003304317.1	3068	2831.15	0	0
XR_003304318.1	3137	2900.15	0	0
XR_003304319.1	3143	2906.15	0	0
XR_003304320.1	3069	2832.15	0	0
XR_003304321.1	3068	2831.15	0	0
XR_003304322.1	3141	2904.15	0	0
XR_003304323.1	3141	2904.15	0	0
XR_003304324.1	3207	2970.15	0	0
XR_003304325.1	3207	2970.15	0	0
XR_003304326.1	3204	2967.15	0	0
XR_003304327.1	3204	2967.15	0	0
XR_003304328.1	3139	2902.15	0	0
XR_003304329.1	3139	2902.15	0	0
XR_003304330.1	2544	2307.15	0	0
XR_003304331.1	2630	2393.15	0	0
XR_003304332.1	2465	2228.15	0	0
XR_003304333.1	2572	2335.15	30.1171	2.35529
XR_003304334.1	2420	2183.15	0	0
XR_003304335.1	2415	2178.15	5.53155	0.463773
XR_003304336.1	2530	2293.15	0	0
XR_003304337.1	1887	1650.15	0	0
XR_003304338.1	2011	1774.15	0	0
XR_003304339.1	3761	3524.15	0	0
XR_003304340.1	1808	1571.15	0.00209567	0.000243586
XR_003304341.1	1904	1667.15	9.75194	1.06823
XR_003304342.1	1228	991.148	1.46433	0.269803
XR_003304343.1	1149	912.148	0	0
XR_003304344.1	3665	3428.15	8	0.426164
XR_003304345.1	3679	3442.15	0	0
XR_003304346.1	9028	8791.15	6	0.124638
XR_003304347.1	4254	4017.15	9	0.409139
XR_003304348.1	2281	2044.15	0	0
XR_003304349.1	8750	8513.15	9	0.193063
XR_003304350.1	733	498.278	0	0
XR_003304351.1	4226	3989.15	1.68106	0.0769574
XR_003304352.1	846	610.102	3	0.897976
XR_003304353.1	1444	1207.15	13	1.96666
XR_003304354.1	571	341.278	0	0
XR_003304355.1	351	157.502	0	0
XR_003304356.1	551	322.218	0	0
XR_003304357.1	7259	7022.15	0	0
XR_003304358.1	13742	13505.1	12	0.162266
XR_003304359.1	3291	3054.15	0	0
XR_003304360.1	3202	2965.15	0	0
XR_003304361.1	3034	2797.15	5	0.326438
XR_003304362.1	2840	2603.15	0	0
XR_003304363.1	3197	2960.15	0	0
XR_003304364.1	3200	2963.15	0	0
XR_003304365.1	2300	2063.15	3	0.265545
XR_003304366.1	860	623.978	0	0
XR_003304367.1	327	139.697	0	0
XR_003304368.1	1566	1329.15	1	0.137396
XR_003304369.1	908	671.72	0	0
XR_003304370.1	1749	1512.15	3	0.362304
XR_003304371.1	606	374.341	0	0
XR_003304372.1	2404	2167.15	0	0
XR_003304373.1	2371	2134.15	0	0
XR_003304374.1	1640	1403.15	2	0.260299
XR_003304375.1	684	449.977	0	0
XR_003304376.1	666	432.418	0	0
XR_003304377.1	3190	2953.15	2.625	0.162327
XR_003304378.1	1340	1103.15	2.01599	0.333735
XR_003304379.1	2224	1987.15	6	0.551401
XR_003304380.1	2062	1825.15	14.3813	1.43896
XR_003304381.1	309	127.008	0	0
XR_003304382.1	1551	1314.15	0.32976	0.0458247
XR_003304383.1	1606	1369.15	1.04134	0.138895
XR_003304384.1	1072	835.148	11	2.40534
XR_003304385.1	1651	1414.15	0	0
XR_003304386.1	2821	2584.15	2	0.141338
XR_003304387.1	800	564.277	6	1.9418
XR_003304388.1	627	394.456	1.00084	0.463352
XR_003304389.1	1920	1683.15	0	0
XR_003304390.1	1517	1280.15	0	0
XR_003304391.1	6817	6580.15	0	0
XR_003304392.1	4211	3974.15	56.0585	2.57599
XR_003304393.1	741	506.126	0	0
XR_003304394.1	3034	2797.15	0	0
XR_003304395.1	1877	1640.15	0	0
XR_003304396.1	2665	2428.15	1.41036	0.106072
XR_003304397.1	6124	5887.15	8.5099	0.263977
XR_003304398.1	1883	1646.15	3.77209	0.418466
XR_003304399.1	1678	1441.15	3.30765	0.419138
XR_003304400.1	2441	2204.15	3	0.248558
XR_003304401.1	1102	865.148	6	1.26651
XR_003304402.1	1396	1159.15	7.83086	1.23372
XR_003304403.1	2423	2186.15	2.26605	0.189293
XR_003304404.1	868	631.915	1.00067	0.289188
XR_003304405.1	3577	3340.15	7858.99	429.682
XR_003304406.1	224	74.7765	0	0
XR_003304407.1	514	289.067	0	0
XR_003304408.1	2307	2070.15	0	0
XR_003304409.1	2162	1925.15	0	0
XR_003304410.1	2223	1986.15	0	0
XR_003304411.1	3970	3733.15	0	0
XR_003304412.1	3390	3153.15	1	0.0579165
XR_003304413.1	2195	1958.15	0	0
XR_003304414.1	9413	9176.15	4.72854	0.0941051
XR_003304415.1	9409	9172.15	7.27146	0.144776
XR_003304416.1	272	104.298	0	0
XR_003304417.1	3541	3304.15	0	0
XR_003304418.1	3288	3051.15	2.40949	0.144214
XR_003304419.1	3795	3558.15	0	0
XR_003304420.1	3813	3576.15	0	0
XR_003304421.1	3989	3752.15	19.3541	0.941977
XR_003304422.1	3829	3592.15	31.4294	1.59782
XR_003304423.1	252	91.7168	1.20877	2.4068
XR_003304424.1	302	122.12	1	1.49541
XR_003304425.1	5555	5318.15	0	0
XR_003304426.1	5284	5047.15	4	0.144731
XR_003304427.1	5395	5158.15	0	0
XR_003304428.1	294	117.242	0	0
XR_003304429.1	746	510.974	7.75087	2.77012
XR_003304430.1	1655	1418.15	0	0
XR_003304431.1	1390	1153.15	0	0
XR_003304432.1	779	543.553	0	0
XR_003304433.1	1158	921.148	3.03035	0.600772
XR_003304434.1	2957	2720.15	0	0
XR_003304435.1	2643	2406.15	0	0
XR_003304436.1	2283	2046.15	0	0
XR_003304437.1	2690	2453.15	0	0
XR_003304438.1	2219	1982.15	0	0
XR_003304439.1	2350	2113.15	0	0
XR_003304440.1	2703	2466.15	0	0
XR_003304441.1	2124	1887.15	0	0
XR_003304442.1	2519	2282.15	0	0
XR_003304443.1	1038	801.148	0	0
XR_003304444.1	3941	3704.15	0	0
XR_003304445.1	3588	3351.15	22.2533	1.21268
XR_003304446.1	1327	1090.15	1	0.167518
XR_003304447.1	6455	6218.15	0	0
XR_003304448.1	1378	1141.15	4	0.640125
XR_003304449.1	820	584.162	3.10079e-06	9.69361e-07
XR_003304450.1	4522	4285.15	0	0
XR_003304451.1	1218	981.148	11	2.04741
XR_003304452.1	1266	1029.15	9.10293	1.61529
XR_003304453.1	442	228.224	10	8.00176
XR_003304454.1	3183	2946.15	4.01352	0.248781
XR_003304455.1	3036	2799.15	0	0
XR_003304456.1	2346	2109.15	4	0.346337
XR_003304457.1	1509	1272.15	0	0
XR_003304458.1	119	20.7774	0	0
XR_003304459.1	119	20.7774	0.16	1.40629
XR_003304460.1	119	20.7774	0.16	1.40629
XR_003304461.1	119	20.7774	0.16	1.40629
XR_003304462.1	119	20.7774	0.16	1.40629
XR_003304463.1	119	20.7774	0.16	1.40629
XR_003304464.1	119	20.7774	0.16	1.40629
XR_003304465.1	119	20.7774	0.16	1.40629
XR_003304466.1	119	20.7774	0.16	1.40629
XR_003304467.1	119	20.7774	0.16	1.40629
XR_003304468.1	119	20.7774	0.16	1.40629
XR_003304469.1	119	20.7774	0	0
XR_003304470.1	119	20.7774	0.16	1.40629
XR_003304471.1	119	20.7774	0.16	1.40629
XR_003304472.1	119	20.7774	0.16	1.40629
XR_003304473.1	119	20.7774	0.16	1.40629
XR_003304474.1	119	20.7774	0.16	1.40629
XR_003304475.1	119	20.7774	0	0
XR_003304476.1	119	20.7774	0	0
XR_003304477.1	119	20.7774	0.16	1.40629
XR_003304478.1	119	20.7774	0	0
XR_003304479.1	119	20.7774	0	0
XR_003304480.1	119	20.7774	0	0
XR_003304481.1	120	21.1455	0	0
XR_003304482.1	149	33.0033	1	5.53336
XR_003304483.1	121	21.4926	28	237.911
XR_003304484.1	107	18.9797	2.67479	25.7364
XR_003304485.1	130	24.2837	2	15.0404
XR_003304486.1	119	20.7774	0	0
XR_003304487.1	119	20.7774	0.16	1.40629
XR_003304488.1	4103	3866.15	0	0
XR_003304489.1	4418	4181.15	1.00297	0.0438065
XR_003304490.1	1249	1012.15	1	0.180427
XR_003304491.1	2567	2330.15	0	0
XR_003304492.1	1125	888.148	0	0
XR_003304493.1	6641	6404.15	0	0
XR_003304494.1	7600	7363.15	10.6058	0.263043
XR_003304495.1	6633	6396.15	0	0
XR_003304496.1	283	110.966	5.29112	8.7077
XR_003304497.1	5158	4921.15	0	0
XR_003304498.1	3601	3364.15	0	0
XR_003304499.1	6381	6144.15	1.10438e-07	3.28249e-09
XR_003304500.1	6261	6024.15	0	0
XR_003304501.1	6268	6031.15	10	0.302793
XR_003304502.1	6550	6313.15	0	0
XR_003304503.1	3430	3193.15	3.14245	0.17972
XR_003304504.1	250	90.4569	0	0
XR_003304505.1	1072	835.148	0	0
XR_003304506.1	4498	4261.15	0	0
XR_003304507.1	4487	4250.15	0	0
XR_003304508.1	363	166.29	5	5.49099
XR_003304509.1	1806	1569.15	22.3879	2.60553
XR_003304510.1	1944	1707.15	8.57972	0.917801
XR_003304511.1	1719	1482.15	10.7185	1.32065
XR_003304512.1	2964	2727.15	1.003e-06	6.7164e-08
XR_003304513.1	4070	3833.15	0	0
XR_003304514.1	4148	3911.15	3.21112	0.149934
XR_003304515.1	4668	4431.15	2.54957	0.105074
XR_003304516.1	2930	2693.15	0.239307	0.0162272
XR_003304517.1	4243	4006.15	0	0
XR_003304518.1	1237	1000.15	0	0
XR_003304519.1	314	130.595	40	55.9345
XR_003304520.1	3001	2764.15	0	0
XR_003304521.1	717	482.425	0	0
XR_003304522.1	4313	4076.15	2	0.0896038
XR_003304523.1	1901	1664.15	0	0
XR_003304524.1	2009	1772.15	0	0
XR_003304525.1	516	290.887	1	0.627801
XR_003304526.1	3072	2835.15	4	0.25765
XR_003304527.1	5163	4926.15	5.1213	0.189854
XR_003304528.1	1859	1622.15	3	0.337736
XR_003304529.1	2612	2375.15	1.16967	0.089933
XR_003304530.1	744	509.025	0	0
XR_003304531.1	1412	1175.15	42	6.52684
XR_003304532.1	1679	1442.15	0	0
XR_003304533.1	2514	2277.15	5	0.400982
XR_003304534.1	2310	2073.15	0	0
XR_003304535.1	2584	2347.15	0	0
XR_003304536.1	2462	2225.15	0	0
XR_003304537.1	2357	2120.15	0	0
XR_003304538.1	638	405.175	0	0
XR_003304539.1	876	639.915	0	0
XR_003304540.1	882	645.786	0	0
XR_003304541.1	3045	2808.15	0	0
XR_003304542.1	873	636.915	0.171667	0.0492211
XR_003304543.1	775	539.607	0	0
XR_003304544.1	830	594.102	0	0
XR_003304545.1	732	497.278	0	0
XR_003304546.1	731	496.278	0	0
XR_003304547.1	969	732.297	0	0
XR_003304548.1	966	729.297	0	0
XR_003304549.1	879	642.851	1.81267e-05	5.14937e-06
XR_003304550.1	871	634.915	3.82665	1.10065
XR_003304551.1	876	639.915	0.00166113	0.000474054
XR_003304552.1	2742	2505.15	0	0
XR_003304553.1	1706	1469.15	0	0
XR_003304554.1	5825	5588.15	21.0863	0.689096
XR_003304555.1	14666	14429.1	24	0.30375
XR_003304556.1	976	739.224	0	0
XR_003304557.1	779	543.553	59	19.8224
XR_003304558.1	1797	1560.15	53.3757	6.24776
XR_003304559.1	5648	5411.15	3	0.101246
XR_003304560.1	2484	2247.15	0	0
XR_003304561.1	1836	1599.15	0	0
XR_003304562.1	1617	1380.15	0	0
XR_003304563.1	1451	1214.15	0	0
XR_003304564.1	1502	1265.15	0	0
XR_003304565.1	1338	1101.15	0	0
XR_003304566.1	1349	1112.15	0	0
XR_003304567.1	672	438.199	0	0
XR_003304568.1	1401	1164.15	3	0.470608
XR_003304569.1	893	656.786	0	0
XR_003304570.1	392	188.596	0	0
XR_003304571.1	3359	3122.15	0	0
XR_003304572.1	4501	4264.15	8	0.342613
XR_003304573.1	3129	2892.15	0	0
XR_003304574.1	1195	958.148	0	0
XR_003304575.1	2567	2330.15	0	0
XR_003304576.1	3322	3085.15	4.19661	0.24841
XR_003304577.1	1211	974.148	1	0.187466
XR_003304578.1	3526	3289.15	0	0
XR_003304579.1	3968	3731.15	0	0
XR_003304580.1	4086	3849.15	7.37005e-05	3.49665e-06
XR_003304581.1	2200	1963.15	7	0.651166
XR_003304582.1	1275	1038.15	0	0
XR_003304583.1	6766	6529.15	4	0.111879
XR_003304584.1	4019	3782.15	21	1.01397
XR_003304585.1	4270	4033.15	0	0
XR_003304586.1	3532	3295.15	5.52864	0.306401
XR_003304587.1	2116	1879.15	5	0.48591
XR_003304588.1	787	551.388	1	0.331199
XR_003304589.1	1548	1311.15	6.33773	0.882732
XR_003304590.1	1203	966.148	363.696	68.745
XR_003304591.1	2662	2425.15	13.0821	0.985114
XR_003304592.1	2022	1785.15	0	0
XR_003304593.1	6883	6646.15	20.0298	0.550368
XR_003304594.1	901	664.72	2.99884	0.823875
XR_003304595.1	2399	2162.15	21	1.7737
XR_003304596.1	1382	1145.15	13	2.07314
XR_003304597.1	11330	11093.1	0.034484	0.000567687
XR_003304598.1	11269	11032.1	7.96552	0.131856
XR_003304599.1	5441	5204.15	1.18647e-07	4.16346e-09
XR_003304600.1	5354	5117.15	1.99865	0.0713273
XR_003304601.1	5392	5155.15	0.00134694	4.77148e-05
XR_003304602.1	4123	3886.15	4	0.187969
XR_003304603.1	4818	4581.15	0	0
XR_003304604.1	4665	4428.15	8.24292	0.339942
XR_003304605.1	3630	3393.15	4	0.21528
XR_003304606.1	1488	1251.15	5.68928	0.830415
XR_003304607.1	20693	20456.1	0	0
XR_003304608.1	20503	20266.1	35.5259	0.320125
XR_003304609.1	20678	20441.1	9.11954e-06	8.1473e-08
XR_003304610.1	20675	20438.1	56.135	0.501578
XR_003304611.1	20340	20103.1	36.613	0.332596
XR_003304612.1	20334	20097.1	5587.28	50.7706
XR_003304613.1	20615	20378.1	395.576	3.54496
XR_003304614.1	20597	20360.1	6.17848e-06	5.54175e-08
XR_003304615.1	20588	20351.1	1.03051e-05	9.24717e-08
XR_003304616.1	20582	20345.1	564.878	5.07038
XR_003304617.1	20166	19929.1	0	0
XR_003304618.1	20492	20255.1	1450.41	13.0768
XR_003304619.1	19227	18990.1	480.754	4.62318
XR_003304620.1	19053	18816.1	0	0
XR_003304621.1	18485	18248.1	15280.9	152.924
XR_003304622.1	9044	8807.15	3.44993	0.0715354
XR_003304623.1	7904	7667.15	4.10531	0.0977819
XR_003304624.1	7730	7493.15	0	0
XR_003304625.1	20573	20336.1	941.498	8.45467
XR_003304626.1	3248	3011.15	0	0
XR_003304627.1	1328	1091.15	0	0
XR_003304628.1	6796	6559.15	12	0.334103
XR_003304629.1	2267	2030.15	103.03	9.26795
XR_003304630.1	2018	1781.15	0	0
XR_003304631.1	2396	2159.15	0	0
XR_003304632.1	979	742.224	0	0
XR_003304633.1	119	20.7774	0	0
XR_003304634.1	215	69.2613	1	2.63667
XR_003304635.1	215	69.2613	55	145.017
XR_003304636.1	138	27.6749	6	39.5923
XR_003304637.1	3967	3730.15	23.9347	1.17179
XR_003304638.1	2634	2397.15	4	0.304727
XR_003304639.1	4900	4663.15	3	0.117487
XR_003304640.1	6018	5781.15	44	1.3899
XR_003304641.1	1150	913.148	4.94248	0.98844
XR_003304642.1	1033	796.148	5.52797	1.268
XR_003304643.1	661	427.591	0	0
XR_003304644.1	23523	23286.1	17.0255	0.13352
XR_003304645.1	7413	7176.15	0	0
XR_003304646.1	2867	2630.15	0	0
XR_003304647.1	1250	1013.15	0	0
XR_003304648.1	500	276.853	0	0
XR_003304649.1	3058	2821.15	0	0
XR_003304650.1	2528	2291.15	7.09334	0.565384
XR_003304651.1	2354	2117.15	0	0
XR_003304652.1	5597	5360.15	0	0
XR_003304653.1	5508	5271.15	0	0
XR_003304654.1	5505	5268.15	0	0
XR_003304655.1	3560	3323.15	0	0
XR_003304656.1	5495	5258.15	0	0
XR_003304657.1	5609	5372.15	0	0
XR_003304658.1	5392	5155.15	0	0
XR_003304659.1	5436	5199.15	0	0
XR_003304660.1	5547	5310.15	0	0
XR_003304661.1	11615	11378.1	0	0
XR_003304662.1	11218	10981.1	0	0
XR_003304663.1	11116	10879.1	0	0
XR_003304664.1	10366	10129.1	6	0.108174
XR_003304665.1	2743	2506.15	0	0
XR_003304666.1	1685	1448.15	2	0.252211
XR_003304667.1	2687	2450.15	0	0
XR_003304668.1	2565	2328.15	0	0
XR_003304669.1	5231	4994.15	0	0
XR_003304670.1	5583	5346.15	0	0
XR_003304671.1	5522	5285.15	0	0
XR_003304672.1	5617	5380.15	0	0
XR_003304673.1	5573	5336.15	9.68631	0.331495
XR_003304674.1	5562	5325.15	0	0
XR_003304675.1	5139	4902.15	0.133302	0.00496589
XR_003304676.1	5416	5179.15	0	0
XR_003304677.1	5282	5045.15	0.00140132	5.07235e-05
XR_003304678.1	5173	4936.15	0.000145246	5.37358e-06
XR_003304679.1	5154	4917.15	0.00730179	0.000271183
XR_003304680.1	5501	5264.15	0	0
XR_003304681.1	8314	8077.15	42.6072	0.963322
XR_003304682.1	686	451.796	0	0
XR_003304683.1	541	313.189	0	0
XR_003304684.1	699	464.566	0	0
XR_003304685.1	250	90.4569	19	38.3582
XR_003304686.1	228	77.1541	0	0
XR_003304687.1	1649	1412.15	0	0
XR_003304688.1	1136	899.148	0	0
XR_003304689.1	2973	2736.15	0	0
XR_003304690.1	2869	2632.15	1	0.0693803
XR_003304691.1	2647	2410.15	0	0
XR_003304692.1	3362	3125.15	21	1.22714
XR_003304693.1	959	722.37	0	0
XR_003304694.1	885	648.786	0	0
XR_003304695.1	1048	811.148	0	0
XR_003304696.1	1433	1196.15	0	0
XR_003304697.1	221	73.0649	0	0
XR_003304698.1	5611	5374.15	12.0188	0.408411
XR_003304699.1	5610	5373.15	0	0
XR_003304700.1	918	681.652	0	0
XR_003304701.1	3742	3505.15	0	0
XR_003304702.1	3552	3315.15	0.0168491	0.000928154
XR_003304703.1	393	189.447	1.74663	1.68369
XR_003304704.1	329	141.276	0	0
XR_003304705.1	185	50.9074	0	0
XR_003304706.1	606	374.341	0	0
XR_003304707.1	3793	3556.15	0	0
XR_003304708.1	3785	3548.15	0	0
XR_003304709.1	3358	3121.15	0	0
XR_003304710.1	4567	4330.15	12.0425	0.50788
XR_003304711.1	2050	1813.15	2.95748	0.297875
XR_003304712.1	4285	4048.15	0	0
XR_003304713.1	2782	2545.15	1	0.0717519
XR_003304714.1	1304	1067.15	0	0
XR_003304715.1	581	350.681	0	0
XR_003304716.1	3478	3241.15	1	0.056344
XR_003304717.1	1870	1633.15	3	0.335461
XR_003304718.1	3674	3437.15	0	0
XR_003304719.1	1983	1746.15	0	0
XR_003304720.1	1899	1662.15	53.4647	5.87413
XR_003304721.1	8601	8364.15	0	0
XR_003304722.1	8180	7943.15	6	0.137945
XR_003304723.1	1195	958.148	3.00103	0.571985
XR_003304724.1	5066	4829.15	12.9872	0.491126
XR_003304725.1	2290	2053.15	2.14586	0.190866
XR_003304726.1	2290	2053.15	2.14586	0.190866
XR_003304727.1	1975	1738.15	2.70827	0.284545
XR_003304728.1	2121	1884.15	0	0
XR_003304729.1	1614	1377.15	0	0
XR_003304730.1	1760	1523.15	0	0
XR_003304731.1	6029	5792.15	0	0
XR_003304732.1	416	207.398	0	0
XR_003304733.1	2496	2259.15	0	0
XR_003304734.1	3547	3310.15	6.12348	0.337829
XR_003304735.1	3544	3307.15	0	0
XR_003304736.1	346	153.927	0	0
XR_003304737.1	3425	3188.15	15.1183	0.865989
XR_003304738.1	1829	1592.15	1	0.1147
XR_003304739.1	1132	895.148	0	0
XR_003304740.1	2403	2166.15	8	0.674448
XR_003304741.1	4093	3856.15	2	0.0947159
XR_003304742.1	1097	860.148	2	0.424623
XR_003304743.1	458	241.142	0	0
XR_003304744.1	2084	1847.15	11.4942	1.13638
XR_003304745.1	6825	6588.15	1	0.0277194
XR_003304746.1	406	199.27	0	0
XR_003304747.1	3274	3037.15	2.00022	0.12027
XR_003304748.1	3050	2813.15	0	0
XR_003304749.1	1218	981.148	0	0
XR_003304750.1	1756	1519.15	3	0.360635
XR_003304751.1	2869	2632.15	0	0
XR_003304752.1	249	89.949	4	8.12101
XR_003304753.1	1771	1534.15	0	0
XR_003304754.1	5793	5556.15	0	0
XR_003304755.1	6183	5946.15	6.07493	0.186574
XR_003304756.1	4672	4435.15	6.91051	0.284544
XR_003304757.1	4815	4578.15	2.36453	0.0943196
XR_003304758.1	2652	2415.15	20	1.51228
XR_003304759.1	617	384.769	0	0
XR_003304760.1	539	311.285	4	2.34665
XR_003304761.1	69	32.5591	0	0
XR_003304762.1	128	23.6337	4	30.9083
XR_003304763.1	108	19.1937	2	19.0291
XR_003304764.1	2170	1933.15	2.61055	0.246611
XR_003304765.1	3158	2921.15	11.8312	0.73964
XR_003304766.1	1023	786.148	0	0
XR_003304767.1	877	640.915	0	0
XR_003304768.1	798	562.277	0	0
XR_003304769.1	4294	4057.15	0	0
XR_003304770.1	3327	3090.15	2	0.118194
XR_003304771.1	4257	4020.15	0	0
XR_003304772.1	4033	3796.15	0	0
XR_003304773.1	3798	3561.15	0	0
XR_003304774.1	4291	4054.15	0	0
XR_003304775.1	4335	4098.15	0	0
XR_003304776.1	3959	3722.15	0	0
XR_003304777.1	3370	3133.15	0	0
XR_003304778.1	3914	3677.15	0	0
XR_003304779.1	3325	3088.15	0	0
XR_003304780.1	3783	3546.15	0	0
XR_003304781.1	4196	3959.15	0	0
XR_003304782.1	2591	2354.15	0	0
XR_003304783.1	2207	1970.15	0	0
XR_003304784.1	3214	2977.15	0	0
XR_003304785.1	3745	3508.15	0	0
XR_003304786.1	1789	1552.15	9	1.0589
XR_003304787.1	5130	4893.15	0	0
XR_003304788.1	4552	4315.15	0	0
XR_003304789.1	438	224.858	0	0
XR_003304790.1	466	247.639	1	0.73744
XR_003304791.1	817	581.162	1	0.314231
XR_003304792.1	1844	1607.15	0	0
XR_003304793.1	445	230.608	0	0
XR_003304794.1	2590	2353.15	2	0.155213
XR_003304795.1	217	70.4676	6	15.5492
XR_003304796.1	663	429.548	1	0.425142
XR_003304797.1	874	637.915	0	0
XR_003304798.1	1385	1148.15	0	0
XR_003304799.1	1975	1738.15	16	1.68105
XR_003304800.1	4235	3998.15	3.60374	0.164604
XR_003304801.1	2032	1795.15	1.98361e-05	2.01791e-06
XR_003304802.1	494	271.68	1	0.672186
XR_003304803.1	371	172.604	0	0
XR_003304804.1	416	207.398	0	0
XR_003304805.1	4369	4132.15	2.05248	0.0907087
XR_003304806.1	2876	2639.15	0	0
XR_003304807.1	2212	1975.15	0	0
XR_003304808.1	945	708.441	0	0
XR_003304809.1	922	685.652	1	0.266344
XR_003304810.1	3386	3149.15	0	0
XR_003304811.1	2460	2223.15	0	0
XR_003304812.1	4583	4346.15	5.28383	0.222019
XR_003304813.1	5430	5193.15	9	0.316489
XR_003304814.1	1200	963.148	2.34329	0.444302
XR_003304815.1	1756	1519.15	0	0
XR_003304816.1	1688	1451.15	1	0.125845
XR_003304817.1	1613	1376.15	0	0
XR_003304818.1	2315	2078.15	4	0.351504
XR_003304819.1	2036	1799.15	0	0
XR_003304820.1	5004	4767.15	0	0
XR_003304821.1	4901	4664.15	0	0
XR_003304822.1	4671	4434.15	1.02677	0.0422874
XR_003304823.1	3679	3442.15	28.9732	1.53714
XR_003304824.1	3527	3290.15	0	0
XR_003304825.1	3421	3184.15	0	0
XR_003304826.1	1505	1268.15	0.503758	0.0725434
XR_003304827.1	6616	6379.15	2.49624	0.0714612
XR_003304828.1	16450	16213.1	77.6168	0.874248
XR_003304829.1	3620	3383.15	5.18071	0.27965
XR_003304830.1	3907	3670.15	0	0
XR_003304831.1	1634	1397.15	5	0.653543
XR_003304832.1	3720	3483.15	0	0
XR_003304833.1	3593	3356.15	9	0.48972
XR_003304834.1	3399	3162.15	0	0
XR_003304835.1	314	130.595	0	0
XR_003304836.1	2874	2637.15	1	0.0692487
XR_003304837.1	666	432.418	0	0
XR_003304838.1	705	470.425	0.5	0.1941
XR_003304839.1	705	470.425	0.5	0.1941
XR_003304840.1	622	389.575	0	0
XR_003304841.1	2844	2607.15	3	0.210137
XR_003304842.1	2290	2053.15	0.946856	0.084219
XR_003304843.1	2296	2059.15	0.0531438	0.00471315
XR_003304844.1	2070	1833.15	0	0
XR_003304845.1	1972	1735.15	7	0.736729
XR_003304846.1	1244	1007.15	0.0386142	0.00700165
XR_003304847.1	1240	1003.15	1.96139	0.357063
XR_003304848.1	1931	1694.15	0	0
XR_003304849.1	676	442.199	7	2.89085
XR_003304850.1	1262	1025.15	0	0
XR_003304851.1	2284	2047.15	4.32737	0.38603
XR_003304852.1	1321	1084.15	0	0
XR_003304853.1	1677	1440.15	0	0
XR_003304854.1	948	711.441	2.51556e-07	6.45716e-08
XR_003304855.1	943	706.512	0.000240394	6.21371e-05
XR_003304856.1	2285	2048.15	0	0
XR_003304857.1	2219	1982.15	0	0
XR_003304858.1	1729	1492.15	3	0.36716
XR_003304859.1	1187	950.148	1	0.192201
XR_003304860.1	1103	866.148	3	0.632522
XR_003304861.1	1337	1100.15	0	0
XR_003304862.1	1840	1603.15	0.350725	0.039952
XR_003304863.1	2321	2084.15	1.01518	0.0889532
XR_003304864.1	2302	2065.15	0	0
XR_003304865.1	1907	1670.15	0	0
XR_003304866.1	1365	1128.15	0	0
XR_003304867.1	3131	2894.15	0	0
XR_003304868.1	2949	2712.15	4.765	0.320846
XR_003304869.1	2693	2456.15	0	0
XR_003304870.1	981	744.224	0	0
XR_003304871.1	16804	16567.1	16.7371	0.184492
XR_003304872.1	2128	1891.15	0	0
XR_003304873.1	3040	2803.15	0	0
XR_003304874.1	1513	1276.15	0	0
XR_003304875.1	540	312.253	5	2.92422
XR_003304876.1	2074	1837.15	2	0.198807
XR_003304877.1	1553	1316.15	0	0
XR_003304878.1	1732	1495.15	0	0
XR_003304879.1	1873	1636.15	1	0.111615
XR_003304880.1	553	324.087	1	0.563488
XR_003304881.1	1866	1629.15	2	0.22419
XR_003304882.1	1900	1663.15	0	0
XR_003304883.1	741	506.126	1	0.360817
XR_003304884.1	504	280.361	0	0
XR_003304885.1	2235	1998.15	0	0
XR_003304886.1	1256	1019.15	0	0
XR_003304887.1	1253	1016.15	0	0
XR_003304888.1	835	599.102	0	0
XR_003304889.1	2753	2516.15	0	0
XR_003304890.1	7575	7338.15	0	0
XR_003304891.1	1495	1258.15	0	0
XR_003304892.1	1169	932.148	0	0
XR_003304893.1	2766	2529.15	0	0
XR_003304894.1	3158	2921.15	0	0
XR_003304895.1	848	612.102	3	0.895042
XR_003304896.1	1577	1340.15	0	0
XR_003304897.1	617	384.769	0	0
XR_003304898.1	1622	1385.15	0	0
XR_003304899.1	1745	1508.15	0	0
XR_003304900.1	3688	3451.15	24.0105	1.27053
XR_003304901.1	3781	3544.15	0.003898	0.000200852
XR_003304902.1	2059	1822.15	3	0.300666
XR_003304903.1	2902	2665.15	1	0.0685212
XR_003304904.1	930	693.652	1	0.263272
XR_003304905.1	2491	2254.15	7	0.567103
XR_003304906.1	6320	6083.15	6.9404	0.208354
XR_003304907.1	4167	3930.15	0	0
XR_003304908.1	2488	2251.15	40	3.24491
XR_003304909.1	2032	1795.15	0	0
XR_003304910.1	1632	1395.15	2	0.261792
XR_003304911.1	1160	923.148	26	5.14338
XR_003304912.1	1508	1271.15	0	0
XR_003304913.1	978	741.224	0	0
XR_003304914.1	5875	5638.15	0	0
XR_003304915.1	1881	1644.15	0	0
XR_003304916.1	5023	4786.15	41.2813	1.57512
XR_003304917.1	5471	5234.15	0	0
XR_003304918.1	5859	5622.15	0	0
XR_003304919.1	4559	4322.15	4.04694	0.170991
XR_003304920.1	6919	6682.15	0	0
XR_003304921.1	3645	3408.15	5.95306	0.318984
XR_003304922.1	5854	5617.15	0	0
XR_003304923.1	3047	2810.15	0	0
XR_003304924.1	3460	3223.15	0	0
XR_003304925.1	2145	1908.15	0	0
XR_003304926.1	2055	1818.15	1	0.100442
XR_003304927.1	2528	2291.15	1	0.0797064
XR_003304928.1	3609	3372.15	1	0.0541552
XR_003304929.1	4274	4037.15	2	0.0904694
XR_003304930.1	665	431.505	0.633706	0.268194
XR_003304931.1	659	425.634	0	0
XR_003304932.1	577	346.929	0	0
XR_003304933.1	3573	3336.15	0	0
XR_003304934.1	1867	1630.15	1	0.112026
XR_003304935.1	1643	1406.15	5	0.64936
XR_003304936.1	1579	1342.15	0	0
XR_003304937.1	1825	1588.15	0	0
XR_003304938.1	848	612.102	0	0
XR_003304939.1	1759	1522.15	0	0
XR_003304940.1	996	759.148	1	0.240558
XR_003304941.1	2259	2022.15	0	0
XR_003304942.1	2062	1825.15	5	0.500286
XR_003304943.1	2429	2192.15	0	0
XR_003304944.1	1542	1305.15	0	0
XR_003304945.1	1551	1314.15	11	1.5286
XR_003304946.1	2237	2000.15	0	0
XR_003304947.1	2167	1930.15	1	0.0946141
XR_003304948.1	2838	2601.15	8.95577	0.628759
XR_003304949.1	2919	2682.15	7.62938	0.519461
XR_003304950.1	1661	1424.15	0	0
XR_003304951.1	1508	1271.15	1	0.143665
XR_003304952.1	1671	1434.15	0	0
XR_003304953.1	3185	2948.15	0	0
XR_003304954.1	2913	2676.15	0	0
XR_003304955.1	2765	2528.15	20.4732	1.47887
XR_003304956.1	1479	1242.15	0	0
XR_003304957.1	1411	1174.15	1	0.155533
XR_003304958.1	1501	1264.15	3.08358	0.445455
XR_003304959.1	1294	1057.15	0	0
XR_003304960.1	1263	1026.15	0	0
XR_003304961.1	963	726.297	3	0.754316
XR_003304962.1	281	109.701	3.31271	5.51468
XR_003304963.1	8147	7910.15	0	0
XR_003304964.1	6778	6541.15	0	0
XR_003304965.1	3757	3520.15	0	0
XR_003304966.1	147	31.9566	0	0
XR_003304967.1	1727	1490.15	7	0.857857
XR_003304968.1	2919	2682.15	0	0
XR_003304969.1	569	339.347	0	0
XR_003304970.1	3954	3717.15	2	0.0982577
XR_003304971.1	4073	3836.15	10.4273	0.49639
XR_003304972.1	2285	2048.15	8	0.713305
XR_003304973.1	1331	1094.15	5.26724	0.87913
XR_003304974.1	5226	4989.15	34.1228	1.24901
XR_003304975.1	5080	4843.15	6.0926	0.229732
XR_003304976.1	2882	2645.15	1	0.0690393
XR_003304977.1	2928	2691.15	4.07129e-08	2.76275e-09
XR_003304978.1	463	245.239	0	0
XR_003304979.1	688	453.75	0.000516732	0.000207967
XR_003304980.1	686	451.796	0.0366135	0.0147994
XR_003304981.1	684	449.977	1.96287	0.796614
XR_003304982.1	2024	1787.15	2.1199	0.216621
XR_003304983.1	1231	994.148	1	0.183694
XR_003304984.1	2486	2249.15	11.0656	0.898471
XR_003304985.1	3268	3031.15	0	0
XR_003304986.1	2526	2289.15	0	0
XR_003304987.1	2371	2134.15	3.29398	0.281866
XR_003304988.1	3118	2881.15	4.6404	0.294128
XR_003304989.1	852	616.102	1	0.29641
XR_003304990.1	3325	3088.15	3	0.177407
XR_003304991.1	783	547.388	0	0
XR_003304992.1	2025	1788.15	7	0.714893
XR_003304993.1	1711	1474.15	1	0.123881
XR_003304994.1	453	236.93	0	0
XR_003304995.1	3377	3140.15	20.6369	1.20016
XR_003304996.1	569	339.347	1	0.538149
XR_003304997.1	635	402.216	1	0.454033
XR_003304998.1	2267	2030.15	0	0
XR_003304999.1	4676	4439.15	0	0
XR_003305000.1	2308	2071.15	1	0.0881729
XR_003305001.1	893	656.786	0	0
XR_003305002.1	170	43.0461	28.0378	118.948
XR_003305003.1	168	42.0811	5481.97	23790.1
XR_003305004.1	5964	5727.15	1	0.0318866
XR_003305005.1	3528	3291.15	0	0
XR_003305006.1	647	413.845	3	1.32382
XR_003305007.1	3069	2832.15	0	0
XR_003305008.1	1704	1467.15	0	0
XR_003305009.1	1698	1461.15	0	0
XR_003305010.1	3152	2915.15	9.10396	0.570317
XR_003305011.1	2432	2195.15	0	0
XR_003305012.1	1891	1654.15	0	0
XR_003305013.1	5920	5683.15	0	0
XR_003305014.1	5811	5574.15	0	0
XR_003305015.1	5678	5441.15	16	0.537002
XR_003305016.1	1878	1641.15	1	0.111275
XR_003305017.1	1569	1332.15	0	0
XR_003305018.1	5076	4839.15	0	0
XR_003305019.1	5011	4774.15	0	0
XR_003305020.1	5020	4783.15	3	0.114539
XR_003305021.1	2487	2250.15	1	0.0811588
XR_003305022.1	1369	1132.15	0	0
XR_003305023.1	2000	1763.15	0	0
XR_003305024.1	3387	3150.15	0	0
XR_003305025.1	1446	1209.15	0	0
XR_003305026.1	1207	970.148	0	0
XR_003305027.1	3241	3004.15	0	0
XR_003305028.1	891	654.786	0	0
XR_003305029.1	3148	2911.15	0	0
XR_003305030.1	3162	2925.15	0	0
XR_003305031.1	2987	2750.15	0	0
XR_003305032.1	3072	2835.15	0	0
XR_003305033.1	2995	2758.15	0	0
XR_003305034.1	3059	2822.15	0	0
XR_003305035.1	3033	2796.15	0	0
XR_003305036.1	2836	2599.15	2	0.140522
XR_003305037.1	3144	2907.15	0	0
XR_003305038.1	2880	2643.15	1.27448e-07	8.80559e-09
XR_003305039.1	1342	1105.15	1	0.165244
XR_003305040.1	1196	959.148	0	0
XR_003305041.1	3753	3516.15	0	0
XR_003305042.1	2870	2633.15	0	0
XR_003305043.1	764	528.66	1	0.345438
XR_003305044.1	761	525.765	0	0
XR_003305045.1	41267	41030.1	58.9346	0.262309
XR_003305046.1	41108	40871.1	12.0157	0.053688
XR_003305047.1	1810	1573.15	3.9718	0.461068
XR_003305048.1	601	369.416	3	1.48304
XR_003305049.1	459	242.039	1	0.754503
XR_003305050.1	5245	5008.15	15.8789	0.579015
XR_003305051.1	4400	4163.15	0.190885	0.00837331
XR_003305052.1	2635	2398.15	6	0.456901
XR_003305053.1	7882	7645.15	0	0
XR_003305054.1	7898	7661.15	3	0.0715112
XR_003305055.1	6826	6589.15	0	0
XR_003305056.1	6266	6029.15	0	0
XR_003305057.1	4881	4644.15	0	0
XR_003305058.1	4948	4711.15	0	0
XR_003305059.1	4846	4609.15	0	0
XR_003305060.1	647	413.845	0	0
XR_003305061.1	1320	1083.15	0	0
XR_003305062.1	1798	1561.15	0	0
XR_003305063.1	519	293.616	0	0
XR_003305064.1	1316	1079.15	0	0
XR_003305065.1	887	650.786	1	0.280613
XR_003305066.1	3573	3336.15	0	0
XR_003305067.1	3149	2912.15	2	0.125419
XR_003305068.1	896	659.786	17	4.70535
XR_003305069.1	9216	8979.15	0	0
XR_003305070.1	8826	8589.15	0	0
XR_003305071.1	4131	3894.15	2.02008e-05	9.47333e-07
XR_003305072.1	4128	3891.15	4.32236e-05	2.02857e-06
XR_003305073.1	4149	3912.15	0	0
XR_003305074.1	3854	3617.15	11.7753	0.594499
XR_003305075.1	3814	3577.15	1.04514e-06	5.33563e-08
XR_003305076.1	3840	3603.15	3.89218	0.197268
XR_003305077.1	3811	3574.15	2.3923e-06	1.22233e-07
XR_003305078.1	3570	3333.15	0.173832	0.00952407
XR_003305079.1	3530	3293.15	26.8066	1.48654
XR_003305080.1	81	30.0822	1	6.07067
XR_003305081.1	68	31.9022	0	0
XR_003305082.1	124	22.5362	1	8.10337
XR_003305083.1	1639	1402.15	0	0
XR_003305084.1	1302	1065.15	0	0
XR_003305085.1	437	224.1	0	0
XR_003305086.1	4019	3782.15	0	0
XR_003305087.1	3648	3411.15	7	0.374752
XR_003305088.1	6579	6342.15	35	1.00781
XR_003305089.1	1543	1306.15	8	1.11852
XR_003305090.1	253	92.2218	0	0
XR_003305091.1	4850	4613.15	0	0
XR_003305092.1	4845	4608.15	0	0
XR_003305093.1	4728	4491.15	0	0
XR_003305094.1	5323	5086.15	2.5008	0.0897917
XR_003305095.1	3497	3260.15	0	0
XR_003305096.1	1685	1448.15	0	0
XR_003305097.1	5289	5052.15	0.000425912	1.53954e-05
XR_003305098.1	5236	4999.15	14.1205	0.515822
XR_003305099.1	6185	5948.15	0	0
XR_003305100.1	6142	5905.15	0	0
XR_003305101.1	6056	5819.15	0	0
XR_003305102.1	5150	4913.15	0	0
XR_003305103.1	1652	1415.15	0	0
XR_003305104.1	1359	1122.15	0	0
XR_003305105.1	1305	1068.15	0	0
XR_003305106.1	1390	1153.15	0	0
XR_003305107.1	1267	1030.15	3.53118	0.625989
XR_003305108.1	1634	1397.15	0	0
XR_003305109.1	1851	1614.15	0	0
XR_003305110.1	1213	976.148	0	0
XR_003305111.1	1478	1241.15	2.46882	0.363256
XR_003305112.1	1329	1092.15	3.2139	0.5374
XR_003305113.1	1728	1491.15	0	0
XR_003305114.1	2004	1767.15	0	0
XR_003305115.1	1633	1396.15	0	0
XR_003305116.1	1143	906.148	0	0
XR_003305117.1	1468	1231.15	0	0
XR_003305118.1	3039	2802.15	7.5153	0.489781
XR_003305119.1	3020	2783.15	0	0
XR_003305120.1	4477	4240.15	0	0
XR_003305121.1	4696	4459.15	10.7032	0.438339
XR_003305122.1	4350	4113.15	0	0
XR_003305123.1	4712	4475.15	0.312048	0.0127339
XR_003305124.1	4381	4144.15	0	0
XR_003305125.1	4575	4338.15	14.0475	0.591347
XR_003305126.1	4610	4373.15	0	0
XR_003305127.1	4255	4018.15	0	0
XR_003305128.1	4594	4357.15	0	0
XR_003305129.1	4390	4153.15	0	0
XR_003305130.1	4409	4172.15	0	0
XR_003305131.1	4420	4183.15	0	0
XR_003305132.1	4374	4137.15	0	0
XR_003305133.1	976	739.224	5	1.23521
XR_003305134.1	4456	4219.15	0	0
XR_003305135.1	4708	4471.15	0	0
XR_003305136.1	4333	4096.15	0	0
XR_003305137.1	3668	3431.15	6.88281	0.36633
XR_003305138.1	4320	4083.15	0	0
XR_003305139.1	3646	3409.15	0	0
XR_003305140.1	4350	4113.15	0	0
XR_003305141.1	3156	2919.15	14.7749	0.924306
XR_003305142.1	4172	3935.15	0	0
XR_003305143.1	2548	2311.15	29.5414	2.33427
XR_003305144.1	4049	3812.15	8.64284	0.414031
XR_003305145.1	4073	3836.15	0	0
XR_003305146.1	4155	3918.15	0	0
XR_003305147.1	3929	3692.15	0	0
XR_003305148.1	3797	3560.15	5.01615	0.257305
XR_003305149.1	3255	3018.15	11.956	0.72342
XR_003305150.1	2570	2333.15	0	0
XR_003305151.1	2937	2700.15	4.82622	0.326412
XR_003305152.1	4224	3987.15	2.86326	0.131143
XR_003305153.1	4279	4042.15	2.15798	0.0974951
XR_003305154.1	9076	8839.15	0.0028331	5.85326e-05
XR_003305155.1	8979	8742.15	152.13	3.17791
XR_003305156.1	8985	8748.15	77.2894	1.61343
XR_003305157.1	292	116.227	3	4.71369
XR_003305158.1	562	332.688	4.516	2.47892
XR_003305159.1	564	334.587	4.484	2.44739
XR_003305160.1	4509	4272.15	0.760328	0.0325013
XR_003305161.1	490	268.129	2.62242	1.7861
XR_003305162.1	447	232.186	1.37758	1.08349
XR_003305163.1	1041	804.148	0	0
XR_003305164.1	941	704.582	0	0
XR_003305165.1	350	156.822	0	0
XR_003305166.1	904	667.72	1	0.273497
XR_003305167.1	1327	1090.15	2	0.335036
XR_003305168.1	3102	2865.15	0	0
XR_003305169.1	2899	2662.15	5.00365	0.343242
XR_003305170.1	3227	2990.15	0	0
XR_003305171.1	6630	6393.15	5.92677	0.169297
XR_003305172.1	521	295.404	0	0
XR_003305173.1	3155	2918.15	0	0
XR_003305174.1	2846	2609.15	2.17046	0.151914
XR_003305175.1	2695	2458.15	19	1.41154
XR_003305176.1	7054	6817.15	3.54783e-05	9.50399e-07
XR_003305177.1	1489	1252.15	6	0.875069
XR_003305178.1	3175	2938.15	26	1.61602
XR_003305179.1	481	260.402	4	2.80519
XR_003305180.1	1892	1655.15	0	0
XR_003305181.1	3802	3565.15	2.21818	0.113623
XR_003305182.1	4266	4029.15	7.7816	0.352697
XR_003305183.1	2192	1955.15	0	0
XR_003305184.1	5825	5588.15	5.01257	0.163809
XR_003305185.1	3707	3470.15	0	0
XR_003305186.1	1368	1131.15	0	0
XR_003305187.1	3214	2977.15	7	0.429382
XR_003305188.1	782	546.498	0	0
XR_003305189.1	7653	7416.15	0	0
XR_003305190.1	6980	6743.15	0	0
XR_003305191.1	7166	6929.15	4.83726e-06	1.27487e-07
XR_003305192.1	7504	7267.15	0	0
XR_003305193.1	7053	6816.15	0	0
XR_003305194.1	7645	7408.15	0	0
XR_003305195.1	7551	7314.15	0	0
XR_003305196.1	7449	7212.15	0	0
XR_003305197.1	7484	7247.15	0	0
XR_003305198.1	7064	6827.15	11	0.294239
XR_003305199.1	7476	7239.15	0	0
XR_003305200.1	5851	5614.15	0	0
XR_003305201.1	6689	6452.15	0	0
XR_003305202.1	1492	1255.15	1	0.145496
XR_003305203.1	1149	912.148	0	0
XR_003305204.1	1350	1113.15	0	0
XR_003305205.1	2798	2561.15	1	0.0713037
XR_003305206.1	1310	1073.15	0	0
XR_003305207.1	1303	1066.15	2	0.342578
XR_003305208.1	1394	1157.15	0	0
XR_003305209.1	4550	4313.15	0.0149957	0.00063492
XR_003305210.1	4481	4244.15	29.7536	1.28025
XR_003305211.1	5766	5529.15	8	0.264228
XR_003305212.1	778	542.553	5	1.68296
XR_003305213.1	1011	774.148	1	0.235897
XR_003305214.1	1676	1439.15	0	0
XR_003305215.1	2709	2472.15	5.21789e-06	3.85449e-07
XR_003305216.1	2163	1926.15	0	0
XR_003305217.1	2676	2439.15	3.00565	0.225033
XR_003305218.1	464	246.005	0	0
XR_003305219.1	275	105.776	0	0
XR_003305220.1	696	461.658	0	0
XR_003305221.1	563	333.621	0	0
XR_003305222.1	1255	1018.15	1	0.179364
XR_003305223.1	4197	3960.15	0	0
XR_003305224.1	475	255.24	0	0
XR_003305225.1	2127	1890.15	3	0.289849
XR_003305226.1	2107	1870.15	0	0
XR_003305227.1	2151	1914.15	1.04715	0.0999035
XR_003305228.1	6223	5986.15	16.963	0.51749
XR_003305229.1	6129	5892.15	23.9684	0.74287
XR_003305230.1	2972	2735.15	7.96384	0.531726
XR_003305231.1	5193	4956.15	4.57287	0.168496
XR_003305232.1	6147	5910.15	0.531837	0.0164334
XR_003305233.1	6144	5907.15	0	0
XR_003305234.1	6051	5814.15	0	0
XR_003305235.1	6173	5936.15	0	0
XR_003305236.1	5638	5401.15	0	0
XR_003305237.1	5431	5194.15	7.74497	0.272303
XR_003305238.1	5531	5294.15	0	0
XR_003305239.1	5611	5374.15	0	0
XR_003305240.1	5545	5308.15	0	0
XR_003305241.1	4550	4313.15	15.255	0.6459
XR_003305242.1	4819	4582.15	0	0
XR_003305243.1	5147	4910.15	0	0
XR_003305244.1	5551	5314.15	0	0
XR_003305245.1	2181	1944.15	0	0
XR_003305246.1	2709	2472.15	6	0.443224
XR_003305247.1	1324	1087.15	1	0.16798
XR_003305248.1	1026	789.148	1	0.231413
XR_003305249.1	1069	832.148	0	0
XR_003305250.1	1888	1651.15	0	0
XR_003305251.1	253	92.2218	0	0
XR_003305252.1	4410	4173.15	16.628	0.727652
XR_003305253.1	4201	3964.15	0.00033603	1.54801e-05
XR_003305254.1	5054	4817.15	1.99895	0.0757807
XR_003305255.1	5020	4783.15	0	0
XR_003305256.1	1377	1140.15	0	0
XR_003305257.1	1125	888.148	0	0
XR_003305258.1	1028	791.148	0	0
XR_003305259.1	1430	1193.15	0	0
XR_003305260.1	411	203.419	1	0.897749
XR_003305261.1	2597	2360.15	3.47956	0.269235
XR_003305262.1	698	463.566	0	0
XR_003305263.1	895	658.786	0	0
XR_003305264.1	191	54.5577	856.998	2868.6
XR_003305265.1	176	46.2472	0	0
XR_003305266.1	175	45.5856	0	0
XR_003305267.1	172	43.9232	0	0
XR_003305268.1	172	43.9232	0	0
XR_003305269.1	7893	7656.15	0	0
XR_003305270.1	7828	7591.15	0	0
XR_003305271.1	8162	7925.15	18.1819	0.418965
XR_003305272.1	8064	7827.15	0	0
XR_003305273.1	7327	7090.15	11.9477	0.307735
XR_003305274.1	7886	7649.15	0	0
XR_003305275.1	7880	7643.15	0	0
XR_003305276.1	7868	7631.15	0	0
XR_003305277.1	2957	2720.15	0	0
XR_003305278.1	3881	3644.15	1.00397	0.0503121
XR_003305279.1	6158	5921.15	0	0
XR_003305280.1	4095	3858.15	0	0
XR_003305281.1	430	218.421	0	0
XR_003305282.1	4204	3967.15	0	0
XR_003305283.1	485	263.963	0	0
XR_003305284.1	9128	8891.15	1.64378e-05	3.37623e-07
XR_003305285.1	9020	8783.15	2.84762	0.0592078
XR_003305286.1	9067	8830.15	0.0146836	0.000303676
XR_003305287.1	4325	4088.15	0	0
XR_003305288.1	6483	6246.15	0	0
XR_003305289.1	4237	4000.15	0	0
XR_003305290.1	2239	2002.15	0	0
XR_003305291.1	2574	2337.15	0	0
XR_003305292.1	471	251.746	0	0
XR_003305293.1	2400	2163.15	0	0
XR_003305294.1	3368	3131.15	301	17.5553
XR_003305295.1	4877	4640.15	14.3371	0.564256
XR_003305296.1	2386	2149.15	3	0.254919
XR_003305297.1	1373	1136.15	0	0
XR_003305298.1	3286	3049.15	1.85246	0.110947
XR_003305299.1	7075	6838.15	1.80232e-08	4.81327e-10
XR_003305300.1	1369	1132.15	0	0
XR_003305301.1	1317	1080.15	0	0
XR_003305302.1	2755	2518.15	0	0
XR_003305303.1	3241	3004.15	0	0
XR_003305304.1	3174	2937.15	5	0.310878
XR_003305305.1	1011	774.148	0	0
XR_003305306.1	5948	5711.15	0	0
XR_003305307.1	1805	1568.15	1	0.116455
XR_003305308.1	1552	1315.15	0	0
XR_003305309.1	1133	896.148	0	0
XR_003305310.1	691	456.704	0	0
XR_003305311.1	914	677.72	0	0
XR_003305312.1	1084	847.148	0	0
XR_003305313.1	1310	1073.15	6	1.02103
XR_003305314.1	617	384.769	0	0
XR_003305315.1	12207	11970.1	0	0
XR_003305316.1	11903	11666.1	0.9977	0.0156178
XR_003305317.1	3007	2770.15	0	0
XR_003305318.1	4107	3870.15	14	0.660613
XR_003305319.1	4457	4220.15	0	0
XR_003305320.1	4181	3944.15	10	0.463013
XR_003305321.1	9656	9419.15	7.50539e-07	1.45515e-08
XR_003305322.1	9599	9362.15	0	0
XR_003305323.1	9560	9323.15	65.3626	1.28031
XR_003305324.1	9503	9266.15	45.8483	0.903587
XR_003305325.1	9500	9263.15	239.854	4.72862
XR_003305326.1	9443	9206.15	0	0
XR_003305327.1	9404	9167.15	119.941	2.38936
XR_003305328.1	9347	9110.15	6.20179e-07	1.24319e-08
XR_003305329.1	4307	4070.15	6.87578	0.308502
XR_003305330.1	3462	3225.15	13.8587	0.78473
XR_003305331.1	4268	4031.15	15.9746	0.723683
XR_003305332.1	3953	3716.15	0	0
XR_003305333.1	1985	1748.15	0	0
XR_003305334.1	3282	3045.15	1	0.0599705
XR_003305335.1	838	602.102	0	0
XR_003305336.1	757	521.871	1.58195	0.553574
XR_003305337.1	692	457.704	0.996693	0.39767
XR_003305338.1	2890	2653.15	0	0
XR_003305339.1	953	716.37	0	0
XR_003305340.1	1698	1461.15	0	0
XR_003305341.1	1680	1443.15	0	0
XR_003305342.1	7096	6859.15	0	0
XR_003305343.1	6618	6381.15	0	0
XR_003305344.1	6613	6376.15	0	0
XR_003305345.1	6094	5857.15	10	0.311789
XR_003305346.1	532	305.232	3	1.79489
XR_003305347.1	1348	1111.15	4	0.657407
XR_003305348.1	892	655.786	0	0
XR_003305349.1	734	499.278	0	0
XR_003305350.1	1793	1556.15	13	1.52559
XR_003305351.1	1003	766.148	5	1.1918
XR_003305352.1	1467	1230.15	0	0
XR_003305353.1	921	684.652	0	0
XR_003305354.1	910	673.72	1	0.271061
XR_003305355.1	2956	2719.15	6	0.402963
XR_003305356.1	3855	3618.15	0	0
XR_003305357.1	1600	1363.15	12.6205	1.69075
XR_003305358.1	2436	2199.15	0	0
XR_003305359.1	1478	1241.15	40	5.88549
XR_003305360.1	1071	834.148	2	0.437858
XR_003305361.1	8094	7857.15	21.8268	0.507308
XR_003305362.1	486	264.853	0	0
XR_003305363.1	11604	11367.1	47	0.75508
XR_003305364.1	255	93.4477	0	0
XR_003305365.1	326	138.836	0	0
XR_003305366.1	5177	4940.15	36.8803	1.36333
XR_003305367.1	2927	2690.15	41.8504	2.84099
XR_003305368.1	1029	792.148	0	0
XR_003305369.1	1038	801.148	2	0.455894
XR_003305370.1	709	474.425	0	0
XR_003305371.1	1459	1222.15	0	0
XR_003305372.1	615	382.808	0	0
XR_003305373.1	2689	2452.15	1	0.0744732
XR_003305374.1	4321	4084.15	0	0
XR_003305375.1	1166	929.148	0	0
XR_003305376.1	1428	1191.15	0	0
XR_003305377.1	119	20.7774	4	35.1572
XR_003305378.1	91	22.7832	0	0
XR_003305379.1	119	20.7774	1	8.7893
XR_003305380.1	119	20.7774	1	8.7893
XR_003305381.1	84	27.3408	0	0
XR_003305382.1	83	28.4036	0	0
XR_003305383.1	2511	2274.15	2	0.160605
XR_003305384.1	1877	1640.15	12.0775	1.34475
XR_003305385.1	10862	10625.1	2	0.0343749
XR_003305386.1	5909	5672.15	57.2456	1.84307
XR_003305387.1	5938	5701.15	0	0
XR_003305388.1	5905	5668.15	0	0
XR_003305389.1	5626	5389.15	0	0
XR_003305390.1	5546	5309.15	0	0
XR_003305391.1	5533	5296.15	0	0
XR_003305392.1	5693	5456.15	0	0
XR_003305393.1	5659	5422.15	0	0
XR_003305394.1	5666	5429.15	14	0.470915
XR_003305395.1	5649	5412.15	0	0
XR_003305396.1	5806	5569.15	0	0
XR_003305397.1	5633	5396.15	0	0
XR_003305398.1	5803	5566.15	0	0
XR_003305399.1	3792	3555.15	0	0
XR_003305400.1	5739	5502.15	0	0
XR_003305401.1	5332	5095.15	1.92303e-05	6.89249e-07
XR_003305402.1	1041	804.148	0	0
XR_003305403.1	568	338.381	5	2.69842
XR_003305404.1	2817	2580.15	0	0
XR_003305405.1	1420	1183.15	22	3.39571
XR_003305406.1	2816	2579.15	0	0
XR_003305407.1	7309	7072.15	0	0
XR_003305408.1	10885	10648.1	1.0001	0.017152
XR_003305409.1	7308	7071.15	0	0
XR_003305410.1	6248	6011.15	0	0
XR_003305411.1	3843	3606.15	0	0
XR_003305412.1	6642	6405.15	0	0
XR_003305413.1	5982	5745.15	0	0
XR_003305414.1	5982	5745.15	0	0
XR_003305415.1	3686	3449.15	0	0
XR_003305416.1	3520	3283.15	1	0.0556232
XR_003305417.1	2804	2567.15	0	0
XR_003305418.1	2836	2599.15	0	0
XR_003305419.1	2461	2224.15	26.1945	2.15077
XR_003305420.1	1331	1094.15	0	0
XR_003305421.1	1209	972.148	4	0.751405
XR_003305422.1	2510	2273.15	0	0
XR_003305423.1	1988	1751.15	1.25946	0.131343
XR_003305424.1	614	381.808	5	2.39151
XR_003305425.1	841	605.102	0	0
XR_003305426.1	4951	4714.15	11.5517	0.447495
XR_003305427.1	713	478.425	0	0
XR_003305428.1	703	468.472	0	0
XR_003305429.1	589	357.929	0	0
XR_003305430.1	1629	1392.15	5.17791	0.679228
XR_003305431.1	1751	1514.15	24.8221	2.99376
XR_003305432.1	953	716.37	1	0.254923
XR_003305433.1	20837	20600.1	63	0.558492
XR_003305434.1	1414	1177.15	0	0
XR_003305435.1	1871	1634.15	0	0
XR_003305436.1	1453	1216.15	0	0
XR_003305437.1	5415	5178.15	0	0
XR_003305438.1	6253	6016.15	10.4792	0.318094
XR_003305439.1	1215	978.148	0	0
XR_003305440.1	890	653.786	9.72733	2.71709
XR_003305441.1	1354	1117.15	2.13388	0.348824
XR_003305442.1	5371	5134.15	0	0
XR_003305443.1	5301	5064.15	0	0
XR_003305444.1	5023	4786.15	0	0
XR_003305445.1	5253	5016.15	0	0
XR_003305446.1	5246	5009.15	0	0
XR_003305447.1	5250	5013.15	0	0
XR_003305448.1	12270	12033.1	0	0
XR_003305449.1	12057	11820.1	0	0
XR_003305450.1	4287	4050.15	0	0
XR_003305451.1	6883	6646.15	0	0
XR_003305452.1	1814	1577.15	0	0
XR_003305453.1	1817	1580.15	0	0
XR_003305454.1	2473	2236.15	0	0
XR_003305455.1	2355	2118.15	1	0.0862165
XR_003305456.1	8634	8397.15	0	0
XR_003305457.1	1414	1177.15	0	0
XR_003305458.1	1635	1398.15	5	0.653075
XR_003305459.1	1549	1312.15	3	0.417527
XR_003305460.1	2099	1862.15	0	0
XR_003305461.1	1013	776.148	0	0
XR_003305462.1	980	743.224	0	0
XR_003305463.1	1081	844.148	0	0
XR_003305464.1	1767	1530.15	0	0
XR_003305465.1	317	132.751	0	0
XR_003305466.1	2514	2277.15	12.4605	0.999284
XR_003305467.1	2261	2024.15	9	0.811983
XR_003305468.1	2259	2022.15	0	0
XR_003305469.1	962	725.297	0	0
XR_003305470.1	489	267.38	0	0
XR_003305471.1	3329	3092.15	0	0
XR_003305472.1	3334	3097.15	6	0.353782
XR_003305473.1	3257	3020.15	0	0
XR_003305474.1	3240	3003.15	0	0
XR_003305475.1	3047	2810.15	0	0
XR_003305476.1	3065	2828.15	0	0
XR_003305477.1	5113	4876.15	6	0.224709
XR_003305478.1	3593	3356.15	0	0
XR_003305479.1	2187	1950.15	13	1.21737
XR_003305480.1	434	221.728	0	0
XR_003305481.1	1152	915.148	0	0
XR_003305482.1	763	527.713	15.0323	5.20206
XR_003305483.1	2822	2585.15	1	0.0706417
XR_003305484.1	3584	3347.15	0	0
XR_003305485.1	778	542.553	0	0
XR_003305486.1	2479	2242.15	0.00962018	0.000783548
XR_003305487.1	1149	912.148	3	0.600624
XR_003305488.1	2350	2113.15	0	0
XR_003305489.1	4577	4340.15	0	0
XR_003305490.1	2125	1888.15	0	0
XR_003305491.1	426	215.129	0	0
XR_003305492.1	580	349.788	0	0
XR_003305493.1	681	446.977	0	0
XR_003305494.1	691	456.704	0	0
XR_003305495.1	4122	3885.15	0	0
XR_003305496.1	4038	3801.15	0	0
XR_003305497.1	3987	3750.15	0	0
XR_003305498.1	3791	3554.15	8	0.411056
XR_003305499.1	3836	3599.15	0	0
XR_003305500.1	420	210.479	4	3.47054
XR_003305501.1	4025	3788.15	0	0
XR_003305502.1	3964	3727.15	0	0
XR_003305503.1	3839	3602.15	3	0.152092
XR_003305504.1	9202	8965.15	3.99793	0.0814375
XR_003305505.1	8977	8740.15	0.00201029	4.20036e-05
XR_003305506.1	8910	8673.15	3.99799	0.0841805
XR_003305507.1	635	402.216	0	0
XR_003305508.1	4061	3824.15	0	0
XR_003305509.1	2588	2351.15	3	0.233017
XR_003305510.1	14569	14332.1	17.5831	0.224043
XR_003305511.1	5206	4969.15	31.5534	1.15961
XR_003305512.1	2424	2187.15	2	0.166993
XR_003305513.1	968	731.297	1	0.249719
XR_003305514.1	780	544.553	0	0
XR_003305515.1	4718	4481.15	0	0
XR_003305516.1	4712	4475.15	0	0
XR_003305517.1	4694	4457.15	9.81446	0.40212
XR_003305518.1	4747	4510.15	0	0
XR_003305519.1	2271	2034.15	0	0
XR_003305520.1	430	218.421	0	0
XR_003305521.1	679	445.021	0	0
XR_003305522.1	5873	5636.15	0	0
XR_003305523.1	5744	5507.15	15.8707	0.52628
XR_003305524.1	5748	5511.15	0	0
XR_003305525.1	5467	5230.15	0	0
XR_003305526.1	5551	5314.15	0	0
XR_003305527.1	5481	5244.15	7.34161e-07	2.5566e-08
XR_003305528.1	5397	5160.15	6.12925	0.216916
XR_003305529.1	2686	2449.15	0	0
XR_003305530.1	2129	1892.15	0	0
XR_003305531.1	4546	4309.15	5.55086	0.235242
XR_003305532.1	4527	4290.15	0	0
XR_003305533.1	3642	3405.15	9.65243	0.517663
XR_003305534.1	1030	793.148	14.1653	3.26151
XR_003305535.1	694	459.658	0	0
XR_003305536.1	1124	887.148	0	0
XR_003305537.1	2311	2074.15	0	0
XR_003305538.1	3167	2930.15	0	0
XR_003305539.1	4024	3787.15	5.14623	0.248155
XR_003305540.1	653	419.762	0	0
XR_003305541.1	1604	1367.15	0	0
XR_003305542.1	151	33.7816	5	27.0294
XR_003305543.1	134	26.0451	0	0
XR_003305544.1	1909	1672.15	0	0
XR_003305545.1	963	726.297	1	0.251439
XR_003305546.1	855	619.102	0	0
XR_003305547.1	1053	816.148	1	0.223758
XR_003305548.1	2758	2521.15	0	0
XR_003305549.1	2746	2509.15	0	0
XR_003305550.1	522	296.313	0	0
XR_003305551.1	1353	1116.15	0	0
XR_003305552.1	435	222.584	2	1.6409
XR_003305553.1	2094	1857.15	0	0
XR_003305554.1	1534	1297.15	12	1.68942
XR_003305555.1	1552	1315.15	0	0
XR_003305556.1	990	753.224	0	0
XR_003305557.1	3071	2834.15	0	0
XR_003305558.1	1539	1302.15	2	0.280489
XR_003305559.1	4038	3801.15	0	0
XR_003305560.1	3632	3395.15	0	0
XR_003305561.1	5486	5249.15	3	0.104371
XR_003305562.1	5469	5232.15	0	0
XR_003305563.1	5427	5190.15	0	0
XR_003305564.1	1195	958.148	0	0
XR_003305565.1	727	492.327	0	0
XR_003305566.1	396	191.63	1	0.95298
XR_003305567.1	1948	1711.15	1	0.106723
XR_003305568.1	6927	6690.15	0.000251257	6.85849e-06
XR_003305569.1	6905	6668.15	1.51401	0.0414638
XR_003305570.1	6575	6338.15	84	2.42027
XR_003305571.1	2566	2329.15	0	0
XR_003305572.1	1035	798.148	0	0
XR_003305573.1	1379	1142.15	2.15243	0.344153
XR_003305574.1	598	366.49	0	0
XR_003305575.1	2240	2003.15	0	0
XR_003305576.1	563	333.621	4	2.18954
XR_003305577.1	5324	5087.15	0.00270736	9.71891e-05
XR_003305578.1	5288	5051.15	2.99729	0.108364
XR_003305579.1	1549	1312.15	0	0
XR_003305580.1	258	95.3596	0	0
XR_003305581.1	1743	1506.15	0	0
XR_003305582.1	3010	2773.15	0	0
XR_003305583.1	2937	2700.15	6	0.405798
XR_003305584.1	1635	1398.15	1.01365	0.132398
XR_003305585.1	4389	4152.15	4	0.175927
XR_003305586.1	510	285.63	0	0
XR_003305587.1	3050	2813.15	1	0.0649163
XR_003305588.1	482	261.292	0	0
XR_003305589.1	1447	1210.15	0	0
XR_003305590.1	4173	3936.15	48.3227	2.24195
XR_003305591.1	1375	1138.15	22.7305	3.64717
XR_003305592.1	2126	1889.15	15.7487	1.52239
XR_003305593.1	3862	3625.15	0	0
XR_003305594.1	839	603.102	0	0
XR_003305595.1	701	466.519	0	0
XR_003305596.1	670	436.243	0	0
XR_003305597.1	805	569.277	0	0
XR_003305598.1	331	142.589	0	0
XR_003305599.1	739	504.177	1	0.362212
XR_003305600.1	1597	1360.15	0	0
XR_003305601.1	3867	3630.15	0	0
XR_003305602.1	3804	3567.15	0	0
XR_003305603.1	2254	2017.15	0	0
XR_003305604.1	3884	3647.15	0	0
XR_003305605.1	980	743.224	0	0
XR_003305606.1	1034	797.148	0	0
XR_003305607.1	1450	1213.15	5	0.752667
XR_003305608.1	2739	2502.15	0	0
XR_003305609.1	2729	2492.15	0	0
XR_003305610.1	725	490.327	0.456725	0.170104
XR_003305611.1	2566	2329.15	0	0
XR_003305612.1	2712	2475.15	68.5154	5.05514
XR_003305613.1	1679	1442.15	0	0
XR_003305614.1	1118	881.148	0	0
XR_003305615.1	489	267.38	0	0
XR_003305616.1	618	385.73	0	0
XR_003305617.1	8703	8466.15	4	0.0862821
XR_003305618.1	513	288.215	0	0
XR_003305619.1	2473	2236.15	0	0
XR_003305620.1	10525	10288.1	3	0.0532513
XR_003305621.1	3285	3048.15	1	0.0599115
XR_003305622.1	2267	2030.15	0	0
XR_003305623.1	4756	4519.15	2.84754e-06	1.1507e-07
XR_003305624.1	1113	876.148	0	0
XR_003305625.1	1113	876.148	0	0
XR_003305626.1	13053	12816.1	63.0016	0.897719
XR_003305627.1	2568	2331.15	0	0
XR_003305628.1	2769	2532.15	2	0.144241
XR_003305629.1	2844	2607.15	3	0.210137
XR_003305630.1	6186	5949.15	13.9413	0.427953
XR_003305631.1	6177	5940.15	0	0
XR_003305632.1	947	710.441	0	0
XR_003305633.1	640	407.052	0	0
XR_003305634.1	645	411.887	0	0
XR_003305635.1	4898	4661.15	31.1518	1.2205
XR_003305636.1	1861	1624.15	2	0.22488
XR_003305637.1	1799	1562.15	0	0
XR_003305638.1	363	166.29	0	0
XR_003305639.1	2116	1879.15	0.0490356	0.00476538
XR_003305640.1	1286	1049.15	0.26453	0.0460453
XR_003305641.1	1799	1562.15	0	0
XR_003305642.1	2268	2031.15	0	0
XR_003305643.1	434	221.728	0	0
XR_003305644.1	2808	2571.15	3.72259	0.264402
XR_003305645.1	2535	2298.15	1.27741	0.101508
XR_003305646.1	2834	2597.15	3.42338e-08	2.40716e-09
XR_003305647.1	1657	1420.15	0	0
XR_003305648.1	1675	1438.15	0	0
XR_003305649.1	1602	1365.15	0	0
XR_003305650.1	3533	3296.15	4	0.221615
XR_003305651.1	2601	2364.15	0	0
XR_003305652.1	2515	2278.15	4	0.320645
XR_003305653.1	7554	7317.15	7.39776e-06	1.84631e-07
XR_003305654.1	7598	7361.15	1.99176e-08	4.94127e-10
XR_003305655.1	7550	7313.15	1.26908e-05	3.16907e-07
XR_003305656.1	7567	7330.15	1.28297e-06	3.19633e-08
XR_003305657.1	7465	7228.15	1.3026	0.0329102
XR_003305658.1	7450	7213.15	10.1222	0.25627
XR_003305659.1	7498	7261.15	0.0145303	0.00036544
XR_003305660.1	7726	7489.15	0	0
XR_003305661.1	7550	7313.15	1.26908e-05	3.16907e-07
XR_003305662.1	7468	7231.15	0	0
XR_003305663.1	6311	6074.15	3.17919	0.0955823
XR_003305664.1	7474	7237.15	0.381433	0.00962493
XR_003305665.1	314	130.595	0	0
XR_003305666.1	1069	832.148	1	0.219455
XR_003305667.1	1456	1219.15	5.07825e-05	7.60684e-06
XR_003305668.1	1443	1206.15	1.99995	0.302806
XR_003305669.1	1241	1004.15	0	0
XR_003305670.1	9336	9099.15	11.6963	0.234744
XR_003305671.1	7719	7482.15	29.6291	0.723167
XR_003305672.1	2061	1824.15	0	0
XR_003305673.1	3545	3308.15	0	0
XR_003305674.1	3439	3202.15	4	0.228121
XR_003305675.1	2833	2596.15	0	0
XR_003305676.1	3485	3248.15	3.07736e-06	1.73017e-07
XR_003305677.1	934	697.652	7	1.83234
XR_003305678.1	4139	3902.15	1.54347	0.0722338
XR_003305679.1	4150	3913.15	0.0959079	0.00447584
XR_003305680.1	4140	3903.15	1.19857	0.0560782
XR_003305681.1	1094	857.148	0	0
XR_003305682.1	1064	827.148	0	0
XR_003305683.1	1050	813.148	0	0
XR_003305684.1	382	180.787	0	0
XR_003305685.1	369	170.944	0	0
XR_003305686.1	363	166.29	2	2.19639
XR_003305687.1	3033	2796.15	0	0
XR_003305688.1	2961	2724.15	0	0
XR_003305689.1	991	754.224	1	0.242129
XR_003305690.1	2966	2729.15	0	0
XR_003305691.1	2807	2570.15	7	0.497378
XR_003305692.1	2873	2636.15	0	0
XR_003305693.1	2940	2703.15	0	0
XR_003305694.1	6499	6262.15	8.15865	0.237926
XR_003305695.1	1371	1134.15	11	1.77121
XR_003305696.1	6815	6578.15	0	0
XR_003305697.1	6185	5948.15	0.0213338	0.000654988
XR_003305698.1	6812	6575.15	79.9787	2.22134
XR_003305699.1	3896	3659.15	8.49988	0.424209
XR_003305700.1	770	534.607	0	0
XR_003305701.1	1871	1634.15	5	0.55876
XR_003305702.1	3724	3487.15	2	0.104738
XR_003305703.1	3025	2788.15	0	0
XR_003305704.1	463	245.239	2	1.48932
XR_003305705.1	2183	1946.15	3.88927	0.364955
XR_003305706.1	2349	2112.15	0	0
XR_003305707.1	2586	2349.15	0	0
XR_003305708.1	2231	1994.15	0	0
XR_003305709.1	2078	1841.15	4.11073	0.407734
XR_003305710.1	1912	1675.15	0	0
XR_003305711.1	1958	1721.15	0	0
XR_003305712.1	2004	1767.15	0	0
XR_003305713.1	2124	1887.15	0	0
XR_003305714.1	2313	2076.15	0	0
XR_003305715.1	2172	1935.15	0	0
XR_003305716.1	1755	1518.15	0	0
XR_003305717.1	1589	1352.15	0	0
XR_003305718.1	3003	2766.15	2.68458	0.177234
XR_003305719.1	3005	2768.15	1.31542	0.0867803
XR_003305720.1	878	641.851	2	0.569039
XR_003305721.1	1557	1320.15	5	0.691662
XR_003305722.1	2680	2443.15	0	0
XR_003305723.1	2590	2353.15	0	0
XR_003305724.1	2769	2532.15	0	0
XR_003305725.1	5103	4866.15	2	0.075057
XR_003305726.1	2986	2749.15	4	0.26571
XR_003305727.1	1084	847.148	0	0
XR_003305728.1	1205	968.148	0	0
XR_003305729.1	904	667.72	0	0
XR_003305730.1	1301	1064.15	5.08988	0.873477
XR_003305731.1	975	738.297	1	0.247352
XR_003305732.1	6062	5825.15	0.336711	0.0105559
XR_003305733.1	6058	5821.15	0.663289	0.0208085
XR_003305734.1	1675	1438.15	0	0
XR_003305735.1	9611	9374.15	0	0
XR_003305736.1	9510	9273.15	0	0
XR_003305737.1	9522	9285.15	0	0
XR_003305738.1	9565	9328.15	0	0
XR_003305739.1	9165	8928.15	0	0
XR_003305740.1	9535	9298.15	1.68189	0.0330329
XR_003305741.1	9487	9250.15	0	0
XR_003305742.1	9404	9167.15	0	0
XR_003305743.1	9535	9298.15	0	0
XR_003305744.1	9103	8866.15	0	0
XR_003305745.1	9382	9145.15	0	0
XR_003305746.1	9516	9279.15	0	0
XR_003305747.1	9466	9229.15	0	0
XR_003305748.1	9280	9043.15	0	0
XR_003305749.1	10075	9838.15	24.3181	0.451401
XR_003305750.1	9174	8937.15	0	0
XR_003305751.1	9553	9316.15	0	0
XR_003305752.1	9536	9299.15	0	0
XR_003305753.1	9475	9238.15	0	0
XR_003305754.1	9544	9307.15	0	0
XR_003305755.1	9498	9261.15	0	0
XR_003305756.1	9591	9354.15	0	0
XR_003305757.1	8850	8613.15	0	0
XR_003305758.1	1919	1682.15	2	0.217126
XR_003305759.1	1798	1561.15	0	0
XR_003305760.1	1386	1149.15	2	0.317834
XR_003305761.1	8233	7996.15	48.8114	1.11477
XR_003305762.1	8160	7923.15	79.513	1.83268
XR_003305763.1	956	719.37	2	0.50772
XR_003305764.1	4230	3993.15	0	0
XR_003305765.1	3998	3761.15	1.59441	0.0774153
XR_003305766.1	4141	3904.15	0	0
XR_003305767.1	4219	3982.15	0	0
XR_003305768.1	4078	3841.15	0	0
XR_003305769.1	4076	3839.15	1.57539	0.0749374
XR_003305770.1	4010	3773.15	0	0
XR_003305771.1	5017	4780.15	2.8302	0.108124
XR_003305772.1	1445	1208.15	0	0
XR_003305773.1	2917	2680.15	0	0
XR_003305774.1	876	639.915	0	0
XR_003305775.1	3797	3560.15	1	0.0512954
XR_003305776.1	1413	1176.15	0	0
XR_003305777.1	362	165.72	0	0
XR_003305778.1	575	345.104	0	0
XR_003305779.1	480	259.538	0	0
XR_003305780.1	1966	1729.15	0	0
XR_003305781.1	1849	1612.15	0	0
XR_003305782.1	1671	1434.15	1	0.127336
XR_003305783.1	1757	1520.15	0	0
XR_003305784.1	598	366.49	0	0
XR_003305785.1	454	237.779	0	0
XR_003305786.1	450	234.736	0	0
XR_003305787.1	6522	6285.15	14	0.406779
XR_003305788.1	723	488.376	1	0.373931
XR_003305789.1	4312	4075.15	0	0
XR_003305790.1	946	709.441	0	0
XR_003305791.1	6233	5996.15	6	0.182737
XR_003305792.1	865	628.915	12	3.48446
XR_003305793.1	2010	1773.15	2	0.205983
XR_003305794.1	2990	2753.15	1	0.0663311
XR_003305795.1	3447	3210.15	0	0
XR_003305796.1	3257	3020.15	13.703	0.828577
XR_003305797.1	1959	1722.15	1.00888	0.106983
XR_003305798.1	1773	1536.15	2	0.237763
XR_003305799.1	645	411.887	1.06674	0.472965
XR_003305800.1	1427	1190.15	5	0.767212
XR_003305801.1	691	456.704	1	0.399863
XR_003305802.1	975	738.297	4	0.989407
XR_003305803.1	1307	1070.15	0	0
XR_003305804.1	1354	1117.15	13	2.1251
XR_003305805.1	871	634.915	0	0
XR_003305806.1	823	587.162	1	0.31102
XR_003305807.1	2284	2047.15	0	0
XR_003305808.1	2371	2134.15	0	0
XR_003305809.1	11752	11515.1	0.00153825	2.43952e-05
XR_003305810.1	2794	2557.15	0	0
XR_003305811.1	3527	3290.15	73.3967	4.07387
XR_003305812.1	162	39.1658	1444	6732.97
XR_003305813.1	12285	12048.1	7.18212	0.108863
XR_003305814.1	2119	1882.15	10	0.97027
XR_003305815.1	1002	765.148	0	0
XR_003305816.1	1933	1696.15	1	0.107667
XR_003305817.1	1154	917.148	1	0.199116
XR_003305818.1	4320	4083.15	0	0
XR_003305819.1	4461	4224.15	0	0
XR_003305820.1	5827	5590.15	0	0
XR_003305821.1	4371	4134.15	0	0
XR_003305822.1	4328	4091.15	0	0
XR_003305823.1	5712	5475.15	0	0
XR_003305824.1	4600	4363.15	0	0
XR_003305825.1	4346	4109.15	0	0
XR_003305826.1	4495	4258.15	2.60726	0.111818
XR_003305827.1	4471	4234.15	2.63124	0.113485
XR_003305828.1	4350	4113.15	0	0
XR_003305829.1	4352	4115.15	2.7615	0.122548
XR_003305830.1	3680	3443.15	0	0
XR_003305831.1	4266	4029.15	0	0
XR_003305832.1	3557	3320.15	0	0
XR_003305833.1	3852	3615.15	0	0
XR_003305834.1	1923	1686.15	0	0
XR_003305835.1	1888	1651.15	0	0
XR_003305836.1	10293	10056.1	0	0
XR_003305837.1	3594	3357.15	1	0.0543971
XR_003305838.1	2498	2261.15	0	0
XR_003305839.1	2997	2760.15	0	0
XR_003305840.1	2454	2217.15	2	0.164733
XR_003305841.1	340	149.101	0	0
XR_003305842.1	705	470.425	0	0
XR_003305843.1	1400	1163.15	0	0
XR_003305844.1	2417	2180.15	7.66149	0.641762
XR_003305845.1	1264	1027.15	0	0
XR_003305846.1	1176	939.148	0	0
XR_003305847.1	1082	845.148	0	0
XR_003305848.1	7824	7587.15	0	0
XR_003305849.1	6633	6396.15	0	0
XR_003305850.1	7403	7166.15	0	0
XR_003305851.1	7760	7523.15	13.2347	0.321263
XR_003305852.1	7727	7490.15	25.5169	0.622134
XR_003305853.1	7725	7488.15	0	0
XR_003305854.1	8244	8007.15	7.42107	0.169252
XR_003305855.1	242	85.6966	0	0
XR_003305856.1	4771	4534.15	0	0
XR_003305857.1	4667	4430.15	0	0
XR_003305858.1	3765	3528.15	1	0.0517606
XR_003305859.1	1093	856.148	0	0
XR_003305860.1	1002	765.148	0	0
XR_003305861.1	1878	1641.15	0	0
XR_003305862.1	1923	1686.15	0	0
XR_003305863.1	1869	1632.15	0	0
XR_003305864.1	4932	4695.15	17.4248	0.677742
XR_003305865.1	578	347.859	0	0
XR_003305866.1	1664	1427.15	0	0
XR_003305867.1	548	319.545	2	1.14299
XR_003305868.1	3303	3066.15	0	0
XR_003305869.1	6849	6612.15	0	0
XR_003305870.1	1368	1131.15	0	0
XR_003305871.1	1937	1700.15	0	0
XR_003305872.1	6344	6107.15	0	0
XR_003305873.1	5888	5651.15	0	0
XR_003305874.1	269	102.415	0	0
XR_003305875.1	5233	4996.15	2	0.073104
XR_003305876.1	1337	1100.15	0.988745	0.164127
XR_003305877.1	1342	1105.15	0.0112553	0.00185987
XR_003305878.1	318	133.428	0	0
XR_003305879.1	2278	2041.15	0	0
XR_003305880.1	1331	1094.15	0	0
XR_003305881.1	1317	1080.15	0	0
XR_003305882.1	225	75.4231	0	0
XR_003305883.1	2521	2284.15	6	0.479704
XR_003305884.1	2358	2121.15	0	0
XR_003305885.1	4609	4372.15	0	0
XR_003305886.1	4251	4014.15	0	0
XR_003305887.1	4495	4258.15	0	0
XR_003305888.1	4033	3796.15	4	0.192426
XR_003305889.1	5424	5187.15	0	0
XR_003305890.1	1683	1446.15	3	0.378839
XR_003305891.1	5519	5282.15	2.87924	0.0995436
XR_003305892.1	5536	5299.15	0.120763	0.00416174
XR_003305893.1	570	340.278	0	0
XR_003305894.1	13338	13101.1	26.0352	0.362909
XR_003305895.1	3466	3229.15	0	0
XR_003305896.1	1874	1637.15	1	0.111547
XR_003305897.1	2643	2406.15	0.00714121	0.000541996
XR_003305898.1	859	623.04	1	0.29311
XR_003305899.1	2836	2599.15	0	0
XR_003305900.1	2142	1905.15	1599	153.273
XR_003305901.1	2321	2084.15	3	0.262869
XR_003305902.1	1271	1034.15	0	0
XR_003305903.1	3440	3203.15	0	0
XR_003305904.1	2324	2087.15	0	0
XR_003305905.1	5830	5593.15	10	0.326505
XR_003305906.1	2707	2470.15	1	0.0739305
XR_003305907.1	119	20.7774	0.16	1.40629
XR_003305908.1	119	20.7774	0.16	1.40629
XR_003305909.1	119	20.7774	0.16	1.40629
XR_003305910.1	119	20.7774	0.16	1.40629
XR_003305911.1	120	21.1455	0	0
XR_003305912.1	120	21.1455	0	0
XR_003305913.1	121	21.4926	0	0
XR_003305914.1	107	18.9797	2.67479	25.7364
XR_003305915.1	107	18.9797	2.67479	25.7364
XR_003305916.1	119	20.7774	0.16	1.40629
XR_003305917.1	129	24.0373	0	0
XR_003305918.1	119	20.7774	0.16	1.40629
XR_003305919.1	119	20.7774	0.16	1.40629
XR_003305920.1	119	20.7774	0.16	1.40629
XR_003305921.1	1109	872.148	0	0
XR_003305922.1	8432	8195.15	0	0
XR_003305923.1	3358	3121.15	3.19425	0.186896
XR_003305924.1	1460	1223.15	0	0
XR_003305925.1	1378	1141.15	25	4.00078
XR_003305926.1	463	245.239	0	0
XR_003305927.1	1076	839.148	0	0
XR_003305928.1	4297	4060.15	7.31527	0.32903
XR_003305929.1	656	422.719	1	0.43201
XR_003305930.1	1970	1733.15	1	0.105369
XR_003305931.1	2125	1888.15	0	0
XR_003305932.1	583	352.361	0	0
XR_003305933.1	565	335.553	0	0
XR_003305934.1	983	746.224	0	0
XR_003305935.1	517	291.827	0	0
XR_003305936.1	848	612.102	0	0
XR_003305937.1	1723	1486.15	10.0653	1.23684
XR_003305938.1	546	317.643	2	1.14984
XR_003305939.1	2952	2715.15	2.00364	0.134764
XR_003305940.1	2607	2370.15	0	0
XR_003305941.1	2681	2444.15	0	0
XR_003305942.1	1153	916.148	1.08188	0.215656
XR_003305943.1	1273	1036.15	1	0.176248
XR_003305944.1	1015	778.148	0	0
XR_003305945.1	6168	5931.15	23.861	0.734677
XR_003305946.1	4464	4227.15	0	0
XR_003305947.1	1220	983.148	0	0
XR_003305948.1	1691	1454.15	0	0
XR_003305949.1	536	308.729	1	0.591519
XR_003305950.1	4795	4558.15	3.86628e-07	1.549e-08
XR_003305951.1	4720	4483.15	5	0.203673
XR_003305952.1	2862	2625.15	2.44863	0.17034
XR_003305953.1	2692	2455.15	1.60111	0.119094
XR_003305954.1	5130	4893.15	27.1324	1.01262
XR_003305955.1	5719	5482.15	4.18366	0.139364
XR_003305956.1	4079	3842.15	0	0
XR_003305957.1	5061	4824.15	7.70426	0.291647
XR_003305958.1	4068	3831.15	12.9796	0.6187
XR_003305959.1	2771	2534.15	0	0
XR_003305960.1	2536	2299.15	0	0
XR_003305961.1	3684	3447.15	5	0.264884
XR_003305962.1	1197	960.148	0	0
XR_003305963.1	9173	8936.15	17.0746	0.348937
XR_003305964.1	1916	1679.15	1	0.108757
XR_003305965.1	569	339.347	5	2.69074
XR_003305966.1	552	323.12	0	0
XR_003305967.1	3925	3688.15	26	1.28739
XR_003305968.1	1562	1325.15	2	0.275621
XR_003305969.1	830	594.102	0	0
XR_003305970.1	1581	1344.15	0	0
XR_003305971.1	1783	1546.15	0	0
XR_003305972.1	4375	4138.15	0	0
XR_003305973.1	2072	1835.15	0	0
XR_003305974.1	1866	1629.15	16.5741	1.85787
XR_003305975.1	2331	2094.15	15.3573	1.33923
XR_003305976.1	2654	2417.15	1	0.0755515
XR_003305977.1	1577	1340.15	1	0.136268
XR_003305978.1	1165	928.148	0	0
XR_003305979.1	1039	802.148	0	0
XR_003305980.1	6391	6154.15	15.684	0.46541
XR_003305981.1	1729	1492.15	7.31597	0.895378
XR_003305982.1	6165	5928.15	0	0
XR_003305983.1	1423	1186.15	3	0.46188
XR_003305984.1	2206	1969.15	0	0
XR_003305985.1	3317	3080.15	0	0
XR_003305986.1	2969	2732.15	15	1.00261
XR_003305987.1	3147	2910.15	13	0.815783
XR_003305988.1	2685	2448.15	0	0
XR_003305989.1	4557	4320.15	0	0
XR_003305990.1	3733	3496.15	4	0.208938
XR_003305991.1	4270	4033.15	0	0
XR_003305992.1	894	657.786	0	0
XR_003305993.1	5358	5121.15	0	0
XR_003305994.1	5288	5051.15	0	0
XR_003305995.1	620	387.575	0	0
XR_003305996.1	349	156.18	0	0
XR_003305997.1	592	360.748	0	0
XR_003305998.1	1700	1463.15	0	0
XR_003305999.1	265	99.9308	0	0
XR_003306000.1	767	531.607	1.8364	0.630847
XR_003306001.1	2852	2615.15	3.31152	0.231248
XR_003306002.1	954	717.37	0	0
XR_003306003.1	1893	1656.15	0	0
XR_003306004.1	2437	2200.15	13.9742	1.1599
XR_003306005.1	11565	11328.1	31.0258	0.500162
XR_003306006.1	2037	1800.15	0	0
XR_003306007.1	2821	2584.15	0	0
XR_003306008.1	1836	1599.15	0	0
XR_003306009.1	4581	4344.15	3	0.126114
XR_003306010.1	236	81.5816	0	0
XR_003306011.1	4340	4103.15	0	0
XR_003306012.1	4389	4152.15	0	0
XR_003306013.1	6749	6512.15	0	0
XR_003306014.1	195	56.8308	1.00112	3.21698
XR_003306015.1	9779	9542.15	0.0028247	5.40596e-05
XR_003306016.1	1693	1456.15	2	0.250825
XR_003306017.1	3807	3570.15	0	0
XR_003306018.1	3808	3571.15	0	0
XR_003306019.1	1247	1010.15	0	0
XR_003306020.1	4760	4523.15	12	0.484492
XR_003306021.1	3980	3743.15	0	0
XR_003306022.1	5082	4845.15	0	0
XR_003306023.1	600	368.453	0	0
XR_003306024.1	1724	1487.15	0	0
XR_003306025.1	4011	3774.15	0	0
XR_003306026.1	3350	3113.15	3.00145	0.176067
XR_003306027.1	2960	2723.15	0	0
XR_003306028.1	3048	2811.15	0.741698	0.0481826
XR_003306029.1	2046	1809.15	0	0
XR_003306030.1	3051	2814.15	0.258837	0.0167968
XR_003306031.1	2689	2452.15	1.98817	0.148065
XR_003306032.1	1748	1511.15	31.0118	3.74772
XR_003306033.1	4622	4385.15	0	0
XR_003306034.1	4662	4425.15	0	0
XR_003306035.1	2252	2015.15	42.6517	3.86524
XR_003306036.1	915	678.72	0	0
XR_003306037.1	537	309.666	0	0
XR_003306038.1	2029	1792.15	0	0
XR_003306039.1	3487	3250.15	0	0
XR_003306040.1	3458	3221.15	0	0
XR_003306041.1	1080	843.148	1	0.216592
XR_003306042.1	1262	1025.15	0	0
XR_003306043.1	815	579.22	4.77665e-08	1.506e-08
XR_003306044.1	1238	1001.15	3.44993	0.6293
XR_003306045.1	1309	1072.15	13	2.21429
XR_003306046.1	4055	3818.15	0	0
XR_003306047.1	1663	1426.15	56.1455	7.18947
XR_003306048.1	1657	1420.15	1.70644	0.219433
XR_003306049.1	1783	1546.15	0	0
XR_003306050.1	1496	1259.15	1	0.145034
XR_003306051.1	654	420.762	0	0
XR_003306052.1	1593	1356.15	2.78366	0.374848
XR_003306053.1	750	514.922	8.96767	3.18042
XR_003306054.1	4966	4729.15	1	0.0386157
XR_003306055.1	699	464.566	0	0
XR_003306056.1	2399	2162.15	0	0
XR_003306057.1	2269	2032.15	0	0
XR_003306058.1	466	247.639	3	2.21232
XR_003306059.1	1050	813.148	1	0.224583
XR_003306060.1	846	610.102	0	0
XR_003306061.1	1775	1538.15	0	0
XR_003306062.1	1048	811.148	0	0
XR_003306063.1	910	673.72	2	0.542122
XR_003306064.1	3406	3169.15	0	0
XR_003306065.1	2469	2232.15	0	0
XR_003306066.1	1156	919.148	0	0
XR_003306067.1	4066	3829.15	3	0.143076
XR_003306068.1	4728	4491.15	0	0
XR_003306069.1	3342	3105.15	32.2558	1.89702
XR_003306070.1	4459	4222.15	0	0
XR_003306071.1	3183	2946.15	0	0
XR_003306072.1	4299	4062.15	0	0
XR_003306073.1	1443	1206.15	0	0
XR_003306074.1	1208	971.148	0	0
XR_003306075.1	1384	1147.15	0	0
XR_003306076.1	1207	970.148	0	0
XR_003306077.1	3961	3724.15	15.005	0.735792
XR_003306078.1	3423	3186.15	5.0372	0.288715
XR_003306079.1	295	117.891	2	3.0981
XR_003306080.1	3740	3503.15	0	0
XR_003306081.1	3516	3279.15	1	0.0556911
XR_003306082.1	859	623.04	3	0.879329
XR_003306083.1	1521	1284.15	0	0
XR_003306084.1	1668	1431.15	0	0
XR_003306085.1	1604	1367.15	0	0
XR_003306086.1	1352	1115.15	0	0
XR_003306087.1	1350	1113.15	0	0
XR_003306088.1	2662	2425.15	0	0
XR_003306089.1	1399	1162.15	1	0.157139
XR_003306090.1	1115	878.148	0	0
XR_003306091.1	4869	4632.15	36.3254	1.4321
XR_003306092.1	1724	1487.15	290.385	35.6588
XR_003306093.1	2228	1991.15	8.45612	0.775558
XR_003306094.1	1196	959.148	4.15911	0.791883
XR_003306095.1	2343	2106.15	18	1.56074
XR_003306096.1	1228	991.148	0	0
XR_003306097.1	2368	2131.15	47	4.02746
XR_003306098.1	1234	997.148	168	30.7678
XR_003306099.1	2925	2688.15	0	0
XR_003306100.1	77	33.2069	0	0
XR_003306101.1	2649	2412.15	0	0
XR_003306102.1	1746	1509.15	0	0
XR_003306103.1	3410	3173.15	0	0
XR_003306104.1	2554	2317.15	2.54781	0.200798
XR_003306105.1	3232	2995.15	0	0
XR_003306106.1	249	89.949	0	0
XR_003306107.1	2588	2351.15	0	0
XR_003306108.1	2450	2213.15	0	0
XR_003306109.1	2577	2340.15	0	0
XR_003306110.1	1972	1735.15	7.22542	0.760454
XR_003306111.1	2002	1765.15	0.000109636	1.13427e-05
XR_003306112.1	1983	1746.15	4.77447	0.499333
XR_003306113.1	1654	1417.15	0	0
XR_003306114.1	2165	1928.15	0	0
XR_003306115.1	3722	3485.15	0	0
XR_003306116.1	3349	3112.15	5	0.293397
XR_003306117.1	1114	877.148	0	0
XR_003306118.1	5555	5318.15	4.09654	0.140671
XR_003306119.1	3672	3435.15	3	0.159486
XR_003306120.1	3904	3667.15	4.90346	0.244186
XR_003306121.1	1651	1414.15	0	0
XR_003306122.1	775	539.607	0	0
XR_003306123.1	459	242.039	1	0.754503
XR_003306124.1	2963	2726.15	0	0
XR_003306125.1	3326	3089.15	1	0.0591164
XR_003306126.1	2104	1867.15	0	0
XR_003306127.1	5166	4929.15	30.619	1.1344
XR_003306128.1	2712	2475.15	10	0.737811
XR_003306129.1	1969	1732.15	10	1.05429
XR_003306130.1	1680	1443.15	0	0
XR_003306131.1	1820	1583.15	0	0
XR_003306132.1	1055	818.148	0	0
XR_003306133.1	1693	1456.15	0	0
XR_003306134.1	1581	1344.15	2	0.271725
XR_003306135.1	1843	1606.15	1	0.1137
XR_003306136.1	1762	1525.15	0	0
XR_003306137.1	144	30.8586	7.95952	47.104
XR_003306138.1	128	23.6337	0	0
XR_003306139.1	1528	1291.15	7	0.990076
XR_003306140.1	4775	4538.15	0	0
XR_003306141.1	1066	829.148	0	0
XR_003306142.1	1599	1362.15	0	0
XR_003306143.1	1585	1348.15	0	0
XR_003306144.1	848	612.102	0	0
XR_003306145.1	2400	2163.15	0	0
XR_003306146.1	577	346.929	0	0
XR_003306147.1	2934	2697.15	0	0
XR_003306148.1	9298	9061.15	0	0
XR_003306149.1	9333	9096.15	90.4277	1.81548
XR_003306150.1	7915	7678.15	0	0
XR_003306151.1	7891	7654.15	0	0
XR_003306152.1	1713	1476.15	10	1.23713
XR_003306153.1	4189	3952.15	0	0
XR_003306154.1	899	662.72	0	0
XR_003306155.1	1398	1161.15	2	0.314549
XR_003306156.1	492	269.905	0	0
XR_003306157.1	403	196.977	0	0
XR_003306158.1	1910	1673.15	4	0.436588
XR_003306159.1	1768	1531.15	0	0
XR_003306160.1	1408	1171.15	2	0.311864
XR_003306161.1	671	437.199	1.17748	0.491836
XR_003306162.1	5220	4983.15	2	0.0732947
XR_003306163.1	386	183.995	0	0
XR_003306164.1	506	282.07	0	0
XR_003306165.1	2446	2209.15	2	0.16533
XR_003306166.1	652	418.762	1	0.436093
XR_003306167.1	1680	1443.15	3	0.379627
XR_003306168.1	1914	1677.15	3	0.32666
XR_003306169.1	4581	4344.15	1	0.042038
XR_003306170.1	3260	3023.15	6.33912	0.382927
XR_003306171.1	1503	1266.15	2	0.288464
XR_003306172.1	850	614.102	0	0
XR_003306173.1	879	642.851	0	0
XR_003306174.1	2185	1948.15	0	0
XR_003306175.1	2101	1864.15	3.57561	0.350281
XR_003306176.1	2719	2482.15	0	0
XR_003306177.1	1382	1145.15	0	0
XR_003306178.1	6624	6387.15	4	0.114367
XR_003306179.1	2100	1863.15	0	0
XR_003306180.1	2119	1882.15	0	0
XR_003306181.1	2010	1773.15	3	0.308975
XR_003306182.1	5977	5740.15	1	0.0318144
XR_003306183.1	556	326.888	0	0
XR_003306184.1	2989	2752.15	0	0
XR_003306185.1	2966	2729.15	0	0
XR_003306186.1	3206	2969.15	0	0
XR_003306187.1	2963	2726.15	4.04778	0.271153
XR_003306188.1	3221	2984.15	0	0
XR_003306189.1	2704	2467.15	5.95222	0.440586
XR_003306190.1	594	362.675	0	0
XR_003306191.1	1693	1456.15	3	0.376238
XR_003306192.1	2511	2274.15	0	0
XR_003306193.1	2312	2075.15	0	0
XR_003306194.1	1592	1355.15	14.6733	1.97737
XR_003306195.1	2875	2638.15	0	0
XR_003306196.1	194	56.3435	1.00113	3.24484
XR_003306197.1	141	29.1263	13	81.5089
XR_003306198.1	3299	3062.15	6	0.357826
XR_003306199.1	174	44.8866	0	0
XR_003306200.1	2961	2724.15	0	0
XR_003306201.1	2907	2670.15	0	0
XR_003306202.1	2759	2522.15	0	0
XR_003306203.1	2886	2649.15	0	0
XR_003306204.1	3112	2875.15	6	0.381099
XR_003306205.1	2869	2632.15	0	0
XR_003306206.1	2784	2547.15	0	0
XR_003306207.1	2968	2731.15	0	0
XR_003306208.1	2894	2657.15	0	0
XR_003306209.1	2900	2663.15	0	0
XR_003306210.1	2858	2621.15	0	0
XR_003306211.1	368	170.323	0	0
XR_003306212.1	764	528.66	0	0
XR_003306213.1	487	265.714	0	0
XR_003306214.1	550	321.382	0	0
XR_003306215.1	196	57.476	0	0
XR_003306216.1	1134	897.148	9	1.832
XR_003306217.1	1241	1004.15	1	0.181865
XR_003306218.1	2025	1788.15	6.26225	0.639548
XR_003306219.1	1099	862.148	1	0.211819
XR_003306220.1	1491	1254.15	0	0
XR_003306221.1	1443	1206.15	0	0
XR_003306222.1	849	613.102	1	0.297861
XR_003306223.1	1532	1295.15	0	0
XR_003306224.1	1487	1250.15	0	0
XR_003306225.1	2833	2596.15	0	0
XR_003306226.1	2642	2405.15	0	0
XR_003306227.1	2594	2357.15	0	0
XR_003306228.1	348	155.386	0	0
XR_003306229.1	6419	6182.15	116	3.42661
XR_003306230.1	664	430.548	0	0
XR_003306231.1	3410	3173.15	3.24517	0.186764
XR_003306232.1	822	586.162	0	0
XR_003306233.1	863	626.978	0	0
XR_003306234.1	1734	1497.15	0	0
XR_003306235.1	1818	1581.15	0	0
XR_003306236.1	1378	1141.15	0	0
XR_003306237.1	1648	1411.15	8.59782	1.11266
XR_003306238.1	1319	1082.15	4.40218	0.742895
XR_003306239.1	954	717.37	0	0
XR_003306240.1	1157	920.148	0	0
XR_003306241.1	913	676.72	0	0
XR_003306242.1	991	754.224	0	0
XR_003306243.1	789	553.388	0	0
XR_003306244.1	749	513.922	0	0
XR_003306245.1	2937	2700.15	4	0.270532
XR_003306246.1	2215	1978.15	0	0
XR_003306247.1	2653	2416.15	0	0
XR_003306248.1	2214	1977.15	0	0
XR_003306249.1	5431	5194.15	0	0
XR_003306250.1	5435	5198.15	0	0
XR_003306251.1	5362	5125.15	0	0
XR_003306252.1	5314	5077.15	0	0
XR_003306253.1	5355	5118.15	0	0
XR_003306254.1	5244	5007.15	0	0
XR_003306255.1	5318	5081.15	0	0
XR_003306256.1	5253	5016.15	0	0
XR_003306257.1	4158	3921.15	0	0
XR_003306258.1	5995	5758.15	11	0.348864
XR_003306259.1	4005	3768.15	0	0
XR_003306260.1	2957	2720.15	1.0225e-07	6.86464e-09
XR_003306261.1	2178	1941.15	0	0
XR_003306262.1	2356	2119.15	0	0
XR_003306263.1	2523	2286.15	6.52917	0.521555
XR_003306264.1	3218	2981.15	10.9703	0.67202
XR_003306265.1	3065	2828.15	0	0
XR_003306266.1	2171	1934.15	0	0
XR_003306267.1	2588	2351.15	0	0
XR_003306268.1	1539	1302.15	0	0
XR_003306269.1	2118	1881.15	5.23974e-05	5.08666e-06
XR_003306270.1	2147	1910.15	0	0
XR_003306271.1	1037	800.148	3.51499	0.802232
XR_003306272.1	2679	2442.15	0	0
XR_003306273.1	4240	4003.15	0	0
XR_003306274.1	4791	4554.15	0	0
XR_003306275.1	2992	2755.15	4.16129	0.275822
XR_003306276.1	2065	1828.15	8	0.799144
XR_003306277.1	1744	1507.15	12	1.45402
XR_003306278.1	938	701.582	3	0.780888
XR_003306279.1	936	699.582	0	0
XR_003306280.1	1361	1124.15	12	1.94941
XR_003306281.1	5420	5183.15	0	0
XR_003306282.1	1187	950.148	0	0
XR_003306283.1	1598	1361.15	0	0
XR_003306284.1	1868	1631.15	0	0
XR_003306285.1	1811	1574.15	0	0
XR_003306286.1	3719	3482.15	0	0
XR_003306287.1	1012	775.148	2	0.471186
XR_003306288.1	542	314.093	3	1.74425
XR_003306289.1	497	274.338	2	1.33134
XR_003306290.1	778	542.553	0	0
XR_003306291.1	3772	3535.15	0	0
XR_003306292.1	3666	3429.15	0	0
XR_003306293.1	3632	3395.15	7	0.376518
XR_003306294.1	658	424.634	2	0.860125
XR_003306295.1	3553	3316.15	0	0
XR_003306296.1	3769	3532.15	0	0
XR_003306297.1	3719	3482.15	0	0
XR_003306298.1	6086	5849.15	6.11027	0.190772
XR_003306299.1	6053	5816.15	0	0
XR_003306300.1	8722	8485.15	0	0
XR_003306301.1	8070	7833.15	6.31023	0.147114
XR_003306302.1	2189	1952.15	3.54614	0.331733
XR_003306303.1	1088	851.148	6.45386	1.38472
XR_003306304.1	4320	4083.15	0	0
XR_003306305.1	4243	4006.15	3	0.136754
XR_003306306.1	4326	4089.15	0	0
XR_003306307.1	4314	4077.15	0	0
XR_003306308.1	2998	2761.15	4	0.264555
XR_003306309.1	1532	1295.15	0	0
XR_003306310.1	885	648.786	0	0
XR_003306311.1	968	731.297	0	0
XR_003306312.1	805	569.277	1	0.320791
XR_003306313.1	4440	4203.15	3.19088	0.138638
XR_003306314.1	1636	1399.15	9.00819	1.17576
XR_003306315.1	2928	2691.15	1.02514	0.0695649
XR_003306316.1	2616	2379.15	0	0
XR_003306317.1	2427	2190.15	0	0
XR_003306318.1	2429	2192.15	0	0
XR_003306319.1	2348	2111.15	0	0
XR_003306320.1	2309	2072.15	0	0
XR_003306321.1	2305	2068.15	0	0
XR_003306322.1	2125	1888.15	0	0
XR_003306323.1	2043	1806.15	0	0
XR_003306324.1	2121	1884.15	0	0
XR_003306325.1	2774	2537.15	0	0
XR_003306326.1	1095	858.148	0	0
XR_003306327.1	991	754.224	4	0.968515
XR_003306328.1	1315	1078.15	8	1.35506
XR_003306329.1	1532	1295.15	0	0
XR_003306330.1	1332	1095.15	5	0.833765
XR_003306331.1	876	639.915	0	0
XR_003306332.1	811	575.22	1	0.317477
XR_003306333.1	1007	770.148	1	0.237122
XR_003306334.1	1318	1081.15	0	0
XR_003306335.1	2380	2143.15	3	0.255632
XR_003306336.1	556	326.888	0	0
XR_003306337.1	13399	13162.1	0	0
XR_003306338.1	4573	4336.15	37.6238	1.58455
XR_003306339.1	1263	1026.15	0	0
XR_003306340.1	1065	828.148	0	0
XR_003306341.1	4721	4484.15	28.4496	1.15863
XR_003306342.1	4257	4020.15	0	0
XR_003306343.1	5615	5378.15	0	0
XR_003306344.1	5496	5259.15	0	0
XR_003306345.1	5785	5548.15	0	0
XR_003306346.1	4386	4149.15	5.41365	0.238274
XR_003306347.1	5836	5599.15	6.13671	0.200152
XR_003306348.1	4067	3830.15	0	0
XR_003306349.1	5708	5471.15	0	0
XR_003306350.1	2028	1791.15	0	0
XR_003306351.1	2546	2309.15	0	0
XR_003306352.1	162	39.1658	28	130.556
XR_003306353.1	162	39.1658	3	13.9882
XR_003306354.1	165	40.5458	0	0
XR_003306355.1	119	20.7774	8	70.3144
XR_003306356.1	2106	1869.15	0	0
XR_003306357.1	121	21.4926	0	0
XR_003306358.1	2353	2116.15	0	0
XR_003306359.1	451	235.459	0	0
XR_003306360.1	1197	960.148	0	0
XR_003306361.1	1305	1068.15	0	0
XR_003306362.1	1141	904.148	0	0
XR_003306363.1	1157	920.148	0	0
XR_003306364.1	1087	850.148	0	0
XR_003306365.1	1084	847.148	0	0
XR_003306366.1	1328	1091.15	0	0
XR_003306367.1	1104	867.148	0	0
XR_003306368.1	4023	3786.15	272.329	13.1354
XR_003306369.1	1923	1686.15	28483.1	3084.88
XR_003306370.1	1376	1139.15	1	0.160312
XR_003306371.1	3704	3467.15	0	0
XR_003306372.1	3526	3289.15	0	0
XR_003306373.1	3526	3289.15	0	0
XR_003306374.1	1576	1339.15	0	0
XR_003306375.1	3687	3450.15	0	0
XR_003306376.1	3574	3337.15	0	0
XR_003306377.1	3646	3409.15	0	0
XR_003306378.1	3570	3333.15	0	0
XR_003306379.1	3568	3331.15	0	0
XR_003306380.1	3701	3464.15	0	0
XR_003306381.1	3523	3286.15	0	0
XR_003306382.1	3523	3286.15	0	0
XR_003306383.1	3326	3089.15	0	0
XR_003306384.1	3269	3032.15	0	0
XR_003306385.1	3173	2936.15	0	0
XR_003306386.1	2644	2407.15	0	0
XR_003306387.1	2855	2618.15	0	0
XR_003306388.1	2246	2009.15	0	0
XR_003306389.1	2231	1994.15	0	0
XR_003306390.1	2116	1879.15	0	0
XR_003306391.1	2189	1952.15	0	0
XR_003306392.1	2113	1876.15	0	0
XR_003306393.1	2110	1873.15	0	0
XR_003306394.1	730	495.278	0	0
XR_003306395.1	1797	1560.15	0	0
XR_003306396.1	1797	1560.15	0	0
XR_003306397.1	1723	1486.15	32.693	4.01734
XR_003306398.1	1136	899.148	7110.54	1444.17
XR_003306399.1	155	35.6359	1567	8030.21
XR_003306400.1	4029	3792.15	9.78798e-06	4.71361e-07
XR_003306401.1	153	34.7474	1.00908	5.30333
XR_003306402.1	1654	1417.15	0	0
XR_003306403.1	1206	969.148	5	0.942164
XR_003306404.1	730	495.278	0	0
XR_003306405.1	619	386.614	0	0
XR_003306406.1	653	419.762	0	0
XR_003306407.1	566	336.518	0	0
XR_003306408.1	496	273.566	1	0.667551
XR_003306409.1	624	391.496	0	0
XR_003306410.1	946	709.441	0	0
XR_003306411.1	671	437.199	0.201322	0.0840928
XR_003306412.1	1210	973.148	0	0
XR_003306413.1	1199	962.148	0	0
XR_003306414.1	1207	970.148	0	0
XR_003306415.1	1088	851.148	0	0
XR_003306416.1	1130	893.148	1	0.204467
XR_003306417.1	1091	854.148	0	0
XR_003306418.1	1089	852.148	0	0
XR_003306419.1	1103	866.148	0	0
XR_003306420.1	1100	863.148	0	0
XR_003306421.1	1162	925.148	1.12234e-08	2.21543e-09
XR_003306422.1	1145	908.148	1	0.20109
XR_003306423.1	1274	1037.15	0	0
XR_003306424.1	929	692.652	0	0
XR_003306425.1	1349	1112.15	0	0
XR_003306426.1	1348	1111.15	0	0
XR_003306427.1	1502	1265.15	0	0
XR_003306428.1	1343	1106.15	0	0
XR_003306429.1	1255	1018.15	0	0
XR_003306430.1	1300	1063.15	3.36629	0.578236
XR_003306431.1	1252	1015.15	0	0
XR_003306432.1	1570	1333.15	1	0.136983
XR_003306433.1	1108	871.148	0	0
XR_003306434.1	1079	842.148	0	0
XR_003306435.1	1003	766.148	0	0
XR_003306436.1	1525	1288.15	1	0.141769
XR_003306437.1	155	35.6359	1567	8030.21
XR_003306438.1	1923	1686.15	28483.1	3084.88
XR_003306439.1	1259	1022.15	0.0520992	0.00930815
XR_003306440.1	1079	842.148	0	0
XR_003306441.1	1129	892.148	0	0
XR_003306442.1	1366	1129.15	0	0
XR_003306443.1	1363	1126.15	0	0
XR_003306444.1	1256	1019.15	0.947901	0.169853
XR_003306445.1	702	467.519	0	0
XR_003306446.1	618	385.73	0	0
XR_003306447.1	513	288.215	0	0
XR_003306448.1	682	447.977	0	0
XR_003306449.1	155	35.6359	1567	8030.21
XR_003306450.1	1923	1686.15	28483.1	3084.88
XR_003306451.1	4029	3792.15	9.78798e-06	4.71361e-07
XR_003306452.1	155	35.6359	1567	8030.21
XR_003306453.1	1923	1686.15	28483.1	3084.88
XR_003306454.1	4029	3792.15	218311	10513.2
XR_003306455.1	1522	1285.15	0	0
XR_003306456.1	1516	1279.15	0	0
XR_003306457.1	1452	1215.15	0	0
XR_003306458.1	1436	1199.15	0	0
XR_003306459.1	1428	1191.15	0	0
XR_003306460.1	1235	998.148	3	0.548874
XR_003306461.1	495	272.68	0	0
XR_003306462.1	573	343.139	0	0
XR_003306463.1	572	342.139	0	0
XR_003306464.1	604	372.341	0	0
XR_003306465.1	483	262.155	0	0
XR_003306466.1	524	298.069	0	0
XR_003306467.1	485	263.963	0	0
XR_003306468.1	504	280.361	0	0
XR_003306469.1	3962	3725.15	118.595	5.81393
XR_003306470.1	11494	11257.1	0.113663	0.0018439
XR_003306471.1	1268	1031.15	0	0
XR_003306472.1	2892	2655.15	0.0161669	0.00111195
XR_003306473.1	1712	1475.15	3	0.371392
XR_003306474.1	1930	1693.15	0	0
XR_003306475.1	774	538.607	2	0.678117
XR_003306476.1	1010	773.148	2	0.472404
XR_003306477.1	719	484.425	0	0
XR_003306478.1	2254	2017.15	0	0
XR_003306479.1	6141	5904.15	0	0
XR_003306480.1	4412	4175.15	0	0
XR_003306481.1	4160	3923.15	2	0.0930983
XR_003306482.1	5907	5670.15	0	0
XR_003306483.1	5848	5611.15	0	0
XR_003306484.1	4704	4467.15	0	0
XR_003306485.1	4414	4177.15	0	0
XR_003306486.1	8251	8014.15	0	0
XR_003306487.1	7887	7650.15	0	0
XR_003306488.1	8094	7857.15	0	0
XR_003306489.1	8169	7932.15	0	0
XR_003306490.1	4796	4559.15	2	0.0801111
XR_003306491.1	1464	1227.15	1	0.148816
XR_003306492.1	2304	2067.15	5.31886	0.469887
XR_003306493.1	5263	5026.15	0	0
XR_003306494.1	5740	5503.15	0	0
XR_003306495.1	7835	7598.15	6.64367	0.159679
XR_003306496.1	5487	5250.15	0	0
XR_003306497.1	5267	5030.15	0	0
XR_003306498.1	5150	4913.15	0	0
XR_003306499.1	5143	4906.15	0	0
XR_003306500.1	5261	5024.15	0	0
XR_003306501.1	1984	1747.15	1	0.104524
XR_003306502.1	1277	1040.15	0	0
XR_003306503.1	1385	1148.15	0	0
XR_003306504.1	4258	4021.15	44.6677	2.02857
XR_003306505.1	3816	3579.15	2.19783e-07	1.1214e-08
XR_003306506.1	3753	3516.15	9	0.467436
XR_003306507.1	4085	3848.15	1.5029e-08	7.1322e-10
XR_003306508.1	4064	3827.15	61.6017	2.93943
XR_003306509.1	4273	4036.15	17.8579	0.807997
XR_003306510.1	507	283.041	1	0.645204
XR_003306511.1	540	312.253	0	0
XR_003306512.1	911	674.72	0	0
XR_003306513.1	1077	840.148	5	1.08683
XR_003306514.1	1987	1750.15	0	0
XR_003306515.1	1586	1349.15	2	0.270718
XR_003306516.1	797	561.277	0	0
XR_003306517.1	772	536.607	0	0
XR_003306518.1	772	536.607	0	0
XR_003306519.1	5804	5567.15	25.1723	0.825725
XR_003306520.1	4455	4218.15	8.9866	0.389063
XR_003306521.1	4041	3804.15	0.130923	0.00628498
XR_003306522.1	3253	3016.15	1	0.0605472
XR_003306523.1	203	61.6918	0	0
XR_003306524.1	3867	3630.15	5	0.251531
XR_003306525.1	454	237.779	4	3.07209
XR_003306526.1	6306	6069.15	1	0.0300898
XR_003306527.1	1397	1160.15	5	0.787051
XR_003306528.1	3942	3705.15	8.39654	0.413848
XR_003306529.1	2024	1787.15	3.63028	0.370959
XR_003306530.1	865	628.915	0	0
XR_003306531.1	1934	1697.15	0	0
XR_003306532.1	1027	790.148	2	0.462241
XR_003306533.1	926	689.652	0	0
XR_003306534.1	1100	863.148	1.63145	0.345171
XR_003306535.1	942	705.582	0	0
XR_003306536.1	994	757.224	1.72673	0.416434
XR_003306537.1	1202	965.148	4.64183	0.878297
XR_003306538.1	1093	856.148	0	0
XR_003306539.1	6731	6494.15	29.6914	0.83494
XR_003306540.1	5496	5259.15	37	1.28479
XR_003306541.1	655	421.719	0	0
XR_003306542.1	679	445.021	0	0
XR_003306543.1	561	331.688	2	1.10115
XR_003306544.1	2086	1849.15	0	0
XR_003306545.1	860	623.978	55	16.0968
XR_003306546.1	1276	1039.15	1.40284	0.246535
XR_003306547.1	2890	2653.15	3	0.206493
XR_003306548.1	75	33.5463	0	0
XR_003306549.1	164	40.1274	0	0
XR_003306550.1	164	40.1274	0	0
XR_003306551.1	216	69.8915	0	0
XR_003306552.1	141	29.1263	0	0
XR_003306553.1	221	73.0649	0	0
XR_003306554.1	532	305.232	0	0
XR_003306555.1	1213	976.148	0	0
XR_003306556.1	3160	2923.15	4.34912	0.271704
XR_003306557.1	3709	3472.15	24	1.26229
XR_003306558.1	280	109.059	5	8.37247
XR_003306559.1	6707	6470.15	129.429	3.65311
XR_003306560.1	2405	2168.15	4	0.336913
XR_003306561.1	6689	6452.15	6	0.169822
XR_003306562.1	3753	3516.15	0	0
XR_003306563.1	493	270.764	0	0
XR_003306564.1	3175	2938.15	0	0
XR_003306565.1	537	309.666	0	0
XR_119705.4	761	525.765	0	0
XR_119732.4	642	409.052	3	1.33933
XR_119736.4	3157	2920.15	0	0
XR_119746.4	2994	2757.15	8.41982	0.557685
XR_119759.4	762	526.713	1	0.346715
XR_119760.4	1748	1511.15	2	0.241696
XR_119774.4	1402	1165.15	2	0.31347
XR_119778.4	506	282.07	0	0
XR_119792.4	500	276.853	1	0.659626
XR_119827.4	1435	1198.15	15.1763	2.31314
XR_119829.4	1744	1507.15	0	0
XR_119878.4	4223	3986.15	14	0.641388
XR_119924.4	1787	1550.15	1	0.117808
XR_119935.4	4966	4729.15	5	0.193078
XR_119971.4	1975	1738.15	0	0
XR_120007.4	5640	5403.15	126	4.25863
XR_120028.3	1064	827.148	0	0
XR_120029.3	1063	826.148	0	0
XR_120098.4	1760	1523.15	16	1.91833
XR_120113.4	2892	2655.15	42	2.88873
XR_120118.4	994	757.224	1	0.241169
XR_120122.4	2076	1839.15	0	0
XR_120124.4	742	507.076	0	0
XR_120158.4	937	700.582	2	0.521335
XR_120161.4	1200	963.148	5	0.948033
XR_120169.4	3386	3149.15	3	0.17397
XR_120184.4	1820	1583.15	3	0.346056
XR_120199.4	1312	1075.15	13	2.20811
XR_120200.4	804	568.277	9	2.8922
XR_120206.4	6974	6737.15	12	0.325276
XR_120246.4	2325	2088.15	5	0.437276
XR_120251.4	2807	2570.15	3.71617	0.264049
XR_120289.4	1033	796.148	1	0.229379
XR_120295.3	900	663.72	0	0
XR_120311.4	4505	4268.15	0	0
XR_120331.4	1173	936.148	1	0.195075
XR_120424.4	1294	1057.15	0	0
XR_120465.4	1106	869.148	1	0.210113
XR_120486.4	703	468.472	0	0
XR_120493.4	2681	2444.15	4	0.298868
XR_120505.4	549	320.48	0	0
XR_120526.4	1046	809.148	0	0
XR_120572.3	1658	1421.15	3.21396	0.412998
XR_120579.4	2305	2068.15	0	0
XR_120593.4	2689	2452.15	0	0
XR_120594.4	1478	1241.15	8.05228	1.18479
XR_120596.4	2208	1971.15	5	0.463231
XR_120605.4	2354	2117.15	0	0
XR_120620.4	694	459.658	0	0
XR_120637.4	1043	806.148	0	0
XR_120666.4	1313	1076.15	0	0
XR_120709.4	972	735.297	2	0.496722
XR_407430.3	711	476.425	0	0
XR_407431.3	1306	1069.15	0	0
XR_407433.3	395	190.867	0	0
XR_407440.3	1140	903.148	0	0
XR_407451.3	2266	2029.15	0	0
XR_407452.3	2227	1990.15	0	0
XR_407453.3	4147	3910.15	138.467	6.46695
XR_407455.3	1189	952.148	0	0
XR_407457.3	3630	3393.15	7.97033	0.428963
XR_407459.3	3012	2775.15	8	0.526442
XR_407471.3	2799	2562.15	0	0
XR_407478.3	3372	3135.15	0	0
XR_407492.3	1646	1409.15	10	1.29595
XR_407493.3	810	574.277	2	0.635997
XR_407495.3	1746	1509.15	0	0
XR_407512.3	593	361.711	0	0
XR_407514.3	2158	1921.15	0	0
XR_407540.3	831	595.102	0	0
XR_407544.3	883	646.786	0	0
XR_407545.3	878	641.851	0	0
XR_407548.3	1621	1384.15	22.956	3.02873
XR_407554.3	796	560.277	2	0.651889
XR_407570.3	1080	843.148	0	0
XR_407583.3	2761	2524.15	0	0
XR_407590.3	4212	3975.15	6.09193	0.279865
XR_407597.3	750	514.922	1	0.354654
XR_407599.3	5835	5598.15	18	0.587184
XR_407601.3	2395	2158.15	1.58018	0.133713
XR_407603.3	6840	6603.15	5	0.138282
XR_407611.3	5527	5290.15	153.354	5.29387
XR_407612.3	5427	5190.15	27.6333	0.972297
XR_407615.3	9137	8900.15	21	0.430892
XR_407617.3	2555	2318.15	90	7.09003
XR_407625.3	2303	2066.15	8	0.707091
XR_407661.3	1459	1222.15	3	0.448274
XR_407669.3	3594	3357.15	7.1436	0.388591
XR_407670.3	3580	3343.15	0	0
XR_407671.3	3583	3346.15	0	0
XR_407672.3	3991	3754.15	0	0
XR_407694.3	1227	990.148	3	0.553309
XR_407704.3	2861	2624.15	0	0
XR_407720.3	3858	3621.15	0	0
XR_407726.3	438	224.858	2	1.62431
XR_407734.3	5079	4842.15	0	0
XR_407740.3	2710	2473.15	0	0
XR_407741.3	2800	2563.15	0	0
XR_407758.3	2411	2174.15	4	0.335983
XR_407789.3	1427	1190.15	0	0
XR_407797.3	816	580.22	1	0.314741
XR_407815.3	1844	1607.15	0	0
XR_407833.3	1766	1529.15	4	0.477702
XR_407834.3	1456	1219.15	0	0
XR_407839.3	3670	3433.15	18.9961	1.01046
XR_407841.3	646	412.887	3	1.32689
XR_407843.3	571	341.278	2	1.07021
XR_407849.3	1924	1687.15	0	0
XR_407901.3	4784	4547.15	0	0
XR_407902.3	899	662.72	0	0
XR_407921.3	2111	1874.15	1	0.0974412
XR_407941.3	2686	2449.15	2	0.149129
XR_407945.3	2577	2340.15	0	0
XR_407947.3	955	718.37	1	0.254213
XR_407972.3	4514	4277.15	0.239672	0.0102331
XR_407983.2	1887	1650.15	0	0
XR_407984.2	3000	2763.15	6	0.396546
XR_408001.3	5321	5084.15	13	0.466951
XR_408014.3	2184	1947.15	0	0
XR_408017.3	1729	1492.15	6.07113	0.743026
XR_408032.3	1547	1310.15	2	0.278776
XR_408036.3	2298	2061.15	0	0
XR_408058.3	1251	1014.15	0	0
XR_408063.3	5581	5344.15	0	0
XR_408065.3	1023	786.148	1	0.232296
XR_408075.3	4126	3889.15	0	0
XR_408105.3	1398	1161.15	22.6454	3.56155
XR_408111.3	4227	3990.15	0	0
XR_408115.3	2172	1935.15	0	0
XR_408122.3	1087	850.148	0	0
XR_408124.3	1387	1150.15	0	0
XR_408146.3	1285	1048.15	0	0
XR_408152.2	1730	1493.15	0	0
XR_408154.3	1617	1380.15	0	0
XR_408163.3	7484	7247.15	32.9622	0.830607
XR_408204.3	1058	821.148	0	0
XR_408205.3	705	470.425	5.24498	2.0361
XR_408206.3	652	418.762	0	0
XR_408210.3	1801	1564.15	10	1.16753
XR_408211.3	904	667.72	0	0
XR_408229.3	3963	3726.15	1.72964	0.0847698
XR_408233.2	928	691.652	0	0
XR_408236.3	306	124.664	0	0
XR_408250.3	1457	1220.15	0	0
XR_408252.3	6095	5858.15	34.9987	1.09103
XR_408265.3	1243	1006.15	2.91845	0.529708
XR_408266.3	1441	1204.15	6.08155	0.922319
XR_408305.3	3506	3269.15	3	0.167584
XR_408310.3	2387	2150.15	1	0.0849333
XR_408311.3	2913	2676.15	1	0.0682396
XR_408320.3	930	693.652	1.67537	0.441077
XR_408323.2	915	678.72	1	0.269064
XR_408324.3	1540	1303.15	12.485	1.74961
XR_408335.3	1617	1380.15	0	0
XR_408337.3	1591	1354.15	3	0.404577
XR_408344.3	1655	1418.15	1	0.128773
XR_408346.3	2437	2200.15	1	0.0830031
XR_408347.3	2655	2418.15	0	0
XR_408351.3	617	384.769	0	0
XR_408361.3	927	690.652	0	0
XR_408362.3	3296	3059.15	0	0
XR_408366.3	935	698.582	1	0.261414
XR_408386.3	1357	1120.15	0	0
XR_408426.3	3021	2784.15	0	0
XR_408431.3	1831	1594.15	6	0.687336
XR_408446.2	854	618.102	1	0.295451
XR_408447.2	784	548.388	0	0
XR_408448.3	637	404.175	0	0
XR_408453.3	1528	1291.15	2.15986	0.305489
XR_408459.3	2051	1814.15	0	0
XR_408460.3	1979	1742.15	5	0.524121
XR_408461.3	1973	1736.15	0	0
XR_408464.3	1227	990.148	0	0
XR_408465.3	1275	1038.15	0	0
XR_408470.3	6774	6537.15	7	0.195549
XR_408481.3	4888	4651.15	0	0
XR_408518.3	410	202.666	1	0.901082
XR_408525.3	1635	1398.15	0	0
XR_408526.3	4763	4526.15	36.9163	1.48948
XR_408534.3	4645	4408.15	0	0
XR_408535.3	4606	4369.15	0	0
XR_408537.3	3925	3688.15	26.0002	1.2874
XR_408563.3	5358	5121.15	0	0
XR_408567.3	2511	2274.15	0	0
XR_408570.3	1435	1198.15	0	0
XR_408582.3	4147	3910.15	0	0
XR_408591.3	5800	5563.15	194.488	6.38437
XR_408619.3	992	755.224	3	0.725424
XR_408639.3	1285	1048.15	0	0
XR_408647.3	1749	1512.15	1	0.120768
XR_408654.2	2508	2271.15	0	0
XR_408673.3	1240	1003.15	0	0
XR_408682.3	644	411.011	0	0
XR_408703.3	3637	3400.15	2.0084	0.107869
XR_408706.3	4824	4587.15	0.0855147	0.00340443
XR_408716.3	4531	4294.15	5	0.212637
XR_408726.3	1737	1500.15	0	0
XR_408727.3	12036	11799.1	2	0.0309546
XR_408728.3	2586	2349.15	4	0.310954
XR_408734.3	923	686.652	0	0
XR_408737.3	6225	5988.15	0	0
XR_408750.3	3397	3160.15	0.000587933	3.39756e-05
XR_408751.3	3479	3242.15	18.2564	1.02832
XR_408755.3	3347	3110.15	52.9178	3.10718
XR_408757.3	2585	2348.15	0	0
XR_408763.3	1619	1382.15	0	0
XR_408769.3	2999	2762.15	0	0
XR_408775.3	4313	4076.15	5	0.22401
XR_408776.3	4547	4310.15	0	0
XR_408793.3	3632	3395.15	0	0
XR_408820.2	1326	1089.15	0	0
XR_408826.3	3055	2818.15	8.86419	0.574409
XR_408828.2	872	635.915	2	0.574351
XR_408859.3	2593	2356.15	3	0.232523
XR_408863.3	840	604.102	0	0
XR_408870.3	2236	1999.15	6	0.548091
XR_408880.3	1170	933.148	0	0
XR_408888.3	6939	6702.15	5.10596e-07	1.39126e-08
XR_408889.3	6821	6584.15	21	0.58246
XR_408893.3	1808	1571.15	0	0
XR_408894.3	1983	1746.15	0	0
XR_408896.3	2011	1774.15	0	0
XR_408897.3	1561	1324.15	8	1.10332
XR_408908.3	1258	1021.15	2	0.357674
XR_408913.3	4089	3852.15	0	0
XR_408920.3	6365	6128.15	0	0
XR_408921.3	6715	6478.15	25.2544	0.711922
XR_408925.3	2137	1900.15	0	0
XR_408951.3	2415	2178.15	2	0.167683
XR_408958.3	2410	2173.15	4.14339	0.348188
XR_408959.3	2497	2260.15	7.34366	0.593365
XR_408967.3	3564	3327.15	1.225	0.0672372
XR_408976.3	2257	2020.15	2	0.180798
XR_409009.3	6650	6413.15	16.8903	0.480965
XR_409021.3	597	365.527	0	0
XR_409037.3	769	533.607	0	0
XR_409040.3	778	542.553	0	0
XR_409052.3	1918	1681.15	0	0
XR_409055.3	2808	2571.15	3	0.213079
XR_409056.3	631	398.336	0	0
XR_409062.3	5545	5308.15	0	0
XR_409074.3	577	346.929	0	0
XR_409090.3	340	149.101	0	0
XR_409094.3	2982	2745.15	0	0
XR_409099.3	2112	1875.15	9	0.876503
XR_409114.3	1881	1644.15	0	0
XR_409135.3	6211	5974.15	2	0.0611365
XR_409142.3	2681	2444.15	0	0
XR_409149.2	586	355.218	1	0.514105
XR_409162.3	948	711.441	1	0.256689
XR_409165.3	2170	1933.15	0	0
XR_409166.3	2166	1929.15	0	0
XR_409172.3	1974	1737.15	6	0.630755
XR_409177.3	1535	1298.15	2	0.281353
XR_409180.3	1775	1538.15	2	0.237453
XR_409181.3	989	752.224	0	0
XR_409184.3	1644	1407.15	6.76513	0.877977
XR_409185.3	1436	1199.15	25.1063	3.82347
XR_409186.3	3418	3181.15	0	0
XR_409188.3	598	366.49	0	0
XR_409208.3	3176	2939.15	2.05887	0.127925
XR_409249.3	1322	1085.15	14	2.35606
XR_409250.3	706	471.425	0	0
XR_409251.3	713	478.425	1.26116	0.481395
XR_409256.3	2452	2215.15	0	0
XR_409257.3	2162	1925.15	2	0.18972
XR_409268.3	4140	3903.15	0	0
XR_409287.3	238	82.9827	0	0
XR_409290.3	3138	2901.15	13.4068	0.843924
XR_409291.3	2269	2032.15	8	0.718921
XR_409297.3	1513	1276.15	2	0.286204
XR_409313.3	5203	4966.15	12	0.441274
XR_409317.3	1229	992.148	0	0
XR_409319.3	1012	775.148	1.49133	0.351346
XR_409333.3	1847	1610.15	0	0
XR_409352.3	3836	3599.15	0	0
XR_409353.3	2427	2190.15	0	0
XR_409363.3	469	249.984	0	0
XR_409365.3	322	136.164	0	0
XR_409381.3	879	642.851	1	0.284077
XR_409423.3	1564	1327.15	0	0
XR_409425.2	317	132.751	0	0
XR_409431.3	1930	1693.15	3	0.323573
XR_409432.3	2011	1774.15	3.365	0.346371
XR_409434.3	2014	1777.15	0.634999	0.0652523
XR_409462.3	5158	4921.15	0	0
XR_409463.3	4404	4167.15	1.35633	0.059439
XR_409469.3	4865	4628.15	3	0.118375
XR_409472.3	1067	830.148	2	0.439968
XR_409475.3	768	532.607	0	0
XR_409477.3	257	94.743	0	0
XR_409490.3	1085	848.148	0	0
XR_409515.3	1138	901.148	0	0
XR_409528.3	3907	3670.15	1.82453	0.0907848
XR_409532.3	3806	3569.15	1	0.051166
XR_409546.3	1705	1468.15	0	0
XR_409564.3	1796	1559.15	5.00155	0.585819
XR_409566.3	1971	1734.15	4	0.421231
XR_409567.3	1533	1296.15	0	0
XR_409587.3	1840	1603.15	0	0
XR_409588.3	2066	1829.15	0	0
XR_409589.3	1052	815.148	0	0
XR_409590.3	1364	1127.15	1	0.162019
XR_409602.3	2242	2005.15	1	0.0910752
XR_409609.3	915	678.72	8	2.15251
XR_409610.3	636	403.175	9.23186	4.18159
XR_409612.3	1515	1278.15	2	0.285756
XR_409617.3	1014	777.148	0	0
XR_409626.3	970	733.297	4	0.996153
XR_409641.3	1773	1536.15	20.0043	2.37814
XR_409647.3	1061	824.148	1	0.221586
XR_409652.3	742	507.076	0	0
XR_409655.3	812	576.22	1	0.316926
XR_409664.3	1795	1558.15	0	0
XR_409676.3	650	416.804	0	0
XR_409682.3	3750	3513.15	1.49417e-07	7.76694e-09
XR_409687.3	590	358.82	22	11.1968
XR_409688.3	407	200.159	5	4.56185
XR_409692.3	281	109.701	0	0
XR_409705.3	1745	1508.15	0	0
XR_409716.3	3454	3217.15	77.3887	4.39292
XR_409721.3	3746	3509.15	5.03928	0.262249
XR_409726.3	6846	6609.15	5.06891	0.14006
XR_409733.3	5232	4995.15	9	0.329034
XR_409736.3	2301	2064.15	0	0
XR_409737.3	2555	2318.15	0	0
XR_409738.3	2307	2070.15	0	0
XR_409741.3	1468	1231.15	2.07455	0.307723
XR_409743.3	3133	2896.15	0	0
XR_409746.3	4483	4246.15	0	0
XR_409749.3	4831	4594.15	8.40919	0.334268
XR_409756.3	15839	15602.1	10	0.117047
XR_409765.3	1591	1354.15	1	0.134859
XR_409766.3	1489	1252.15	0	0
XR_409767.3	1048	811.148	0	0
XR_409785.3	2619	2382.15	0	0
XR_409786.3	2923	2686.15	0	0
XR_409787.3	2042	1805.15	1	0.101166
XR_409808.3	1946	1709.15	1.18516e-06	1.26632e-07
XR_409813.3	1136	899.148	0	0
XR_409820.3	2779	2542.15	2	0.143673
XR_409823.3	750	514.922	0	0
XR_409867.3	1521	1284.15	1	0.14221
XR_409877.3	3456	3219.15	0	0
XR_409878.3	3642	3405.15	0	0
XR_409884.3	455	238.652	21	16.0695
XR_409907.3	1847	1610.15	0	0
XR_409911.3	9253	9016.15	11.0813	0.224448
XR_409927.3	1201	964.148	2.08954	0.39578
XR_409930.3	7455	7218.15	72.1557	1.82554
XR_409931.3	7339	7102.15	0	0
XR_409934.3	968	731.297	0	0
XR_409939.3	2269	2032.15	16	1.43784
XR_409949.3	1893	1656.15	1	0.110267
XR_409964.3	6991	6754.15	15.1416	0.409399
XR_409965.3	1414	1177.15	31.7561	4.92654
XR_410000.3	2235	1998.15	0	0
XR_410001.3	2144	1907.15	0	0
XR_410012.3	298	119.582	0	0
XR_410019.3	2738	2501.15	2	0.146028
XR_410021.3	1682	1445.15	12	1.51641
XR_410027.3	1469	1232.15	0	0
XR_410060.3	3085	2848.15	6.62485	0.424776
XR_410062.3	235	80.9827	0.253367	0.571354
XR_410073.3	1317	1080.15	0	0
XR_410074.3	1210	973.148	0	0
XR_410076.3	1223	986.148	0	0
XR_410077.3	1817	1580.15	0	0
XR_410083.2	546	317.643	0	0
XR_410085.3	323	136.7	1	1.33591
XR_410091.3	1202	965.148	0	0
XR_410093.3	1983	1746.15	5	0.52292
XR_410105.3	2060	1823.15	10	1.00167
XR_410109.3	1082	845.148	1	0.21608
XR_410113.3	1384	1147.15	1	0.159194
XR_410114.3	1082	845.148	0	0
XR_410117.3	1682	1445.15	0	0
XR_410131.3	2309	2072.15	3.07851	0.271311
XR_410136.3	4703	4466.15	2	0.0817793
XR_410152.3	3937	3700.15	0	0
XR_410156.3	9356	9119.15	44.2529	0.886204
XR_410157.3	2829	2592.15	0	0
XR_410161.2	861	624.978	0	0
XR_410180.3	255	93.4477	0	0
XR_410181.3	4285	4048.15	0	0
XR_410182.3	4198	3961.15	6	0.276616
XR_410183.3	4275	4038.15	3.35493e-08	1.51722e-09
XR_410184.3	2496	2259.15	9	0.727519
XR_410188.3	9267	9030.15	10.9997	0.222451
XR_410199.2	2587	2350.15	0	0
XR_410201.3	1905	1668.15	22	2.40843
XR_410202.3	2269	2032.15	0	0
XR_410203.3	2175	1938.15	5	0.471118
XR_410206.3	1648	1411.15	0	0
XR_410211.3	1567	1330.15	0	0
XR_410213.3	1465	1228.15	1	0.148695
XR_410216.3	863	626.978	0	0
XR_410226.3	4648	4411.15	0	0
XR_410237.3	1502	1265.15	4	0.577385
XR_410243.3	1871	1634.15	7	0.782264
XR_410258.3	2320	2083.15	0	0
XR_410263.3	2485	2248.15	0	0
XR_410274.3	459	242.039	1	0.754503
XR_410289.3	2351	2114.15	23	1.98673
XR_410293.3	5746	5509.15	88	2.91706
XR_410304.2	355	160.515	0	0
XR_410331.3	491	269.045	0	0
XR_410344.3	4155	3918.15	21.5703	1.00536
XR_410352.3	1019	782.148	2	0.466969
XR_410389.3	2535	2298.15	0	0
XR_410392.2	1844	1607.15	0	0
XR_410394.3	436	223.39	0	0
XR_410400.3	5858	5621.15	0	0
XR_410401.3	5969	5732.15	0	0
XR_410409.3	680	445.977	277.405	113.592
XR_410417.3	705	470.425	1	0.3882
XR_410422.3	3251	3014.15	12.6947	0.769138
XR_410423.3	3009	2772.15	0	0
XR_410438.3	3556	3319.15	17.9915	0.989888
XR_410471.3	1809	1572.15	16	1.85854
XR_410490.3	957	720.37	0	0
XR_410502.3	1959	1722.15	0	0
XR_410503.3	1935	1698.15	0	0
XR_410504.3	1932	1695.15	0	0
XR_410508.3	1801	1564.15	5.1793	0.604699
XR_410510.3	1836	1599.15	0	0
XR_410517.3	816	580.22	0	0
XR_410519.3	852	616.102	0	0
XR_410522.3	688	453.75	0	0
XR_410523.3	4745	4508.15	12	0.486104
XR_410531.3	2198	1961.15	0	0
XR_410532.3	2101	1864.15	0	0
XR_410534.3	2045	1808.15	3	0.302994
XR_410536.3	668	434.375	0	0
XR_410539.3	2338	2101.15	0	0
XR_410551.3	6221	5984.15	0	0
XR_410552.3	10400	10163.1	53.0587	0.953399
XR_410555.3	6286	6049.15	0	0
XR_410569.3	1851	1614.15	2.46812	0.279234
XR_410593.3	2072	1835.15	0	0
XR_410594.3	1754	1517.15	1	0.12037
XR_410602.3	2515	2278.15	3	0.240484
XR_410641.3	817	581.162	0	0
XR_410654.3	4746	4509.15	1.09192e-05	4.42225e-07
XR_410673.3	2216	1979.15	0	0
XR_410674.3	700	465.519	0	0
XR_410727.3	2090	1853.15	3	0.295636
XR_410728.3	451	235.459	0	0
XR_410745.3	3564	3327.15	0	0
XR_410746.3	3607	3370.15	0	0
XR_410747.3	3478	3241.15	0	0
XR_410753.3	4447	4210.15	0	0
XR_410761.2	1247	1010.15	0	0
XR_410764.3	803	567.277	3	0.965767
XR_410770.3	3361	3124.15	2	0.116908
XR_410793.3	4235	3998.15	0.181798	0.00830382
XR_410805.3	1262	1025.15	0	0
XR_410821.3	3338	3101.15	1	0.0588876
XR_410846.3	2567	2330.15	0.0182505	0.00143033
XR_410847.3	2555	2318.15	2.98175	0.234896
XR_410852.3	1081	844.148	0	0
XR_410875.3	2745	2508.15	0	0
XR_410885.3	7491	7254.15	1.7552	0.0441861
XR_410886.3	7488	7251.15	2.64017	0.0664924
XR_410888.3	1126	889.148	147	30.1919
XR_410900.2	2894	2657.15	0	0
XR_410901.3	645	411.887	0	0
XR_410907.3	1594	1357.15	1.00024	0.134594
XR_410928.3	2372	2135.15	0	0
XR_410929.3	3957	3720.15	8.98315	0.440976
XR_410930.3	3849	3612.15	0	0
XR_410949.3	2508	2271.15	0	0
XR_410951.2	1944	1707.15	0.00147489	0.000157774
XR_410952.2	1929	1692.15	8.94874	0.965762
XR_410953.2	1890	1653.15	33.0498	3.65093
XR_410955.3	5283	5046.15	0	0
XR_410957.3	4800	4563.15	0	0
XR_410961.3	5191	4954.15	0	0
XR_410964.2	1668	1431.15	0	0
XR_410965.3	1000	763.148	3	0.717892
XR_410987.3	530	303.544	0	0
XR_410990.3	3671	3434.15	0	0
XR_410991.3	1865	1628.15	3	0.336491
XR_411007.3	3621	3384.15	0	0
XR_411029.3	3195	2958.15	0	0
XR_411035.3	1107	870.148	0	0
XR_411049.3	9709	9472.15	43.7735	0.843936
XR_411063.3	2428	2191.15	0	0
XR_411064.3	1582	1345.15	0	0
XR_411069.3	1329	1092.15	0	0
XR_411071.3	794	558.277	1	0.327112
XR_411073.3	492	269.905	1.25211	0.847183
XR_411074.3	1607	1370.15	0	0
XR_411079.3	5814	5577.15	11	0.360186
XR_411084.3	558	328.755	0	0
XR_411089.3	2095	1858.15	3	0.294841
XR_411095.3	4603	4366.15	0	0
XR_411118.3	2226	1989.15	0	0
XR_411119.3	1986	1749.15	0	0
XR_411120.3	1997	1760.15	0	0
XR_411121.3	1232	995.148	0	0
XR_411122.3	1896	1659.15	0	0
XR_411126.3	1519	1282.15	0	0
XR_411131.3	7395	7158.15	4055.79	103.472
XR_411132.3	7374	7137.15	9013.59	230.632
XR_411141.2	1674	1437.15	0	0
XR_411142.3	2460	2223.15	6.91147e-08	5.67739e-09
XR_411153.3	4189	3952.15	0	0
XR_411173.3	4229	3992.15	113.029	5.17047
XR_411181.3	364	167.133	0	0
XR_411184.3	2041	1804.15	4.61469	0.467108
XR_411188.3	6576	6339.15	13.9911	0.403058
XR_411190.3	594	362.675	0	0
XR_411193.3	1155	918.148	7.20384	1.43284
XR_411202.3	2206	1969.15	61	5.65715
XR_411210.3	2883	2646.15	3	0.20704
XR_411215.3	2151	1914.15	0	0
XR_411242.3	1342	1105.15	0	0
XR_411252.3	2970	2733.15	0	0
XR_411260.2	2377	2140.15	8	0.682641
XR_411263.3	719	484.425	0	0
XR_411264.3	2278	2041.15	5.05009	0.451826
XR_411267.3	322	136.164	0	0
XR_411270.3	6484	6247.15	7	0.204627
XR_411275.3	999	762.148	968	231.944
XR_411276.3	1724	1487.15	0	0
XR_411286.3	480	259.538	0	0
XR_411287.2	458	241.142	1	0.757311
XR_411289.3	927	690.652	0	0
XR_411291.3	4080	3843.15	17	0.807808
XR_411293.3	3173	2936.15	4	0.248787
XR_411294.3	2642	2405.15	0	0
XR_411297.3	6853	6616.15	38.8655	1.07277
XR_411312.3	1207	970.148	1	0.188239
XR_411318.3	6156	5919.15	7.50495	0.231545
XR_411320.3	1816	1579.15	5.03178	0.581896
XR_411389.3	3552	3315.15	0	0
XR_411415.3	3403	3166.15	1.4089	0.0812635
XR_411416.3	3400	3163.15	3.5911	0.207326
XR_411426.3	353	159.029	0	0
XR_411441.3	1857	1620.15	1	0.112718
XR_411442.3	2351	2114.15	0	0
XR_411444.3	3011	2774.15	10.9709	0.722205
XR_411445.3	589	357.929	5.8295	2.97427
XR_411446.3	900	663.72	2.1705	0.597202
XR_411463.2	688	453.75	0	0
XR_411464.3	1480	1243.15	1	0.146901
XR_411480.3	2501	2264.15	7	0.564598
XR_411483.3	1414	1177.15	1	0.155137
XR_411484.3	3792	3555.15	0.0576028	0.00295891
XR_411485.3	3776	3539.15	4.9424	0.255027
XR_411503.3	847	611.102	4	1.19534
XR_411513.3	1764	1527.15	1	0.119582
XR_411517.3	374	174.897	0	0
XR_411526.3	1744	1507.15	4.00088	0.484781
XR_411538.3	946	709.441	0	0
XR_411549.3	1543	1306.15	2	0.27963
XR_411550.3	1813	1576.15	3	0.347593
XR_411559.3	2897	2660.15	7	0.48055
XR_411565.3	656	422.719	0	0
XR_411576.3	2918	2681.15	0	0
XR_411584.2	988	751.224	2.3909	0.581217
XR_411585.3	1453	1216.15	0	0
XR_411589.2	4430	4193.15	0	0
XR_411591.3	3290	3053.15	0	0
XR_411592.3	3102	2865.15	20.3567	1.2975
XR_411593.3	471	251.746	2	1.45082
XR_411600.3	8440	8203.15	5	0.11131
XR_411601.3	1435	1198.15	6.94875	1.05911
XR_411603.3	1569	1332.15	515.139	70.6185
XR_411604.3	1706	1469.15	56.3233	7.00115
XR_411631.2	2257	2020.15	0	0
XR_411635.3	2272	2035.15	0	0
XR_411636.2	2146	1909.15	6.39926	0.61212
XR_411640.3	1094	857.148	0	0
XR_411641.3	275	105.776	0	0
XR_411650.3	2279	2042.15	0	0
XR_411652.3	3970	3733.15	0.000775932	3.79573e-05
XR_411653.3	3941	3704.15	1.70872	0.0842422
XR_411654.3	1633	1396.15	9.28376	1.21434
XR_411676.3	537	309.666	5	2.94865
XR_411683.3	3882	3645.15	0	0
XR_411684.3	3672	3435.15	14.2941	0.759901
XR_411686.3	1849	1612.15	1	0.113277
XR_411691.3	1099	862.148	2	0.423638
XR_411694.3	1213	976.148	1	0.187082
XR_411701.2	2494	2257.15	0	0
XR_411703.3	2381	2144.15	15	1.27756
XR_411707.3	2355	2118.15	0	0
XR_411720.3	1056	819.148	0	0
XR_411741.3	1431	1194.15	4	0.611714
XR_411753.3	1646	1409.15	0	0
XR_411772.3	213	67.9168	3	8.0666
XR_411776.3	2260	2023.15	0	0
XR_411779.3	684	449.977	0	0
XR_411797.3	7863	7626.15	116.857	2.79831
XR_411798.3	7861	7624.15	153.14	3.66813
XR_411807.3	2497	2260.15	3.86295	0.312125
XR_411830.3	1817	1580.15	0.011131	0.00128642
XR_411833.3	245	87.6825	0	0
XR_411838.3	2921	2684.15	1	0.0680362
XR_411843.3	3457	3220.15	12.4108	0.703836
XR_411854.3	15779	15542.1	0	0
XR_411855.3	15924	15687.1	32.3522	0.376622
XR_411856.3	15967	15730.1	15.5318	0.180316
XR_411859.3	2041	1804.15	0	0
XR_411860.3	2014	1777.15	0	0
XR_411864.3	2078	1841.15	0	0
XR_411865.3	2026	1789.15	0	0
XR_411872.3	1197	960.148	2	0.380398
XR_411874.3	2465	2228.15	0	0
XR_411876.3	2485	2248.15	0	0
XR_411879.3	3213	2976.15	0	0
XR_411892.3	5222	4985.15	3	0.109898
XR_411901.3	3086	2849.15	0	0
XR_411902.3	3077	2840.15	2	0.128598
XR_411914.3	1149	912.148	3	0.600624
XR_411924.3	1836	1599.15	0	0
XR_411947.3	2254	2017.15	0	0
XR_411979.3	972	735.297	0	0
XR_411982.3	2241	2004.15	0	0
XR_411989.3	649	415.804	102.991	45.2332
XR_411991.3	272	104.298	0	0
XR_411992.2	4149	3912.15	5.72049	0.267033
XR_411993.2	3354	3117.15	0	0
XR_411995.2	3263	3026.15	15.694	0.947088
XR_411996.2	3776	3539.15	2.81397	0.1452
XR_411997.2	2890	2653.15	7.25137	0.49912
XR_411998.3	2289	2052.15	0	0
XR_412002.3	799	563.277	0	0
XR_412023.3	4114	3877.15	0	0
XR_412025.3	2508	2271.15	4	0.321633
XR_412030.3	1461	1224.15	11.5268	1.71958
XR_412038.3	2339	2102.15	0	0
XR_412056.3	2524	2287.15	2	0.159692
XR_412072.3	2516	2279.15	0	0
XR_412073.3	2253	2016.15	0	0
XR_412079.3	665	431.505	4	1.69286
XR_412100.3	1500	1263.15	1.03779	0.150038
XR_412110.3	4689	4452.15	3.0645	0.1257
XR_412111.3	4739	4502.15	2.79106	0.113213
XR_412112.3	2037	1800.15	1	0.101447
XR_412113.3	2112	1875.15	0	0
XR_412116.3	2388	2151.15	0	0
XR_412124.3	1678	1441.15	9.62258	1.21935
XR_412141.3	3736	3499.15	0	0
XR_412146.3	4258	4021.15	0	0
XR_412150.3	2324	2087.15	25	2.18743
XR_412192.3	197	57.9974	1	3.14875
XR_412196.3	5653	5416.15	40.6487	1.37057
XR_412197.2	4066	3829.15	8	0.381535
XR_412198.2	2440	2203.15	0	0
XR_412200.3	3979	3742.15	3.013	0.147036
XR_412201.3	4434	4197.15	20	0.870206
XR_412202.3	461	243.575	6.57839	4.93211
XR_412205.3	1795	1558.15	30.6865	3.59654
XR_412211.3	6724	6487.15	21	0.591169
XR_412241.3	1646	1409.15	0	0
XR_412244.3	2718	2481.15	0	0
XR_412271.3	2386	2149.15	0	0
XR_412272.3	1985	1748.15	23	2.40268
XR_412287.3	582	351.575	0	0
XR_412288.3	1517	1280.15	17	2.42513
XR_412299.3	1449	1212.15	0	0
XR_412302.3	334	144.844	0	0
XR_412310.3	1383	1146.15	0	0
XR_412329.3	1243	1006.15	0	0
XR_412340.3	3714	3477.15	19.4884	1.02353
XR_412350.3	297	119.014	0	0
XR_412358.3	777	541.553	1	0.337214
XR_412368.3	375	175.674	0	0
XR_412383.3	724	489.327	4	1.49282
XR_412387.3	2277	2040.15	23.4665	2.10055
XR_412398.3	1806	1569.15	4	0.465525
XR_412436.2	1012	775.148	0	0
XR_412437.2	868	631.915	0	0
XR_412469.3	1782	1545.15	1.04116e-05	1.23054e-06
XR_412471.3	1762	1525.15	3.99999	0.478953
XR_412473.3	664	430.548	1	0.424155
XR_412477.3	1356	1119.15	0	0
XR_412500.3	1613	1376.15	0	0
XR_412538.3	2446	2209.15	1	0.082665
XR_412539.3	1380	1143.15	0	0
XR_412580.3	1405	1168.15	7.00378	1.09492
XM_022787598.1	3853	3616.15	0	0
XM_022787599.1	2814	2577.15	0	0
XM_022787600.1	390	187.171	0	0
XM_022787601.1	3816	3579.15	0	0
XM_022787602.1	3813	3576.15	0	0
XM_022787603.1	3952	3715.15	0	0
XM_022787604.1	3534	3297.15	0	0
XM_022787605.1	3531	3294.15	0	0
XM_022787606.1	3960	3723.15	0	0
XM_022787607.1	2860	2623.15	0	0
XM_022787608.1	3286	3049.15	0	0
XM_022787609.1	3440	3203.15	0	0
XM_022787610.1	1207	970.148	0	0
XM_022787611.1	3964	3727.15	0	0
XM_022787612.1	1022	785.148	0	0
XM_022787613.1	3828	3591.15	0	0
XM_022787614.1	596	364.638	0	0
XM_022787615.1	5645	5408.15	0	0
XM_022787616.1	5776	5539.15	0	0
XM_022787617.1	5636	5399.15	0	0
XM_022787618.1	1695	1458.15	0	0
XM_022787619.1	1845	1608.15	0	0
XM_022787620.1	1842	1605.15	0	0
XM_022787621.1	1403	1166.15	0	0
XM_022787622.1	1686	1449.15	0	0
XM_022787623.1	2819	2582.15	0	0
XM_022787624.1	1563	1326.15	0	0
XM_022787625.1	1232	995.148	0	0
XM_022787626.1	2680	2443.15	0	0
XM_022787627.1	633	400.256	0	0
XM_022787628.1	1360	1123.15	0	0
XM_022787629.1	1303	1066.15	0	0
XM_022787630.1	1141	904.148	0	0
XM_022787631.1	3649	3412.15	0	0
XM_022787632.1	634	401.216	0	0
XM_022787633.1	2624	2387.15	0	0
XM_022787634.1	991	754.224	0	0
XM_022787635.1	1440	1203.15	0	0
XM_022787636.1	2387	2150.15	0	0
XM_022787637.1	6400	6163.15	0	0
XM_022787638.1	9072	8835.15	0	0
XM_022787639.1	2590	2353.15	0	0
XM_022787640.1	9068	8831.15	0	0
XM_022787641.1	9069	8832.15	0	0
XM_022787642.1	12067	11830.1	0	0
XM_022787643.1	9345	9108.15	0	0
XM_022787644.1	10499	10262.1	0	0
XM_022787645.1	8951	8714.15	0	0
XM_022787646.1	11946	11709.1	0	0
XM_022787647.1	9799	9562.15	0	0
XM_022787648.1	9679	9442.15	0	0
XM_022787649.1	7784	7547.15	0	0
XM_022787650.1	11257	11020.1	0	0
XM_022787651.1	8536	8299.15	0	0
XM_022787652.1	8265	8028.15	0	0
XM_022787653.1	12679	12442.1	0	0
XM_022787654.1	11117	10880.1	0	0
XM_022787655.1	3422	3185.15	0	0
XM_022787656.1	11312	11075.1	0	0
XM_022787657.1	10282	10045.1	0	0
XM_022787658.1	9950	9713.15	0	0
XM_022787659.1	12761	12524.1	0	0
XM_022787660.1	10370	10133.1	0	0
XM_022787661.1	10299	10062.1	0	0
XM_022787662.1	9002	8765.15	0	0
XM_022787663.1	11873	11636.1	0	0
XM_022787664.1	7818	7581.15	0	0
XM_022787665.1	1709	1472.15	0	0
XM_022787666.1	7698	7461.15	0	0
XM_022787667.1	3890	3653.15	0	0
XM_022787668.1	3836	3599.15	0	0
XM_022787669.1	3999	3762.15	0	0
XM_022787670.1	3666	3429.15	0	0
XM_022787671.1	4169	3932.15	0	0
XM_022787672.1	5286	5049.15	0	0
XM_022787673.1	4057	3820.15	0	0
XM_022787674.1	3465	3228.15	0	0
XM_022787675.1	2744	2507.15	0	0
XM_022787676.1	4366	4129.15	0	0
XM_022787677.1	4600	4363.15	0	0
XM_022787678.1	4490	4253.15	0	0
XM_022787679.1	4476	4239.15	0	0
XM_022787680.1	3331	3094.15	0	0
XM_022787681.1	3109	2872.15	0	0
XM_022787682.1	10349	10112.1	0	0
XM_022787683.1	10457	10220.1	0	0
XM_022787684.1	3166	2929.15	0	0
XM_022787685.1	10215	9978.15	0	0
XM_022787686.1	10215	9978.15	0	0
XM_022787687.1	2259	2022.15	0	0
XM_022787688.1	4924	4687.15	0	0
XM_022787689.1	1404	1167.15	0	0
XM_022787690.1	4878	4641.15	0	0
XM_022787691.1	2674	2437.15	0	0
XM_022787692.1	4053	3816.15	0	0
XM_022787693.1	3916	3679.15	0	0
XM_022787694.1	2357	2120.15	0	0
XM_022787695.1	4715	4478.15	0	0
XM_022787696.1	3763	3526.15	0	0
XM_022787697.1	3760	3523.15	0	0
XM_022787698.1	3240	3003.15	0	0
XM_022787699.1	9478	9241.15	0	0
XM_022787700.1	3683	3446.15	0	0
XM_022787701.1	3704	3467.15	0	0
XM_022787702.1	2919	2682.15	0	0
XM_022787703.1	890	653.786	0	0
XM_022787704.1	743	508.076	0	0
XM_022787705.1	2176	1939.15	0	0
XM_022787706.1	839	603.102	0	0
XM_022787707.1	777	541.553	0	0
XM_022787708.1	980	743.224	0	0
XM_022787709.1	1244	1007.15	0	0
XM_022787710.1	590	358.82	0	0
XM_022787711.1	556	326.888	0	0
XM_022787712.1	2797	2560.15	0	0
XM_022787713.1	2465	2228.15	0	0
XM_022787714.1	2355	2118.15	0	0
XM_022787715.1	2430	2193.15	0	0
XM_022787716.1	4492	4255.15	0	0
XM_022787717.1	4471	4234.15	0	0
XM_022787718.1	4479	4242.15	0	0
XM_022787719.1	6112	5875.15	0	0
XM_022787720.1	5835	5598.15	0	0
XM_022787721.1	5778	5541.15	0	0
XM_022787722.1	6299	6062.15	0	0
XM_022787723.1	6022	5785.15	0	0
XM_022787724.1	3057	2820.15	0	0
XM_022787725.1	4108	3871.15	0	0
XM_022787726.1	5870	5633.15	0	0
XM_022787727.1	2890	2653.15	0	0
XM_022787728.1	1652	1415.15	0	0
XM_022787729.1	1645	1408.15	0	0
XM_022787730.1	4080	3843.15	0	0
XM_022787731.1	3128	2891.15	0	0
XM_022787732.1	3756	3519.15	0	0
XM_022787733.1	3299	3062.15	0	0
XM_022787734.1	3201	2964.15	0	0
XM_022787735.1	3984	3747.15	0	0
XM_022787736.1	3457	3220.15	0	0
XM_022787737.1	2833	2596.15	0	0
XM_022787738.1	6268	6031.15	0	0
XM_022787739.1	4782	4545.15	0	0
XM_022787740.1	6195	5958.15	0	0
XM_022787741.1	4533	4296.15	0	0
XM_022787742.1	6117	5880.15	0	0
XM_022787743.1	3513	3276.15	0	0
XM_022787744.1	1646	1409.15	0	0
XM_022787745.1	1663	1426.15	0	0
XM_022787746.1	1524	1287.15	0	0
XM_022787747.1	2412	2175.15	0	0
XM_022787748.1	2052	1815.15	0	0
XM_022787749.1	8692	8455.15	0	0
XM_022787750.1	8654	8417.15	0	0
XM_022787751.1	10872	10635.1	0	0
XM_022787752.1	3187	2950.15	0	0
XM_022787753.1	11001	10764.1	0	0
XM_022787754.1	8721	8484.15	0	0
XM_022787755.1	939	702.582	0	0
XM_022787756.1	802	566.277	0	0
XM_022787757.1	1356	1119.15	0	0
XM_022787758.1	1665	1428.15	0	0
XM_022787759.1	1375	1138.15	0	0
XM_022787760.1	1015	778.148	0	0
XM_022787761.1	993	756.224	0	0
XM_022787762.1	859	623.04	0	0
XM_022787763.1	1767	1530.15	0	0
XM_022787764.1	735	500.227	0	0
XM_022787765.1	6680	6443.15	0	0
XM_022787766.1	2726	2489.15	0	0
XM_022787767.1	2972	2735.15	0	0
XM_022787768.1	3349	3112.15	0	0
XM_022787769.1	2378	2141.15	0	0
XM_022787770.1	3545	3308.15	0	0
XM_022787771.1	3527	3290.15	0	0
XM_022787772.1	3516	3279.15	0	0
XM_022787773.1	6450	6213.15	0	0
XM_022787774.1	3782	3545.15	0	0
XM_022787775.1	4492	4255.15	0	0
XM_022787776.1	4473	4236.15	0	0
XM_022787777.1	4469	4232.15	0	0
XM_022787778.1	4371	4134.15	0	0
XM_022787779.1	3557	3320.15	0	0
XM_022787780.1	3522	3285.15	0	0
XM_022787781.1	3617	3380.15	0	0
XM_022787782.1	3561	3324.15	0	0
XM_022787783.1	6515	6278.15	0	0
XM_022787784.1	2347	2110.15	0	0
XM_022787785.1	2344	2107.15	0	0
XM_022787786.1	2341	2104.15	0	0
XM_022787787.1	2297	2060.15	0	0
XM_022787788.1	5127	4890.15	0	0
XM_022787789.1	3664	3427.15	0	0
XM_022787790.1	4784	4547.15	0	0
XM_022787791.1	4386	4149.15	13.5181	0.594979
XM_022787792.1	1345	1108.15	0	0
XM_022787793.1	1527	1290.15	0	0
XM_022787794.1	1542	1305.15	0	0
XM_022787795.1	1525	1288.15	0	0
XM_022787796.1	3429	3192.15	0	0
XM_022787797.1	874	637.915	0	0
XM_022787798.1	3816	3579.15	0	0
XM_022787799.1	3181	2944.15	0	0
XM_022787800.1	6304	6067.15	0	0
XM_022787801.1	6574	6337.15	0	0
XM_022787802.1	6570	6333.15	0	0
XM_022787803.1	6571	6334.15	0	0
XM_022787804.1	6562	6325.15	0	0
XM_022787805.1	6496	6259.15	0	0
XM_022787806.1	6493	6256.15	0	0
XM_022787807.1	4774	4537.15	0	0
XM_022787808.1	3074	2837.15	0	0
XM_022787809.1	928	691.652	0	0
XM_022787810.1	4790	4553.15	0	0
XM_022787811.1	4781	4544.15	0	0
XM_022787812.1	1969	1732.15	0	0
XM_022787813.1	1990	1753.15	0	0
XM_022787814.1	1976	1739.15	0	0
XM_022787815.1	1997	1760.15	0	0
XM_022787816.1	1960	1723.15	0	0
XM_022787817.1	1806	1569.15	0	0
XM_022787818.1	1440	1203.15	0	0
XM_022787819.1	2024	1787.15	0	0
XM_022787820.1	1426	1189.15	0	0
XM_022787821.1	1428	1191.15	0	0
XM_022787822.1	1439	1202.15	0	0
XM_022787823.1	2024	1787.15	0	0
XM_022787824.1	1425	1188.15	0	0
XM_022787825.1	1427	1190.15	0	0
XM_022787826.1	2441	2204.15	0	0
XM_022787827.1	567	337.416	0	0
XM_022787828.1	574	344.104	0	0
XM_022787829.1	2450	2213.15	0	0
XM_022787830.1	3281	3044.15	0	0
XM_022787831.1	942	705.582	0	0
XM_022787832.1	2653	2416.15	0	0
XM_022787833.1	6568	6331.15	0	0
XM_022787834.1	1391	1154.15	0	0
XM_022787835.1	794	558.277	0	0
XM_022787836.1	802	566.277	0	0
XM_022787837.1	2930	2693.15	0	0
XM_022787838.1	2959	2722.15	0	0
XM_022787839.1	2799	2562.15	0	0
XM_022787840.1	2709	2472.15	0	0
XM_022787841.1	2740	2503.15	0	0
XM_022787842.1	2787	2550.15	0	0
XM_022787843.1	1067	830.148	0	0
XM_022787844.1	1093	856.148	0	0
XM_022787845.1	972	735.297	0	0
XM_022787846.1	954	717.37	0	0
XM_022787847.1	2195	1958.15	0	0
XM_022787848.1	1018	781.148	0	0
XM_022787849.1	1792	1555.15	0	0
XM_022787850.1	3518	3281.15	0	0
XM_022787851.1	3098	2861.15	0	0
XM_022787852.1	2530	2293.15	0	0
XM_022787853.1	2464	2227.15	0	0
XM_022787854.1	2547	2310.15	0	0
XM_022787855.1	2468	2231.15	0	0
XM_022787856.1	2631	2394.15	0	0
XM_022787857.1	3298	3061.15	0	0
XM_022787858.1	1254	1017.15	0	0
XM_022787859.1	793	557.333	0	0
XM_022787860.1	826	590.162	0	0
XM_022787861.1	387	184.806	0	0
XM_022787862.1	2541	2304.15	0	0
XM_022787863.1	2340	2103.15	0	0
XM_022787864.1	2835	2598.15	0	0
XM_022787865.1	2154	1917.15	0	0
XM_022787866.1	1073	836.148	0	0
XM_022787867.1	1026	789.148	0	0
XM_022787868.1	2698	2461.15	0	0
XM_022787869.1	2857	2620.15	0	0
XM_022787870.1	2258	2021.15	0	0
XM_022787871.1	2223	1986.15	0	0
XM_022787872.1	1486	1249.15	0	0
XM_022787873.1	1681	1444.15	0	0
XM_022787874.1	2052	1815.15	0	0
XM_022787875.1	2876	2639.15	0	0
XM_022787876.1	1877	1640.15	0	0
XM_022787877.1	1410	1173.15	0	0
XM_022787878.1	1667	1430.15	0	0
XM_022787879.1	1494	1257.15	0	0
XM_022787880.1	11957	11720.1	0	0
XM_022787881.1	11918	11681.1	0	0
XM_022787882.1	2340	2103.15	0	0
XM_022787883.1	11864	11627.1	0	0
XM_022787884.1	10894	10657.1	5.75112	0.0985503
XM_022787885.1	5593	5356.15	0	0
XM_022787886.1	729	494.327	0	0
XM_022787887.1	1239	1002.15	0	0
XM_022787888.1	1450	1213.15	0	0
XM_022787889.1	2509	2272.15	0	0
XM_022787890.1	766	530.607	0	0
XM_022787891.1	2213	1976.15	6	0.55447
XM_022787892.1	3771	3534.15	0	0
XM_022787893.1	3766	3529.15	0	0
XM_022787894.1	3531	3294.15	0	0
XM_022787895.1	3079	2842.15	0	0
XM_022787896.1	2194	1957.15	0	0
XM_022787897.1	3060	2823.15	0	0
XM_022787898.1	2349	2112.15	0	0
XM_022787899.1	2203	1966.15	0	0
XM_022787900.1	2072	1835.15	0	0
XM_022787901.1	4044	3807.15	0	0
XM_022787902.1	3395	3158.15	0	0
XM_022787903.1	4657	4420.15	0	0
XM_022787904.1	1154	917.148	0	0
XM_022787905.1	1684	1447.15	0	0
XM_022787906.1	1496	1259.15	0	0
XM_022787907.1	1492	1255.15	0	0
XM_022787908.1	1987	1750.15	0	0
XM_022787909.1	1264	1027.15	0	0
XM_022787910.1	3837	3600.15	0	0
XM_022787911.1	2591	2354.15	0	0
XM_022787912.1	2932	2695.15	0	0
XM_022787913.1	2922	2685.15	0	0
XM_022787914.1	2800	2563.15	0	0
XM_022787915.1	5910	5673.15	0	0
XM_022787916.1	1408	1171.15	0	0
XM_022787917.1	1400	1163.15	0	0
XM_022787918.1	2914	2677.15	0	0
XM_022787919.1	1377	1140.15	0	0
XM_022787920.1	6164	5927.15	0	0
XM_022787921.1	1012	775.148	0	0
XM_022787922.1	1565	1328.15	0	0
XM_022787923.1	1308	1071.15	0	0
XM_022787924.1	3090	2853.15	0	0
XM_022787925.1	3089	2852.15	0	0
XM_022787926.1	3060	2823.15	0	0
XM_022787927.1	3395	3158.15	0	0
XM_022787928.1	3349	3112.15	0	0
XM_022787929.1	2816	2579.15	0	0
XM_022787930.1	6778	6541.15	0	0
XM_022787931.1	3128	2891.15	0	0
XM_022787932.1	2230	1993.15	0	0
XM_022787933.1	3441	3204.15	0	0
XM_022787934.1	3309	3072.15	0	0
XM_022787935.1	1739	1502.15	0	0
XM_022787936.1	2007	1770.15	0	0
XM_022787937.1	2113	1876.15	0	0
XM_022787938.1	996	759.148	0	0
XM_022787939.1	1900	1663.15	0	0
XM_022787940.1	1949	1712.15	0	0
XM_022787941.1	1120	883.148	0	0
XM_022787942.1	760	524.818	0	0
XM_022787943.1	1070	833.148	0	0
XM_022787944.1	893	656.786	0	0
XM_022787945.1	3115	2878.15	0	0
XM_022787946.1	2478	2241.15	0	0
XM_022787947.1	4300	4063.15	0	0
XM_022787948.1	4231	3994.15	0	0
XM_022787949.1	3213	2976.15	0	0
XM_022787950.1	3390	3153.15	0	0
XM_022787951.1	2490	2253.15	0	0
XM_022787952.1	3501	3264.15	0	0
XM_022787953.1	3405	3168.15	0	0
XM_022787954.1	4737	4500.15	0	0
XM_022787955.1	4762	4525.15	0	0
XM_022787956.1	4710	4473.15	0	0
XM_022787957.1	2643	2406.15	0	0
XM_022787958.1	3461	3224.15	0	0
XM_022787959.1	3597	3360.15	0	0
XM_022787960.1	7585	7348.15	0	0
XM_022787961.1	3180	2943.15	0	0
XM_022787962.1	1527	1290.15	0	0
XM_022787963.1	11235	10998.1	0	0
XM_022787964.1	11128	10891.1	0	0
XM_022787965.1	8043	7806.15	0	0
XM_022787966.1	11087	10850.1	0	0
XM_022787967.1	11058	10821.1	0	0
XM_022787968.1	11036	10799.1	0	0
XM_022787969.1	9577	9340.15	0	0
XM_022787970.1	11583	11346.1	0	0
XM_022787971.1	11580	11343.1	0	0
XM_022787972.1	11403	11166.1	0	0
XM_022787973.1	11400	11163.1	0	0
XM_022787974.1	4603	4366.15	1	0.0418262
XM_022787975.1	5382	5145.15	0	0
XM_022787976.1	6514	6277.15	0	0
XM_022787977.1	2534	2297.15	0	0
XM_022787978.1	1831	1594.15	0	0
XM_022787979.1	5126	4889.15	0	0
XM_022787980.1	5133	4896.15	0	0
XM_022787981.1	5083	4846.15	0	0
XM_022787982.1	3337	3100.15	0	0
XM_022787983.1	5118	4881.15	0	0
XM_022787984.1	1642	1405.15	0	0
XM_022787985.1	1804	1567.15	0	0
XM_022787986.1	2711	2474.15	0	0
XM_022787987.1	1823	1586.15	0	0
XM_022787988.1	5128	4891.15	0	0
XM_022787989.1	2389	2152.15	0	0
XM_022787990.1	882	645.786	0	0
XM_022787991.1	3800	3563.15	0	0
XM_022787992.1	3427	3190.15	0	0
XM_022787993.1	3502	3265.15	0	0
XM_022787994.1	1933	1696.15	0	0
XM_022787995.1	3084	2847.15	0	0
XM_022787996.1	2929	2692.15	0	0
XM_022787997.1	3206	2969.15	0	0
XM_022787998.1	2963	2726.15	0	0
XM_022787999.1	2791	2554.15	0	0
XM_022788000.1	1324	1087.15	0	0
XM_022788001.1	801	565.277	0	0
XM_022788002.1	7748	7511.15	0	0
XM_022788003.1	2725	2488.15	0	0
XM_022788004.1	1490	1253.15	0	0
XM_022788005.1	1484	1247.15	0	0
XM_022788006.1	4542	4305.15	0	0
XM_022788007.1	4442	4205.15	0	0
XM_022788008.1	4419	4182.15	0	0
XM_022788009.1	7119	6882.15	0	0
XM_022788010.1	4383	4146.15	0	0
XM_022788011.1	4321	4084.15	0	0
XM_022788012.1	5780	5543.15	0	0
XM_022788013.1	819	583.162	0	0
XM_022788014.1	4437	4200.15	0	0
XM_022788015.1	4804	4567.15	0	0
XM_022788016.1	7114	6877.15	0	0
XM_022788017.1	3740	3503.15	0	0
XM_022788018.1	3202	2965.15	0	0
XM_022788019.1	3707	3470.15	0	0
XM_022788020.1	1041	804.148	0	0
XM_022788021.1	1009	772.148	0	0
XM_022788022.1	1026	789.148	0	0
XM_022788023.1	811	575.22	0	0
XM_022788024.1	2551	2314.15	0	0
XM_022788025.1	2474	2237.15	0	0
XM_022788026.1	2176	1939.15	0	0
XM_022788027.1	5579	5342.15	0	0
XM_022788028.1	2220	1983.15	0	0
XM_022788029.1	2233	1996.15	0	0
XM_022788030.1	2175	1938.15	0	0
XM_022788031.1	4205	3968.15	0	0
XM_022788032.1	4345	4108.15	0	0
XM_022788033.1	4222	3985.15	0	0
XM_022788034.1	2322	2085.15	0	0
XM_022788035.1	2324	2087.15	0	0
XM_022788036.1	1527	1290.15	0	0
XM_022788037.1	8597	8360.15	0	0
XM_022788038.1	10845	10608.1	0	0
XM_022788039.1	7205	6968.15	0	0
XM_022788040.1	8824	8587.15	0	0
XM_022788041.1	7421	7184.15	0	0
XM_022788042.1	7166	6929.15	0	0
XM_022788043.1	8546	8309.15	0	0
XM_022788044.1	8518	8281.15	0	0
XM_022788045.1	8467	8230.15	0	0
XM_022788046.1	8149	7912.15	0	0
XM_022788047.1	886	649.786	0	0
XM_022788048.1	10638	10401.1	0	0
XM_022788049.1	10675	10438.1	0	0
XM_022788050.1	10675	10438.1	0	0
XM_022788051.1	10372	10135.1	0	0
XM_022788052.1	1779	1542.15	0	0
XM_022788053.1	3285	3048.15	0	0
XM_022788054.1	2532	2295.15	0	0
XM_022788055.1	1768	1531.15	0	0
XM_022788056.1	2505	2268.15	0	0
XM_022788057.1	2477	2240.15	0	0
XM_022788058.1	2527	2290.15	0	0
XM_022788059.1	2425	2188.15	0	0
XM_022788060.1	1281	1044.15	0	0
XM_022788061.1	1053	816.148	0	0
XM_022788062.1	5401	5164.15	0	0
XM_022788063.1	5953	5716.15	0	0
XM_022788064.1	3089	2852.15	0	0
XM_022788065.1	5386	5149.15	0	0
XM_022788066.1	5358	5121.15	0	0
XM_022788067.1	5171	4934.15	0	0
XM_022788068.1	4400	4163.15	0	0
XM_022788069.1	8320	8083.15	0	0
XM_022788070.1	1610	1373.15	0	0
XM_022788071.1	4630	4393.15	0	0
XM_022788072.1	4627	4390.15	0	0
XM_022788073.1	3570	3333.15	0	0
XM_022788074.1	3313	3076.15	0	0
XM_022788075.1	7394	7157.15	0	0
XM_022788076.1	1707	1470.15	0	0
XM_022788077.1	2457	2220.15	0	0
XM_022788078.1	2965	2728.15	0	0
XM_022788079.1	17847	17610.1	0	0
XM_022788080.1	17721	17484.1	0	0
XM_022788081.1	17715	17478.1	0	0
XM_022788082.1	4655	4418.15	0	0
XM_022788083.1	7395	7158.15	0	0
XM_022788084.1	3326	3089.15	0	0
XM_022788085.1	3332	3095.15	0	0
XM_022788086.1	3313	3076.15	0	0
XM_022788087.1	3671	3434.15	0	0
XM_022788088.1	4224	3987.15	0	0
XM_022788089.1	5183	4946.15	0	0
XM_022788090.1	3741	3504.15	0	0
XM_022788091.1	3289	3052.15	0	0
XM_022788092.1	2226	1989.15	0	0
XM_022788093.1	8014	7777.15	0	0
XM_022788094.1	2665	2428.15	0	0
XM_022788095.1	2935	2698.15	0	0
XM_022788096.1	1610	1373.15	0	0
XM_022788097.1	14925	14688.1	5.50367	0.0684277
XM_022788098.1	2468	2231.15	0	0
XM_022788099.1	7146	6909.15	0	0
XM_022788100.1	2487	2250.15	0	0
XM_022788101.1	2373	2136.15	0	0
XM_022788102.1	2464	2227.15	0	0
XM_022788103.1	2445	2208.15	0	0
XM_022788104.1	2386	2149.15	0	0
XM_022788105.1	2291	2054.15	0	0
XM_022788106.1	2310	2073.15	0	0
XM_022788107.1	2816	2579.15	0	0
XM_022788108.1	1266	1029.15	0	0
XM_022788109.1	7567	7330.15	0	0
XM_022788110.1	1263	1026.15	0	0
XM_022788111.1	1444	1207.15	0	0
XM_022788112.1	1385	1148.15	0	0
XM_022788113.1	4106	3869.15	0	0
XM_022788114.1	1385	1148.15	0	0
XM_022788115.1	1414	1177.15	0	0
XM_022788116.1	4063	3826.15	0	0
XM_022788117.1	3562	3325.15	0	0
XM_022788118.1	7053	6816.15	0	0
XM_022788119.1	2001	1764.15	0	0
XM_022788120.1	1891	1654.15	0	0
XM_022788121.1	1925	1688.15	0	0
XM_022788122.1	1700	1463.15	0	0
XM_022788123.1	1530	1293.15	0	0
XM_022788124.1	333	144.04	0	0
XM_022788125.1	4534	4297.15	0	0
XM_022788126.1	5859	5622.15	0	0
XM_022788127.1	4946	4709.15	0	0
XM_022788128.1	5420	5183.15	0	0
XM_022788129.1	5275	5038.15	0	0
XM_022788130.1	8311	8074.15	0	0
XM_022788131.1	4966	4729.15	0	0
XM_022788132.1	5585	5348.15	0	0
XM_022788133.1	5566	5329.15	0	0
XM_022788134.1	4771	4534.15	0	0
XM_022788135.1	4615	4378.15	0	0
XM_022788136.1	6681	6444.15	0	0
XM_022788137.1	4860	4623.15	0	0
XM_022788138.1	5213	4976.15	0	0
XM_022788139.1	5435	5198.15	0	0
XM_022788140.1	4976	4739.15	0	0
XM_022788141.1	1301	1064.15	0	0
XM_022788142.1	1162	925.148	0	0
XM_022788143.1	1110	873.148	0	0
XM_022788144.1	3260	3023.15	0	0
XM_022788145.1	3085	2848.15	0.923847	0.0592358
XM_022788146.1	4526	4289.15	0	0
XM_022788147.1	2022	1785.15	0	0
XM_022788148.1	1474	1237.15	0	0
XM_022788149.1	1394	1157.15	0	0
XM_022788150.1	2521	2284.15	0	0
XM_022788151.1	1481	1244.15	0	0
XM_022788152.1	1529	1292.15	0	0
XM_022788153.1	1509	1272.15	0	0
XM_022788154.1	8751	8514.15	0	0
XM_022788155.1	9253	9016.15	0	0
XM_022788156.1	8994	8757.15	0	0
XM_022788157.1	8565	8328.15	0	0
XM_022788158.1	8548	8311.15	0	0
XM_022788159.1	1670	1433.15	0	0
XM_022788160.1	1814	1577.15	0	0
XM_022788161.1	1687	1450.15	0	0
XM_022788162.1	1622	1385.15	0	0
XM_022788163.1	4299	4062.15	0	0
XM_022788164.1	1492	1255.15	0	0
XM_022788165.1	6395	6158.15	0	0
XM_022788166.1	6883	6646.15	0	0
XM_022788167.1	6087	5850.15	0	0
XM_022788168.1	5365	5128.15	0	0
XM_022788169.1	5084	4847.15	0	0
XM_022788170.1	6730	6493.15	0	0
XM_022788171.1	4724	4487.15	0	0
XM_022788172.1	3259	3022.15	0	0
XM_022788173.1	3160	2923.15	0	0
XM_022788174.1	2215	1978.15	0	0
XM_022788175.1	2190	1953.15	0	0
XM_022788176.1	2216	1979.15	0	0
XM_022788177.1	2090	1853.15	0	0
XM_022788178.1	2035	1798.15	0	0
XM_022788179.1	5051	4814.15	0	0
XM_022788180.1	3162	2925.15	0	0
XM_022788181.1	3159	2922.15	0	0
XM_022788182.1	3122	2885.15	0	0
XM_022788183.1	2039	1802.15	0	0
XM_022788184.1	3063	2826.15	0	0
XM_022788185.1	2605	2368.15	0	0
XM_022788186.1	2985	2748.15	0	0
XM_022788187.1	2683	2446.15	0	0
XM_022788188.1	2641	2404.15	0	0
XM_022788189.1	2150	1913.15	0	0
XM_022788190.1	2417	2180.15	0	0
XM_022788191.1	2047	1810.15	0	0
XM_022788192.1	1919	1682.15	0	0
XM_022788193.1	2868	2631.15	0	0
XM_022788194.1	1683	1446.15	0	0
XM_022788195.1	1964	1727.15	0	0
XM_022788196.1	3418	3181.15	0	0
XM_022788197.1	3152	2915.15	0	0
XM_022788198.1	2721	2484.15	0	0
XM_022788199.1	6895	6658.15	0	0
XM_022788200.1	6884	6647.15	0	0
XM_022788201.1	6742	6505.15	0	0
XM_022788202.1	6606	6369.15	0	0
XM_022788203.1	2774	2537.15	0	0
XM_022788204.1	5442	5205.15	0	0
XM_022788205.1	906	669.72	0	0
XM_022788206.1	1152	915.148	0	0
XM_022788207.1	976	739.224	0	0
XM_022788208.1	913	676.72	0	0
XM_022788209.1	825	589.162	0	0
XM_022788210.1	773	537.607	0	0
XM_022788211.1	2615	2378.15	0	0
XM_022788212.1	2777	2540.15	0	0
XM_022788213.1	1543	1306.15	0	0
XM_022788214.1	2061	1824.15	0	0
XM_022788215.1	3422	3185.15	0	0
XM_022788216.1	2681	2444.15	0	0
XM_022788217.1	1323	1086.15	0	0
XM_022788218.1	4958	4721.15	0	0
XM_022788219.1	4872	4635.15	0	0
XM_022788220.1	4774	4537.15	0	0
XM_022788221.1	4988	4751.15	0	0
XM_022788222.1	4933	4696.15	0	0
XM_022788223.1	1734	1497.15	0	0
XM_022788224.1	1731	1494.15	0	0
XM_022788225.1	1720	1483.15	0	0
XM_022788226.1	2174	1937.15	0	0
XM_022788227.1	1715	1478.15	0	0
XM_022788228.1	1717	1480.15	0	0
XM_022788229.1	1656	1419.15	0	0
XM_022788230.1	1667	1430.15	0	0
XM_022788231.1	1658	1421.15	0	0
XM_022788232.1	4447	4210.15	0	0
XM_022788233.1	1603	1366.15	0	0
XM_022788234.1	2027	1790.15	0	0
XM_022788235.1	1058	821.148	0	0
XM_022788236.1	1889	1652.15	0	0
XM_022788237.1	1972	1735.15	0	0
XM_022788238.1	1020	783.148	0	0
XM_022788239.1	1023	786.148	0	0
XM_022788240.1	2826	2589.15	0	0
XM_022788241.1	4389	4152.15	0	0
XM_022788242.1	2794	2557.15	0	0
XM_022788243.1	1464	1227.15	0	0
XM_022788244.1	4704	4467.15	0	0
XM_022788245.1	632	399.296	0	0
XM_022788246.1	629	396.376	0	0
XM_022788247.1	927	690.652	0	0
XM_022788248.1	1020	783.148	0	0
XM_022788249.1	929	692.652	0	0
XM_022788250.1	3012	2775.15	0	0
XM_022788251.1	4537	4300.15	0	0
XM_022788252.1	2909	2672.15	0	0
XM_022788253.1	2904	2667.15	0	0
XM_022788254.1	4500	4263.15	0	0
XM_022788255.1	4201	3964.15	0	0
XM_022788256.1	3162	2925.15	0	0
XM_022788257.1	4352	4115.15	0	0
XM_022788258.1	4256	4019.15	0	0
XM_022788259.1	4637	4400.15	0	0
XM_022788260.1	4307	4070.15	0	0
XM_022788261.1	4641	4404.15	0	0
XM_022788262.1	4563	4326.15	0	0
XM_022788263.1	4481	4244.15	0	0
XM_022788264.1	1624	1387.15	0	0
XM_022788265.1	604	372.341	0	0
XM_022788266.1	1065	828.148	0	0
XM_022788267.1	4574	4337.15	0	0
XM_022788268.1	3141	2904.15	0	0
XM_022788269.1	3014	2777.15	0	0
XM_022788270.1	2587	2350.15	0	0
XM_022788271.1	2578	2341.15	0	0
XM_022788272.1	2558	2321.15	0	0
XM_022788273.1	1126	889.148	0	0
XM_022788274.1	3304	3067.15	0	0
XM_022788275.1	4014	3777.15	0	0
XM_022788276.1	2436	2199.15	0	0
XM_022788277.1	1034	797.148	0	0
XM_022788278.1	2048	1811.15	0	0
XM_022788279.1	2540	2303.15	0	0
XM_022788280.1	3087	2850.15	0	0
XM_022788281.1	1302	1065.15	0	0
XM_022788282.1	15365	15128.1	0	0
XM_022788283.1	15324	15087.1	0	0
XM_022788284.1	15392	15155.1	0	0
XM_022788285.1	15063	14826.1	0.000303763	3.74157e-06
XM_022788286.1	2067	1830.15	0	0
XM_022788287.1	14924	14687.1	3.31295	0.041193
XM_022788288.1	543	314.965	0	0
XM_022788289.1	3869	3632.15	0	0
XM_022788290.1	4226	3989.15	0	0
XM_022788291.1	3829	3592.15	0	0
XM_022788292.1	3854	3617.15	0	0
XM_022788293.1	2076	1839.15	0	0
XM_022788294.1	5317	5080.15	0	0
XM_022788295.1	1947	1710.15	0	0
XM_022788296.1	5483	5246.15	0	0
XM_022788297.1	5272	5035.15	0	0
XM_022788298.1	5215	4978.15	0	0
XM_022788299.1	5028	4791.15	0	0
XM_022788300.1	3669	3432.15	0	0
XM_022788301.1	3022	2785.15	0	0
XM_022788302.1	3991	3754.15	0	0
XM_022788303.1	3888	3651.15	0	0
XM_022788304.1	1906	1669.15	0	0
XM_022788305.1	1969	1732.15	0	0
XM_022788306.1	2219	1982.15	0	0
XM_022788307.1	2216	1979.15	0	0
XM_022788308.1	2249	2012.15	0	0
XM_022788309.1	7999	7762.15	0	0
XM_022788310.1	6237	6000.15	0	0
XM_022788311.1	6464	6227.15	0	0
XM_022788312.1	6707	6470.15	0	0
XM_022788313.1	7954	7717.15	0	0
XM_022788314.1	7929	7692.15	0	0
XM_022788315.1	7919	7682.15	0	0
XM_022788316.1	7903	7666.15	0	0
XM_022788317.1	7890	7653.15	0	0
XM_022788318.1	1143	906.148	0	0
XM_022788319.1	5844	5607.15	0	0
XM_022788320.1	7545	7308.15	0	0
XM_022788321.1	7155	6918.15	0	0
XM_022788322.1	3821	3584.15	0	0
XM_022788323.1	3920	3683.15	0	0
XM_022788324.1	2299	2062.15	0	0
XM_022788325.1	2296	2059.15	0	0
XM_022788326.1	2239	2002.15	0	0
XM_022788327.1	2191	1954.15	0	0
XM_022788328.1	2142	1905.15	0	0
XM_022788329.1	3110	2873.15	0	0
XM_022788330.1	3080	2843.15	0	0
XM_022788331.1	1975	1738.15	0	0
XM_022788332.1	2489	2252.15	0	0
XM_022788333.1	2932	2695.15	0	0
XM_022788334.1	2963	2726.15	0	0
XM_022788335.1	3256	3019.15	0	0
XM_022788336.1	4098	3861.15	0	0
XM_022788337.1	2992	2755.15	0	0
XM_022788338.1	2797	2560.15	0	0
XM_022788339.1	2810	2573.15	0	0
XM_022788340.1	2632	2395.15	0	0
XM_022788341.1	2498	2261.15	0	0
XM_022788342.1	3840	3603.15	0	0
XM_022788343.1	3823	3586.15	0	0
XM_022788344.1	2410	2173.15	0	0
XM_022788345.1	2369	2132.15	0	0
XM_022788346.1	2347	2110.15	0	0
XM_022788347.1	4289	4052.15	0	0
XM_022788348.1	2238	2001.15	0	0
XM_022788349.1	1902	1665.15	0	0
XM_022788350.1	4770	4533.15	0	0
XM_022788351.1	5323	5086.15	0	0
XM_022788352.1	8395	8158.15	0	0
XM_022788353.1	3943	3706.15	0	0
XM_022788354.1	4889	4652.15	0	0
XM_022788355.1	2571	2334.15	0	0
XM_022788356.1	4341	4104.15	0	0
XM_022788357.1	2250	2013.15	0	0
XM_022788358.1	4314	4077.15	0	0
XM_022788359.1	2406	2169.15	0	0
XM_022788360.1	2779	2542.15	0	0
XM_022788361.1	2800	2563.15	0	0
XM_022788362.1	2208	1971.15	0	0
XM_022788363.1	2241	2004.15	0	0
XM_022788364.1	2608	2371.15	0	0
XM_022788365.1	1041	804.148	0	0
XM_022788366.1	2239	2002.15	0	0
XM_022788367.1	4764	4527.15	0	0
XM_022788368.1	3846	3609.15	0	0
XM_022788369.1	459	242.039	0	0
XM_022788370.1	5938	5701.15	0	0
XM_022788371.1	5063	4826.15	0	0
XM_022788372.1	5924	5687.15	0	0
XM_022788373.1	2188	1951.15	0	0
XM_022788374.1	2590	2353.15	0	0
XM_022788375.1	2383	2146.15	0	0
XM_022788376.1	5913	5676.15	0	0
XM_022788377.1	5123	4886.15	0	0
XM_022788378.1	1869	1632.15	0	0
XM_022788379.1	4993	4756.15	0	0
XM_022788380.1	2040	1803.15	0	0
XM_022788381.1	2009	1772.15	0	0
XM_022788382.1	1948	1711.15	0	0
XM_022788383.1	2051	1814.15	0	0
XM_022788384.1	2044	1807.15	0	0
XM_022788385.1	1995	1758.15	0	0
XM_022788386.1	2369	2132.15	0	0
XM_022788387.1	1956	1719.15	0	0
XM_022788388.1	1794	1557.15	0	0
XM_022788389.1	1459	1222.15	0	0
XM_022788390.1	1602	1365.15	0	0
XM_022788391.1	1414	1177.15	0	0
XM_022788392.1	1529	1292.15	0	0
XM_022788393.1	2456	2219.15	0	0
XM_022788394.1	2404	2167.15	0	0
XM_022788395.1	3749	3512.15	0	0
XM_022788396.1	2225	1988.15	0	0
XM_022788397.1	771	535.607	0	0
XM_022788398.1	9030	8793.15	0	0
XM_022788399.1	1705	1468.15	0	0
XM_022788400.1	1707	1470.15	0	0
XM_022788401.1	1908	1671.15	0	0
XM_022788402.1	2240	2003.15	0	0
XM_022788403.1	2062	1825.15	0	0
XM_022788404.1	1881	1644.15	0	0
XM_022788405.1	1727	1490.15	0	0
XM_022788406.1	1753	1516.15	0	0
XM_022788407.1	1447	1210.15	0	0
XM_022788408.1	21422	21185.1	0	0
XM_022788409.1	20536	20299.1	0	0
XM_022788410.1	23833	23596.1	0	0
XM_022788411.1	20557	20320.1	0	0
XM_022788412.1	2398	2161.15	0	0
XM_022788413.1	20420	20183.1	0	0
XM_022788414.1	21281	21044.1	0	0
XM_022788415.1	5991	5754.15	0	0
XM_022788416.1	6502	6265.15	0	0
XM_022788417.1	1948	1711.15	0	0
XM_022788418.1	1690	1453.15	0	0
XM_022788419.1	1506	1269.15	0	0
XM_022788420.1	1203	966.148	0	0
XM_022788421.1	877	640.915	0	0
XM_022788422.1	799	563.277	0	0
XM_022788423.1	784	548.388	0	0
XM_022788424.1	1824	1587.15	0	0
XM_022788425.1	7889	7652.15	0	0
XM_022788426.1	1259	1022.15	0	0
XM_022788427.1	2586	2349.15	0	0
XM_022788428.1	14157	13920.1	0	0
XM_022788429.1	8578	8341.15	0	0
XM_022788430.1	6413	6176.15	0	0
XM_022788431.1	6317	6080.15	0	0
XM_022788432.1	5746	5509.15	0	0
XM_022788433.1	4139	3902.15	0	0
XM_022788434.1	6463	6226.15	0	0
XM_022788435.1	6292	6055.15	0	0
XM_022788436.1	732	497.278	0	0
XM_022788437.1	1447	1210.15	0	0
XM_022788438.1	992	755.224	0	0
XM_022788439.1	2375	2138.15	0	0
XM_022788440.1	2564	2327.15	0	0
XM_022788441.1	1412	1175.15	0	0
XM_022788442.1	2615	2378.15	0	0
XM_022788443.1	840	604.102	0	0
XM_022788444.1	1176	939.148	0	0
XM_022788445.1	300	120.861	0	0
XM_022788446.1	7715	7478.15	1	0.0244204
XM_022788447.1	7231	6994.15	0	0
XM_022788448.1	6972	6735.15	0	0
XM_022788449.1	6924	6687.15	0	0
XM_022788450.1	1675	1438.15	0	0
XM_022788451.1	1601	1364.15	0	0
XM_022788452.1	2825	2588.15	0	0
XM_022788453.1	7331	7094.15	0	0
XM_022788454.1	2854	2617.15	0	0
XM_022788455.1	6423	6186.15	0	0
XM_022788456.1	5322	5085.15	0	0
XM_022788457.1	5880	5643.15	0	0
XM_022788458.1	5014	4777.15	0	0
XM_022788459.1	4910	4673.15	0	0
XM_022788460.1	6324	6087.15	0	0
XM_022788461.1	5064	4827.15	0	0
XM_022788462.1	5074	4837.15	0	0
XM_022788463.1	4823	4586.15	0	0
XM_022788464.1	4839	4602.15	0	0
XM_022788465.1	4791	4554.15	0	0
XM_022788466.1	5453	5216.15	0	0
XM_022788467.1	909	672.72	0	0
XM_022788468.1	755	519.871	0	0
XM_022788469.1	7465	7228.15	0	0
XM_022788470.1	879	642.851	0	0
XM_022788471.1	725	490.327	0	0
XM_022788472.1	2154	1917.15	0	0
XM_022788473.1	1834	1597.15	0	0
XM_022788474.1	4657	4420.15	0	0
XM_022788475.1	4046	3809.15	0	0
XM_022788476.1	1660	1423.15	0	0
XM_022788477.1	1798	1561.15	0	0
XM_022788478.1	1537	1300.15	0	0
XM_022788479.1	3813	3576.15	0	0
XM_022788480.1	3786	3549.15	0	0
XM_022788481.1	3789	3552.15	0	0
XM_022788482.1	3898	3661.15	0	0
XM_022788483.1	5550	5313.15	0	0
XM_022788484.1	8354	8117.15	0	0
XM_022788485.1	5721	5484.15	0	0
XM_022788486.1	666	432.418	0	0
XM_022788487.1	629	396.376	0	0
XM_022788488.1	4306	4069.15	0	0
XM_022788489.1	3852	3615.15	0	0
XM_022788490.1	4736	4499.15	0	0
XM_022788491.1	4800	4563.15	0	0
XM_022788492.1	5112	4875.15	0	0
XM_022788493.1	4904	4667.15	0	0
XM_022788494.1	5048	4811.15	0	0
XM_022788495.1	4840	4603.15	0	0
XM_022788496.1	5875	5638.15	0	0
XM_022788497.1	5309	5072.15	0	0
XM_022788498.1	5435	5198.15	0	0
XM_022788499.1	3819	3582.15	0	0
XM_022788500.1	4314	4077.15	0	0
XM_022788501.1	2375	2138.15	0	0
XM_022788502.1	5342	5105.15	0	0
XM_022788503.1	5415	5178.15	0	0
XM_022788504.1	2773	2536.15	0	0
XM_022788505.1	4131	3894.15	0	0
XM_022788506.1	5380	5143.15	0	0
XM_022788507.1	3532	3295.15	0	0
XM_022788508.1	3592	3355.15	0	0
XM_022788509.1	3557	3320.15	0	0
XM_022788510.1	3573	3336.15	0	0
XM_022788511.1	3584	3347.15	0	0
XM_022788512.1	3467	3230.15	0	0
XM_022788513.1	3683	3446.15	0	0
XM_022788514.1	3684	3447.15	0	0
XM_022788515.1	1982	1745.15	0	0
XM_022788516.1	5374	5137.15	0	0
XM_022788517.1	1989	1752.15	0	0
XM_022788518.1	2400	2163.15	0	0
XM_022788519.1	1884	1647.15	0	0
XM_022788520.1	1919	1682.15	0	0
XM_022788521.1	794	558.277	0	0
XM_022788522.1	2529	2292.15	0	0
XM_022788523.1	1926	1689.15	0	0
XM_022788524.1	951	714.441	0	0
XM_022788525.1	2862	2625.15	0	0
XM_022788526.1	357	161.939	0	0
XM_022788527.1	1801	1564.15	0	0
XM_022788528.1	4057	3820.15	0	0
XM_022788529.1	2297	2060.15	0	0
XM_022788530.1	2166	1929.15	0	0
XM_022788531.1	4201	3964.15	0	0
XM_022788532.1	4143	3906.15	0	0
XM_022788533.1	4201	3964.15	0	0
XM_022788534.1	3988	3751.15	0	0
XM_022788535.1	3985	3748.15	0	0
XM_022788536.1	3856	3619.15	0	0
XM_022788537.1	1340	1103.15	0	0
XM_022788538.1	3602	3365.15	0	0
XM_022788539.1	15447	15210.1	0.124879	0.00149935
XM_022788540.1	15437	15200.1	0.239001	0.00287144
XM_022788541.1	15413	15176.1	1.13695	0.0136813
XM_022788542.1	15404	15167.1	2.04184	0.0245847
XM_022788543.1	9392	9155.15	0	0
XM_022788544.1	9339	9102.15	0	0
XM_022788545.1	1404	1167.15	0	0
XM_022788546.1	1674	1437.15	0	0
XM_022788547.1	5364	5127.15	0	0
XM_022788548.1	3493	3256.15	0	0
XM_022788549.1	3311	3074.15	0	0
XM_022788550.1	3281	3044.15	0	0
XM_022788551.1	3243	3006.15	0	0
XM_022788552.1	3099	2862.15	0	0
XM_022788553.1	3285	3048.15	0	0
XM_022788554.1	3918	3681.15	0	0
XM_022788555.1	3160	2923.15	0	0
XM_022788556.1	3488	3251.15	0	0
XM_022788557.1	3281	3044.15	0	0
XM_022788558.1	3163	2926.15	0	0
XM_022788559.1	3202	2965.15	0	0
XM_022788560.1	3481	3244.15	0	0
XM_022788561.1	7079	6842.15	0	0
XM_022788562.1	4366	4129.15	0	0
XM_022788563.1	4228	3991.15	0	0
XM_022788564.1	4226	3989.15	0	0
XM_022788565.1	4199	3962.15	0	0
XM_022788566.1	3526	3289.15	0	0
XM_022788567.1	1116	879.148	0	0
XM_022788568.1	9561	9324.15	0	0
XM_022788569.1	7359	7122.15	0	0
XM_022788570.1	9558	9321.15	0	0
XM_022788571.1	9546	9309.15	0	0
XM_022788572.1	9542	9305.15	0	0
XM_022788573.1	9386	9149.15	0	0
XM_022788574.1	9296	9059.15	0	0
XM_022788575.1	4291	4054.15	0	0
XM_022788576.1	10117	9880.15	0	0
XM_022788577.1	2027	1790.15	0	0
XM_022788578.1	3042	2805.15	0	0
XM_022788579.1	3813	3576.15	0	0
XM_022788580.1	2862	2625.15	0	0
XM_022788581.1	3236	2999.15	0	0
XM_022788582.1	3207	2970.15	0	0
XM_022788583.1	2209	1972.15	0	0
XM_022788584.1	1534	1297.15	0	0
XM_022788585.1	1884	1647.15	0	0
XM_022788586.1	1713	1476.15	0	0
XM_022788587.1	1708	1471.15	0	0
XM_022788588.1	1495	1258.15	0	0
XM_022788589.1	2225	1988.15	0	0
XM_022788590.1	1328	1091.15	0	0
XM_022788591.1	1368	1131.15	0	0
XM_022788592.1	2109	1872.15	0	0
XM_022788593.1	3594	3357.15	0	0
XM_022788594.1	2362	2125.15	0	0
XM_022788595.1	5681	5444.15	0	0
XM_022788596.1	3754	3517.15	0	0
XM_022788597.1	604	372.341	0	0
XM_022788598.1	594	362.675	0	0
XM_022788599.1	623	390.575	0	0
XM_022788600.1	559	329.722	0	0
XM_022788601.1	3826	3589.15	0	0
XM_022788602.1	7209	6972.15	0	0
XM_022788603.1	7336	7099.15	0	0
XM_022788604.1	7242	7005.15	0	0
XM_022788605.1	4282	4045.15	0	0
XM_022788606.1	4106	3869.15	0	0
XM_022788607.1	4155	3918.15	0	0
XM_022788608.1	5664	5427.15	0	0
XM_022788609.1	3865	3628.15	0	0
XM_022788610.1	3750	3513.15	0	0
XM_022788611.1	3784	3547.15	0	0
XM_022788612.1	2828	2591.15	0	0
XM_022788613.1	3637	3400.15	0	0
XM_022788614.1	3625	3388.15	0	0
XM_022788615.1	3622	3385.15	0	0
XM_022788616.1	3592	3355.15	0	0
XM_022788617.1	6784	6547.15	0	0
XM_022788618.1	3397	3160.15	0	0
XM_022788619.1	1534	1297.15	0	0
XM_022788620.1	2836	2599.15	0	0
XM_022788621.1	1512	1275.15	0	0
XM_022788622.1	2353	2116.15	0	0
XM_022788623.1	4647	4410.15	0	0
XM_022788624.1	4629	4392.15	0	0
XM_022788625.1	5111	4874.15	0	0
XM_022788626.1	7885	7648.15	0	0
XM_022788627.1	4566	4329.15	0	0
XM_022788628.1	1610	1373.15	0	0
XM_022788629.1	2137	1900.15	0	0
XM_022788630.1	1553	1316.15	0	0
XM_022788631.1	1550	1313.15	0	0
XM_022788632.1	1607	1370.15	0	0
XM_022788633.1	2934	2697.15	0	0
XM_022788634.1	1570	1333.15	0	0
XM_022788635.1	1538	1301.15	0	0
XM_022788636.1	1523	1286.15	0	0
XM_022788637.1	1553	1316.15	0	0
XM_022788638.1	1338	1101.15	0	0
XM_022788639.1	4420	4183.15	0	0
XM_022788640.1	3216	2979.15	0	0
XM_022788641.1	1873	1636.15	0	0
XM_022788642.1	6577	6340.15	0	0
XM_022788643.1	3661	3424.15	0	0
XM_022788644.1	3964	3727.15	0	0
XM_022788645.1	3635	3398.15	0	0
XM_022788646.1	3809	3572.15	0	0
XM_022788647.1	3701	3464.15	0	0
XM_022788648.1	3568	3331.15	0	0
XM_022788649.1	3542	3305.15	0	0
XM_022788650.1	3868	3631.15	0	0
XM_022788651.1	2777	2540.15	0	0
XM_022788652.1	2974	2737.15	0	0
XM_022788653.1	6694	6457.15	0	0
XM_022788654.1	17953	17716.1	0	0
XM_022788655.1	16678	16441.1	0	0
XM_022788656.1	17646	17409.1	0	0
XM_022788657.1	16570	16333.1	0	0
XM_022788658.1	17562	17325.1	0	0
XM_022788659.1	17276	17039.1	0	0
XM_022788660.1	16551	16314.1	0	0
XM_022788661.1	16560	16323.1	0	0
XM_022788662.1	4961	4724.15	0	0
XM_022788663.1	7221	6984.15	0	0
XM_022788664.1	3412	3175.15	0	0
XM_022788665.1	7806	7569.15	7	0.168887
XM_022788666.1	2308	2071.15	0	0
XM_022788667.1	2300	2063.15	0	0
XM_022788668.1	2042	1805.15	0	0
XM_022788669.1	6004	5767.15	0	0
XM_022788670.1	3752	3515.15	0	0
XM_022788671.1	3393	3156.15	0	0
XM_022788672.1	2647	2410.15	0	0
XM_022788673.1	2489	2252.15	0	0
XM_022788674.1	2721	2484.15	0	0
XM_022788675.1	3903	3666.15	0	0
XM_022788676.1	3886	3649.15	0	0
XM_022788677.1	2873	2636.15	0	0
XM_022788678.1	5396	5159.15	0	0
XM_022788679.1	3710	3473.15	0	0
XM_022788680.1	3753	3516.15	0	0
XM_022788681.1	3131	2894.15	0	0
XM_022788682.1	2930	2693.15	0	0
XM_022788683.1	2267	2030.15	0	0
XM_022788684.1	2222	1985.15	0	0
XM_022788685.1	3079	2842.15	0	0
XM_022788686.1	2871	2634.15	0	0
XM_022788687.1	4117	3880.15	0	0
XM_022788688.1	1371	1134.15	0	0
XM_022788689.1	3681	3444.15	0	0
XM_022788690.1	2657	2420.15	0	0
XM_022788691.1	2359	2122.15	0	0
XM_022788692.1	5365	5128.15	0	0
XM_022788693.1	4351	4114.15	0	0
XM_022788694.1	8224	7987.15	0	0
XM_022788695.1	6370	6133.15	0	0
XM_022788696.1	5242	5005.15	0	0
XM_022788697.1	5522	5285.15	0	0
XM_022788698.1	5645	5408.15	0	0
XM_022788699.1	6341	6104.15	0	0
XM_022788700.1	5320	5083.15	0	0
XM_022788701.1	4632	4395.15	0	0
XM_022788702.1	2781	2544.15	0	0
XM_022788703.1	2772	2535.15	0	0
XM_022788704.1	2571	2334.15	0	0
XM_022788705.1	2697	2460.15	0	0
XM_022788706.1	1380	1143.15	0	0
XM_022788707.1	2072	1835.15	0	0
XM_022788708.1	6346	6109.15	0	0
XM_022788709.1	2017	1780.15	0	0
XM_022788710.1	2021	1784.15	0	0
XM_022788711.1	1902	1665.15	0	0
XM_022788712.1	2038	1801.15	0	0
XM_022788713.1	1934	1697.15	0	0
XM_022788714.1	1894	1657.15	0	0
XM_022788715.1	1852	1615.15	0	0
XM_022788716.1	1829	1592.15	0	0
XM_022788717.1	894	657.786	0	0
XM_022788718.1	5333	5096.15	0	0
XM_022788719.1	9023	8786.15	0	0
XM_022788720.1	5546	5309.15	0	0
XM_022788721.1	5495	5258.15	0	0
XM_022788722.1	7686	7449.15	0	0
XM_022788723.1	7693	7456.15	0	0
XM_022788724.1	5935	5698.15	0	0
XM_022788725.1	5566	5329.15	0	0
XM_022788726.1	5575	5338.15	0	0
XM_022788727.1	6994	6757.15	0	0
XM_022788728.1	5925	5688.15	0	0
XM_022788729.1	1255	1018.15	0	0
XM_022788730.1	956	719.37	0	0
XM_022788731.1	1389	1152.15	0	0
XM_022788732.1	1362	1125.15	0	0
XM_022788733.1	5713	5476.15	0	0
XM_022788734.1	2251	2014.15	0	0
XM_022788735.1	2206	1969.15	0	0
XM_022788736.1	5328	5091.15	0	0
XM_022788737.1	1631	1394.15	0	0
XM_022788738.1	1468	1231.15	0	0
XM_022788739.1	1748	1511.15	0	0
XM_022788740.1	1995	1758.15	0	0
XM_022788741.1	1708	1471.15	0	0
XM_022788742.1	1645	1408.15	0	0
XM_022788743.1	5609	5372.15	0	0
XM_022788744.1	3066	2829.15	0	0
XM_022788745.1	3393	3156.15	0	0
XM_022788746.1	2942	2705.15	0	0
XM_022788747.1	2925	2688.15	0	0
XM_022788748.1	3635	3398.15	0	0
XM_022788749.1	2510	2273.15	0	0
XM_022788750.1	2458	2221.15	0	0
XM_022788751.1	2684	2447.15	0	0
XM_022788752.1	2569	2332.15	0	0
XM_022788753.1	2564	2327.15	0	0
XM_022788754.1	2764	2527.15	0	0
XM_022788755.1	2507	2270.15	0	0
XM_022788756.1	8980	8743.15	0	0
XM_022788757.1	876	639.915	0	0
XM_022788758.1	9009	8772.15	0	0
XM_022788759.1	9584	9347.15	0	0
XM_022788760.1	7563	7326.15	0	0
XM_022788761.1	7244	7007.15	0	0
XM_022788762.1	8873	8636.15	0	0
XM_022788763.1	8791	8554.15	0	0
XM_022788764.1	7533	7296.15	0	0
XM_022788765.1	7869	7632.15	0	0
XM_022788766.1	6945	6708.15	0	0
XM_022788767.1	8523	8286.15	0	0
XM_022788768.1	7312	7075.15	0	0
XM_022788769.1	6074	5837.15	0	0
XM_022788770.1	3544	3307.15	0	0
XM_022788771.1	3896	3659.15	0	0
XM_022788772.1	3949	3712.15	0	0
XM_022788773.1	10006	9769.15	0	0
XM_022788774.1	3794	3557.15	0	0
XM_022788775.1	3702	3465.15	0	0
XM_022788776.1	3015	2778.15	0	0
XM_022788777.1	4927	4690.15	0	0
XM_022788778.1	3496	3259.15	0	0
XM_022788779.1	5460	5223.15	0	0
XM_022788780.1	3554	3317.15	0	0
XM_022788781.1	4923	4686.15	0	0
XM_022788782.1	4910	4673.15	0	0
XM_022788783.1	9026	8789.15	0	0
XM_022788784.1	3299	3062.15	0	0
XM_022788785.1	1962	1725.15	0	0
XM_022788786.1	1967	1730.15	0	0
XM_022788787.1	2083	1846.15	0	0
XM_022788788.1	1818	1581.15	0	0
XM_022788789.1	2741	2504.15	0	0
XM_022788790.1	2529	2292.15	0	0
XM_022788791.1	3480	3243.15	0	0
XM_022788792.1	3518	3281.15	0	0
XM_022788793.1	3189	2952.15	0	0
XM_022788794.1	3301	3064.15	0	0
XM_022788795.1	1917	1680.15	0	0
XM_022788796.1	1912	1675.15	0	0
XM_022788797.1	1489	1252.15	0	0
XM_022788798.1	2510	2273.15	0	0
XM_022788799.1	2521	2284.15	0	0
XM_022788800.1	2338	2101.15	0	0
XM_022788801.1	2358	2121.15	0	0
XM_022788802.1	2124	1887.15	0	0
XM_022788803.1	1851	1614.15	0	0
XM_022788804.1	1854	1617.15	0	0
XM_022788805.1	1839	1602.15	0	0
XM_022788806.1	1206	969.148	0	0
XM_022788807.1	1117	880.148	0	0
XM_022788808.1	905	668.72	0	0
XM_022788809.1	2143	1906.15	0	0
XM_022788810.1	1209	972.148	0	0
XM_022788811.1	2562	2325.15	0	0
XM_022788812.1	973	736.297	0	0
XM_022788813.1	6565	6328.15	0	0
XM_022788814.1	1633	1396.15	0	0
XM_022788815.1	2090	1853.15	0	0
XM_022788816.1	1705	1468.15	0	0
XM_022788817.1	5149	4912.15	0	0
XM_022788818.1	564	334.587	0	0
XM_022788819.1	4880	4643.15	0	0
XM_022788820.1	4855	4618.15	0	0
XM_022788821.1	4691	4454.15	0	0
XM_022788822.1	4644	4407.15	0	0
XM_022788823.1	4535	4298.15	0	0
XM_022788824.1	5456	5219.15	0	0
XM_022788825.1	2440	2203.15	0	0
XM_022788826.1	5028	4791.15	0	0
XM_022788827.1	3082	2845.15	0	0
XM_022788828.1	5025	4788.15	0	0
XM_022788829.1	2883	2646.15	1.29874	0.0896304
XM_022788830.1	3871	3634.15	0	0
XM_022788831.1	3198	2961.15	0	0
XM_022788832.1	2500	2263.15	0	0
XM_022788833.1	6796	6559.15	0	0
XM_022788834.1	2277	2040.15	0	0
XM_022788835.1	2585	2348.15	0	0
XM_022788836.1	3440	3203.15	0	0
XM_022788837.1	2678	2441.15	0	0
XM_022788838.1	2337	2100.15	0	0
XM_022788839.1	2622	2385.15	0	0
XM_022788840.1	2617	2380.15	0	0
XM_022788841.1	2337	2100.15	0	0
XM_022788842.1	2316	2079.15	0	0
XM_022788843.1	2574	2337.15	0	0
XM_022788844.1	1140	903.148	0	0
XM_022788845.1	2236	1999.15	0	0
XM_022788846.1	13651	13414.1	0	0
XM_022788847.1	13455	13218.1	0	0
XM_022788848.1	13344	13107.1	0	0
XM_022788849.1	14285	14048.1	0	0
XM_022788850.1	13299	13062.1	0	0
XM_022788851.1	10758	10521.1	0	0
XM_022788852.1	13366	13129.1	0	0
XM_022788853.1	8009	7772.15	0	0
XM_022788854.1	8217	7980.15	0	0
XM_022788855.1	2071	1834.15	0	0
XM_022788856.1	9620	9383.15	0	0
XM_022788857.1	17190	16953.1	0	0
XM_022788858.1	10326	10089.1	0	0
XM_022788859.1	10169	9932.15	0	0
XM_022788860.1	4618	4381.15	0	0
XM_022788861.1	3319	3082.15	0	0
XM_022788862.1	3389	3152.15	0	0
XM_022788863.1	3383	3146.15	0	0
XM_022788864.1	2084	1847.15	0	0
XM_022788865.1	2070	1833.15	0	0
XM_022788866.1	2196	1959.15	0	0
XM_022788867.1	2182	1945.15	0	0
XM_022788868.1	5765	5528.15	0	0
XM_022788869.1	5768	5531.15	0	0
XM_022788870.1	547	318.61	0	0
XM_022788871.1	1044	807.148	0	0
XM_022788872.1	4939	4702.15	0	0
XM_022788873.1	1442	1205.15	0	0
XM_022788874.1	2141	1904.15	0	0
XM_022788875.1	12307	12070.1	0	0
XM_022788876.1	11001	10764.1	0	0
XM_022788877.1	9384	9147.15	0	0
XM_022788878.1	9892	9655.15	0	0
XM_022788879.1	2123	1886.15	0	0
XM_022788880.1	10021	9784.15	0	0
XM_022788881.1	9670	9433.15	0	0
XM_022788882.1	11179	10942.1	0	0
XM_022788883.1	9491	9254.15	0	0
XM_022788884.1	10756	10519.1	0	0
XM_022788885.1	9774	9537.15	0	0
XM_022788886.1	11946	11709.1	0	0
XM_022788887.1	7090	6853.15	0	0
XM_022788888.1	7078	6841.15	0	0
XM_022788889.1	7209	6972.15	0	0
XM_022788890.1	1827	1590.15	0	0
XM_022788891.1	16879	16642.1	0	0
XM_022788892.1	3987	3750.15	0	0
XM_022788893.1	4163	3926.15	0	0
XM_022788894.1	3244	3007.15	0	0
XM_022788895.1	3132	2895.15	0	0
XM_022788896.1	2853	2616.15	0	0
XM_022788897.1	3034	2797.15	0	0
XM_022788898.1	6559	6322.15	0	0
XM_022788899.1	1770	1533.15	0	0
XM_022788900.1	2091	1854.15	0	0
XM_022788901.1	6971	6734.15	0	0
XM_022788902.1	858	622.04	0	0
XM_022788903.1	2363	2126.15	0	0
XM_022788904.1	6242	6005.15	0	0
XM_022788905.1	12395	12158.1	0	0
XM_022788906.1	11287	11050.1	0	0
XM_022788907.1	5647	5410.15	0	0
XM_022788908.1	7164	6927.15	0	0
XM_022788909.1	6793	6556.15	0	0
XM_022788910.1	8845	8608.15	0	0
XM_022788911.1	8812	8575.15	0	0
XM_022788912.1	9235	8998.15	0	0
XM_022788913.1	8858	8621.15	0	0
XM_022788914.1	9069	8832.15	0	0
XM_022788915.1	9058	8821.15	0	0
XM_022788916.1	8799	8562.15	0	0
XM_022788917.1	8418	8181.15	0	0
XM_022788918.1	1926	1689.15	0	0
XM_022788919.1	8630	8393.15	0	0
XM_022788920.1	8584	8347.15	0	0
XM_022788921.1	8597	8360.15	0	0
XM_022788922.1	8088	7851.15	0	0
XM_022788923.1	8859	8622.15	0	0
XM_022788924.1	8539	8302.15	0	0
XM_022788925.1	3932	3695.15	0	0
XM_022788926.1	3833	3596.15	0	0
XM_022788927.1	3710	3473.15	0	0
XM_022788928.1	2554	2317.15	0	0
XM_022788929.1	1287	1050.15	0	0
XM_022788930.1	2388	2151.15	0	0
XM_022788931.1	2118	1881.15	0	0
XM_022788932.1	2323	2086.15	0	0
XM_022788933.1	2014	1777.15	0	0
XM_022788934.1	1973	1736.15	0	0
XM_022788935.1	3473	3236.15	0	0
XM_022788936.1	3793	3556.15	0	0
XM_022788937.1	6064	5827.15	0	0
XM_022788938.1	4709	4472.15	0	0
XM_022788939.1	4948	4711.15	0	0
XM_022788940.1	4430	4193.15	0	0
XM_022788941.1	2453	2216.15	0	0
XM_022788942.1	2450	2213.15	0	0
XM_022788943.1	3340	3103.15	0	0
XM_022788944.1	2156	1919.15	0	0
XM_022788945.1	2988	2751.15	0	0
XM_022788946.1	3271	3034.15	0	0
XM_022788947.1	13501	13264.1	0	0
XM_022788948.1	12574	12337.1	0	0
XM_022788949.1	13238	13001.1	0	0
XM_022788950.1	13451	13214.1	0	0
XM_022788951.1	13117	12880.1	0	0
XM_022788952.1	13126	12889.1	0	0
XM_022788953.1	1878	1641.15	0	0
XM_022788954.1	2051	1814.15	0	0
XM_022788955.1	1930	1693.15	0	0
XM_022788956.1	12915	12678.1	1	0.0144042
XM_022788957.1	12418	12181.1	0	0
XM_022788958.1	8213	7976.15	0	0
XM_022788959.1	2799	2562.15	0	0
XM_022788960.1	2570	2333.15	0	0
XM_022788961.1	2782	2545.15	0	0
XM_022788962.1	2754	2517.15	0	0
XM_022788963.1	1037	800.148	0	0
XM_022788964.1	1189	952.148	0	0
XM_022788965.1	1023	786.148	0	0
XM_022788966.1	725	490.327	0	0
XM_022788967.1	12294	12057.1	0	0
XM_022788968.1	4585	4348.15	0	0
XM_022788969.1	3888	3651.15	0	0
XM_022788970.1	4178	3941.15	0	0
XM_022788971.1	4344	4107.15	0	0
XM_022788972.1	7200	6963.15	0	0
XM_022788973.1	3621	3384.15	0	0
XM_022788974.1	7147	6910.15	0	0
XM_022788975.1	4265	4028.15	0	0
XM_022788976.1	4239	4002.15	0	0
XM_022788977.1	4584	4347.15	0	0
XM_022788978.1	2657	2420.15	0	0
XM_022788979.1	2848	2611.15	0	0
XM_022788980.1	3509	3272.15	0	0
XM_022788981.1	2193	1956.15	0	0
XM_022788982.1	3522	3285.15	0	0
XM_022788983.1	3526	3289.15	0	0
XM_022788984.1	5153	4916.15	0	0
XM_022788985.1	3113	2876.15	0	0
XM_022788986.1	1643	1406.15	0	0
XM_022788987.1	1956	1719.15	0	0
XM_022788988.1	14638	14401.1	0	0
XM_022788989.1	14641	14404.1	0	0
XM_022788990.1	14572	14335.1	0	0
XM_022788991.1	15410	15173.1	0	0
XM_022788992.1	14676	14439.1	0	0
XM_022788993.1	14496	14259.1	0	0
XM_022788994.1	15203	14966.1	0	0
XM_022788995.1	14652	14415.1	0	0
XM_022788996.1	2087	1850.15	0	0
XM_022788997.1	14654	14417.1	0	0
XM_022788998.1	684	449.977	0	0
XM_022788999.1	2844	2607.15	0	0
XM_022789000.1	2276	2039.15	0	0
XM_022789001.1	2808	2571.15	0	0
XM_022789002.1	3127	2890.15	0	0
XM_022789003.1	870	633.915	0	0
XM_022789004.1	5936	5699.15	0	0
XM_022789005.1	5869	5632.15	0	0
XM_022789006.1	3149	2912.15	0	0
XM_022789007.1	5024	4787.15	0	0
XM_022789008.1	4034	3797.15	0	0
XM_022789009.1	4530	4293.15	0	0
XM_022789010.1	3911	3674.15	0	0
XM_022789011.1	4171	3934.15	0	0
XM_022789012.1	3638	3401.15	0	0
XM_022789013.1	4535	4298.15	0	0
XM_022789014.1	4688	4451.15	0	0
XM_022789015.1	4840	4603.15	0	0
XM_022789016.1	10275	10038.1	1.00131	0.0182164
XM_022789017.1	4677	4440.15	0	0
XM_022789018.1	4615	4378.15	0	0
XM_022789019.1	4123	3886.15	0	0
XM_022789020.1	7822	7585.15	0	0
XM_022789021.1	7776	7539.15	0	0
XM_022789022.1	3490	3253.15	0	0
XM_022789023.1	2013	1776.15	0	0
XM_022789024.1	1910	1673.15	0	0
XM_022789025.1	10433	10196.1	2.02398e-07	3.62508e-09
XM_022789026.1	3505	3268.15	0	0
XM_022789027.1	2130	1893.15	0	0
XM_022789028.1	1981	1744.15	0	0
XM_022789029.1	1978	1741.15	0	0
XM_022789030.1	1823	1586.15	0	0
XM_022789031.1	2262	2025.15	0	0
XM_022789032.1	6077	5840.15	0	0
XM_022789033.1	6566	6329.15	0	0
XM_022789034.1	4561	4324.15	0	0
XM_022789035.1	2224	1987.15	0	0
XM_022789036.1	10836	10599.1	0	0
XM_022789037.1	2221	1984.15	0	0
XM_022789038.1	2906	2669.15	0	0
XM_022789039.1	3097	2860.15	0	0
XM_022789040.1	2116	1879.15	0	0
XM_022789041.1	1974	1737.15	0	0
XM_022789042.1	2082	1845.15	0	0
XM_022789043.1	2152	1915.15	0	0
XM_022789044.1	2467	2230.15	0	0
XM_022789045.1	1527	1290.15	0	0
XM_022789046.1	8435	8198.15	0	0
XM_022789047.1	7626	7389.15	0	0
XM_022789048.1	8846	8609.15	0	0
XM_022789049.1	10088	9851.15	0	0
XM_022789050.1	8284	8047.15	0	0
XM_022789051.1	7196	6959.15	0	0
XM_022789052.1	6884	6647.15	0	0
XM_022789053.1	8307	8070.15	0	0
XM_022789054.1	7462	7225.15	0	0
XM_022789055.1	6026	5789.15	0	0
XM_022789056.1	943	706.512	0	0
XM_022789057.1	3898	3661.15	0	0
XM_022789058.1	10061	9824.15	0	0
XM_022789059.1	1831	1594.15	0	0
XM_022789060.1	1834	1597.15	0	0
XM_022789061.1	1725	1488.15	0	0
XM_022789062.1	1787	1550.15	0	0
XM_022789063.1	1759	1522.15	0	0
XM_022789064.1	1682	1445.15	0	0
XM_022789065.1	2058	1821.15	0	0
XM_022789066.1	2094	1857.15	0	0
XM_022789067.1	2232	1995.15	0	0
XM_022789068.1	9893	9656.15	0	0
XM_022789069.1	8785	8548.15	0	0
XM_022789070.1	8772	8535.15	0	0
XM_022789071.1	6632	6395.15	0	0
XM_022789072.1	6761	6524.15	0	0
XM_022789073.1	6029	5792.15	0	0
XM_022789074.1	3208	2971.15	0	0
XM_022789075.1	1752	1515.15	0	0
XM_022789076.1	9875	9638.15	0	0
XM_022789077.1	8662	8425.15	0	0
XM_022789078.1	8589	8352.15	0	0
XM_022789079.1	8586	8349.15	0	0
XM_022789080.1	8443	8206.15	0	0
XM_022789081.1	8395	8158.15	0	0
XM_022789082.1	6763	6526.15	0	0
XM_022789083.1	671	437.199	0	0
XM_022789084.1	620	387.575	0	0
XM_022789085.1	5961	5724.15	0	0
XM_022789086.1	5645	5408.15	0	0
XM_022789087.1	3699	3462.15	0	0
XM_022789088.1	3614	3377.15	0	0
XM_022789089.1	3419	3182.15	0	0
XM_022789090.1	8132	7895.15	0	0
XM_022789091.1	7534	7297.15	0	0
XM_022789092.1	3620	3383.15	0	0
XM_022789093.1	3606	3369.15	0	0
XM_022789094.1	1913	1676.15	0	0
XM_022789095.1	1920	1683.15	0	0
XM_022789096.1	3618	3381.15	0	0
XM_022789097.1	6708	6471.15	0	0
XM_022789098.1	6702	6465.15	0	0
XM_022789099.1	5669	5432.15	0	0
XM_022789100.1	5659	5422.15	0	0
XM_022789101.1	5655	5418.15	0	0
XM_022789102.1	5650	5413.15	0	0
XM_022789103.1	4797	4560.15	3	0.12014
XM_022789104.1	7600	7363.15	0	0
XM_022789105.1	1160	923.148	0	0
XM_022789106.1	955	718.37	0	0
XM_022789107.1	14309	14072.1	0	0
XM_022789108.1	563	333.621	0	0
XM_022789109.1	797	561.277	0	0
XM_022789110.1	641	408.052	0	0
XM_022789111.1	650	416.804	0	0
XM_022789112.1	4987	4750.15	0	0
XM_022789113.1	4626	4389.15	0	0
XM_022789114.1	5380	5143.15	0	0
XM_022789115.1	4637	4400.15	0	0
XM_022789116.1	11608	11371.1	0	0
XM_022789117.1	4267	4030.15	0	0
XM_022789118.1	5389	5152.15	0	0
XM_022789119.1	2099	1862.15	0	0
XM_022789120.1	2168	1931.15	0	0
XM_022789121.1	1288	1051.15	0	0
XM_022789122.1	4540	4303.15	0	0
XM_022789123.1	4477	4240.15	0	0
XM_022789124.1	4321	4084.15	0	0
XM_022789125.1	14228	13991.1	0	0
XM_022789126.1	1116	879.148	0	0
XM_022789127.1	1255	1018.15	0	0
XM_022789128.1	1212	975.148	0	0
XM_022789129.1	1163	926.148	0	0
XM_022789130.1	1109	872.148	0	0
XM_022789131.1	1282	1045.15	0	0
XM_022789132.1	1013	776.148	0	0
XM_022789133.1	1015	778.148	0	0
XM_022789134.1	1020	783.148	0	0
XM_022789135.1	1017	780.148	0	0
XM_022789136.1	14017	13780.1	0	0
XM_022789137.1	1139	902.148	0	0
XM_022789138.1	788	552.388	0	0
XM_022789139.1	4166	3929.15	0	0
XM_022789140.1	7570	7333.15	0	0
XM_022789141.1	5028	4791.15	0	0
XM_022789142.1	13584	13347.1	0	0
XM_022789143.1	5135	4898.15	0	0
XM_022789144.1	4711	4474.15	0	0
XM_022789145.1	5023	4786.15	0	0
XM_022789146.1	5203	4966.15	0	0
XM_022789147.1	4090	3853.15	0	0
XM_022789148.1	4669	4432.15	0	0
XM_022789149.1	3577	3340.15	0	0
XM_022789150.1	3178	2941.15	0	0
XM_022789151.1	3050	2813.15	0	0
XM_022789152.1	3043	2806.15	0	0
XM_022789153.1	7406	7169.15	1	0.0254729
XM_022789154.1	1748	1511.15	0	0
XM_022789155.1	1767	1530.15	0	0
XM_022789156.1	7100	6863.15	0	0
XM_022789157.1	3316	3079.15	0	0
XM_022789158.1	4204	3967.15	0	0
XM_022789159.1	3293	3056.15	0	0
XM_022789160.1	11092	10855.1	0	0
XM_022789161.1	9924	9687.15	0	0
XM_022789162.1	9338	9101.15	0	0
XM_022789163.1	9853	9616.15	0	0
XM_022789164.1	11044	10807.1	0	0
XM_022789165.1	13779	13542.1	0	0
XM_022789166.1	10945	10708.1	0	0
XM_022789167.1	1921	1684.15	0	0
XM_022789168.1	2335	2098.15	0	0
XM_022789169.1	2653	2416.15	0	0
XM_022789170.1	2354	2117.15	0	0
XM_022789171.1	2124	1887.15	0	0
XM_022789172.1	1445	1208.15	0	0
XM_022789173.1	2345	2108.15	0	0
XM_022789174.1	1513	1276.15	0	0
XM_022789175.1	661	427.591	0	0
XM_022789176.1	3253	3016.15	0	0
XM_022789177.1	2929	2692.15	0	0
XM_022789178.1	3169	2932.15	0	0
XM_022789179.1	1657	1420.15	0	0
XM_022789180.1	3302	3065.15	0	0
XM_022789181.1	13643	13406.1	0	0
XM_022789182.1	2332	2095.15	0	0
XM_022789183.1	4503	4266.15	0	0
XM_022789184.1	4491	4254.15	0	0
XM_022789185.1	4440	4203.15	0	0
XM_022789186.1	4389	4152.15	0	0
XM_022789187.1	4377	4140.15	0	0
XM_022789188.1	4660	4423.15	0	0
XM_022789189.1	10753	10516.1	0	0
XM_022789190.1	10465	10228.1	0	0
XM_022789191.1	10603	10366.1	0	0
XM_022789192.1	6782	6545.15	0	0
XM_022789193.1	4176	3939.15	0	0
XM_022789194.1	4231	3994.15	0	0
XM_022789195.1	4697	4460.15	0	0
XM_022789196.1	4302	4065.15	0	0
XM_022789197.1	4545	4308.15	0	0
XM_022789198.1	4230	3993.15	0	0
XM_022789199.1	5789	5552.15	0	0
XM_022789200.1	5992	5755.15	0	0
XM_022789201.1	5409	5172.15	0	0
XM_022789202.1	5370	5133.15	0	0
XM_022789203.1	5812	5575.15	0	0
XM_022789204.1	11459	11222.1	0	0
XM_022789205.1	5263	5026.15	0	0
XM_022789206.1	5334	5097.15	0	0
XM_022789207.1	5255	5018.15	0	0
XM_022789208.1	14059	13822.1	0	0
XM_022789209.1	13839	13602.1	0	0
XM_022789210.1	3204	2967.15	0	0
XM_022789211.1	10041	9804.15	0.0284758	0.00053041
XM_022789212.1	11907	11670.1	4.53595e-08	7.09803e-10
XM_022789213.1	11696	11459.1	3.00394	0.0478724
XM_022789214.1	6575	6338.15	0	0
XM_022789215.1	6609	6372.15	0	0
XM_022789216.1	7670	7433.15	0	0
XM_022789217.1	5370	5133.15	0	0
XM_022789218.1	5288	5051.15	0	0
XM_022789219.1	10006	9769.15	0.971524	0.0181612
XM_022789220.1	3299	3062.15	0	0
XM_022789221.1	9036	8799.15	0	0
XM_022789222.1	8854	8617.15	0	0
XM_022789223.1	8545	8308.15	0	0
XM_022789224.1	8918	8681.15	0	0
XM_022789225.1	8887	8650.15	0	0
XM_022789226.1	8892	8655.15	0	0
XM_022789227.1	9164	8927.15	0	0
XM_022789228.1	8788	8551.15	0	0
XM_022789229.1	10408	10171.1	0	0
XM_022789230.1	7560	7323.15	0	0
XM_022789231.1	10558	10321.1	0	0
XM_022789232.1	6325	6088.15	0	0
XM_022789233.1	1531	1294.15	0	0
XM_022789234.1	2625	2388.15	0	0
XM_022789235.1	2613	2376.15	0	0
XM_022789236.1	757	521.871	0	0
XM_022789237.1	939	702.582	0	0
XM_022789238.1	9301	9064.15	0	0
XM_022789239.1	7176	6939.15	0	0
XM_022789240.1	9513	9276.15	0	0
XM_022789241.1	9068	8831.15	0	0
XM_022789242.1	9366	9129.15	0	0
XM_022789243.1	1527	1290.15	0	0
XM_022789244.1	9308	9071.15	0	0
XM_022789245.1	7884	7647.15	0	0
XM_022789246.1	5545	5308.15	0	0
XM_022789247.1	5371	5134.15	0	0
XM_022789248.1	5182	4945.15	0	0
XM_022789249.1	4339	4102.15	0	0
XM_022789250.1	4637	4400.15	0	0
XM_022789251.1	3892	3655.15	0	0
XM_022789252.1	4459	4222.15	0	0
XM_022789253.1	3040	2803.15	0	0
XM_022789254.1	3301	3064.15	0	0
XM_022789255.1	2985	2748.15	0	0
XM_022789256.1	4206	3969.15	0	0
XM_022789257.1	4617	4380.15	0	0
XM_022789258.1	8707	8470.15	0	0
XM_022789259.1	9532	9295.15	0	0
XM_022789260.1	8722	8485.15	0	0
XM_022789261.1	2637	2400.15	0	0
XM_022789262.1	6316	6079.15	0	0
XM_022789263.1	5485	5248.15	0	0
XM_022789264.1	5353	5116.15	0	0
XM_022789265.1	6138	5901.15	0	0
XM_022789266.1	5408	5171.15	0	0
XM_022789267.1	5565	5328.15	0	0
XM_022789268.1	11609	11372.1	0	0
XM_022789269.1	6207	5970.15	0	0
XM_022789270.1	6298	6061.15	0	0
XM_022789271.1	7150	6913.15	0	0
XM_022789272.1	5761	5524.15	0	0
XM_022789273.1	4943	4706.15	0	0
XM_022789274.1	14250	14013.1	0	0
XM_022789275.1	11617	11380.1	0	0
XM_022789276.1	3439	3202.15	0	0
XM_022789277.1	7796	7559.15	0	0
XM_022789278.1	7792	7555.15	0	0
XM_022789279.1	6424	6187.15	0	0
XM_022789280.1	7008	6771.15	0	0
XM_022789281.1	3415	3178.15	0	0
XM_022789282.1	3173	2936.15	0	0
XM_022789283.1	3611	3374.15	0	0
XM_022789284.1	11602	11365.1	0	0
XM_022789285.1	3170	2933.15	0	0
XM_022789286.1	3514	3277.15	0	0
XM_022789287.1	1180	943.148	0	0
XM_022789288.1	3509	3272.15	0	0
XM_022789289.1	3407	3170.15	0	0
XM_022789290.1	3799	3562.15	0	0
XM_022789291.1	3730	3493.15	0	0
XM_022789292.1	8909	8672.15	0	0
XM_022789293.1	4999	4762.15	0	0
XM_022789294.1	4059	3822.15	0	0
XM_022789295.1	4049	3812.15	0	0
XM_022789296.1	3993	3756.15	0	0
XM_022789297.1	2619	2382.15	0	0
XM_022789298.1	3901	3664.15	0	0
XM_022789299.1	2294	2057.15	0	0
XM_022789300.1	2174	1937.15	0	0
XM_022789301.1	2062	1825.15	0	0
XM_022789302.1	8556	8319.15	0	0
XM_022789303.1	2154	1917.15	0	0
XM_022789304.1	1783	1546.15	0	0
XM_022789305.1	1661	1424.15	0	0
XM_022789306.1	1585	1348.15	0	0
XM_022789307.1	1181	944.148	0	0
XM_022789308.1	839	603.102	0	0
XM_022789309.1	2427	2190.15	0	0
XM_022789310.1	8286	8049.15	0	0
XM_022789311.1	5395	5158.15	0	0
XM_022789312.1	5388	5151.15	0	0
XM_022789313.1	2282	2045.15	0	0
XM_022789314.1	5356	5119.15	0	0
XM_022789315.1	4730	4493.15	0	0
XM_022789316.1	4688	4451.15	0	0
XM_022789317.1	4430	4193.15	0	0
XM_022789318.1	4890	4653.15	0	0
XM_022789319.1	8418	8181.15	0	0
XM_022789320.1	5350	5113.15	0	0
XM_022789321.1	5238	5001.15	0	0
XM_022789322.1	4505	4268.15	0	0
XM_022789323.1	5352	5115.15	0	0
XM_022789324.1	5108	4871.15	0	0
XM_022789325.1	9841	9604.15	0	0
XM_022789326.1	9272	9035.15	0	0
XM_022789327.1	9410	9173.15	0	0
XM_022789328.1	9364	9127.15	0	0
XM_022789329.1	9705	9468.15	0	0
XM_022789330.1	9024	8787.15	0	0
XM_022789331.1	7671	7434.15	0	0
XM_022789332.1	7846	7609.15	0	0
XM_022789333.1	8389	8152.15	0	0
XM_022789334.1	8386	8149.15	0	0
XM_022789335.1	8972	8735.15	0	0
XM_022789336.1	4422	4185.15	0	0
XM_022789337.1	6107	5870.15	0	0
XM_022789338.1	10897	10660.1	0	0
XM_022789339.1	8288	8051.15	0	0
XM_022789340.1	7104	6867.15	0	0
XM_022789341.1	5887	5650.15	0	0
XM_022789342.1	5877	5640.15	0	0
XM_022789343.1	6220	5983.15	0	0
XM_022789344.1	6172	5935.15	0	0
XM_022789345.1	9332	9095.15	0	0
XM_022789346.1	6645	6408.15	0	0
XM_022789347.1	6573	6336.15	0	0
XM_022789348.1	6552	6315.15	0	0
XM_022789349.1	6510	6273.15	0	0
XM_022789350.1	6480	6243.15	0	0
XM_022789351.1	6417	6180.15	0	0
XM_022789352.1	3321	3084.15	0	0
XM_022789353.1	3492	3255.15	0	0
XM_022789354.1	3215	2978.15	0	0
XM_022789355.1	8639	8402.15	0	0
XM_022789356.1	7146	6909.15	0	0
XM_022789357.1	6979	6742.15	0	0
XM_022789358.1	6823	6586.15	0	0
XM_022789359.1	3307	3070.15	0	0
XM_022789360.1	2920	2683.15	0	0
XM_022789361.1	2855	2618.15	0	0
XM_022789362.1	2928	2691.15	0	0
XM_022789363.1	6658	6421.15	0	0
XM_022789364.1	6655	6418.15	0	0
XM_022789365.1	8774	8537.15	0	0
XM_022789366.1	6579	6342.15	0	0
XM_022789367.1	6309	6072.15	0	0
XM_022789368.1	4818	4581.15	0	0
XM_022789369.1	6188	5951.15	0	0
XM_022789370.1	5036	4799.15	0	0
XM_022789371.1	4790	4553.15	0	0
XM_022789372.1	4785	4548.15	0	0
XM_022789373.1	4436	4199.15	0	0
XM_022789374.1	2977	2740.15	0	0
XM_022789375.1	2943	2706.15	0	0
XM_022789376.1	8828	8591.15	0	0
XM_022789377.1	3183	2946.15	0	0
XM_022789378.1	2861	2624.15	0	0
XM_022789379.1	4161	3924.15	0	0
XM_022789380.1	1072	835.148	0	0
XM_022789381.1	3620	3383.15	0	0
XM_022789382.1	3608	3371.15	0	0
XM_022789383.1	8777	8540.15	0	0
XM_022789384.1	4731	4494.15	0	0
XM_022789385.1	1855	1618.15	0	0
XM_022789386.1	1957	1720.15	0	0
XM_022789387.1	1711	1474.15	0	0
XM_022789388.1	1696	1459.15	0	0
XM_022789389.1	3652	3415.15	0	0
XM_022789390.1	3256	3019.15	0	0
XM_022789391.1	2571	2334.15	0	0
XM_022789392.1	5277	5040.15	0	0
XM_022789393.1	2938	2701.15	0	0
XM_022789394.1	3534	3297.15	0	0
XM_022789395.1	3347	3110.15	0	0
XM_022789396.1	2960	2723.15	0	0
XM_022789397.1	2928	2691.15	0	0
XM_022789398.1	2876	2639.15	0	0
XM_022789399.1	3337	3100.15	0	0
XM_022789400.1	3179	2942.15	0	0
XM_022789401.1	2770	2533.15	0	0
XM_022789402.1	2708	2471.15	0	0
XM_022789403.1	5755	5518.15	0	0
XM_022789404.1	2823	2586.15	0	0
XM_022789405.1	2655	2418.15	0	0
XM_022789406.1	3064	2827.15	0	0
XM_022789407.1	2443	2206.15	0	0
XM_022789408.1	2758	2521.15	0	0
XM_022789409.1	5429	5192.15	0	0
XM_022789410.1	5310	5073.15	0	0
XM_022789411.1	4094	3857.15	0	0
XM_022789412.1	5875	5638.15	0	0
XM_022789413.1	3933	3696.15	0	0
XM_022789414.1	960	723.297	0	0
XM_022789415.1	8346	8109.15	0	0
XM_022789416.1	4247	4010.15	0	0
XM_022789417.1	3348	3111.15	0	0
XM_022789418.1	4164	3927.15	0	0
XM_022789419.1	3962	3725.15	0	0
XM_022789420.1	6608	6371.15	0	0
XM_022789421.1	3522	3285.15	0	0
XM_022789422.1	4149	3912.15	0	0
XM_022789423.1	2689	2452.15	0	0
XM_022789424.1	3381	3144.15	0	0
XM_022789425.1	2784	2547.15	0	0
XM_022789426.1	1584	1347.15	0	0
XM_022789427.1	10632	10395.1	0	0
XM_022789428.1	10304	10067.1	0	0
XM_022789429.1	8790	8553.15	0	0
XM_022789430.1	4906	4669.15	0	0
XM_022789431.1	8702	8465.15	0	0
XM_022789432.1	8362	8125.15	0	0
XM_022789433.1	10082	9845.15	0	0
XM_022789434.1	3720	3483.15	0	0
XM_022789435.1	3717	3480.15	0	0
XM_022789436.1	3708	3471.15	0	0
XM_022789437.1	1551	1314.15	0	0
XM_022789438.1	1559	1322.15	0	0
XM_022789439.1	920	683.652	0	0
XM_022789440.1	3004	2767.15	0	0
XM_022789441.1	3539	3302.15	0	0
XM_022789442.1	3432	3195.15	0	0
XM_022789443.1	3676	3439.15	0	0
XM_022789444.1	3678	3441.15	0	0
XM_022789445.1	3449	3212.15	0	0
XM_022789446.1	3144	2907.15	0	0
XM_022789447.1	2918	2681.15	0	0
XM_022789448.1	4942	4705.15	0	0
XM_022789449.1	1267	1030.15	0	0
XM_022789450.1	1492	1255.15	0	0
XM_022789451.1	1502	1265.15	0	0
XM_022789452.1	1198	961.148	0	0
XM_022789453.1	5664	5427.15	0	0
XM_022789454.1	5646	5409.15	0	0
XM_022789455.1	1947	1710.15	0	0
XM_022789456.1	1872	1635.15	0	0
XM_022789457.1	1902	1665.15	0	0
XM_022789458.1	13189	12952.1	0	0
XM_022789459.1	1611	1374.15	0	0
XM_022789460.1	1519	1282.15	0	0
XM_022789461.1	8235	7998.15	0	0
XM_022789462.1	6815	6578.15	0	0
XM_022789463.1	6478	6241.15	0	0
XM_022789464.1	5966	5729.15	0	0
XM_022789465.1	6222	5985.15	0	0
XM_022789466.1	5418	5181.15	0	0
XM_022789467.1	13245	13008.1	0	0
XM_022789468.1	3472	3235.15	0	0
XM_022789469.1	14674	14437.1	0	0
XM_022789470.1	14356	14119.1	0	0
XM_022789471.1	14251	14014.1	0	0
XM_022789472.1	14059	13822.1	0	0
XM_022789473.1	11004	10767.1	0	0
XM_022789474.1	9022	8785.15	0	0
XM_022789475.1	5492	5255.15	0	0
XM_022789476.1	5240	5003.15	0	0
XM_022789477.1	13402	13165.1	0	0
XM_022789478.1	9062	8825.15	0	0
XM_022789479.1	2155	1918.15	0	0
XM_022789480.1	2283	2046.15	0	0
XM_022789481.1	2188	1951.15	0	0
XM_022789482.1	2212	1975.15	0	0
XM_022789483.1	6006	5769.15	0	0
XM_022789484.1	5826	5589.15	0	0
XM_022789485.1	5230	4993.15	0	0
XM_022789486.1	4497	4260.15	0	0
XM_022789487.1	12681	12444.1	0	0
XM_022789488.1	5285	5048.15	0	0
XM_022789489.1	5149	4912.15	0	0
XM_022789490.1	5268	5031.15	0	0
XM_022789491.1	5272	5035.15	0	0
XM_022789492.1	5166	4929.15	0	0
XM_022789493.1	5289	5052.15	0	0
XM_022789494.1	5189	4952.15	0	0
XM_022789495.1	5185	4948.15	0	0
XM_022789496.1	6540	6303.15	0	0
XM_022789497.1	13101	12864.1	0	0
XM_022789498.1	6611	6374.15	0	0
XM_022789499.1	6325	6088.15	0	0
XM_022789500.1	6329	6092.15	0	0
XM_022789501.1	6147	5910.15	0	0
XM_022789502.1	6206	5969.15	0	0
XM_022789503.1	3712	3475.15	0	0
XM_022789504.1	7046	6809.15	0	0
XM_022789505.1	3398	3161.15	0	0
XM_022789506.1	12587	12350.1	0	0
XM_022789507.1	3585	3348.15	0	0
XM_022789508.1	3368	3131.15	0	0
XM_022789509.1	3855	3618.15	0	0
XM_022789510.1	3500	3263.15	0	0
XM_022789511.1	312	129.046	0	0
XM_022789512.1	12208	11971.1	0	0
XM_022789513.1	1782	1545.15	0	0
XM_022789514.1	2756	2519.15	0	0
XM_022789515.1	609	377.075	0	0
XM_022789516.1	405	198.514	0	0
XM_022789517.1	13186	12949.1	0	0
XM_022789518.1	3021	2784.15	0	0
XM_022789519.1	3742	3505.15	0	0
XM_022789520.1	3472	3235.15	0	0
XM_022789521.1	3468	3231.15	0	0
XM_022789522.1	3501	3264.15	0	0
XM_022789523.1	2614	2377.15	0	0
XM_022789524.1	2541	2304.15	0	0
XM_022789525.1	4212	3975.15	0	0
XM_022789526.1	13105	12868.1	0	0
XM_022789527.1	2081	1844.15	0	0
XM_022789528.1	3850	3613.15	0	0
XM_022789529.1	3931	3694.15	0	0
XM_022789530.1	3928	3691.15	0	0
XM_022789531.1	3256	3019.15	0	0
XM_022789532.1	4794	4557.15	0	0
XM_022789533.1	2567	2330.15	0	0
XM_022789534.1	3203	2966.15	0	0
XM_022789535.1	8024	7787.15	0	0
XM_022789536.1	735	500.227	0	0
XM_022789537.1	834	598.102	0	0
XM_022789538.1	958	721.37	0	0
XM_022789539.1	1876	1639.15	0	0
XM_022789540.1	2046	1809.15	0	0
XM_022789541.1	2254	2017.15	0	0
XM_022789542.1	2426	2189.15	0	0
XM_022789543.1	7567	7330.15	0	0
XM_022789544.1	11185	10948.1	0	0
XM_022789545.1	7854	7617.15	0	0
XM_022789546.1	9405	9168.15	0	0
XM_022789547.1	6771	6534.15	0	0
XM_022789548.1	5878	5641.15	0	0
XM_022789549.1	5975	5738.15	0	0
XM_022789550.1	5480	5243.15	0	0
XM_022789551.1	6025	5788.15	0	0
XM_022789552.1	6001	5764.15	0	0
XM_022789553.1	5780	5543.15	0	0
XM_022789554.1	2539	2302.15	0	0
XM_022789555.1	747	511.974	0	0
XM_022789556.1	654	420.762	0	0
XM_022789557.1	12232	11995.1	0	0
XM_022789558.1	4049	3812.15	0	0
XM_022789559.1	3830	3593.15	0	0
XM_022789560.1	3822	3585.15	0	0
XM_022789561.1	3999	3762.15	0	0
XM_022789562.1	3842	3605.15	0	0
XM_022789563.1	3825	3588.15	0	0
XM_022789564.1	3839	3602.15	0	0
XM_022789565.1	1572	1335.15	0	0
XM_022789566.1	11544	11307.1	0	0
XM_022789567.1	315	131.376	0	0
XM_022789568.1	14511	14274.1	0	0
XM_022789569.1	13936	13699.1	0	0
XM_022789570.1	14101	13864.1	0	0
XM_022789571.1	14277	14040.1	0	0
XM_022789572.1	14288	14051.1	0	0
XM_022789573.1	14079	13842.1	0	0
XM_022789574.1	13547	13310.1	0	0
XM_022789575.1	14002	13765.1	0	0
XM_022789576.1	13003	12766.1	0	0
XM_022789577.1	9537	9300.15	0	0
XM_022789578.1	13235	12998.1	0	0
XM_022789579.1	12476	12239.1	0	0
XM_022789580.1	12376	12139.1	0	0
XM_022789581.1	12259	12022.1	0	0
XM_022789582.1	12261	12024.1	0	0
XM_022789583.1	12043	11806.1	0	0
XM_022789584.1	996	759.148	0	0
XM_022789585.1	3137	2900.15	0	0
XM_022789586.1	3095	2858.15	0	0
XM_022789587.1	9346	9109.15	0	0
XM_022789588.1	3070	2833.15	0	0
XM_022789589.1	2996	2759.15	0	0
XM_022789590.1	2906	2669.15	0	0
XM_022789591.1	1106	869.148	0	0
XM_022789592.1	8887	8650.15	0	0
XM_022789593.1	8881	8644.15	0	0
XM_022789594.1	9203	8966.15	0	0
XM_022789595.1	9510	9273.15	0	0
XM_022789596.1	9459	9222.15	0	0
XM_022789597.1	3689	3452.15	0	0
XM_022789598.1	9250	9013.15	0	0
XM_022789599.1	9219	8982.15	0	0
XM_022789600.1	831	595.102	0	0
XM_022789601.1	3024	2787.15	0	0
XM_022789602.1	3953	3716.15	0	0
XM_022789603.1	3601	3364.15	0	0
XM_022789604.1	877	640.915	0	0
XM_022789605.1	3284	3047.15	0	0
XM_022789606.1	2935	2698.15	0	0
XM_022789607.1	2240	2003.15	0	0
XM_022789608.1	1528	1291.15	0	0
XM_022789609.1	4002	3765.15	0	0
XM_022789610.1	3985	3748.15	0	0
XM_022789611.1	3848	3611.15	0	0
XM_022789612.1	2873	2636.15	0	0
XM_022789613.1	2784	2547.15	0	0
XM_022789614.1	3028	2791.15	0	0
XM_022789615.1	2363	2126.15	0	0
XM_022789616.1	2505	2268.15	0	0
XM_022789617.1	5326	5089.15	0	0
XM_022789618.1	5323	5086.15	0	0
XM_022789619.1	5476	5239.15	0	0
XM_022789620.1	5048	4811.15	0	0
XM_022789621.1	3345	3108.15	0	0
XM_022789622.1	5259	5022.15	0	0
XM_022789623.1	5045	4808.15	0	0
XM_022789624.1	5198	4961.15	0	0
XM_022789625.1	3027	2790.15	0	0
XM_022789626.1	4910	4673.15	0	0
XM_022789627.1	5177	4940.15	0	0
XM_022789628.1	6227	5990.15	0	0
XM_022789629.1	5234	4997.15	0	0
XM_022789630.1	4960	4723.15	0	0
XM_022789631.1	4732	4495.15	0	0
XM_022789632.1	5058	4821.15	0	0
XM_022789633.1	6205	5968.15	0	0
XM_022789634.1	5302	5065.15	0	0
XM_022789635.1	2950	2713.15	0	0
XM_022789636.1	4580	4343.15	0	0
XM_022789637.1	4110	3873.15	0	0
XM_022789638.1	2515	2278.15	0	0
XM_022789639.1	2856	2619.15	0	0
XM_022789640.1	3383	3146.15	0	0
XM_022789641.1	4090	3853.15	0	0
XM_022789642.1	3992	3755.15	0	0
XM_022789643.1	3952	3715.15	0	0
XM_022789644.1	4013	3776.15	0	0
XM_022789645.1	3579	3342.15	0	0
XM_022789646.1	2929	2692.15	0	0
XM_022789647.1	2742	2505.15	0	0
XM_022789648.1	2223	1986.15	0	0
XM_022789649.1	3225	2988.15	0	0
XM_022789650.1	2861	2624.15	0	0
XM_022789651.1	3204	2967.15	0	0
XM_022789652.1	4077	3840.15	0	0
XM_022789653.1	4084	3847.15	0	0
XM_022789654.1	3919	3682.15	0	0
XM_022789655.1	3951	3714.15	0	0
XM_022789656.1	3105	2868.15	0	0
XM_022789657.1	3310	3073.15	0	0
XM_022789658.1	1955	1718.15	0	0
XM_022789659.1	9047	8810.15	0	0
XM_022789660.1	8968	8731.15	0	0
XM_022789661.1	761	525.765	0	0
XM_022789662.1	6136	5899.15	0	0
XM_022789663.1	6106	5869.15	0	0
XM_022789664.1	6035	5798.15	0	0
XM_022789665.1	1651	1414.15	0	0
XM_022789666.1	1318	1081.15	0	0
XM_022789667.1	1552	1315.15	0	0
XM_022789668.1	1469	1232.15	0	0
XM_022789669.1	1312	1075.15	0	0
XM_022789670.1	630	397.376	0	0
XM_022789671.1	821	585.162	0	0
XM_022789672.1	7939	7702.15	0	0
XM_022789673.1	4958	4721.15	0	0
XM_022789674.1	11888	11651.1	0	0
XM_022789675.1	2939	2702.15	0	0
XM_022789676.1	11631	11394.1	1.18276	0.0189567
XM_022789677.1	11698	11461.1	0.00362856	5.78167e-05
XM_022789678.1	11621	11384.1	2.81361	0.0451346
XM_022789679.1	5248	5011.15	0	0
XM_022789680.1	6370	6133.15	0	0
XM_022789681.1	8309	8072.15	0	0
XM_022789682.1	7988	7751.15	0	0
XM_022789683.1	7600	7363.15	0	0
XM_022789684.1	2930	2693.15	0	0
XM_022789685.1	8305	8068.15	0	0
XM_022789686.1	8284	8047.15	0	0
XM_022789687.1	8279	8042.15	0	0
XM_022789688.1	2228	1991.15	0	0
XM_022789689.1	845	609.102	0	0
XM_022789690.1	8687	8450.15	0	0
XM_022789691.1	4095	3858.15	0	0
XM_022789692.1	2481	2244.15	0.618422	0.0503245
XM_022789693.1	14854	14617.1	0	0
XM_022789694.1	13897	13660.1	0	0
XM_022789695.1	13816	13579.1	0	0
XM_022789696.1	14833	14596.1	0	0
XM_022789697.1	2520	2283.15	0	0
XM_022789698.1	14812	14575.1	0	0
XM_022789699.1	14533	14296.1	0	0
XM_022789700.1	14512	14275.1	0	0
XM_022789701.1	12899	12662.1	0	0
XM_022789702.1	9540	9303.15	0	0
XM_022789703.1	1911	1674.15	0	0
XM_022789704.1	2979	2742.15	0	0
XM_022789705.1	6444	6207.15	0	0
XM_022789706.1	4235	3998.15	0	0
XM_022789707.1	3903	3666.15	0	0
XM_022789708.1	2592	2355.15	0	0
XM_022789709.1	7680	7443.15	1.0024	0.0245941
XM_022789710.1	2574	2337.15	0	0
XM_022789711.1	2568	2331.15	0	0
XM_022789712.1	726	491.327	0	0
XM_022789713.1	3113	2876.15	0	0
XM_022789714.1	3279	3042.15	0	0
XM_022789715.1	3068	2831.15	0	0
XM_022789716.1	3072	2835.15	0	0
XM_022789717.1	3131	2894.15	0	0
XM_022789718.1	1534	1297.15	0	0
XM_022789719.1	3235	2998.15	0	0
XM_022789720.1	3573	3336.15	0	0
XM_022789721.1	4103	3866.15	0	0
XM_022789722.1	3665	3428.15	0	0
XM_022789723.1	3440	3203.15	0	0
XM_022789724.1	5212	4975.15	0	0
XM_022789725.1	4399	4162.15	0	0
XM_022789726.1	4225	3988.15	0	0
XM_022789727.1	4183	3946.15	0	0
XM_022789728.1	2450	2213.15	0	0
XM_022789729.1	4396	4159.15	0	0
XM_022789730.1	1005	768.148	0	0
XM_022789731.1	7414	7177.15	0	0
XM_022789732.1	3873	3636.15	0	0
XM_022789733.1	2699	2462.15	0	0
XM_022789734.1	2935	2698.15	0	0
XM_022789735.1	2536	2299.15	0	0
XM_022789736.1	1549	1312.15	0	0
XM_022789737.1	2790	2553.15	0	0
XM_022789738.1	3791	3554.15	0	0
XM_022789739.1	2981	2744.15	0	0
XM_022789740.1	2564	2327.15	0	0
XM_022789741.1	2879	2642.15	0	0
XM_022789742.1	2787	2550.15	0	0
XM_022789743.1	2545	2308.15	0	0
XM_022789744.1	6854	6617.15	0	0
XM_022789745.1	2150	1913.15	0	0
XM_022789746.1	3702	3465.15	0	0
XM_022789747.1	3344	3107.15	0	0
XM_022789748.1	3792	3555.15	0	0
XM_022789749.1	4471	4234.15	0	0
XM_022789750.1	4461	4224.15	0	0
XM_022789751.1	3782	3545.15	0	0
XM_022789752.1	3912	3675.15	0	0
XM_022789753.1	3436	3199.15	0	0
XM_022789754.1	3628	3391.15	0	0
XM_022789755.1	3402	3165.15	0	0
XM_022789756.1	2027	1790.15	0	0
XM_022789757.1	3323	3086.15	0	0
XM_022789758.1	3309	3072.15	0	0
XM_022789759.1	2776	2539.15	0	0
XM_022789760.1	2612	2375.15	0	0
XM_022789761.1	3578	3341.15	0	0
XM_022789762.1	2006	1769.15	0	0
XM_022789763.1	1799	1562.15	0	0
XM_022789764.1	1931	1694.15	0	0
XM_022789765.1	1804	1567.15	0	0
XM_022789766.1	1765	1528.15	0	0
XM_022789767.1	2032	1795.15	0	0
XM_022789768.1	4624	4387.15	0	0
XM_022789769.1	1354	1117.15	0	0
XM_022789770.1	1065	828.148	0	0
XM_022789771.1	3245	3008.15	0	0
XM_022789772.1	3894	3657.15	0	0
XM_022789773.1	4099	3862.15	0	0
XM_022789774.1	1889	1652.15	0	0
XM_022789775.1	3587	3350.15	0	0
XM_022789776.1	2255	2018.15	0	0
XM_022789777.1	1988	1751.15	0	0
XM_022789778.1	2736	2499.15	0	0
XM_022789779.1	3314	3077.15	0	0
XM_022789780.1	2940	2703.15	0	0
XM_022789781.1	1502	1265.15	0	0
XM_022789782.1	4447	4210.15	0	0
XM_022789783.1	4795	4558.15	0	0
XM_022789784.1	4781	4544.15	0	0
XM_022789785.1	1864	1627.15	0	0
XM_022789786.1	1642	1405.15	0	0
XM_022789787.1	5456	5219.15	0	0
XM_022789788.1	2328	2091.15	0	0
XM_022789789.1	2292	2055.15	0	0
XM_022789790.1	2440	2203.15	0	0
XM_022789791.1	2431	2194.15	0	0
XM_022789792.1	1941	1704.15	0	0
XM_022789793.1	909	672.72	0	0
XM_022789794.1	2079	1842.15	0	0
XM_022789795.1	4414	4177.15	0	0
XM_022789796.1	5278	5041.15	0	0
XM_022789797.1	4018	3781.15	0	0
XM_022789798.1	3153	2916.15	0	0
XM_022789799.1	3529	3292.15	0	0
XM_022789800.1	3104	2867.15	0	0
XM_022789801.1	2785	2548.15	0	0
XM_022789802.1	2777	2540.15	0	0
XM_022789803.1	2842	2605.15	0	0
XM_022789804.1	2719	2482.15	0	0
XM_022789805.1	2718	2481.15	0	0
XM_022789806.1	6565	6328.15	0	0
XM_022789807.1	5241	5004.15	0	0
XM_022789808.1	5762	5525.15	0	0
XM_022789809.1	618	385.73	0	0
XM_022789810.1	5907	5670.15	0	0
XM_022789811.1	4434	4197.15	0	0
XM_022789812.1	5926	5689.15	0	0
XM_022789813.1	5773	5536.15	0	0
XM_022789814.1	5614	5377.15	0	0
XM_022789815.1	2486	2249.15	0	0
XM_022789816.1	2850	2613.15	0	0
XM_022789817.1	3011	2774.15	0	0
XM_022789818.1	2699	2462.15	0	0
XM_022789819.1	597	365.527	0	0
XM_022789820.1	2799	2562.15	0	0
XM_022789821.1	390	187.171	0	0
XM_022789822.1	4037	3800.15	0	0
XM_022789823.1	4178	3941.15	0	0
XM_022789824.1	3618	3381.15	0	0
XM_022789825.1	3500	3263.15	0	0
XM_022789826.1	3974	3737.15	0	0
XM_022789827.1	3244	3007.15	0	0
XM_022789828.1	3213	2976.15	0	0
XM_022789829.1	1632	1395.15	0	0
XM_022789830.1	7058	6821.15	0	0
XM_022789831.1	2652	2415.15	0	0
XM_022789832.1	7858	7621.15	0	0
XM_022789833.1	7840	7603.15	0	0
XM_022789834.1	10124	9887.15	0	0
XM_022789835.1	7805	7568.15	0	0
XM_022789836.1	7787	7550.15	0	0
XM_022789837.1	7174	6937.15	0	0
XM_022789838.1	7287	7050.15	0	0
XM_022789839.1	4631	4394.15	0	0
XM_022789840.1	7001	6764.15	0	0
XM_022789841.1	3480	3243.15	0	0
XM_022789842.1	4873	4636.15	0	0
XM_022789843.1	4434	4197.15	0	0
XM_022789844.1	4867	4630.15	0	0
XM_022789845.1	4688	4451.15	0	0
XM_022789846.1	5115	4878.15	0	0
XM_022789847.1	5026	4789.15	0	0
XM_022789848.1	4983	4746.15	0	0
XM_022789849.1	4371	4134.15	0	0
XM_022789850.1	4950	4713.15	0	0
XM_022789851.1	4945	4708.15	0	0
XM_022789852.1	4403	4166.15	0	0
XM_022789853.1	3033	2796.15	0	0
XM_022789854.1	2756	2519.15	0	0
XM_022789855.1	2875	2638.15	0	0
XM_022789856.1	1399	1162.15	0	0
XM_022789857.1	2746	2509.15	0	0
XM_022789858.1	2081	1844.15	0	0
XM_022789859.1	2761	2524.15	0	0
XM_022789860.1	1187	950.148	0	0
XM_022789861.1	2890	2653.15	0	0
XM_022789862.1	2818	2581.15	0	0
XM_022789863.1	1375	1138.15	0	0
XM_022789864.1	645	411.887	0	0
XM_022789865.1	3984	3747.15	0	0
XM_022789866.1	9373	9136.15	0	0
XM_022789867.1	3436	3199.15	0	0
XM_022789868.1	3088	2851.15	0	0
XM_022789869.1	3349	3112.15	0	0
XM_022789870.1	2851	2614.15	0	0
XM_022789871.1	2570	2333.15	0	0
XM_022789872.1	3300	3063.15	0	0
XM_022789873.1	3474	3237.15	0	0
XM_022789874.1	9353	9116.15	0	0
XM_022789875.1	1701	1464.15	0	0
XM_022789876.1	2986	2749.15	0	0
XM_022789877.1	2985	2748.15	0	0
XM_022789878.1	2438	2201.15	0	0
XM_022789879.1	1879	1642.15	0	0
XM_022789880.1	2763	2526.15	0	0
XM_022789881.1	2201	1964.15	0	0
XM_022789882.1	1697	1460.15	0	0
XM_022789883.1	1471	1234.15	0	0
XM_022789884.1	1455	1218.15	0	0
XM_022789885.1	4262	4025.15	0	0
XM_022789886.1	844	608.102	0	0
XM_022789887.1	6288	6051.15	0	0
XM_022789888.1	6348	6111.15	0	0
XM_022789889.1	11038	10801.1	0	0
XM_022789890.1	7379	7142.15	4.88552e-05	1.24919e-06
XM_022789891.1	7308	7071.15	0.936318	0.0241813
XM_022789892.1	7355	7118.15	0.00135437	3.47471e-05
XM_022789893.1	8247	8010.15	0	0
XM_022789894.1	8233	7996.15	0	0
XM_022789895.1	8095	7858.15	0	0
XM_022789896.1	8238	8001.15	0	0
XM_022789897.1	8222	7985.15	0	0
XM_022789898.1	2601	2364.15	0	0
XM_022789899.1	11011	10774.1	0	0
XM_022789900.1	2432	2195.15	0	0
XM_022789901.1	3103	2866.15	0	0
XM_022789902.1	3074	2837.15	0	0
XM_022789903.1	3005	2768.15	0	0
XM_022789904.1	5298	5061.15	0	0
XM_022789905.1	6367	6130.15	0	0
XM_022789906.1	2700	2463.15	0	0
XM_022789907.1	10899	10662.1	0	0
XM_022789908.1	4272	4035.15	0	0
XM_022789909.1	2598	2361.15	0	0
XM_022789910.1	4113	3876.15	0	0
XM_022789911.1	3682	3445.15	0	0
XM_022789912.1	4751	4514.15	0	0
XM_022789913.1	4893	4656.15	0	0
XM_022789914.1	4705	4468.15	0	0
XM_022789915.1	4783	4546.15	0	0
XM_022789916.1	10909	10672.1	0	0
XM_022789917.1	4737	4500.15	0	0
XM_022789918.1	2436	2199.15	0	0
XM_022789919.1	7823	7586.15	0	0
XM_022789920.1	7782	7545.15	0	0
XM_022789921.1	1309	1072.15	0	0
XM_022789922.1	1385	1148.15	0	0
XM_022789923.1	2258	2021.15	0	0
XM_022789924.1	4628	4391.15	0	0
XM_022789925.1	7620	7383.15	0	0
XM_022789926.1	4528	4291.15	0	0
XM_022789927.1	4266	4029.15	0	0
XM_022789928.1	3920	3683.15	0	0
XM_022789929.1	4498	4261.15	0	0
XM_022789930.1	4923	4686.15	0	0
XM_022789931.1	3920	3683.15	0	0
XM_022789932.1	3937	3700.15	0	0
XM_022789933.1	4359	4122.15	0	0
XM_022789934.1	855	619.102	0	0
XM_022789935.1	7697	7460.15	0	0
XM_022789936.1	653	419.762	0	0
XM_022789937.1	12631	12394.1	1.0009	0.0147476
XM_022789938.1	6460	6223.15	0	0
XM_022789939.1	6449	6212.15	0	0
XM_022789940.1	3654	3417.15	0	0
XM_022789941.1	3671	3434.15	0	0
XM_022789942.1	3129	2892.15	0	0
XM_022789943.1	1861	1624.15	0	0
XM_022789944.1	2949	2712.15	0	0
XM_022789945.1	8505	8268.15	0	0
XM_022789946.1	2665	2428.15	0	0
XM_022789947.1	2946	2709.15	0	0
XM_022789948.1	2932	2695.15	0	0
XM_022789949.1	2937	2700.15	0	0
XM_022789950.1	2932	2695.15	0	0
XM_022789951.1	2696	2459.15	0	0
XM_022789952.1	5468	5231.15	0	0
XM_022789953.1	5460	5223.15	0	0
XM_022789954.1	5430	5193.15	0	0
XM_022789955.1	5322	5085.15	0	0
XM_022789956.1	1598	1361.15	0	0
XM_022789957.1	1557	1320.15	0	0
XM_022789958.1	1893	1656.15	0	0
XM_022789959.1	1541	1304.15	0	0
XM_022789960.1	1578	1341.15	0	0
XM_022789961.1	1571	1334.15	0	0
XM_022789962.1	1569	1332.15	0	0
XM_022789963.1	1572	1335.15	0	0
XM_022789964.1	6762	6525.15	0	0
XM_022789965.1	7022	6785.15	0	0
XM_022789966.1	8640	8403.15	0	0
XM_022789967.1	7002	6765.15	0	0
XM_022789968.1	6413	6176.15	0	0
XM_022789969.1	6302	6065.15	0	0
XM_022789970.1	5450	5213.15	0	0
XM_022789971.1	6536	6299.15	0	0
XM_022789972.1	1925	1688.15	0	0
XM_022789973.1	2675	2438.15	0	0
XM_022789974.1	2430	2193.15	0	0
XM_022789975.1	1965	1728.15	0	0
XM_022789976.1	1650	1413.15	0	0
XM_022789977.1	5246	5009.15	0	0
XM_022789978.1	2726	2489.15	0	0
XM_022789979.1	1431	1194.15	0	0
XM_022789980.1	553	324.087	0	0
XM_022789981.1	3464	3227.15	0	0
XM_022789982.1	3181	2944.15	0	0
XM_022789983.1	2528	2291.15	0	0
XM_022789984.1	4888	4651.15	0	0
XM_022789985.1	2309	2072.15	0	0
XM_022789986.1	2199	1962.15	0	0
XM_022789987.1	2194	1957.15	0	0
XM_022789988.1	2344	2107.15	0	0
XM_022789989.1	2068	1831.15	0	0
XM_022789990.1	2463	2226.15	0	0
XM_022789991.1	3373	3136.15	0	0
XM_022789992.1	4853	4616.15	0	0
XM_022789993.1	6236	5999.15	0	0
XM_022789994.1	6134	5897.15	0	0
XM_022789995.1	3167	2930.15	0	0
XM_022789996.1	6011	5774.15	0	0
XM_022789997.1	1352	1115.15	0	0
XM_022789998.1	3062	2825.15	0	0
XM_022789999.1	3094	2857.15	0	0
XM_022790000.1	3102	2865.15	0	0
XM_022790001.1	3059	2822.15	0	0
XM_022790002.1	3053	2816.15	0	0
XM_022790003.1	2435	2198.15	0	0
XM_022790004.1	2928	2691.15	0	0
XM_022790005.1	7011	6774.15	0	0
XM_022790006.1	4376	4139.15	0	0
XM_022790007.1	4067	3830.15	0	0
XM_022790008.1	6948	6711.15	0	0
XM_022790009.1	1092	855.148	0	0
XM_022790010.1	10225	9988.15	0	0
XM_022790011.1	10212	9975.15	0	0
XM_022790012.1	10069	9832.15	0	0
XM_022790013.1	6837	6600.15	0	0
XM_022790014.1	8830	8593.15	0	0
XM_022790015.1	10280	10043.1	0	0
XM_022790016.1	6470	6233.15	0	0
XM_022790017.1	4423	4186.15	0	0
XM_022790018.1	7256	7019.15	0	0
XM_022790019.1	5128	4891.15	0	0
XM_022790020.1	4329	4092.15	0	0
XM_022790021.1	2697	2460.15	0	0
XM_022790022.1	1483	1246.15	0	0
XM_022790023.1	6912	6675.15	0	0
XM_022790024.1	8005	7768.15	0	0
XM_022790025.1	7499	7262.15	0	0
XM_022790026.1	6420	6183.15	0	0
XM_022790027.1	7306	7069.15	0	0
XM_022790028.1	4813	4576.15	0	0
XM_022790029.1	4389	4152.15	0	0
XM_022790030.1	4306	4069.15	0	0
XM_022790031.1	4018	3781.15	0	0
XM_022790032.1	4022	3785.15	0	0
XM_022790033.1	6936	6699.15	0	0
XM_022790034.1	3860	3623.15	0	0
XM_022790035.1	1299	1062.15	0	0
XM_022790036.1	4128	3891.15	0	0
XM_022790037.1	4061	3824.15	0	0
XM_022790038.1	7942	7705.15	0	0
XM_022790039.1	7640	7403.15	0	0
XM_022790040.1	7834	7597.15	0	0
XM_022790041.1	7542	7305.15	0	0
XM_022790042.1	7240	7003.15	0	0
XM_022790043.1	6989	6752.15	0	0
XM_022790044.1	6856	6619.15	0	0
XM_022790045.1	6840	6603.15	0	0
XM_022790046.1	7854	7617.15	0	0
XM_022790047.1	3624	3387.15	0	0
XM_022790048.1	3466	3229.15	0	0
XM_022790049.1	1458	1221.15	0	0
XM_022790050.1	1456	1219.15	0	0
XM_022790051.1	1534	1297.15	0	0
XM_022790052.1	6766	6529.15	0	0
XM_022790053.1	3418	3181.15	0	0
XM_022790054.1	2921	2684.15	0	0
XM_022790055.1	9800	9563.15	0	0
XM_022790056.1	7355	7118.15	0	0
XM_022790057.1	8550	8313.15	0	0
XM_022790058.1	4657	4420.15	0	0
XM_022790059.1	6229	5992.15	0	0
XM_022790060.1	1863	1626.15	0	0
XM_022790061.1	2623	2386.15	0	0
XM_022790062.1	2586	2349.15	0	0
XM_022790063.1	495	272.68	0	0
XM_022790064.1	5551	5314.15	0	0
XM_022790065.1	6367	6130.15	0	0
XM_022790066.1	5348	5111.15	0	0
XM_022790067.1	5371	5134.15	0	0
XM_022790068.1	5252	5015.15	0	0
XM_022790069.1	5148	4911.15	0	0
XM_022790070.1	5263	5026.15	0	0
XM_022790071.1	2075	1838.15	0	0
XM_022790072.1	1729	1492.15	0	0
XM_022790073.1	1656	1419.15	0	0
XM_022790074.1	12616	12379.1	0	0
XM_022790075.1	12324	12087.1	0	0
XM_022790076.1	12784	12547.1	0	0
XM_022790077.1	12730	12493.1	0	0
XM_022790078.1	12724	12487.1	0	0
XM_022790079.1	12670	12433.1	0	0
XM_022790080.1	12249	12012.1	0	0
XM_022790081.1	11971	11734.1	0	0
XM_022790082.1	3225	2988.15	0	0
XM_022790083.1	1360	1123.15	0	0
XM_022790084.1	6481	6244.15	0	0
XM_022790085.1	4100	3863.15	0	0
XM_022790086.1	3985	3748.15	0	0
XM_022790087.1	8302	8065.15	0	0
XM_022790088.1	3888	3651.15	0.863745	0.0432019
XM_022790089.1	846	610.102	0	0
XM_022790090.1	9571	9334.15	0	0
XM_022790091.1	9488	9251.15	0	0
XM_022790092.1	9963	9726.15	0	0
XM_022790093.1	9048	8811.15	0	0
XM_022790094.1	10478	10241.1	0	0
XM_022790095.1	8326	8089.15	0	0
XM_022790096.1	10564	10327.1	0	0
XM_022790097.1	10422	10185.1	0	0
XM_022790098.1	10363	10126.1	0	0
XM_022790099.1	9913	9676.15	0	0
XM_022790100.1	9797	9560.15	0	0
XM_022790101.1	5255	5018.15	0	0
XM_022790102.1	4659	4422.15	0	0
XM_022790103.1	5705	5468.15	0	0
XM_022790104.1	5608	5371.15	0	0
XM_022790105.1	4560	4323.15	0	0
XM_022790106.1	931	694.652	0	0
XM_022790107.1	11758	11521.1	0	0
XM_022790108.1	12966	12729.1	0	0
XM_022790109.1	12921	12684.1	0	0
XM_022790110.1	12891	12654.1	0	0
XM_022790111.1	1136	899.148	0	0
XM_022790112.1	7098	6861.15	0	0
XM_022790113.1	7086	6849.15	0	0
XM_022790114.1	4873	4636.15	0	0
XM_022790115.1	3961	3724.15	0	0
XM_022790116.1	4000	3763.15	0	0
XM_022790117.1	3062	2825.15	0	0
XM_022790118.1	7005	6768.15	0	0
XM_022790119.1	6430	6193.15	0	0
XM_022790120.1	6990	6753.15	0	0
XM_022790121.1	6782	6545.15	0	0
XM_022790122.1	7044	6807.15	0	0
XM_022790123.1	5993	5756.15	0	0
XM_022790124.1	5786	5549.15	0	0
XM_022790125.1	6650	6413.15	0	0
XM_022790126.1	5708	5471.15	0	0
XM_022790127.1	3613	3376.15	0	0
XM_022790128.1	3268	3031.15	0	0
XM_022790129.1	10095	9858.15	0	0
XM_022790130.1	5349	5112.15	0	0
XM_022790131.1	5768	5531.15	0	0
XM_022790132.1	5755	5518.15	0	0
XM_022790133.1	5892	5655.15	0	0
XM_022790134.1	5743	5506.15	0	0
XM_022790135.1	4894	4657.15	0	0
XM_022790136.1	2805	2568.15	0	0
XM_022790137.1	2905	2668.15	0	0
XM_022790138.1	1521	1284.15	0	0
XM_022790139.1	7591	7354.15	0	0
XM_022790140.1	10266	10029.1	0	0
XM_022790141.1	10262	10025.1	0	0
XM_022790142.1	9238	9001.15	0	0
XM_022790143.1	10065	9828.15	0	0
XM_022790144.1	9430	9193.15	0	0
XM_022790145.1	9146	8909.15	0	0
XM_022790146.1	1469	1232.15	0	0
XM_022790147.1	5651	5414.15	0	0
XM_022790148.1	5789	5552.15	0	0
XM_022790149.1	7896	7659.15	0	0
XM_022790150.1	7735	7498.15	0	0
XM_022790151.1	6427	6190.15	0	0
XM_022790152.1	6364	6127.15	0	0
XM_022790153.1	1461	1224.15	0	0
XM_022790154.1	1279	1042.15	0	0
XM_022790155.1	5695	5458.15	0	0
XM_022790156.1	6353	6116.15	0	0
XM_022790157.1	6357	6120.15	0	0
XM_022790158.1	6314	6077.15	0	0
XM_022790159.1	6269	6032.15	0	0
XM_022790160.1	4316	4079.15	0	0
XM_022790161.1	3235	2998.15	0	0
XM_022790162.1	7649	7412.15	0	0
XM_022790163.1	3978	3741.15	0	0
XM_022790164.1	3585	3348.15	0	0
XM_022790165.1	3684	3447.15	0	0
XM_022790166.1	1047	810.148	0	0
XM_022790167.1	6025	5788.15	0	0
XM_022790168.1	5946	5709.15	0	0
XM_022790169.1	5881	5644.15	0	0
XM_022790170.1	5095	4858.15	0	0
XM_022790171.1	5639	5402.15	0	0
XM_022790172.1	6018	5781.15	0	0
XM_022790173.1	6064	5827.15	0	0
XM_022790174.1	6015	5778.15	0	0
XM_022790175.1	5777	5540.15	0	0
XM_022790176.1	5747	5510.15	0	0
XM_022790177.1	5518	5281.15	0	0
XM_022790178.1	4722	4485.15	0	0
XM_022790179.1	4965	4728.15	0	0
XM_022790180.1	4041	3804.15	0	0
XM_022790181.1	7766	7529.15	0	0
XM_022790182.1	2909	2672.15	0	0
XM_022790183.1	7296	7059.15	0	0
XM_022790184.1	5014	4777.15	0	0
XM_022790185.1	5505	5268.15	0	0
XM_022790186.1	4874	4637.15	0	0
XM_022790187.1	4806	4569.15	0	0
XM_022790188.1	6519	6282.15	0	0
XM_022790189.1	7688	7451.15	0	0
XM_022790190.1	6446	6209.15	0	0
XM_022790191.1	5625	5388.15	0	0
XM_022790192.1	6324	6087.15	0	0
XM_022790193.1	4697	4460.15	0	0
XM_022790194.1	4748	4511.15	0	0
XM_022790195.1	853	617.102	0	0
XM_022790196.1	1732	1495.15	0	0
XM_022790197.1	1830	1593.15	0	0
XM_022790198.1	877	640.915	0	0
XM_022790199.1	1187	950.148	0	0
XM_022790200.1	5511	5274.15	0	0
XM_022790201.1	1336	1099.15	0	0
XM_022790202.1	4648	4411.15	0	0
XM_022790203.1	4997	4760.15	0	0
XM_022790204.1	3933	3696.15	0	0
XM_022790205.1	4505	4268.15	0	0
XM_022790206.1	4236	3999.15	0	0
XM_022790207.1	4093	3856.15	0	0
XM_022790208.1	3902	3665.15	0	0
XM_022790209.1	3892	3655.15	0	0
XM_022790210.1	5322	5085.15	0	0
XM_022790211.1	3911	3674.15	0	0
XM_022790212.1	3841	3604.15	0	0
XM_022790213.1	3960	3723.15	0	0
XM_022790214.1	3806	3569.15	0	0
XM_022790215.1	3597	3360.15	0	0
XM_022790216.1	9454	9217.15	0	0
XM_022790217.1	3759	3522.15	0	0
XM_022790218.1	3737	3500.15	0	0
XM_022790219.1	5617	5380.15	0	0
XM_022790220.1	7319	7082.15	0	0
XM_022790221.1	5242	5005.15	0	0
XM_022790222.1	5414	5177.15	0	0
XM_022790223.1	9923	9686.15	0	0
XM_022790224.1	4173	3936.15	0	0
XM_022790225.1	5988	5751.15	0	0
XM_022790226.1	6611	6374.15	0	0
XM_022790227.1	7395	7158.15	0	0
XM_022790228.1	4587	4350.15	0	0
XM_022790229.1	5293	5056.15	0	0
XM_022790230.1	5013	4776.15	0	0
XM_022790231.1	4968	4731.15	0	0
XM_022790232.1	4896	4659.15	0	0
XM_022790233.1	4559	4322.15	0	0
XM_022790234.1	3175	2938.15	0	0
XM_022790235.1	2841	2604.15	0	0
XM_022790236.1	2470	2233.15	0	0
XM_022790237.1	2396	2159.15	0	0
XM_022790238.1	2822	2585.15	0	0
XM_022790239.1	2986	2749.15	0	0
XM_022790240.1	2885	2648.15	0	0
XM_022790241.1	2882	2645.15	0	0
XM_022790242.1	2601	2364.15	0	0
XM_022790243.1	2539	2302.15	0	0
XM_022790244.1	2173	1936.15	0	0
XM_022790245.1	762	526.713	0	0
XM_022790246.1	7814	7577.15	0	0
XM_022790247.1	7447	7210.15	0	0
XM_022790248.1	4680	4443.15	0	0
XM_022790249.1	5717	5480.15	0	0
XM_022790250.1	5767	5530.15	0	0
XM_022790251.1	5031	4794.15	0	0
XM_022790252.1	4448	4211.15	0	0
XM_022790253.1	5966	5729.15	0	0
XM_022790254.1	3705	3468.15	0	0
XM_022790255.1	2530	2293.15	0	0
XM_022790256.1	1179	942.148	0	0
XM_022790257.1	5027	4790.15	0	0
XM_022790258.1	5963	5726.15	0	0
XM_022790259.1	6457	6220.15	0	0
XM_022790260.1	6502	6265.15	0	0
XM_022790261.1	6444	6207.15	0	0
XM_022790262.1	6346	6109.15	0	0
XM_022790263.1	5027	4790.15	0	0
XM_022790264.1	7099	6862.15	0	0
XM_022790265.1	5037	4800.15	0	0
XM_022790266.1	4867	4630.15	0	0
XM_022790267.1	1204	967.148	0	0
XM_022790268.1	5909	5672.15	0	0
XM_022790269.1	5147	4910.15	0	0
XM_022790270.1	3059	2822.15	0	0
XM_022790271.1	2843	2606.15	0	0
XM_022790272.1	2992	2755.15	0	0
XM_022790273.1	1893	1656.15	0	0
XM_022790274.1	1860	1623.15	0	0
XM_022790275.1	1821	1584.15	0	0
XM_022790276.1	4084	3847.15	0	0
XM_022790277.1	4410	4173.15	0	0
XM_022790278.1	3741	3504.15	0	0
XM_022790279.1	1707	1470.15	0	0
XM_022790280.1	3872	3635.15	0	0
XM_022790281.1	3721	3484.15	0	0
XM_022790282.1	3584	3347.15	0	0
XM_022790283.1	4064	3827.15	0	0
XM_022790284.1	3918	3681.15	0	0
XM_022790285.1	991	754.224	0	0
XM_022790286.1	5946	5709.15	0	0
XM_022790287.1	3794	3557.15	0	0
XM_022790288.1	4630	4393.15	0	0
XM_022790289.1	1701	1464.15	0	0
XM_022790290.1	4627	4390.15	0	0
XM_022790291.1	4110	3873.15	0	0
XM_022790292.1	5819	5582.15	0	0
XM_022790293.1	5655	5418.15	0	0
XM_022790294.1	5699	5462.15	0	0
XM_022790295.1	5390	5153.15	0	0
XM_022790296.1	4729	4492.15	0	0
XM_022790297.1	5092	4855.15	0	0
XM_022790298.1	2414	2177.15	0	0
XM_022790299.1	6555	6318.15	0	0
XM_022790300.1	7429	7192.15	0	0
XM_022790301.1	6459	6222.15	0	0
XM_022790302.1	1786	1549.15	0	0
XM_022790303.1	6093	5856.15	0.376211	0.0117318
XM_022790304.1	6090	5853.15	0.623845	0.0194641
XM_022790305.1	7400	7163.15	0	0
XM_022790306.1	7198	6961.15	0	0
XM_022790307.1	3515	3278.15	0	0
XM_022790308.1	5666	5429.15	0	0
XM_022790309.1	4787	4550.15	0	0
XM_022790310.1	7758	7521.15	0	0
XM_022790311.1	7755	7518.15	0	0
XM_022790312.1	7752	7515.15	0	0
XM_022790313.1	7680	7443.15	0	0
XM_022790314.1	5732	5495.15	0	0
XM_022790315.1	5831	5594.15	0	0
XM_022790316.1	6686	6449.15	0	0
XM_022790317.1	5693	5456.15	0	0
XM_022790318.1	4010	3773.15	0	0
XM_022790319.1	3944	3707.15	0	0
XM_022790320.1	5806	5569.15	0	0
XM_022790321.1	2913	2676.15	0	0
XM_022790322.1	3806	3569.15	0	0
XM_022790323.1	5804	5567.15	0	0
XM_022790324.1	3542	3305.15	0	0
XM_022790325.1	2733	2496.15	0	0
XM_022790326.1	4368	4131.15	0	0
XM_022790327.1	6881	6644.15	0	0
XM_022790328.1	2932	2695.15	0	0
XM_022790329.1	2796	2559.15	0	0
XM_022790330.1	5565	5328.15	0	0
XM_022790331.1	5626	5389.15	0	0
XM_022790332.1	5186	4949.15	0	0
XM_022790333.1	3250	3013.15	0	0
XM_022790334.1	2942	2705.15	0	0
XM_022790335.1	8443	8206.15	0	0
XM_022790336.1	8440	8203.15	0	0
XM_022790337.1	604	372.341	0	0
XM_022790338.1	8380	8143.15	0	0
XM_022790339.1	7850	7613.15	0	0
XM_022790340.1	7871	7634.15	0	0
XM_022790341.1	7843	7606.15	0	0
XM_022790342.1	8115	7878.15	0	0
XM_022790343.1	8040	7803.15	0	0
XM_022790344.1	7713	7476.15	0	0
XM_022790345.1	6590	6353.15	0	0
XM_022790346.1	12338	12101.1	0	0
XM_022790347.1	8791	8554.15	0	0
XM_022790348.1	5063	4826.15	0	0
XM_022790349.1	12207	11970.1	0	0
XM_022790350.1	4576	4339.15	0	0
XM_022790351.1	5303	5066.15	0	0
XM_022790352.1	2610	2373.15	0	0
XM_022790353.1	2595	2358.15	0	0
XM_022790354.1	2672	2435.15	0	0
XM_022790355.1	2855	2618.15	0	0
XM_022790356.1	2541	2304.15	0	0
XM_022790357.1	2469	2232.15	0	0
XM_022790358.1	2439	2202.15	0	0
XM_022790359.1	2437	2200.15	0	0
XM_022790360.1	2603	2366.15	0	0
XM_022790361.1	5509	5272.15	0	0
XM_022790362.1	2569	2332.15	0	0
XM_022790363.1	2778	2541.15	0	0
XM_022790364.1	2744	2507.15	0	0
XM_022790365.1	2427	2190.15	0	0
XM_022790366.1	2248	2011.15	0	0
XM_022790367.1	2623	2386.15	0	0
XM_022790368.1	2551	2314.15	0	0
XM_022790369.1	2470	2233.15	0	0
XM_022790370.1	2436	2199.15	0	0
XM_022790371.1	2294	2057.15	0	0
XM_022790372.1	5215	4978.15	0	0
XM_022790373.1	2276	2039.15	0	0
XM_022790374.1	2579	2342.15	0	0
XM_022790375.1	2573	2336.15	0	0
XM_022790376.1	2393	2156.15	0	0
XM_022790377.1	2534	2297.15	0	0
XM_022790378.1	2510	2273.15	0	0
XM_022790379.1	1861	1624.15	0	0
XM_022790380.1	1837	1600.15	0	0
XM_022790381.1	14841	14604.1	0	0
XM_022790382.1	14830	14593.1	0	0
XM_022790383.1	14924	14687.1	0	0
XM_022790384.1	16643	16406.1	0	0
XM_022790385.1	14328	14091.1	0	0
XM_022790386.1	14313	14076.1	0	0
XM_022790387.1	3889	3652.15	0	0
XM_022790388.1	13278	13041.1	0	0
XM_022790389.1	6665	6428.15	0	0
XM_022790390.1	6444	6207.15	0	0
XM_022790391.1	5400	5163.15	0	0
XM_022790392.1	4924	4687.15	0	0
XM_022790393.1	6597	6360.15	0	0
XM_022790394.1	13862	13625.1	0	0
XM_022790395.1	3697	3460.15	0	0
XM_022790396.1	12233	11996.1	0	0
XM_022790397.1	12214	11977.1	0	0
XM_022790398.1	13240	13003.1	0	0
XM_022790399.1	14849	14612.1	0	0
XM_022790400.1	12540	12303.1	0	0
XM_022790401.1	15031	14794.1	0	0
XM_022790402.1	13386	13149.1	0	0
XM_022790403.1	13132	12895.1	0	0
XM_022790404.1	10504	10267.1	0	0
XM_022790405.1	10217	9980.15	0	0
XM_022790406.1	3347	3110.15	0	0
XM_022790407.1	3314	3077.15	0	0
XM_022790408.1	6650	6413.15	0	0
XM_022790409.1	10375	10138.1	0	0
XM_022790410.1	9821	9584.15	0	0
XM_022790411.1	6185	5948.15	0	0
XM_022790412.1	3541	3304.15	0	0
XM_022790413.1	3666	3429.15	0	0
XM_022790414.1	4838	4601.15	0	0
XM_022790415.1	5014	4777.15	0	0
XM_022790416.1	5505	5268.15	0	0
XM_022790417.1	4874	4637.15	0	0
XM_022790418.1	4806	4569.15	0	0
XM_022790419.1	5634	5397.15	0	0
XM_022790420.1	5397	5160.15	0	0
XM_022790421.1	5294	5057.15	0	0
XM_022790422.1	5640	5403.15	0	0
XM_022790423.1	3915	3678.15	0	0
XM_022790424.1	3357	3120.15	0	0
XM_022790425.1	3617	3380.15	0	0
XM_022790426.1	3909	3672.15	0	0
XM_022790427.1	5537	5300.15	0	0
XM_022790428.1	3507	3270.15	0	0
XM_022790429.1	3546	3309.15	0	0
XM_022790430.1	3477	3240.15	0	0
XM_022790431.1	3351	3114.15	0	0
XM_022790432.1	5211	4974.15	0	0
XM_022790433.1	5206	4969.15	0	0
XM_022790434.1	3194	2957.15	0	0
XM_022790435.1	5249	5012.15	0	0
XM_022790436.1	5252	5015.15	0	0
XM_022790437.1	5261	5024.15	0	0
XM_022790438.1	2667	2430.15	0	0
XM_022790439.1	1274	1037.15	0	0
XM_022790440.1	1288	1051.15	0	0
XM_022790441.1	1210	973.148	0	0
XM_022790442.1	1036	799.148	0	0
XM_022790443.1	1133	896.148	0	0
XM_022790444.1	3435	3198.15	0	0
XM_022790445.1	2963	2726.15	0	0
XM_022790446.1	2846	2609.15	0	0
XM_022790447.1	2590	2353.15	0	0
XM_022790448.1	4152	3915.15	0	0
XM_022790449.1	4128	3891.15	0	0
XM_022790450.1	4032	3795.15	0	0
XM_022790451.1	3846	3609.15	0	0
XM_022790452.1	3800	3563.15	0	0
XM_022790453.1	2774	2537.15	0	0
XM_022790454.1	3953	3716.15	0	0
XM_022790455.1	1116	879.148	0	0
XM_022790456.1	3790	3553.15	0	0
XM_022790457.1	1413	1176.15	0	0
XM_022790458.1	1181	944.148	0	0
XM_022790459.1	8479	8242.15	0	0
XM_022790460.1	8565	8328.15	0	0
XM_022790461.1	7735	7498.15	0	0
XM_022790462.1	1745	1508.15	0	0
XM_022790463.1	1579	1342.15	0	0
XM_022790464.1	2322	2085.15	0	0
XM_022790465.1	1917	1680.15	0	0
XM_022790466.1	1575	1338.15	0	0
XM_022790467.1	1699	1462.15	0	0
XM_022790468.1	1924	1687.15	0	0
XM_022790469.1	3065	2828.15	0	0
XM_022790470.1	3543	3306.15	0	0
XM_022790471.1	3554	3317.15	0	0
XM_022790472.1	4479	4242.15	0	0
XM_022790473.1	2210	1973.15	0	0
XM_022790474.1	1465	1228.15	0	0
XM_022790475.1	1019	782.148	0	0
XM_022790476.1	1084	847.148	0	0
XM_022790477.1	1002	765.148	0	0
XM_022790478.1	3043	2806.15	0	0
XM_022790479.1	5430	5193.15	0	0
XM_022790480.1	5863	5626.15	0	0
XM_022790481.1	5853	5616.15	0	0
XM_022790482.1	3921	3684.15	9.45751e-07	4.68798e-08
XM_022790483.1	3867	3630.15	2.01906	0.101571
XM_022790484.1	4015	3778.15	0	0
XM_022790485.1	4052	3815.15	0	0
XM_022790486.1	8548	8311.15	2.06654	0.0454078
XM_022790487.1	1851	1614.15	0	0
XM_022790488.1	2572	2335.15	0	0
XM_022790489.1	3630	3393.15	0	0
XM_022790490.1	1345	1108.15	0	0
XM_022790491.1	4347	4110.15	0	0
XM_022790492.1	1911	1674.15	0	0
XM_022790493.1	4022	3785.15	0	0
XM_022790494.1	3722	3485.15	0	0
XM_022790495.1	3523	3286.15	0	0
XM_022790496.1	5691	5454.15	0	0
XM_022790497.1	5063	4826.15	0	0
XM_022790498.1	2329	2092.15	0	0
XM_022790499.1	3611	3374.15	0	0
XM_022790500.1	2577	2340.15	0	0
XM_022790501.1	588	357.074	0	0
XM_022790502.1	2743	2506.15	0	0
XM_022790503.1	2358	2121.15	0	0
XM_022790504.1	2304	2067.15	0	0
XM_022790505.1	2534	2297.15	0	0
XM_022790506.1	2346	2109.15	0	0
XM_022790507.1	2343	2106.15	0	0
XM_022790508.1	2072	1835.15	0	0
XM_022790509.1	2069	1832.15	0	0
XM_022790510.1	912	675.72	0	0
XM_022790511.1	9396	9159.15	0	0
XM_022790512.1	9393	9156.15	0	0
XM_022790513.1	9390	9153.15	0	0
XM_022790514.1	7753	7516.15	0	0
XM_022790515.1	9357	9120.15	0	0
XM_022790516.1	3783	3546.15	0	0
XM_022790517.1	9354	9117.15	0	0
XM_022790518.1	9228	8991.15	0	0
XM_022790519.1	1267	1030.15	0	0
XM_022790520.1	5382	5145.15	0	0
XM_022790521.1	3637	3400.15	0	0
XM_022790522.1	1075	838.148	0	0
XM_022790523.1	1844	1607.15	0	0
XM_022790524.1	1402	1165.15	0	0
XM_022790525.1	4796	4559.15	0	0
XM_022790526.1	3355	3118.15	0	0
XM_022790527.1	3554	3317.15	0	0
XM_022790528.1	2800	2563.15	1	0.071248
XM_022790529.1	6955	6718.15	0	0
XM_022790530.1	6893	6656.15	0	0
XM_022790531.1	6980	6743.15	0	0
XM_022790532.1	6963	6726.15	0	0
XM_022790533.1	5585	5348.15	0	0
XM_022790534.1	5719	5482.15	0	0
XM_022790535.1	5723	5486.15	0	0
XM_022790536.1	1980	1743.15	0	0
XM_022790537.1	6977	6740.15	0	0
XM_022790538.1	6960	6723.15	0	0
XM_022790539.1	5477	5240.15	0	0
XM_022790540.1	5686	5449.15	0	0
XM_022790541.1	5716	5479.15	0	0
XM_022790542.1	1551	1314.15	0	0
XM_022790543.1	3630	3393.15	0	0
XM_022790544.1	6891	6654.15	0	0
XM_022790545.1	6884	6647.15	0	0
XM_022790546.1	6885	6648.15	0	0
XM_022790547.1	6881	6644.15	0	0
XM_022790548.1	6872	6635.15	0	0
XM_022790549.1	2706	2469.15	0	0
XM_022790550.1	967	730.297	0	0
XM_022790551.1	469	249.984	0	0
XM_022790552.1	441	227.347	0	0
XM_022790553.1	603	371.341	0	0
XM_022790554.1	692	457.704	0	0
XM_022790555.1	1244	1007.15	0	0
XM_022790556.1	2307	2070.15	0	0
XM_022790557.1	601	369.416	0	0
XM_022790558.1	402	196.065	0	0
XM_022790559.1	406	199.27	0	0
XM_022790560.1	1212	975.148	0	0
XM_022790561.1	9738	9501.15	0	0
XM_022790562.1	7082	6845.15	0	0
XM_022790563.1	10457	10220.1	0	0
XM_022790564.1	2075	1838.15	0	0
XM_022790565.1	5820	5583.15	0	0
XM_022790566.1	9735	9498.15	0	0
XM_022790567.1	6225	5988.15	0	0
XM_022790568.1	6331	6094.15	0	0
XM_022790569.1	5533	5296.15	0	0
XM_022790570.1	5727	5490.15	0	0
XM_022790571.1	5536	5299.15	0	0
XM_022790572.1	4440	4203.15	0	0
XM_022790573.1	3364	3127.15	0	0
XM_022790574.1	3300	3063.15	0	0
XM_022790575.1	3428	3191.15	0	0
XM_022790576.1	6792	6555.15	0	0
XM_022790577.1	6789	6552.15	0	0
XM_022790578.1	6780	6543.15	0	0
XM_022790579.1	6771	6534.15	0	0
XM_022790580.1	3954	3717.15	0	0
XM_022790581.1	3781	3544.15	0	0
XM_022790582.1	15674	15437.1	0	0
XM_022790583.1	15154	14917.1	0	0
XM_022790584.1	4674	4437.15	0	0
XM_022790585.1	15596	15359.1	0	0
XM_022790586.1	11080	10843.1	0	0
XM_022790587.1	11080	10843.1	0	0
XM_022790588.1	4818	4581.15	0	0
XM_022790589.1	3716	3479.15	0	0
XM_022790590.1	3301	3064.15	0	0
XM_022790591.1	3233	2996.15	0	0
XM_022790592.1	9047	8810.15	0	0
XM_022790593.1	10345	10108.1	0	0
XM_022790594.1	3760	3523.15	0	0
XM_022790595.1	7660	7423.15	0	0
XM_022790596.1	7597	7360.15	0	0
XM_022790597.1	6313	6076.15	0	0
XM_022790598.1	8701	8464.15	0	0
XM_022790599.1	2226	1989.15	0	0
XM_022790600.1	2659	2422.15	0	0
XM_022790601.1	1218	981.148	0	0
XM_022790602.1	5112	4875.15	0	0
XM_022790603.1	3822	3585.15	0	0
XM_022790604.1	5046	4809.15	0	0
XM_022790605.1	5347	5110.15	0	0
XM_022790606.1	5189	4952.15	0	0
XM_022790607.1	6782	6545.15	0	0
XM_022790608.1	2909	2672.15	0	0
XM_022790609.1	2408	2171.15	0	0
XM_022790610.1	2129	1892.15	0	0
XM_022790611.1	8749	8512.15	0	0
XM_022790612.1	3656	3419.15	0	0
XM_022790613.1	8771	8534.15	0	0
XM_022790614.1	7460	7223.15	0	0
XM_022790615.1	7661	7424.15	0	0
XM_022790616.1	8710	8473.15	0	0
XM_022790617.1	8530	8293.15	0	0
XM_022790618.1	846	610.102	0	0
XM_022790619.1	843	607.102	0	0
XM_022790620.1	865	628.915	0	0
XM_022790621.1	716	481.425	0	0
XM_022790622.1	3836	3599.15	0	0
XM_022790623.1	3306	3069.15	0	0
XM_022790624.1	3010	2773.15	0	0
XM_022790625.1	3037	2800.15	0	0
XM_022790626.1	3324	3087.15	0	0
XM_022790627.1	2238	2001.15	0	0
XM_022790628.1	2005	1768.15	0	0
XM_022790629.1	2311	2074.15	0	0
XM_022790630.1	2220	1983.15	0	0
XM_022790631.1	5068	4831.15	0	0
XM_022790632.1	981	744.224	0	0
XM_022790633.1	4008	3771.15	0	0
XM_022790634.1	3711	3474.15	0	0
XM_022790635.1	3998	3761.15	0	0
XM_022790636.1	3827	3590.15	0	0
XM_022790637.1	6229	5992.15	0	0
XM_022790638.1	5390	5153.15	0	0
XM_022790639.1	11863	11626.1	0	0
XM_022790640.1	11815	11578.1	0	0
XM_022790641.1	3603	3366.15	0	0
XM_022790642.1	3486	3249.15	0	0
XM_022790643.1	3588	3351.15	0	0
XM_022790644.1	3438	3201.15	0	0
XM_022790645.1	16485	16248.1	0	0
XM_022790646.1	10826	10589.1	0	0
XM_022790647.1	11723	11486.1	0	0
XM_022790648.1	2835	2598.15	0	0
XM_022790649.1	3061	2824.15	0	0
XM_022790650.1	6366	6129.15	0	0
XM_022790651.1	6315	6078.15	0	0
XM_022790652.1	6267	6030.15	0	0
XM_022790653.1	6264	6027.15	0	0
XM_022790654.1	6060	5823.15	0	0
XM_022790655.1	15477	15240.1	0	0
XM_022790656.1	6000	5763.15	0	0
XM_022790657.1	6319	6082.15	0	0
XM_022790658.1	5340	5103.15	0	0
XM_022790659.1	3400	3163.15	0	0
XM_022790660.1	3758	3521.15	0	0
XM_022790661.1	3704	3467.15	0	0
XM_022790662.1	4008	3771.15	0	0
XM_022790663.1	4361	4124.15	0	0
XM_022790664.1	4778	4541.15	0	0
XM_022790665.1	4298	4061.15	0	0
XM_022790666.1	1131	894.148	0	0
XM_022790667.1	7898	7661.15	0	0
XM_022790668.1	1106	869.148	0	0
XM_022790669.1	973	736.297	0	0
XM_022790670.1	908	671.72	0	0
XM_022790671.1	4587	4350.15	0	0
XM_022790672.1	4413	4176.15	0	0
XM_022790673.1	3582	3345.15	0	0
XM_022790674.1	3555	3318.15	0	0
XM_022790675.1	1502	1265.15	0	0
XM_022790676.1	1964	1727.15	0	0
XM_022790677.1	7895	7658.15	0	0
XM_022790678.1	2462	2225.15	0	0
XM_022790679.1	1906	1669.15	0	0
XM_022790680.1	1559	1322.15	0	0
XM_022790681.1	7920	7683.15	0	0
XM_022790682.1	7902	7665.15	0	0
XM_022790683.1	2808	2571.15	0	0
XM_022790684.1	2544	2307.15	0	0
XM_022790685.1	3447	3210.15	0	0
XM_022790686.1	7892	7655.15	0	0
XM_022790687.1	1527	1290.15	0	0
XM_022790688.1	4501	4264.15	0	0
XM_022790689.1	2075	1838.15	0	0
XM_022790690.1	1900	1663.15	0	0
XM_022790691.1	2540	2303.15	0	0
XM_022790692.1	1746	1509.15	0	0
XM_022790693.1	2523	2286.15	0	0
XM_022790694.1	8207	7970.15	0	0
XM_022790695.1	7963	7726.15	0	0
XM_022790696.1	7952	7715.15	0	0
XM_022790697.1	8201	7964.15	0	0
XM_022790698.1	7873	7636.15	0	0
XM_022790699.1	1651	1414.15	0	0
XM_022790700.1	7148	6911.15	0	0
XM_022790701.1	7599	7362.15	0	0
XM_022790702.1	1179	942.148	0	0
XM_022790703.1	12627	12390.1	0	0
XM_022790704.1	11800	11563.1	0	0
XM_022790705.1	1391	1154.15	0	0
XM_022790706.1	1727	1490.15	0	0
XM_022790707.1	1559	1322.15	0	0
XM_022790708.1	1560	1323.15	0	0
XM_022790709.1	1378	1141.15	0	0
XM_022790710.1	1361	1124.15	0	0
XM_022790711.1	1419	1182.15	0	0
XM_022790712.1	1677	1440.15	0	0
XM_022790713.1	1334	1097.15	0	0
XM_022790714.1	1271	1034.15	0	0
XM_022790715.1	6778	6541.15	0	0
XM_022790716.1	2452	2215.15	0	0
XM_022790717.1	2023	1786.15	0	0
XM_022790718.1	3433	3196.15	0	0
XM_022790719.1	1828	1591.15	0	0
XM_022790720.1	1531	1294.15	0	0
XM_022790721.1	5497	5260.15	0	0
XM_022790722.1	5473	5236.15	0	0
XM_022790723.1	5473	5236.15	0	0
XM_022790724.1	9800	9563.15	0	0
XM_022790725.1	5449	5212.15	0	0
XM_022790726.1	5431	5194.15	0	0
XM_022790727.1	2986	2749.15	0	0
XM_022790728.1	5265	5028.15	0	0
XM_022790729.1	5302	5065.15	0	0
XM_022790730.1	5241	5004.15	0	0
XM_022790731.1	5278	5041.15	0	0
XM_022790732.1	5217	4980.15	0	0
XM_022790733.1	2208	1971.15	0	0
XM_022790734.1	9183	8946.15	0	0
XM_022790735.1	4209	3972.15	0	0
XM_022790736.1	4132	3895.15	0	0
XM_022790737.1	1192	955.148	0	0
XM_022790738.1	1304	1067.15	0	0
XM_022790739.1	4127	3890.15	0	0
XM_022790740.1	3955	3718.15	0	0
XM_022790741.1	2103	1866.15	0	0
XM_022790742.1	7846	7609.15	0	0
XM_022790743.1	9343	9106.15	0	0
XM_022790744.1	7750	7513.15	0	0
XM_022790745.1	6673	6436.15	0	0
XM_022790746.1	6600	6363.15	0	0
XM_022790747.1	6616	6379.15	0	0
XM_022790748.1	7636	7399.15	0	0
XM_022790749.1	6577	6340.15	0	0
XM_022790750.1	4023	3786.15	0	0
XM_022790751.1	4360	4123.15	0	0
XM_022790752.1	5200	4963.15	0	0
XM_022790753.1	9489	9252.15	0	0
XM_022790754.1	2577	2340.15	0	0
XM_022790755.1	3013	2776.15	0	0
XM_022790756.1	2560	2323.15	0	0
XM_022790757.1	2232	1995.15	0	0
XM_022790758.1	6042	5805.15	0	0
XM_022790759.1	6039	5802.15	0	0
XM_022790760.1	7412	7175.15	0	0
XM_022790761.1	3176	2939.15	0	0
XM_022790762.1	5883	5646.15	0	0
XM_022790763.1	7409	7172.15	0	0
XM_022790764.1	2543	2306.15	0	0
XM_022790765.1	1385	1148.15	0	0
XM_022790766.1	4153	3916.15	0	0
XM_022790767.1	4511	4274.15	0	0
XM_022790768.1	4080	3843.15	0	0
XM_022790769.1	3754	3517.15	0	0
XM_022790770.1	3879	3642.15	0	0
XM_022790771.1	3949	3712.15	0	0
XM_022790772.1	3266	3029.15	0	0
XM_022790773.1	3576	3339.15	0	0
XM_022790774.1	4477	4240.15	0	0
XM_022790775.1	1891	1654.15	0	0
XM_022790776.1	2343	2106.15	0	0
XM_022790777.1	1847	1610.15	0	0
XM_022790778.1	2503	2266.15	0	0
XM_022790779.1	4425	4188.15	0	0
XM_022790780.1	4075	3838.15	0	0
XM_022790781.1	2449	2212.15	0	0
XM_022790782.1	4353	4116.15	0	0
XM_022790783.1	4361	4124.15	0	0
XM_022790784.1	4295	4058.15	0	0
XM_022790785.1	2450	2213.15	0	0
XM_022790786.1	2478	2241.15	0	0
XM_022790787.1	4411	4174.15	0	0
XM_022790788.1	4408	4171.15	0	0
XM_022790789.1	4378	4141.15	0	0
XM_022790790.1	2513	2276.15	0	0
XM_022790791.1	2737	2500.15	0	0
XM_022790792.1	2510	2273.15	0	0
XM_022790793.1	4405	4168.15	0	0
XM_022790794.1	2340	2103.15	0	0
XM_022790795.1	2593	2356.15	0	0
XM_022790796.1	2218	1981.15	0	0
XM_022790797.1	7532	7295.15	0	0
XM_022790798.1	6219	5982.15	0	0
XM_022790799.1	7801	7564.15	0	0
XM_022790800.1	6149	5912.15	0	0
XM_022790801.1	972	735.297	0	0
XM_022790802.1	1319	1082.15	0	0
XM_022790803.1	3972	3735.15	0	0
XM_022790804.1	2301	2064.15	0	0
XM_022790805.1	779	543.553	0	0
XM_022790806.1	1915	1678.15	0	0
XM_022790807.1	475	255.24	0	0
XM_022790808.1	2361	2124.15	0	0
XM_022790809.1	2488	2251.15	0	0
XM_022790810.1	2462	2225.15	0	0
XM_022790811.1	2605	2368.15	0	0
XM_022790812.1	4937	4700.15	0	0
XM_022790813.1	9065	8828.15	0	0
XM_022790814.1	4478	4241.15	0	0
XM_022790815.1	4570	4333.15	0	0
XM_022790816.1	4934	4697.15	0	0
XM_022790817.1	3347	3110.15	0	0
XM_022790818.1	3226	2989.15	0	0
XM_022790819.1	1930	1693.15	0	0
XM_022790820.1	1671	1434.15	0	0
XM_022790821.1	1628	1391.15	0	0
XM_022790822.1	1622	1385.15	0	0
XM_022790823.1	9040	8803.15	0	0
XM_022790824.1	1667	1430.15	0	0
XM_022790825.1	2435	2198.15	0	0
XM_022790826.1	2459	2222.15	0	0
XM_022790827.1	2492	2255.15	0	0
XM_022790828.1	2806	2569.15	0	0
XM_022790829.1	2447	2210.15	0	0
XM_022790830.1	2323	2086.15	0	0
XM_022790831.1	2480	2243.15	0	0
XM_022790832.1	2794	2557.15	0	0
XM_022790833.1	2394	2157.15	0	0
XM_022790834.1	7454	7217.15	0	0
XM_022790835.1	2370	2133.15	0	0
XM_022790836.1	2742	2505.15	0	0
XM_022790837.1	2382	2145.15	0	0
XM_022790838.1	2195	1958.15	0	0
XM_022790839.1	2258	2021.15	0	0
XM_022790840.1	2358	2121.15	0	0
XM_022790841.1	2730	2493.15	0	0
XM_022790842.1	1110	873.148	0	0
XM_022790843.1	1268	1031.15	0	0
XM_022790844.1	1919	1682.15	0	0
XM_022790845.1	1256	1019.15	0	0
XM_022790846.1	1990	1753.15	0	0
XM_022790847.1	1984	1747.15	0	0
XM_022790848.1	1911	1674.15	0	0
XM_022790849.1	1948	1711.15	0	0
XM_022790850.1	1260	1023.15	0	0
XM_022790851.1	1448	1211.15	0	0
XM_022790852.1	1378	1141.15	0	0
XM_022790853.1	1402	1165.15	0	0
XM_022790854.1	4239	4002.15	0	0
XM_022790855.1	2898	2661.15	0	0
XM_022790856.1	1909	1672.15	0	0
XM_022790857.1	9839	9602.15	0	0
XM_022790858.1	9782	9545.15	0	0
XM_022790859.1	3676	3439.15	0	0
XM_022790860.1	3299	3062.15	0	0
XM_022790861.1	2252	2015.15	0	0
XM_022790862.1	487	265.714	0	0
XM_022790863.1	1214	977.148	0	0
XM_022790864.1	6512	6275.15	0	0
XM_022790865.1	5708	5471.15	0	0
XM_022790866.1	4220	3983.15	0	0
XM_022790867.1	995	758.224	0	0
XM_022790868.1	916	679.72	0	0
XM_022790869.1	844	608.102	0	0
XM_022790870.1	921	684.652	0	0
XM_022790871.1	851	615.102	0	0
XM_022790872.1	1210	973.148	0	0
XM_022790873.1	845	609.102	0	0
XM_022790874.1	6330	6093.15	0	0
XM_022790875.1	4155	3918.15	0	0
XM_022790876.1	2521	2284.15	0	0
XM_022790877.1	2518	2281.15	0	0
XM_022790878.1	2161	1924.15	0	0
XM_022790879.1	1120	883.148	0	0
XM_022790880.1	7131	6894.15	0	0
XM_022790881.1	7215	6978.15	0	0
XM_022790882.1	6881	6644.15	0	0
XM_022790883.1	6877	6640.15	0	0
XM_022790884.1	6882	6645.15	0	0
XM_022790885.1	6925	6688.15	0	0
XM_022790886.1	7265	7028.15	0	0
XM_022790887.1	6995	6758.15	0	0
XM_022790888.1	6749	6512.15	0	0
XM_022790889.1	5649	5412.15	0	0
XM_022790890.1	5065	4828.15	0	0
XM_022790891.1	1378	1141.15	0	0
XM_022790892.1	3008	2771.15	0	0
XM_022790893.1	2701	2464.15	0	0
XM_022790894.1	1241	1004.15	0	0
XM_022790895.1	6588	6351.15	0	0
XM_022790896.1	6512	6275.15	0	0
XM_022790897.1	6297	6060.15	0	0
XM_022790898.1	6170	5933.15	0	0
XM_022790899.1	6474	6237.15	0	0
XM_022790900.1	6093	5856.15	0	0
XM_022790901.1	6256	6019.15	0	0
XM_022790902.1	3398	3161.15	0	0
XM_022790903.1	3401	3164.15	0	0
XM_022790904.1	2196	1959.15	0	0
XM_022790905.1	5943	5706.15	0	0
XM_022790906.1	1875	1638.15	0	0
XM_022790907.1	5998	5761.15	0	0
XM_022790908.1	6306	6069.15	0	0
XM_022790909.1	4818	4581.15	3.08509e-05	1.22982e-06
XM_022790910.1	4770	4533.15	1.00978	0.0406791
XM_022790911.1	2854	2617.15	0	0
XM_022790912.1	3197	2960.15	0	0
XM_022790913.1	3297	3060.15	0	0
XM_022790914.1	2431	2194.15	0	0
XM_022790915.1	2115	1878.15	0	0
XM_022790916.1	7747	7510.15	0	0
XM_022790917.1	3238	3001.15	0	0
XM_022790918.1	2884	2647.15	0	0
XM_022790919.1	3750	3513.15	0	0
XM_022790920.1	3719	3482.15	0	0
XM_022790921.1	3206	2969.15	0	0
XM_022790922.1	3191	2954.15	0	0
XM_022790923.1	3241	3004.15	0	0
XM_022790924.1	3685	3448.15	0	0
XM_022790925.1	4320	4083.15	0	0
XM_022790926.1	7609	7372.15	0	0
XM_022790927.1	5489	5252.15	0	0
XM_022790928.1	4114	3877.15	0	0
XM_022790929.1	2503	2266.15	0	0
XM_022790930.1	3929	3692.15	0	0
XM_022790931.1	3352	3115.15	0	0
XM_022790932.1	1095	858.148	0	0
XM_022790933.1	1013	776.148	0	0
XM_022790934.1	2632	2395.15	0	0
XM_022790935.1	3104	2867.15	0	0
XM_022790936.1	2385	2148.15	0	0
XM_022790937.1	2902	2665.15	0	0
XM_022790938.1	2803	2566.15	0	0
XM_022790939.1	1234	997.148	0	0
XM_022790940.1	1085	848.148	0	0
XM_022790941.1	3406	3169.15	0	0
XM_022790942.1	1140	903.148	0	0
XM_022790943.1	1093	856.148	0	0
XM_022790944.1	1077	840.148	0	0
XM_022790945.1	1082	845.148	0	0
XM_022790946.1	1151	914.148	0	0
XM_022790947.1	590	358.82	0	0
XM_022790948.1	8590	8353.15	0	0
XM_022790949.1	2064	1827.15	0	0
XM_022790950.1	7005	6768.15	0	0
XM_022790951.1	2274	2037.15	0	0
XM_022790952.1	1717	1480.15	0	0
XM_022790953.1	1531	1294.15	1	0.141112
XM_022790954.1	5641	5404.15	0	0
XM_022790955.1	5659	5422.15	0	0
XM_022790956.1	5660	5423.15	0	0
XM_022790957.1	1050	813.148	0	0
XM_022790958.1	984	747.224	0	0
XM_022790959.1	899	662.72	0	0
XM_022790960.1	4596	4359.15	0	0
XM_022790961.1	14613	14376.1	0	0
XM_022790962.1	4045	3808.15	0	0
XM_022790963.1	3944	3707.15	0	0
XM_022790964.1	3647	3410.15	0	0
XM_022790965.1	3444	3207.15	0	0
XM_022790966.1	10133	9896.15	0	0
XM_022790967.1	3113	2876.15	0	0
XM_022790968.1	3079	2842.15	0	0
XM_022790969.1	3632	3395.15	0	0
XM_022790970.1	3526	3289.15	0	0
XM_022790971.1	3495	3258.15	0	0
XM_022790972.1	3086	2849.15	0	0
XM_022790973.1	3082	2845.15	0	0
XM_022790974.1	1816	1579.15	0	0
XM_022790975.1	1754	1517.15	0	0
XM_022790976.1	9822	9585.15	0	0
XM_022790977.1	2866	2629.15	0	0
XM_022790978.1	2860	2623.15	0	0
XM_022790979.1	1266	1029.15	0	0
XM_022790980.1	1655	1418.15	0	0
XM_022790981.1	1470	1233.15	0	0
XM_022790982.1	1758	1521.15	0	0
XM_022790983.1	6587	6350.15	0	0
XM_022790984.1	4420	4183.15	0	0
XM_022790985.1	6062	5825.15	0	0
XM_022790986.1	6272	6035.15	0	0
XM_022790987.1	3328	3091.15	0	0
XM_022790988.1	1450	1213.15	0	0
XM_022790989.1	1892	1655.15	0	0
XM_022790990.1	1431	1194.15	0	0
XM_022790991.1	1383	1146.15	0	0
XM_022790992.1	2977	2740.15	0	0
XM_022790993.1	5184	4947.15	0	0
XM_022790994.1	4941	4704.15	0	0
XM_022790995.1	4945	4708.15	0	0
XM_022790996.1	1949	1712.15	0	0
XM_022790997.1	4262	4025.15	0	0
XM_022790998.1	2537	2300.15	0	0
XM_022790999.1	2268	2031.15	0	0
XM_022791000.1	6203	5966.15	0	0
XM_022791001.1	6200	5963.15	0	0
XM_022791002.1	6201	5964.15	0	0
XM_022791003.1	6191	5954.15	0	0
XM_022791004.1	4366	4129.15	0	0
XM_022791005.1	7272	7035.15	0	0
XM_022791006.1	692	457.704	0	0
XM_022791007.1	2773	2536.15	0	0
XM_022791008.1	4026	3789.15	0	0
XM_022791009.1	3334	3097.15	0	0
XM_022791010.1	6695	6458.15	0	0
XM_022791011.1	6626	6389.15	0	0
XM_022791012.1	2769	2532.15	0	0
XM_022791013.1	1351	1114.15	0	0
XM_022791014.1	1265	1028.15	0	0
XM_022791015.1	1705	1468.15	0	0
XM_022791016.1	4235	3998.15	0	0
XM_022791017.1	1207	970.148	0	0
XM_022791018.1	1149	912.148	0	0
XM_022791019.1	1165	928.148	0	0
XM_022791020.1	1149	912.148	0	0
XM_022791021.1	1136	899.148	0	0
XM_022791022.1	2139	1902.15	0	0
XM_022791023.1	1114	877.148	0	0
XM_022791024.1	1114	877.148	0	0
XM_022791025.1	895	658.786	0	0
XM_022791026.1	1045	808.148	0	0
XM_022791027.1	10574	10337.1	0	0
XM_022791028.1	10568	10331.1	0	0
XM_022791029.1	10524	10287.1	0	0
XM_022791030.1	12800	12563.1	0	0
XM_022791031.1	13031	12794.1	0	0
XM_022791032.1	2523	2286.15	0	0
XM_022791033.1	10145	9908.15	0	0
XM_022791034.1	1748	1511.15	0	0
XM_022791035.1	1742	1505.15	0	0
XM_022791036.1	2627	2390.15	0	0
XM_022791037.1	3028	2791.15	0	0
XM_022791038.1	3025	2788.15	0	0
XM_022791039.1	3325	3088.15	0	0
XM_022791040.1	3322	3085.15	0	0
XM_022791041.1	1822	1585.15	0	0
XM_022791042.1	10126	9889.15	0	0
XM_022791043.1	1806	1569.15	0	0
XM_022791044.1	1776	1539.15	0	0
XM_022791045.1	1736	1499.15	0	0
XM_022791046.1	5500	5263.15	0	0
XM_022791047.1	5379	5142.15	0	0
XM_022791048.1	5248	5011.15	0	0
XM_022791049.1	10659	10422.1	0	0
XM_022791050.1	3662	3425.15	0	0
XM_022791051.1	3300	3063.15	0	0
XM_022791052.1	1504	1267.15	0	0
XM_022791053.1	1445	1208.15	0	0
XM_022791054.1	1394	1157.15	0	0
XM_022791055.1	664	430.548	0	0
XM_022791056.1	8459	8222.15	0	0
XM_022791057.1	3727	3490.15	0	0
XM_022791058.1	3831	3594.15	0	0
XM_022791059.1	3150	2913.15	0	0
XM_022791060.1	2937	2700.15	0	0
XM_022791061.1	2852	2615.15	0	0
XM_022791062.1	3388	3151.15	0	0
XM_022791063.1	3664	3427.15	0	0
XM_022791064.1	2745	2508.15	0	0
XM_022791065.1	1980	1743.15	0	0
XM_022791066.1	1953	1716.15	0	0
XM_022791067.1	1442	1205.15	0	0
XM_022791068.1	1978	1741.15	0	0
XM_022791069.1	1323	1086.15	0	0
XM_022791070.1	1197	960.148	0	0
XM_022791071.1	1166	929.148	0	0
XM_022791072.1	1349	1112.15	0	0
XM_022791073.1	11189	10952.1	0	0
XM_022791074.1	3059	2822.15	0	0
XM_022791075.1	3342	3105.15	0	0
XM_022791076.1	1101	864.148	0	0
XM_022791077.1	2341	2104.15	0	0
XM_022791078.1	1462	1225.15	0	0
XM_022791079.1	7724	7487.15	0	0
XM_022791080.1	1666	1429.15	0	0
XM_022791081.1	8636	8399.15	0	0
XM_022791082.1	8428	8191.15	0	0
XM_022791083.1	7871	7634.15	0	0
XM_022791084.1	8529	8292.15	0	0
XM_022791085.1	8536	8299.15	0	0
XM_022791086.1	8353	8116.15	0	0
XM_022791087.1	6371	6134.15	0	0
XM_022791088.1	7616	7379.15	0	0
XM_022791089.1	7684	7447.15	0	0
XM_022791090.1	7657	7420.15	0	0
XM_022791091.1	3052	2815.15	0	0
XM_022791092.1	2868	2631.15	0	0
XM_022791093.1	1219	982.148	0	0
XM_022791094.1	1213	976.148	0	0
XM_022791095.1	1172	935.148	0	0
XM_022791096.1	3179	2942.15	0	0
XM_022791097.1	932	695.652	0	0
XM_022791098.1	1063	826.148	0	0
XM_022791099.1	3239	3002.15	0	0
XM_022791100.1	3640	3403.15	0	0
XM_022791101.1	3422	3185.15	0	0
XM_022791102.1	3229	2992.15	0	0
XM_022791103.1	3637	3400.15	0	0
XM_022791104.1	4736	4499.15	0	0
XM_022791105.1	3524	3287.15	0	0
XM_022791106.1	858	622.04	0	0
XM_022791107.1	1216	979.148	0	0
XM_022791108.1	1432	1195.15	0	0
XM_022791109.1	5633	5396.15	0	0
XM_022791110.1	5694	5457.15	0	0
XM_022791111.1	6065	5828.15	0	0
XM_022791112.1	5915	5678.15	0	0
XM_022791113.1	5751	5514.15	0	0
XM_022791114.1	5387	5150.15	0	0
XM_022791115.1	4060	3823.15	0	0
XM_022791116.1	5178	4941.15	0	0
XM_022791117.1	4533	4296.15	0	0
XM_022791118.1	4689	4452.15	0	0
XM_022791119.1	4996	4759.15	0	0
XM_022791120.1	4988	4751.15	0	0
XM_022791121.1	6523	6286.15	0	0
XM_022791122.1	4798	4561.15	0	0
XM_022791123.1	4543	4306.15	0	0
XM_022791124.1	2524	2287.15	0	0
XM_022791125.1	10296	10059.1	0	0
XM_022791126.1	1616	1379.15	0	0
XM_022791127.1	3035	2798.15	0	0
XM_022791128.1	2451	2214.15	0	0
XM_022791129.1	1278	1041.15	0	0
XM_022791130.1	756	520.871	0	0
XM_022791131.1	6324	6087.15	0	0
XM_022791132.1	5858	5621.15	0	0
XM_022791133.1	6138	5901.15	0	0
XM_022791134.1	6641	6404.15	0	0
XM_022791135.1	9802	9565.15	0	0
XM_022791136.1	5578	5341.15	0	0
XM_022791137.1	6366	6129.15	0	0
XM_022791138.1	2660	2423.15	0	0
XM_022791139.1	2839	2602.15	0	0
XM_022791140.1	2771	2534.15	0	0
XM_022791141.1	2335	2098.15	0	0
XM_022791142.1	2525	2288.15	0	0
XM_022791143.1	2458	2221.15	0	0
XM_022791144.1	2253	2016.15	0	0
XM_022791145.1	10494	10257.1	0	0
XM_022791146.1	1309	1072.15	0	0
XM_022791147.1	4861	4624.15	0	0
XM_022791148.1	4419	4182.15	0	0
XM_022791149.1	4808	4571.15	0	0
XM_022791150.1	4738	4501.15	0	0
XM_022791151.1	4569	4332.15	0	0
XM_022791152.1	3778	3541.15	0	0
XM_022791153.1	3807	3570.15	0	0
XM_022791154.1	4340	4103.15	0	0
XM_022791155.1	3987	3750.15	0	0
XM_022791156.1	3699	3462.15	0	0
XM_022791157.1	7091	6854.15	0	0
XM_022791158.1	6397	6160.15	0	0
XM_022791159.1	6438	6201.15	0	0
XM_022791160.1	2934	2697.15	0	0
XM_022791161.1	2501	2264.15	0	0
XM_022791162.1	2486	2249.15	0	0
XM_022791163.1	2090	1853.15	0	0
XM_022791164.1	1967	1730.15	0	0
XM_022791165.1	12322	12085.1	0	0
XM_022791166.1	12310	12073.1	0	0
XM_022791167.1	3905	3668.15	0	0
XM_022791168.1	12188	11951.1	0	0
XM_022791169.1	10375	10138.1	0	0
XM_022791170.1	6857	6620.15	0	0
XM_022791171.1	6778	6541.15	0	0
XM_022791172.1	6773	6536.15	0	0
XM_022791173.1	4650	4413.15	0	0
XM_022791174.1	4629	4392.15	0	0
XM_022791175.1	1802	1565.15	0	0
XM_022791176.1	1782	1545.15	0	0
XM_022791177.1	3894	3657.15	0	0
XM_022791178.1	1298	1061.15	0	0
XM_022791179.1	1432	1195.15	0	0
XM_022791180.1	1050	813.148	0	0
XM_022791181.1	4271	4034.15	0	0
XM_022791182.1	4124	3887.15	0	0
XM_022791183.1	4524	4287.15	0	0
XM_022791184.1	4044	3807.15	0	0
XM_022791185.1	4043	3806.15	0	0
XM_022791186.1	3764	3527.15	0	0
XM_022791187.1	3882	3645.15	0	0
XM_022791188.1	1459	1222.15	0	0
XM_022791189.1	1136	899.148	0	0
XM_022791190.1	1455	1218.15	0	0
XM_022791191.1	1789	1552.15	0	0
XM_022791192.1	1132	895.148	0	0
XM_022791193.1	1785	1548.15	0	0
XM_022791194.1	2685	2448.15	0	0
XM_022791195.1	2512	2275.15	0	0
XM_022791196.1	3870	3633.15	0	0
XM_022791197.1	2448	2211.15	0	0
XM_022791198.1	6899	6662.15	0	0
XM_022791199.1	6907	6670.15	0	0
XM_022791200.1	1188	951.148	0	0
XM_022791201.1	1143	906.148	0	0
XM_022791202.1	977	740.224	0	0
XM_022791203.1	3722	3485.15	0	0
XM_022791204.1	922	685.652	0	0
XM_022791205.1	6418	6181.15	0	0
XM_022791206.1	3203	2966.15	0	0
XM_022791207.1	3170	2933.15	0	0
XM_022791208.1	2716	2479.15	0	0
XM_022791209.1	4661	4424.15	0	0
XM_022791210.1	4323	4086.15	0	0
XM_022791211.1	2683	2446.15	0	0
XM_022791212.1	2679	2442.15	0	0
XM_022791213.1	2617	2380.15	0	0
XM_022791214.1	3516	3279.15	0	0
XM_022791215.1	3131	2894.15	0	0
XM_022791216.1	3547	3310.15	0	0
XM_022791217.1	2631	2394.15	0	0
XM_022791218.1	1510	1273.15	0	0
XM_022791219.1	2960	2723.15	0	0
XM_022791220.1	1976	1739.15	0	0
XM_022791221.1	1939	1702.15	0	0
XM_022791222.1	1976	1739.15	0	0
XM_022791223.1	2544	2307.15	0	0
XM_022791224.1	1506	1269.15	0	0
XM_022791225.1	582	351.575	0	0
XM_022791226.1	1281	1044.15	0	0
XM_022791227.1	2009	1772.15	0	0
XM_022791228.1	4789	4552.15	0	0
XM_022791229.1	5468	5231.15	0	0
XM_022791230.1	8271	8034.15	0	0
XM_022791231.1	3709	3472.15	0	0
XM_022791232.1	4300	4063.15	0	0
XM_022791233.1	1363	1126.15	0	0
XM_022791234.1	3278	3041.15	0	0
XM_022791235.1	3239	3002.15	0	0
XM_022791236.1	3143	2906.15	0	0
XM_022791237.1	4650	4413.15	0	0
XM_022791238.1	1396	1159.15	0	0
XM_022791239.1	2918	2681.15	0	0
XM_022791240.1	3462	3225.15	0	0
XM_022791241.1	2951	2714.15	0	0
XM_022791242.1	1344	1107.15	0	0
XM_022791243.1	2974	2737.15	0	0
XM_022791244.1	3379	3142.15	0	0
XM_022791245.1	2585	2348.15	0	0
XM_022791246.1	3069	2832.15	0	0
XM_022791247.1	3728	3491.15	0	0
XM_022791248.1	1380	1143.15	0	0
XM_022791249.1	1497	1260.15	0	0
XM_022791250.1	1277	1040.15	0	0
XM_022791251.1	1594	1357.15	0	0
XM_022791252.1	1070	833.148	0	0
XM_022791253.1	1832	1595.15	0	0
XM_022791254.1	1882	1645.15	0	0
XM_022791255.1	1545	1308.15	0	0
XM_022791256.1	1560	1323.15	0	0
XM_022791257.1	1549	1312.15	0	0
XM_022791258.1	1409	1172.15	0	0
XM_022791259.1	3371	3134.15	0	0
XM_022791260.1	902	665.72	0	0
XM_022791261.1	5454	5217.15	0	0
XM_022791262.1	5318	5081.15	0	0
XM_022791263.1	5830	5593.15	0	0
XM_022791264.1	6094	5857.15	0	0
XM_022791265.1	6366	6129.15	0	0
XM_022791266.1	3415	3178.15	0	0
XM_022791267.1	1510	1273.15	0	0
XM_022791268.1	3579	3342.15	0	0
XM_022791269.1	2870	2633.15	0	0
XM_022791270.1	2781	2544.15	0	0
XM_022791271.1	2431	2194.15	0	0
XM_022791272.1	945	708.441	0	0
XM_022791273.1	2245	2008.15	0	0
XM_022791274.1	2192	1955.15	0	0
XM_022791275.1	6597	6360.15	0	0
XM_022791276.1	4777	4540.15	0	0
XM_022791277.1	4833	4596.15	0	0
XM_022791278.1	567	337.416	0	0
XM_022791279.1	3456	3219.15	0	0
XM_022791280.1	4205	3968.15	0	0
XM_022791281.1	3707	3470.15	0	0
XM_022791282.1	2275	2038.15	0	0
XM_022791283.1	692	457.704	0	0
XM_022791284.1	1756	1519.15	0	0
XM_022791285.1	2146	1909.15	0	0
XM_022791286.1	1956	1719.15	0	0
XM_022791287.1	1661	1424.15	0	0
XM_022791288.1	2442	2205.15	0	0
XM_022791289.1	4831	4594.15	0	0
XM_022791290.1	4579	4342.15	0	0
XM_022791291.1	4389	4152.15	0	0
XM_022791292.1	3971	3734.15	0	0
XM_022791293.1	2139	1902.15	0	0
XM_022791294.1	1820	1583.15	0	0
XM_022791295.1	2865	2628.15	0	0
XM_022791296.1	2876	2639.15	0	0
XM_022791297.1	2670	2433.15	0	0
XM_022791298.1	2642	2405.15	0	0
XM_022791299.1	2538	2301.15	0	0
XM_022791300.1	3080	2843.15	0	0
XM_022791301.1	2049	1812.15	0	0
XM_022791302.1	1993	1756.15	0	0
XM_022791303.1	650	416.804	0	0
XM_022791304.1	621	388.575	0	0
XM_022791305.1	690	455.704	0	0
XM_022791306.1	2675	2438.15	0	0
XM_022791307.1	2654	2417.15	0	0
XM_022791308.1	4186	3949.15	0	0
XM_022791309.1	2600	2363.15	0	0
XM_022791310.1	2585	2348.15	0	0
XM_022791311.1	2309	2072.15	0	0
XM_022791312.1	1671	1434.15	0	0
XM_022791313.1	2566	2329.15	0	0
XM_022791314.1	2072	1835.15	0	0
XM_022791315.1	1940	1703.15	0	0
XM_022791316.1	1969	1732.15	0	0
XM_022791317.1	1767	1530.15	0	0
XM_022791318.1	1620	1383.15	0	0
XM_022791319.1	4236	3999.15	0	0
XM_022791320.1	2673	2436.15	0	0
XM_022791321.1	2226	1989.15	0	0
XM_022791322.1	2364	2127.15	0	0
XM_022791323.1	1240	1003.15	0	0
XM_022791324.1	1462	1225.15	0	0
XM_022791325.1	2470	2233.15	0	0
XM_022791326.1	4702	4465.15	0	0
XM_022791327.1	1491	1254.15	0	0
XM_022791328.1	1559	1322.15	0	0
XM_022791329.1	1478	1241.15	0	0
XM_022791330.1	1410	1173.15	0	0
XM_022791331.1	2163	1926.15	0	0
XM_022791332.1	918	681.652	0	0
XM_022791333.1	1178	941.148	0	0
XM_022791334.1	2005	1768.15	0	0
XM_022791335.1	4067	3830.15	0	0
XM_022791336.1	5118	4881.15	0	0
XM_022791337.1	6179	5942.15	0	0
XM_022791338.1	6096	5859.15	0	0
XM_022791339.1	4668	4431.15	0	0
XM_022791340.1	1777	1540.15	0	0
XM_022791341.1	2256	2019.15	0	0
XM_022791342.1	1427	1190.15	0	0
XM_022791343.1	1857	1620.15	0	0
XM_022791344.1	1299	1062.15	0	0
XM_022791345.1	765	529.66	0	0
XM_022791346.1	9890	9653.15	0	0
XM_022791347.1	9175	8938.15	0	0
XM_022791348.1	9285	9048.15	0	0
XM_022791349.1	2393	2156.15	0	0
XM_022791350.1	2405	2168.15	0	0
XM_022791351.1	881	644.786	0	0
XM_022791352.1	5046	4809.15	0	0
XM_022791353.1	4998	4761.15	0	0
XM_022791354.1	3840	3603.15	0	0
XM_022791355.1	2794	2557.15	0	0
XM_022791356.1	2492	2255.15	0	0
XM_022791357.1	1331	1094.15	0	0
XM_022791358.1	1407	1170.15	0	0
XM_022791359.1	726	491.327	0	0
XM_022791360.1	7699	7462.15	1.04104	0.0254772
XM_022791361.1	1422	1185.15	0	0
XM_022791362.1	1357	1120.15	0	0
XM_022791363.1	1994	1757.15	0	0
XM_022791364.1	2425	2188.15	0	0
XM_022791365.1	1998	1761.15	0	0
XM_022791366.1	3858	3621.15	0	0
XM_022791367.1	3451	3214.15	0	0
XM_022791368.1	3838	3601.15	0	0
XM_022791369.1	2537	2300.15	0	0
XM_022791370.1	2397	2160.15	0	0
XM_022791371.1	2240	2003.15	0	0
XM_022791372.1	2715	2478.15	0	0
XM_022791373.1	2270	2033.15	0	0
XM_022791374.1	2237	2000.15	0	0
XM_022791375.1	2004	1767.15	0	0
XM_022791376.1	1843	1606.15	0	0
XM_022791377.1	1984	1747.15	0	0
XM_022791378.1	2470	2233.15	0	0
XM_022791379.1	2472	2235.15	0	0
XM_022791380.1	4966	4729.15	0	0
XM_022791381.1	5732	5495.15	0	0
XM_022791382.1	2705	2468.15	0	0
XM_022791383.1	748	512.922	0	0
XM_022791384.1	618	385.73	0	0
XM_022791385.1	610	377.961	0	0
XM_022791386.1	3971	3734.15	0	0
XM_022791387.1	4590	4353.15	0	0
XM_022791388.1	1680	1443.15	0	0
XM_022791389.1	1595	1358.15	0	0
XM_022791390.1	2836	2599.15	0	0
XM_022791391.1	1607	1370.15	0	0
XM_022791392.1	1537	1300.15	0	0
XM_022791393.1	1587	1350.15	0	0
XM_022791394.1	6403	6166.15	0	0
XM_022791395.1	856	620.102	0	0
XM_022791396.1	3361	3124.15	0	0
XM_022791397.1	2594	2357.15	0	0
XM_022791398.1	2634	2397.15	0	0
XM_022791399.1	5921	5684.15	0	0
XM_022791400.1	7240	7003.15	0	0
XM_022791401.1	5774	5537.15	0	0
XM_022791402.1	6703	6466.15	0	0
XM_022791403.1	5917	5680.15	0	0
XM_022791404.1	1983	1746.15	0	0
XM_022791405.1	1779	1542.15	0	0
XM_022791406.1	1341	1104.15	0	0
XM_022791407.1	5487	5250.15	0	0
XM_022791408.1	1470	1233.15	0	0
XM_022791409.1	1733	1496.15	0	0
XM_022791410.1	1745	1508.15	0	0
XM_022791411.1	1730	1493.15	0	0
XM_022791412.1	2656	2419.15	0	0
XM_022791413.1	2283	2046.15	0	0
XM_022791414.1	1600	1363.15	0	0
XM_022791415.1	1650	1413.15	0	0
XM_022791416.1	1515	1278.15	0	0
XM_022791417.1	1699	1462.15	0	0
XM_022791418.1	8373	8136.15	0	0
XM_022791419.1	6526	6289.15	0	0
XM_022791420.1	6052	5815.15	0	0
XM_022791421.1	5885	5648.15	0	0
XM_022791422.1	6487	6250.15	0	0
XM_022791423.1	863	626.978	0	0
XM_022791424.1	11458	11221.1	0	0
XM_022791425.1	11270	11033.1	0	0
XM_022791426.1	11179	10942.1	0	0
XM_022791427.1	977	740.224	0	0
XM_022791428.1	1490	1253.15	0	0
XM_022791429.1	1773	1536.15	0	0
XM_022791430.1	1617	1380.15	0	0
XM_022791431.1	1823	1586.15	0	0
XM_022791432.1	1649	1412.15	0	0
XM_022791433.1	2672	2435.15	0	0
XM_022791434.1	986	749.224	0	0
XM_022791435.1	3036	2799.15	0	0
XM_022791436.1	2919	2682.15	0	0
XM_022791437.1	1353	1116.15	0	0
XM_022791438.1	2409	2172.15	0	0
XM_022791439.1	4935	4698.15	0	0
XM_022791440.1	2753	2516.15	0	0
XM_022791441.1	2411	2174.15	0	0
XM_022791442.1	4460	4223.15	0	0
XM_022791443.1	3951	3714.15	0	0
XM_022791444.1	781	545.553	0	0
XM_022791445.1	3596	3359.15	0	0
XM_022791446.1	2913	2676.15	0	0
XM_022791447.1	2648	2411.15	0	0
XM_022791448.1	4739	4502.15	0	0
XM_022791449.1	2595	2358.15	0	0
XM_022791450.1	1762	1525.15	0	0
XM_022791451.1	2045	1808.15	0	0
XM_022791452.1	4280	4043.15	0	0
XM_022791453.1	714	479.425	0	0
XM_022791454.1	5247	5010.15	0	0
XM_022791455.1	4551	4314.15	0	0
XM_022791456.1	4794	4557.15	0	0
XM_022791457.1	4456	4219.15	0	0
XM_022791458.1	4667	4430.15	0	0
XM_022791459.1	5080	4843.15	0	0
XM_022791460.1	5076	4839.15	0	0
XM_022791461.1	5277	5040.15	0	0
XM_022791462.1	5058	4821.15	0	0
XM_022791463.1	4885	4648.15	0	0
XM_022791464.1	4815	4578.15	0	0
XM_022791465.1	3332	3095.15	0	0
XM_022791466.1	3135	2898.15	0	0
XM_022791467.1	1314	1077.15	0	0
XM_022791468.1	1398	1161.15	0	0
XM_022791469.1	8213	7976.15	0	0
XM_022791470.1	2690	2453.15	0	0
XM_022791471.1	2689	2452.15	0	0
XM_022791472.1	2594	2357.15	0	0
XM_022791473.1	1198	961.148	0	0
XM_022791474.1	6261	6024.15	0	0
XM_022791475.1	6097	5860.15	0	0
XM_022791476.1	6091	5854.15	0	0
XM_022791477.1	3172	2935.15	0	0
XM_022791478.1	3170	2933.15	0	0
XM_022791479.1	5756	5519.15	0	0
XM_022791480.1	3087	2850.15	0	0
XM_022791481.1	3100	2863.15	0	0
XM_022791482.1	2043	1806.15	0	0
XM_022791483.1	18106	17869.1	0	0
XM_022791484.1	2174	1937.15	0	0
XM_022791485.1	6000	5763.15	0	0
XM_022791486.1	5057	4820.15	0	0
XM_022791487.1	4789	4552.15	0	0
XM_022791488.1	5015	4778.15	0	0
XM_022791489.1	5997	5760.15	0	0
XM_022791490.1	5994	5757.15	0	0
XM_022791491.1	3083	2846.15	0	0
XM_022791492.1	17942	17705.1	0	0
XM_022791493.1	2721	2484.15	0	0
XM_022791494.1	2672	2435.15	0	0
XM_022791495.1	1992	1755.15	0	0
XM_022791496.1	1999	1762.15	0	0
XM_022791497.1	1878	1641.15	0	0
XM_022791498.1	3623	3386.15	0	0
XM_022791499.1	2873	2636.15	0	0
XM_022791500.1	2387	2150.15	0	0
XM_022791501.1	17975	17738.1	0	0
XM_022791502.1	1607	1370.15	0	0
XM_022791503.1	4304	4067.15	0	0
XM_022791504.1	4163	3926.15	0	0
XM_022791505.1	3998	3761.15	0	0
XM_022791506.1	4101	3864.15	0	0
XM_022791507.1	4160	3923.15	0	0
XM_022791508.1	3828	3591.15	0	0
XM_022791509.1	1673	1436.15	0	0
XM_022791510.1	17786	17549.1	0	0
XM_022791511.1	1396	1159.15	0	0
XM_022791512.1	1370	1133.15	0	0
XM_022791513.1	1275	1038.15	0	0
XM_022791514.1	1379	1142.15	0	0
XM_022791515.1	1376	1139.15	0	0
XM_022791516.1	989	752.224	0	0
XM_022791517.1	2084	1847.15	0	0
XM_022791518.1	1623	1386.15	0	0
XM_022791519.1	1610	1373.15	0	0
XM_022791520.1	1605	1368.15	0	0
XM_022791521.1	17858	17621.1	0	0
XM_022791522.1	1203	966.148	0	0
XM_022791523.1	994	757.224	0	0
XM_022791524.1	1857	1620.15	0	0
XM_022791525.1	1915	1678.15	0	0
XM_022791526.1	1635	1398.15	0	0
XM_022791527.1	3315	3078.15	0	0
XM_022791528.1	3446	3209.15	0	0
XM_022791529.1	5393	5156.15	0	0
XM_022791530.1	3310	3073.15	0	0
XM_022791531.1	17538	17301.1	0	0
XM_022791532.1	3281	3044.15	0	0
XM_022791533.1	2939	2702.15	0	0
XM_022791534.1	3574	3337.15	0	0
XM_022791535.1	3932	3695.15	0	0
XM_022791536.1	3503	3266.15	0	0
XM_022791537.1	1690	1453.15	0	0
XM_022791538.1	2043	1806.15	0	0
XM_022791539.1	17951	17714.1	0	0
XM_022791540.1	4725	4488.15	0	0
XM_022791541.1	3335	3098.15	0	0
XM_022791542.1	3552	3315.15	0	0
XM_022791543.1	3037	2800.15	0	0
XM_022791544.1	2834	2597.15	0	0
XM_022791545.1	7006	6769.15	0	0
XM_022791546.1	6902	6665.15	0	0
XM_022791547.1	11646	11409.1	0	0
XM_022791548.1	6845	6608.15	0	0
XM_022791549.1	5997	5760.15	0	0
XM_022791550.1	7264	7027.15	0	0
XM_022791551.1	10844	10607.1	2.00911	0.0345901
XM_022791552.1	7196	6959.15	0	0
XM_022791553.1	4948	4711.15	0	0
XM_022791554.1	4822	4585.15	0	0
XM_022791555.1	16544	16307.1	0	0
XM_022791556.1	7708	7471.15	0	0
XM_022791557.1	4131	3894.15	0	0
XM_022791558.1	4061	3824.15	0	0
XM_022791559.1	4192	3955.15	0	0
XM_022791560.1	4048	3811.15	0	0
XM_022791561.1	6335	6098.15	0	0
XM_022791562.1	2622	2385.15	0	0
XM_022791563.1	14577	14340.1	0	0
XM_022791564.1	4988	4751.15	0	0
XM_022791565.1	5056	4819.15	0	0
XM_022791566.1	5517	5280.15	0	0
XM_022791567.1	4314	4077.15	0	0
XM_022791568.1	5736	5499.15	0	0
XM_022791569.1	5679	5442.15	0	0
XM_022791570.1	4334	4097.15	0	0
XM_022791571.1	5705	5468.15	0	0
XM_022791572.1	4563	4326.15	0	0
XM_022791573.1	14412	14175.1	0	0
XM_022791574.1	2404	2167.15	0	0
XM_022791575.1	2198	1961.15	0	0
XM_022791576.1	833	597.102	0	0
XM_022791577.1	972	735.297	0	0
XM_022791578.1	985	748.224	0	0
XM_022791579.1	814	578.22	0	0
XM_022791580.1	2480	2243.15	0	0
XM_022791581.1	2491	2254.15	0	0
XM_022791582.1	14412	14175.1	0	0
XM_022791583.1	2188	1951.15	0	0
XM_022791584.1	2798	2561.15	0	0
XM_022791585.1	2145	1908.15	0	0
XM_022791586.1	869	632.915	0	0
XM_022791587.1	1120	883.148	0	0
XM_022791588.1	3998	3761.15	0	0
XM_022791589.1	5743	5506.15	0	0
XM_022791590.1	14391	14154.1	0	0
XM_022791591.1	5791	5554.15	0	0
XM_022791592.1	5621	5384.15	0	0
XM_022791593.1	6866	6629.15	0	0
XM_022791594.1	2452	2215.15	0	0
XM_022791595.1	1762	1525.15	0	0
XM_022791596.1	1033	796.148	0	0
XM_022791597.1	1067	830.148	0	0
XM_022791598.1	2461	2224.15	0	0
XM_022791599.1	2384	2147.15	0	0
XM_022791600.1	2397	2160.15	0	0
XM_022791601.1	2836	2599.15	0	0
XM_022791602.1	2797	2560.15	0	0
XM_022791603.1	3083	2846.15	0	0
XM_022791604.1	2309	2072.15	0	0
XM_022791605.1	5522	5285.15	0	0
XM_022791606.1	2120	1883.15	0	0
XM_022791607.1	2160	1923.15	0	0
XM_022791608.1	2758	2521.15	0	0
XM_022791609.1	2700	2463.15	0	0
XM_022791610.1	2611	2374.15	0	0
XM_022791611.1	2555	2318.15	0	0
XM_022791612.1	2439	2202.15	0	0
XM_022791613.1	8832	8595.15	0	0
XM_022791614.1	8933	8696.15	0	0
XM_022791615.1	8926	8689.15	0	0
XM_022791616.1	8825	8588.15	0	0
XM_022791617.1	4381	4144.15	0	0
XM_022791618.1	2202	1965.15	0	0
XM_022791619.1	2140	1903.15	0	0
XM_022791620.1	1490	1253.15	0	0
XM_022791621.1	5876	5639.15	0	0
XM_022791622.1	2330	2093.15	0	0
XM_022791623.1	6031	5794.15	0	0
XM_022791624.1	5894	5657.15	0	0
XM_022791625.1	5775	5538.15	0	0
XM_022791626.1	5737	5500.15	0	0
XM_022791627.1	5820	5583.15	0	0
XM_022791628.1	7216	6979.15	0	0
XM_022791629.1	1281	1044.15	0	0
XM_022791630.1	1178	941.148	0	0
XM_022791631.1	1158	921.148	0	0
XM_022791632.1	1289	1052.15	0	0
XM_022791633.1	2822	2585.15	0	0
XM_022791634.1	2414	2177.15	0	0
XM_022791635.1	1482	1245.15	0	0
XM_022791636.1	1467	1230.15	0	0
XM_022791637.1	1486	1249.15	0	0
XM_022791638.1	2320	2083.15	0	0
XM_022791639.1	2622	2385.15	0	0
XM_022791640.1	1554	1317.15	0	0
XM_022791641.1	2501	2264.15	0	0
XM_022791642.1	2341	2104.15	0	0
XM_022791643.1	1518	1281.15	0	0
XM_022791644.1	2764	2527.15	0	0
XM_022791645.1	3430	3193.15	0	0
XM_022791646.1	3339	3102.15	0	0
XM_022791647.1	3053	2816.15	0	0
XM_022791648.1	6526	6289.15	0	0
XM_022791649.1	3975	3738.15	0	0
XM_022791650.1	2766	2529.15	0	0
XM_022791651.1	3213	2976.15	0	0
XM_022791652.1	5026	4789.15	0	0
XM_022791653.1	4053	3816.15	0	0
XM_022791654.1	4896	4659.15	0	0
XM_022791655.1	1963	1726.15	0	0
XM_022791656.1	1945	1708.15	0	0
XM_022791657.1	6990	6753.15	0	0
XM_022791658.1	1805	1568.15	0	0
XM_022791659.1	8260	8023.15	0	0
XM_022791660.1	6270	6033.15	0	0
XM_022791661.1	8392	8155.15	0	0
XM_022791662.1	8327	8090.15	0	0
XM_022791663.1	7798	7561.15	0	0
XM_022791664.1	2578	2341.15	0	0
XM_022791665.1	2553	2316.15	0	0
XM_022791666.1	6349	6112.15	0	0
XM_022791667.1	3208	2971.15	0	0
XM_022791668.1	2843	2606.15	0	0
XM_022791669.1	2829	2592.15	0	0
XM_022791670.1	3197	2960.15	0	0
XM_022791671.1	2765	2528.15	0	0
XM_022791672.1	2745	2508.15	0	0
XM_022791673.1	2809	2572.15	0	0
XM_022791674.1	2847	2610.15	0	0
XM_022791675.1	3869	3632.15	0	0
XM_022791676.1	1357	1120.15	0	0
XM_022791677.1	3832	3595.15	0	0
XM_022791678.1	3942	3705.15	0	0
XM_022791679.1	2607	2370.15	0	0
XM_022791680.1	2179	1942.15	0	0
XM_022791681.1	2663	2426.15	0	0
XM_022791682.1	634	401.216	0	0
XM_022791683.1	710	475.425	0	0
XM_022791684.1	3644	3407.15	0	0
XM_022791685.1	3637	3400.15	0	0
XM_022791686.1	2922	2685.15	0	0
XM_022791687.1	3927	3690.15	0	0
XM_022791688.1	1727	1490.15	0	0
XM_022791689.1	3580	3343.15	0	0
XM_022791690.1	3560	3323.15	0	0
XM_022791691.1	2847	2610.15	0	0
XM_022791692.1	906	669.72	0	0
XM_022791693.1	920	683.652	0	0
XM_022791694.1	834	598.102	0	0
XM_022791695.1	2184	1947.15	0	0
XM_022791696.1	2139	1902.15	0	0
XM_022791697.1	2109	1872.15	0	0
XM_022791698.1	5675	5438.15	0	0
XM_022791699.1	1449	1212.15	0	0
XM_022791700.1	2920	2683.15	0	0
XM_022791701.1	1932	1695.15	0	0
XM_022791702.1	4424	4187.15	0	0
XM_022791703.1	1329	1092.15	0	0
XM_022791704.1	2206	1969.15	0	0
XM_022791705.1	1027	790.148	0	0
XM_022791706.1	825	589.162	0	0
XM_022791707.1	5629	5392.15	0	0
XM_022791708.1	5258	5021.15	0	0
XM_022791709.1	5018	4781.15	0	0
XM_022791710.1	4024	3787.15	0	0
XM_022791711.1	1953	1716.15	0	0
XM_022791712.1	4539	4302.15	0	0
XM_022791713.1	846	610.102	0	0
XM_022791714.1	838	602.102	0	0
XM_022791715.1	12454	12217.1	0	0
XM_022791716.1	9429	9192.15	20.6424	0.4101
XM_022791717.1	2450	2213.15	0	0
XM_022791718.1	1848	1611.15	0	0
XM_022791719.1	4975	4738.15	0	0
XM_022791720.1	4954	4717.15	0	0
XM_022791721.1	4559	4322.15	0	0
XM_022791722.1	3990	3753.15	0	0
XM_022791723.1	4228	3991.15	0	0
XM_022791724.1	4232	3995.15	0	0
XM_022791725.1	4043	3806.15	0	0
XM_022791726.1	4243	4006.15	0	0
XM_022791727.1	4375	4138.15	0	0
XM_022791728.1	4070	3833.15	0	0
XM_022791729.1	4895	4658.15	0	0
XM_022791730.1	3938	3701.15	0	0
XM_022791731.1	1301	1064.15	0	0
XM_022791732.1	1244	1007.15	0	0
XM_022791733.1	1276	1039.15	0	0
XM_022791734.1	1251	1014.15	0	0
XM_022791735.1	3729	3492.15	0	0
XM_022791736.1	3726	3489.15	0	0
XM_022791737.1	3726	3489.15	0	0
XM_022791738.1	1898	1661.15	0	0
XM_022791739.1	827	591.162	0	0
XM_022791740.1	2139	1902.15	0	0
XM_022791741.1	2129	1892.15	0	0
XM_022791742.1	2842	2605.15	0	0
XM_022791743.1	1952	1715.15	0	0
XM_022791744.1	4981	4744.15	0	0
XM_022791745.1	2399	2162.15	0	0
XM_022791746.1	2297	2060.15	0	0
XM_022791747.1	1151	914.148	0	0
XM_022791748.1	995	758.224	0	0
XM_022791749.1	811	575.22	0	0
XM_022791750.1	5108	4871.15	0	0
XM_022791751.1	4292	4055.15	0	0
XM_022791752.1	3266	3029.15	0	0
XM_022791753.1	1461	1224.15	0	0
XM_022791754.1	1951	1714.15	0	0
XM_022791755.1	1897	1660.15	0	0
XM_022791756.1	1053	816.148	0	0
XM_022791757.1	7391	7154.15	0	0
XM_022791758.1	2103	1866.15	0	0
XM_022791759.1	5428	5191.15	0	0
XM_022791760.1	4572	4335.15	0	0
XM_022791761.1	5318	5081.15	0	0
XM_022791762.1	1669	1432.15	0	0
XM_022791763.1	2622	2385.15	0	0
XM_022791764.1	10503	10266.1	0	0
XM_022791765.1	2444	2207.15	0	0
XM_022791766.1	2066	1829.15	0	0
XM_022791767.1	2552	2315.15	0	0
XM_022791768.1	4045	3808.15	0	0
XM_022791769.1	1264	1027.15	0	0
XM_022791770.1	1245	1008.15	0	0
XM_022791771.1	1038	801.148	0	0
XM_022791772.1	3328	3091.15	0	0
XM_022791773.1	3204	2967.15	0	0
XM_022791774.1	3429	3192.15	0	0
XM_022791775.1	3460	3223.15	0	0
XM_022791776.1	3448	3211.15	0	0
XM_022791777.1	9476	9239.15	0	0
XM_022791778.1	2491	2254.15	0	0
XM_022791779.1	1485	1248.15	0	0
XM_022791780.1	1781	1544.15	0	0
XM_022791781.1	4273	4036.15	0	0
XM_022791782.1	2028	1791.15	0	0
XM_022791783.1	2645	2408.15	0	0
XM_022791784.1	1930	1693.15	0	0
XM_022791785.1	1874	1637.15	0	0
XM_022791786.1	1882	1645.15	0	0
XM_022791787.1	1862	1625.15	0	0
XM_022791788.1	1731	1494.15	0	0
XM_022791789.1	7474	7237.15	0	0
XM_022791790.1	2018	1781.15	0	0
XM_022791791.1	1474	1237.15	0	0
XM_022791792.1	2718	2481.15	0	0
XM_022791793.1	1271	1034.15	0	0
XM_022791794.1	3018	2781.15	0	0
XM_022791795.1	485	263.963	0	0
XM_022791796.1	2310	2073.15	0	0
XM_022791797.1	2140	1903.15	0	0
XM_022791798.1	1937	1700.15	0	0
XM_022791799.1	1937	1700.15	0	0
XM_022791800.1	4037	3800.15	0	0
XM_022791801.1	1356	1119.15	0	0
XM_022791802.1	2832	2595.15	0	0
XM_022791803.1	2801	2564.15	0	0
XM_022791804.1	2805	2568.15	0	0
XM_022791805.1	4434	4197.15	0	0
XM_022791806.1	4063	3826.15	0	0
XM_022791807.1	2503	2266.15	0	0
XM_022791808.1	2310	2073.15	0	0
XM_022791809.1	4407	4170.15	0	0
XM_022791810.1	2476	2239.15	0	0
XM_022791811.1	2309	2072.15	0	0
XM_022791812.1	4583	4346.15	0	0
XM_022791813.1	1438	1201.15	0	0
XM_022791814.1	1402	1165.15	0	0
XM_022791815.1	1381	1144.15	0	0
XM_022791816.1	1113	876.148	0	0
XM_022791817.1	1840	1603.15	0	0
XM_022791818.1	1625	1388.15	0	0
XM_022791819.1	6534	6297.15	0	0
XM_022791820.1	6528	6291.15	0	0
XM_022791821.1	5784	5547.15	0	0
XM_022791822.1	3226	2989.15	0	0
XM_022791823.1	2694	2457.15	0	0
XM_022791824.1	3061	2824.15	0	0
XM_022791825.1	5334	5097.15	0	0
XM_022791826.1	2334	2097.15	0	0
XM_022791827.1	1939	1702.15	0	0
XM_022791828.1	3653	3416.15	0	0
XM_022791829.1	4681	4444.15	0	0
XM_022791830.1	5365	5128.15	0	0
XM_022791831.1	4859	4622.15	0	0
XM_022791832.1	4802	4565.15	0	0
XM_022791833.1	4590	4353.15	0	0
XM_022791834.1	4405	4168.15	0	0
XM_022791835.1	4001	3764.15	0	0
XM_022791836.1	3387	3150.15	0	0
XM_022791837.1	3382	3145.15	0	0
XM_022791838.1	3255	3018.15	0	0
XM_022791839.1	4035	3798.15	0	0
XM_022791840.1	7245	7008.15	0	0
XM_022791841.1	3051	2814.15	0	0
XM_022791842.1	2186	1949.15	0	0
XM_022791843.1	1608	1371.15	0	0
XM_022791844.1	754	518.871	0	0
XM_022791845.1	5582	5345.15	0	0
XM_022791846.1	1563	1326.15	0	0
XM_022791847.1	1491	1254.15	0	0
XM_022791848.1	1151	914.148	0	0
XM_022791849.1	3758	3521.15	0	0
XM_022791850.1	3714	3477.15	0	0
XM_022791851.1	3632	3395.15	0	0
XM_022791852.1	3447	3210.15	0	0
XM_022791853.1	1449	1212.15	0	0
XM_022791854.1	4970	4733.15	0	0
XM_022791855.1	1178	941.148	0	0
XM_022791856.1	5691	5454.15	0	0
XM_022791857.1	4027	3790.15	0	0
XM_022791858.1	3941	3704.15	0	0
XM_022791859.1	3747	3510.15	0	0
XM_022791860.1	3926	3689.15	0	0
XM_022791861.1	3867	3630.15	0	0
XM_022791862.1	2904	2667.15	0	0
XM_022791863.1	2890	2653.15	0	0
XM_022791864.1	5334	5097.15	0	0
XM_022791865.1	2065	1828.15	0	0
XM_022791866.1	1424	1187.15	0	0
XM_022791867.1	1259	1022.15	0	0
XM_022791868.1	8597	8360.15	0	0
XM_022791869.1	8398	8161.15	0	0
XM_022791870.1	1231	994.148	0	0
XM_022791871.1	1278	1041.15	0	0
XM_022791872.1	1258	1021.15	0	0
XM_022791873.1	5567	5330.15	0	0
XM_022791874.1	950	713.441	0	0
XM_022791875.1	1151	914.148	0	0
XM_022791876.1	1557	1320.15	0	0
XM_022791877.1	1476	1239.15	0	0
XM_022791878.1	1473	1236.15	0	0
XM_022791879.1	8318	8081.15	1.04839	0.0236917
XM_022791880.1	5336	5099.15	0	0
XM_022791881.1	4864	4627.15	0	0
XM_022791882.1	7383	7146.15	0	0
XM_022791883.1	6536	6299.15	0	0
XM_022791884.1	6436	6199.15	0	0
XM_022791885.1	5968	5731.15	0	0
XM_022791886.1	6447	6210.15	0	0
XM_022791887.1	5195	4958.15	0	0
XM_022791888.1	5652	5415.15	0	0
XM_022791889.1	8624	8387.15	0	0
XM_022791890.1	9471	9234.15	0	0
XM_022791891.1	9390	9153.15	0	0
XM_022791892.1	9459	9222.15	0	0
XM_022791893.1	7114	6877.15	0	0
XM_022791894.1	4196	3959.15	0	0
XM_022791895.1	4977	4740.15	2.00014	0.0770575
XM_022791896.1	1559	1322.15	0	0
XM_022791897.1	743	508.076	0	0
XM_022791898.1	1267	1030.15	0	0
XM_022791899.1	1229	992.148	0	0
XM_022791900.1	1232	995.148	0	0
XM_022791901.1	1226	989.148	0	0
XM_022791902.1	1194	957.148	0	0
XM_022791903.1	1189	952.148	0	0
XM_022791904.1	1428	1191.15	0	0
XM_022791905.1	2580	2343.15	0	0
XM_022791906.1	2494	2257.15	0	0
XM_022791907.1	2691	2454.15	0	0
XM_022791908.1	5607	5370.15	0	0
XM_022791909.1	9105	8868.15	0	0
XM_022791910.1	11092	10855.1	0	0
XM_022791911.1	9800	9563.15	0	0
XM_022791912.1	9090	8853.15	0	0
XM_022791913.1	7317	7080.15	0	0
XM_022791914.1	6236	5999.15	0	0
XM_022791915.1	5998	5761.15	0	0
XM_022791916.1	5590	5353.15	0	0
XM_022791917.1	3816	3579.15	0	0
XM_022791918.1	3881	3644.15	0	0
XM_022791919.1	26938	26701.1	0	0
XM_022791920.1	26582	26345.1	0	0
XM_022791921.1	26482	26245.1	0	0
XM_022791922.1	26374	26137.1	0	0
XM_022791923.1	26137	25900.1	0	0
XM_022791924.1	8197	7960.15	0	0
XM_022791925.1	5603	5366.15	0	0
XM_022791926.1	7473	7236.15	0	0
XM_022791927.1	5937	5700.15	0	0
XM_022791928.1	5128	4891.15	0	0
XM_022791929.1	5405	5168.15	0	0
XM_022791930.1	4571	4334.15	0	0
XM_022791931.1	3813	3576.15	0	0
XM_022791932.1	2892	2655.15	0	0
XM_022791933.1	4761	4524.15	0	0
XM_022791934.1	5007	4770.15	0	0
XM_022791935.1	4781	4544.15	0	0
XM_022791936.1	2169	1932.15	0	0
XM_022791937.1	2271	2034.15	0	0
XM_022791938.1	1893	1656.15	0	0
XM_022791939.1	1758	1521.15	0	0
XM_022791940.1	1195	958.148	0	0
XM_022791941.1	1487	1250.15	0	0
XM_022791942.1	2097	1860.15	0	0
XM_022791943.1	4188	3951.15	0	0
XM_022791944.1	2330	2093.15	0	0
XM_022791945.1	2448	2211.15	0	0
XM_022791946.1	3274	3037.15	0	0
XM_022791947.1	1638	1401.15	0	0
XM_022791948.1	7164	6927.15	0	0
XM_022791949.1	5809	5572.15	0	0
XM_022791950.1	5418	5181.15	0	0
XM_022791951.1	4803	4566.15	0	0
XM_022791952.1	3632	3395.15	0	0
XM_022791953.1	6880	6643.15	0	0
XM_022791954.1	1636	1399.15	0	0
XM_022791955.1	8783	8546.15	0	0
XM_022791956.1	6035	5798.15	0	0
XM_022791957.1	7889	7652.15	0	0
XM_022791958.1	7213	6976.15	0	0
XM_022791959.1	1586	1349.15	0	0
XM_022791960.1	1395	1158.15	0	0
XM_022791961.1	1396	1159.15	0	0
XM_022791962.1	664	430.548	0	0
XM_022791963.1	3515	3278.15	0	0
XM_022791964.1	1727	1490.15	0	0
XM_022791965.1	1702	1465.15	0	0
XM_022791966.1	1657	1420.15	0	0
XM_022791967.1	1839	1602.15	0	0
XM_022791968.1	1833	1596.15	0	0
XM_022791969.1	1106	869.148	0	0
XM_022791970.1	1040	803.148	0	0
XM_022791971.1	1240	1003.15	0	0
XM_022791972.1	1390	1153.15	0	0
XM_022791973.1	1460	1223.15	0	0
XM_022791974.1	952	715.37	0	0
XM_022791975.1	1100	863.148	0	0
XM_022791976.1	9145	8908.15	0	0
XM_022791977.1	790	554.333	0	0
XM_022791978.1	3637	3400.15	0	0
XM_022791979.1	2732	2495.15	0	0
XM_022791980.1	2523	2286.15	0	0
XM_022791981.1	2569	2332.15	0	0
XM_022791982.1	2155	1918.15	0	0
XM_022791983.1	9487	9250.15	0	0
XM_022791984.1	1173	936.148	0	0
XM_022791985.1	4127	3890.15	0	0
XM_022791986.1	1088	851.148	0	0
XM_022791987.1	1662	1425.15	0	0
XM_022791988.1	1567	1330.15	0	0
XM_022791989.1	4511	4274.15	0	0
XM_022791990.1	4487	4250.15	0	0
XM_022791991.1	4167	3930.15	0	0
XM_022791992.1	8727	8490.15	0	0
XM_022791993.1	4152	3915.15	0	0
XM_022791994.1	4128	3891.15	0	0
XM_022791995.1	3946	3709.15	0	0
XM_022791996.1	1540	1303.15	0	0
XM_022791997.1	1159	922.148	0	0
XM_022791998.1	3130	2893.15	0	0
XM_022791999.1	3127	2890.15	0	0
XM_022792000.1	1297	1060.15	0	0
XM_022792001.1	9378	9141.15	0	0
XM_022792002.1	7622	7385.15	0	0
XM_022792003.1	7331	7094.15	0	0
XM_022792004.1	7241	7004.15	0	0
XM_022792005.1	1255	1018.15	0	0
XM_022792006.1	644	411.011	0	0
XM_022792007.1	606	374.341	0	0
XM_022792008.1	8538	8301.15	0	0
XM_022792009.1	6738	6501.15	0	0
XM_022792010.1	7033	6796.15	0	0
XM_022792011.1	7030	6793.15	0	0
XM_022792012.1	6628	6391.15	0	0
XM_022792013.1	628	395.416	0	0
XM_022792014.1	3309	3072.15	0	0
XM_022792015.1	2995	2758.15	0	0
XM_022792016.1	8545	8308.15	0	0
XM_022792017.1	2637	2400.15	0	0
XM_022792018.1	3009	2772.15	0	0
XM_022792019.1	3021	2784.15	0	0
XM_022792020.1	1108	871.148	0	0
XM_022792021.1	1693	1456.15	0	0
XM_022792022.1	1757	1520.15	0	0
XM_022792023.1	1752	1515.15	0	0
XM_022792024.1	1665	1428.15	0	0
XM_022792025.1	2641	2404.15	0	0
XM_022792026.1	2584	2347.15	0	0
XM_022792027.1	2591	2354.15	0	0
XM_022792028.1	3192	2955.15	0	0
XM_022792029.1	3015	2778.15	0	0
XM_022792030.1	3254	3017.15	0	0
XM_022792031.1	1024	787.148	0	0
XM_022792032.1	659	425.634	0	0
XM_022792033.1	8956	8719.15	0	0
XM_022792034.1	5678	5441.15	0	0
XM_022792035.1	5877	5640.15	0	0
XM_022792036.1	5598	5361.15	0	0
XM_022792037.1	6255	6018.15	0	0
XM_022792038.1	1583	1346.15	0	0
XM_022792039.1	4967	4730.15	0	0
XM_022792040.1	8953	8716.15	0	0
XM_022792041.1	6484	6247.15	0	0
XM_022792042.1	6406	6169.15	0	0
XM_022792043.1	6305	6068.15	0	0
XM_022792044.1	6224	5987.15	0	0
XM_022792045.1	6252	6015.15	0	0
XM_022792046.1	6481	6244.15	0	0
XM_022792047.1	2961	2724.15	0	0
XM_022792048.1	8938	8701.15	0	0
XM_022792049.1	4313	4076.15	0	0
XM_022792050.1	4088	3851.15	0	0
XM_022792051.1	4003	3766.15	0	0
XM_022792052.1	3310	3073.15	0	0
XM_022792053.1	3778	3541.15	0	0
XM_022792054.1	3489	3252.15	0	0
XM_022792055.1	2728	2491.15	0	0
XM_022792056.1	1192	955.148	0	0
XM_022792057.1	8572	8335.15	0	0
XM_022792058.1	7279	7042.15	0	0
XM_022792059.1	7072	6835.15	0	0
XM_022792060.1	1969	1732.15	0	0
XM_022792061.1	4629	4392.15	0	0
XM_022792062.1	2310	2073.15	0	0
XM_022792063.1	2098	1861.15	0	0
XM_022792064.1	1693	1456.15	0	0
XM_022792065.1	8800	8563.15	0	0
XM_022792066.1	2220	1983.15	0	0
XM_022792067.1	2329	2092.15	0	0
XM_022792068.1	2301	2064.15	0	0
XM_022792069.1	754	518.871	0	0
XM_022792070.1	1220	983.148	0	0
XM_022792071.1	1412	1175.15	0	0
XM_022792072.1	3345	3108.15	0	0
XM_022792073.1	8764	8527.15	0	0
XM_022792074.1	1626	1389.15	0	0
XM_022792075.1	2122	1885.15	0	0
XM_022792076.1	3356	3119.15	0	0
XM_022792077.1	1956	1719.15	0	0
XM_022792078.1	2099	1862.15	0	0
XM_022792079.1	1566	1329.15	0	0
XM_022792080.1	1454	1217.15	0	0
XM_022792081.1	18610	18373.1	0	0
XM_022792082.1	8683	8446.15	0	0
XM_022792083.1	1265	1028.15	0	0
XM_022792084.1	1513	1276.15	0	0
XM_022792085.1	638	405.175	0	0
XM_022792086.1	751	515.871	0	0
XM_022792087.1	7934	7697.15	0	0
XM_022792088.1	635	402.216	0	0
XM_022792089.1	584	353.218	0	0
XM_022792090.1	2300	2063.15	0	0
XM_022792091.1	2428	2191.15	0	0
XM_022792092.1	5062	4825.15	0	0
XM_022792093.1	5311	5074.15	0	0
XM_022792094.1	4534	4297.15	0	0
XM_022792095.1	3531	3294.15	0	0
XM_022792096.1	3172	2935.15	0	0
XM_022792097.1	3496	3259.15	0	0
XM_022792098.1	6312	6075.15	0	0
XM_022792099.1	5436	5199.15	0	0
XM_022792100.1	2207	1970.15	0	0
XM_022792101.1	2822	2585.15	0	0
XM_022792102.1	2157	1920.15	0	0
XM_022792103.1	3715	3478.15	0	0
XM_022792104.1	4159	3922.15	0	0
XM_022792105.1	1967	1730.15	0	0
XM_022792106.1	2140	1903.15	0	0
XM_022792107.1	2381	2144.15	0	0
XM_022792108.1	1586	1349.15	0	0
XM_022792109.1	1482	1245.15	0	0
XM_022792110.1	1955	1718.15	0	0
XM_022792111.1	1879	1642.15	0	0
XM_022792112.1	1917	1680.15	0	0
XM_022792113.1	1789	1552.15	0	0
XM_022792114.1	2149	1912.15	0	0
XM_022792115.1	1969	1732.15	0	0
XM_022792116.1	4178	3941.15	0	0
XM_022792117.1	7195	6958.15	0	0
XM_022792118.1	3394	3157.15	0	0
XM_022792119.1	4421	4184.15	0	0
XM_022792120.1	3942	3705.15	0	0
XM_022792121.1	8027	7790.15	0	0
XM_022792122.1	4018	3781.15	0	0
XM_022792123.1	1376	1139.15	0	0
XM_022792124.1	2942	2705.15	0	0
XM_022792125.1	2863	2626.15	0	0
XM_022792126.1	2137	1900.15	0	0
XM_022792127.1	1811	1574.15	0	0
XM_022792128.1	1993	1756.15	0	0
XM_022792129.1	1957	1720.15	0	0
XM_022792130.1	3728	3491.15	0	0
XM_022792131.1	4631	4394.15	0	0
XM_022792132.1	4432	4195.15	1	0.043531
XM_022792133.1	1094	857.148	0	0
XM_022792134.1	2144	1907.15	0	0
XM_022792135.1	3934	3697.15	0	0
XM_022792136.1	2966	2729.15	0	0
XM_022792137.1	1817	1580.15	0	0
XM_022792138.1	7921	7684.15	0	0
XM_022792139.1	810	574.277	0	0
XM_022792140.1	3662	3425.15	0	0
XM_022792141.1	3818	3581.15	0	0
XM_022792142.1	3841	3604.15	0	0
XM_022792143.1	4005	3768.15	0	0
XM_022792144.1	4034	3797.15	0	0
XM_022792145.1	3818	3581.15	0	0
XM_022792146.1	3200	2963.15	0	0
XM_022792147.1	1274	1037.15	0	0
XM_022792148.1	5754	5517.15	0	0
XM_022792149.1	3133	2896.15	0	0
XM_022792150.1	5475	5238.15	0	0
XM_022792151.1	3099	2862.15	0	0
XM_022792152.1	4071	3834.15	0	0
XM_022792153.1	3916	3679.15	0	0
XM_022792154.1	3870	3633.15	0	0
XM_022792155.1	3680	3443.15	0	0
XM_022792156.1	5215	4978.15	0	0
XM_022792157.1	7502	7265.15	0	0
XM_022792158.1	7361	7124.15	0	0
XM_022792159.1	710	475.425	0	0
XM_022792160.1	9282	9045.15	0	0
XM_022792161.1	1800	1563.15	0	0
XM_022792162.1	1611	1374.15	0	0
XM_022792163.1	1521	1284.15	0	0
XM_022792164.1	1488	1251.15	0	0
XM_022792165.1	3716	3479.15	0	0
XM_022792166.1	3406	3169.15	0	0
XM_022792167.1	1863	1626.15	0	0
XM_022792168.1	3148	2911.15	0	0
XM_022792169.1	1436	1199.15	0	0
XM_022792170.1	951	714.441	0	0
XM_022792171.1	4938	4701.15	0	0
XM_022792172.1	3272	3035.15	0	0
XM_022792173.1	4933	4696.15	0	0
XM_022792174.1	1345	1108.15	0	0
XM_022792175.1	3110	2873.15	0	0
XM_022792176.1	2918	2681.15	0	0
XM_022792177.1	2829	2592.15	0	0
XM_022792178.1	2540	2303.15	0	0
XM_022792179.1	3089	2852.15	0	0
XM_022792180.1	2312	2075.15	0	0
XM_022792181.1	2719	2482.15	0	0
XM_022792182.1	2901	2664.15	0	0
XM_022792183.1	2894	2657.15	0	0
XM_022792184.1	1954	1717.15	0	0
XM_022792185.1	2111	1874.15	0	0
XM_022792186.1	1082	845.148	0	0
XM_022792187.1	1839	1602.15	0	0
XM_022792188.1	960	723.297	0	0
XM_022792189.1	1171	934.148	0	0
XM_022792190.1	8030	7793.15	0	0
XM_022792191.1	7418	7181.15	0	0
XM_022792192.1	7524	7287.15	0	0
XM_022792193.1	7101	6864.15	0	0
XM_022792194.1	1694	1457.15	0	0
XM_022792195.1	7298	7061.15	0	0
XM_022792196.1	3098	2861.15	0	0
XM_022792197.1	2844	2607.15	0	0
XM_022792198.1	2013	1776.15	0	0
XM_022792199.1	833	597.102	0	0
XM_022792200.1	1898	1661.15	0	0
XM_022792201.1	1772	1535.15	0	0
XM_022792202.1	1741	1504.15	0	0
XM_022792203.1	3586	3349.15	0	0
XM_022792204.1	3815	3578.15	0	0
XM_022792205.1	3535	3298.15	0	0
XM_022792206.1	7144	6907.15	0	0
XM_022792207.1	3561	3324.15	0	0
XM_022792208.1	2636	2399.15	0	0
XM_022792209.1	8135	7898.15	0	0
XM_022792210.1	2390	2153.15	0	0
XM_022792211.1	820	584.162	0	0
XM_022792212.1	5400	5163.15	0	0
XM_022792213.1	5323	5086.15	0	0
XM_022792214.1	5395	5158.15	0	0
XM_022792215.1	2612	2375.15	0	0
XM_022792216.1	8362	8125.15	0	0
XM_022792217.1	7649	7412.15	0	0
XM_022792218.1	7194	6957.15	0	0
XM_022792219.1	1488	1251.15	0	0
XM_022792220.1	1480	1243.15	0	0
XM_022792221.1	3898	3661.15	0	0
XM_022792222.1	935	698.582	0	0
XM_022792223.1	932	695.652	0	0
XM_022792224.1	1828	1591.15	0	0
XM_022792225.1	4424	4187.15	0	0
XM_022792226.1	1936	1699.15	0	0
XM_022792227.1	4482	4245.15	0	0
XM_022792228.1	3832	3595.15	0	0
XM_022792229.1	4048	3811.15	0	0
XM_022792230.1	4297	4060.15	0	0
XM_022792231.1	4219	3982.15	0	0
XM_022792232.1	1059	822.148	0	0
XM_022792233.1	4786	4549.15	0	0
XM_022792234.1	4738	4501.15	0	0
XM_022792235.1	2744	2507.15	0	0
XM_022792236.1	1433	1196.15	0	0
XM_022792237.1	9036	8799.15	0	0
XM_022792238.1	5123	4886.15	0	0
XM_022792239.1	898	661.72	0	0
XM_022792240.1	868	631.915	0	0
XM_022792241.1	853	617.102	0	0
XM_022792242.1	3375	3138.15	0	0
XM_022792243.1	6235	5998.15	0	0
XM_022792244.1	3503	3266.15	0	0
XM_022792245.1	1991	1754.15	0	0
XM_022792246.1	4670	4433.15	0	0
XM_022792247.1	4709	4472.15	0	0
XM_022792248.1	3320	3083.15	0	0
XM_022792249.1	3252	3015.15	0	0
XM_022792250.1	2760	2523.15	0	0
XM_022792251.1	2680	2443.15	0	0
XM_022792252.1	1234	997.148	0	0
XM_022792253.1	961	724.297	0	0
XM_022792254.1	1987	1750.15	0	0
XM_022792255.1	6874	6637.15	0	0
XM_022792256.1	6559	6322.15	0	0
XM_022792257.1	9301	9064.15	1.86055e-08	3.74852e-10
XM_022792258.1	9139	8902.15	1	0.0205141
XM_022792259.1	4179	3942.15	0	0
XM_022792260.1	4358	4121.15	0	0
XM_022792261.1	3976	3739.15	0	0
XM_022792262.1	3852	3615.15	0	0
XM_022792263.1	3805	3568.15	0	0
XM_022792264.1	4406	4169.15	0	0
XM_022792265.1	6391	6154.15	0	0
XM_022792266.1	5485	5248.15	0	0
XM_022792267.1	16214	15977.1	0	0
XM_022792268.1	6903	6666.15	0	0
XM_022792269.1	9755	9518.15	0	0
XM_022792270.1	9749	9512.15	0	0
XM_022792271.1	9737	9500.15	0	0
XM_022792272.1	9266	9029.15	0	0
XM_022792273.1	9312	9075.15	0	0
XM_022792274.1	9132	8895.15	0	0
XM_022792275.1	4108	3871.15	0	0
XM_022792276.1	16187	15950.1	0	0
XM_022792277.1	4104	3867.15	0	0
XM_022792278.1	4017	3780.15	0	0
XM_022792279.1	2476	2239.15	0	0
XM_022792280.1	2905	2668.15	0	0
XM_022792281.1	2368	2131.15	0	0
XM_022792282.1	2365	2128.15	0	0
XM_022792283.1	3439	3202.15	0	0
XM_022792284.1	4009	3772.15	0	0
XM_022792285.1	16187	15950.1	0	0
XM_022792286.1	3422	3185.15	0	0
XM_022792287.1	3540	3303.15	0	0
XM_022792288.1	3377	3140.15	0	0
XM_022792289.1	3090	2853.15	0	0
XM_022792290.1	3073	2836.15	0	0
XM_022792291.1	2988	2751.15	0	0
XM_022792292.1	3509	3272.15	0	0
XM_022792293.1	2817	2580.15	0	0
XM_022792294.1	2930	2693.15	0	0
XM_022792295.1	2905	2668.15	0	0
XM_022792296.1	13965	13728.1	0	0
XM_022792297.1	2849	2612.15	0	0
XM_022792298.1	2576	2339.15	0	0
XM_022792299.1	2386	2149.15	0	0
XM_022792300.1	2466	2229.15	0	0
XM_022792301.1	1875	1638.15	0	0
XM_022792302.1	961	724.297	0	0
XM_022792303.1	928	691.652	0	0
XM_022792304.1	1104	867.148	0	0
XM_022792305.1	4922	4685.15	0	0
XM_022792306.1	4501	4264.15	0	0
XM_022792307.1	4918	4681.15	0	0
XM_022792308.1	4917	4680.15	0	0
XM_022792309.1	446	231.36	0	0
XM_022792310.1	4914	4677.15	0	0
XM_022792311.1	4289	4052.15	0	0
XM_022792312.1	4898	4661.15	0	0
XM_022792313.1	4794	4557.15	0	0
XM_022792314.1	800	564.277	0	0
XM_022792315.1	2796	2559.15	0	0
XM_022792316.1	2724	2487.15	0	0
XM_022792317.1	6911	6674.15	0	0
XM_022792318.1	6908	6671.15	0	0
XM_022792319.1	6792	6555.15	0	0
XM_022792320.1	6789	6552.15	0	0
XM_022792321.1	982	745.224	0	0
XM_022792322.1	3405	3168.15	0	0
XM_022792323.1	3826	3589.15	0	0
XM_022792324.1	3180	2943.15	0	0
XM_022792325.1	3200	2963.15	0	0
XM_022792326.1	3396	3159.15	0	0
XM_022792327.1	4303	4066.15	0	0
XM_022792328.1	3992	3755.15	0	0
XM_022792329.1	1781	1544.15	0	0
XM_022792330.1	6008	5771.15	0	0
XM_022792331.1	1123	886.148	0	0
XM_022792332.1	1516	1279.15	0	0
XM_022792333.1	1403	1166.15	0	0
XM_022792334.1	8441	8204.15	0	0
XM_022792335.1	456	239.474	0	0
XM_022792336.1	1574	1337.15	0	0
XM_022792337.1	1691	1454.15	0	0
XM_022792338.1	1256	1019.15	0	0
XM_022792339.1	568	338.381	0	0
XM_022792340.1	928	691.652	0	0
XM_022792341.1	1935	1698.15	0	0
XM_022792342.1	1235	998.148	0	0
XM_022792343.1	2734	2497.15	0	0
XM_022792344.1	1786	1549.15	0	0
XM_022792345.1	2774	2537.15	2	0.143956
XM_022792346.1	4673	4436.15	0	0
XM_022792347.1	3905	3668.15	0	0
XM_022792348.1	3550	3313.15	0	0
XM_022792349.1	3547	3310.15	0	0
XM_022792350.1	3517	3280.15	0	0
XM_022792351.1	1433	1196.15	0	0
XM_022792352.1	6099	5862.15	0	0
XM_022792353.1	1440	1203.15	0	0
XM_022792354.1	1315	1078.15	0	0
XM_022792355.1	1308	1071.15	0	0
XM_022792356.1	1196	959.148	0	0
XM_022792357.1	6115	5878.15	0	0
XM_022792358.1	4050	3813.15	0	0
XM_022792359.1	3991	3754.15	0	0
XM_022792360.1	7464	7227.15	0	0
XM_022792361.1	4551	4314.15	0	0
XM_022792362.1	7230	6993.15	0	0
XM_022792363.1	1492	1255.15	0	0
XM_022792364.1	1473	1236.15	0	0
XM_022792365.1	656	422.719	0	0
XM_022792366.1	6063	5826.15	0	0
XM_022792367.1	3178	2941.15	0	0
XM_022792368.1	1883	1646.15	0	0
XM_022792369.1	2192	1955.15	0	0
XM_022792370.1	2189	1952.15	0	0
XM_022792371.1	1929	1692.15	0	0
XM_022792372.1	1763	1526.15	0	0
XM_022792373.1	2078	1841.15	0	0
XM_022792374.1	2075	1838.15	0	0
XM_022792375.1	2066	1829.15	0	0
XM_022792376.1	5904	5667.15	0	0
XM_022792377.1	6383	6146.15	0	0
XM_022792378.1	5923	5686.15	0	0
XM_022792379.1	5024	4787.15	0	0
XM_022792380.1	5198	4961.15	0	0
XM_022792381.1	5192	4955.15	0	0
XM_022792382.1	4972	4735.15	0	0
XM_022792383.1	4719	4482.15	0	0
XM_022792384.1	2810	2573.15	0	0
XM_022792385.1	2802	2565.15	0	0
XM_022792386.1	6010	5773.15	0	0
XM_022792387.1	1988	1751.15	0	0
XM_022792388.1	2223	1986.15	0	0
XM_022792389.1	2419	2182.15	0	0
XM_022792390.1	2394	2157.15	0	0
XM_022792391.1	1040	803.148	0	0
XM_022792392.1	867	630.915	0	0
XM_022792393.1	6316	6079.15	0	0
XM_022792394.1	5013	4776.15	0	0
XM_022792395.1	1320	1083.15	0	0
XM_022792396.1	1342	1105.15	0	0
XM_022792397.1	1239	1002.15	0	0
XM_022792398.1	1261	1024.15	0	0
XM_022792399.1	6546	6309.15	0	0
XM_022792400.1	6540	6303.15	0	0
XM_022792401.1	6426	6189.15	0	0
XM_022792402.1	6210	5973.15	0	0
XM_022792403.1	6064	5827.15	0	0
XM_022792404.1	4512	4275.15	0	0
XM_022792405.1	2591	2354.15	0	0
XM_022792406.1	2582	2345.15	0	0
XM_022792407.1	2479	2242.15	0	0
XM_022792408.1	2222	1985.15	0	0
XM_022792409.1	2715	2478.15	0	0
XM_022792410.1	2394	2157.15	0	0
XM_022792411.1	6405	6168.15	0	0
XM_022792412.1	2441	2204.15	0	0
XM_022792413.1	2501	2264.15	0	0
XM_022792414.1	2688	2451.15	0	0
XM_022792415.1	2384	2147.15	0	0
XM_022792416.1	2263	2026.15	0	0
XM_022792417.1	4667	4430.15	0	0
XM_022792418.1	5643	5406.15	0	0
XM_022792419.1	4516	4279.15	0	0
XM_022792420.1	7104	6867.15	0	0
XM_022792421.1	4522	4285.15	0	0
XM_022792422.1	4445	4208.15	0	0
XM_022792423.1	4295	4058.15	0	0
XM_022792424.1	4154	3917.15	0	0
XM_022792425.1	4077	3840.15	0	0
XM_022792426.1	4097	3860.15	0	0
XM_022792427.1	4140	3903.15	0	0
XM_022792428.1	3989	3752.15	0	0
XM_022792429.1	686	451.796	0	0
XM_022792430.1	5787	5550.15	0	0
XM_022792431.1	1566	1329.15	0	0
XM_022792432.1	1682	1445.15	0	0
XM_022792433.1	1030	793.148	0	0
XM_022792434.1	973	736.297	0	0
XM_022792435.1	596	364.638	0	0
XM_022792436.1	2259	2022.15	0	0
XM_022792437.1	5003	4766.15	0	0
XM_022792438.1	3187	2950.15	0	0
XM_022792439.1	2419	2182.15	0	0
XM_022792440.1	2396	2159.15	0	0
XM_022792441.1	2540	2303.15	0	0
XM_022792442.1	1438	1201.15	0	0
XM_022792443.1	3339	3102.15	0	0
XM_022792444.1	3337	3100.15	0	0
XM_022792445.1	6577	6340.15	0	0
XM_022792446.1	461	243.575	0	0
XM_022792447.1	6162	5925.15	0	0
XM_022792448.1	6921	6684.15	0	0
XM_022792449.1	11489	11252.1	0	0
XM_022792450.1	2652	2415.15	0	0
XM_022792451.1	2976	2739.15	0	0
XM_022792452.1	2589	2352.15	0	0
XM_022792453.1	1439	1202.15	0	0
XM_022792454.1	4143	3906.15	0	0
XM_022792455.1	2545	2308.15	0	0
XM_022792456.1	2064	1827.15	0	0
XM_022792457.1	2818	2581.15	0	0
XM_022792458.1	1207	970.148	0	0
XM_022792459.1	3939	3702.15	0	0
XM_022792460.1	3786	3549.15	0	0
XM_022792461.1	3807	3570.15	0	0
XM_022792462.1	1938	1701.15	0	0
XM_022792463.1	4123	3886.15	0	0
XM_022792464.1	795	559.277	0	0
XM_022792465.1	797	561.277	0	0
XM_022792466.1	2840	2603.15	0	0
XM_022792467.1	2061	1824.15	0	0
XM_022792468.1	2705	2468.15	0	0
XM_022792469.1	2755	2518.15	0	0
XM_022792470.1	1716	1479.15	0	0
XM_022792471.1	4841	4604.15	0	0
XM_022792472.1	4477	4240.15	0	0
XM_022792473.1	3925	3688.15	0	0
XM_022792474.1	1717	1480.15	0	0
XM_022792475.1	1272	1035.15	0	0
XM_022792476.1	1650	1413.15	0	0
XM_022792477.1	1192	955.148	0	0
XM_022792478.1	2209	1972.15	0	0
XM_022792479.1	2130	1893.15	0	0
XM_022792480.1	3238	3001.15	0	0
XM_022792481.1	4227	3990.15	0	0
XM_022792482.1	2863	2626.15	0	0
XM_022792483.1	2784	2547.15	0	0
XM_022792484.1	3151	2914.15	0	0
XM_022792485.1	2204	1967.15	0	0
XM_022792486.1	2370	2133.15	0	0
XM_022792487.1	7284	7047.15	0	0
XM_022792488.1	5730	5493.15	0	0
XM_022792489.1	5727	5490.15	0	0
XM_022792490.1	3619	3382.15	0	0
XM_022792491.1	5269	5032.15	0	0
XM_022792492.1	5304	5067.15	0	0
XM_022792493.1	5138	4901.15	0	0
XM_022792494.1	1247	1010.15	0	0
XM_022792495.1	11931	11694.1	0	0
XM_022792496.1	11213	10976.1	0	0
XM_022792497.1	11928	11691.1	0	0
XM_022792498.1	11913	11676.1	0	0
XM_022792499.1	3723	3486.15	0	0
XM_022792500.1	11808	11571.1	0	0
XM_022792501.1	11670	11433.1	0	0
XM_022792502.1	11652	11415.1	0	0
XM_022792503.1	6165	5928.15	0	0
XM_022792504.1	6323	6086.15	0	0
XM_022792505.1	6310	6073.15	0	0
XM_022792506.1	6311	6074.15	0	0
XM_022792507.1	6302	6065.15	0	0
XM_022792508.1	4029	3792.15	0	0
XM_022792509.1	3685	3448.15	0	0
XM_022792510.1	4175	3938.15	0	0
XM_022792511.1	2691	2454.15	0	0
XM_022792512.1	1784	1547.15	0	0
XM_022792513.1	1981	1744.15	0	0
XM_022792514.1	1972	1735.15	0	0
XM_022792515.1	1687	1450.15	0	0
XM_022792516.1	1808	1571.15	0	0
XM_022792517.1	1698	1461.15	0	0
XM_022792518.1	1624	1387.15	0	0
XM_022792519.1	3708	3471.15	0	0
XM_022792520.1	2946	2709.15	0	0
XM_022792521.1	2208	1971.15	0	0
XM_022792522.1	2256	2019.15	0	0
XM_022792523.1	2289	2052.15	0	0
XM_022792524.1	4476	4239.15	0	0
XM_022792525.1	4472	4235.15	0	0
XM_022792526.1	4263	4026.15	0	0
XM_022792527.1	3358	3121.15	0	0
XM_022792528.1	3349	3112.15	0	0
XM_022792529.1	3379	3142.15	0	0
XM_022792530.1	3929	3692.15	0	0
XM_022792531.1	4470	4233.15	0	0
XM_022792532.1	8950	8713.15	0	0
XM_022792533.1	3236	2999.15	0	0
XM_022792534.1	2741	2504.15	0	0
XM_022792535.1	3127	2890.15	0	0
XM_022792536.1	3705	3468.15	0	0
XM_022792537.1	5463	5226.15	0	0
XM_022792538.1	5457	5220.15	0	0
XM_022792539.1	5442	5205.15	0	0
XM_022792540.1	4772	4535.15	0	0
XM_022792541.1	5028	4791.15	0	0
XM_022792542.1	4391	4154.15	0	0
XM_022792543.1	5869	5632.15	0	0
XM_022792544.1	3706	3469.15	0	0
XM_022792545.1	4998	4761.15	0	0
XM_022792546.1	4977	4740.15	0	0
XM_022792547.1	5076	4839.15	0	0
XM_022792548.1	4599	4362.15	0	0
XM_022792549.1	4803	4566.15	0	0
XM_022792550.1	4853	4616.15	0	0
XM_022792551.1	3921	3684.15	0	0
XM_022792552.1	3915	3678.15	0	0
XM_022792553.1	3791	3554.15	0	0
XM_022792554.1	3956	3719.15	0	0
XM_022792555.1	3316	3079.15	0	0
XM_022792556.1	2644	2407.15	0	0
XM_022792557.1	2445	2208.15	0	0
XM_022792558.1	3298	3061.15	0	0
XM_022792559.1	3166	2929.15	0	0
XM_022792560.1	3134	2897.15	0	0
XM_022792561.1	5061	4824.15	0	0
XM_022792562.1	591	359.748	0	0
XM_022792563.1	692	457.704	0	0
XM_022792564.1	1406	1169.15	0	0
XM_022792565.1	1252	1015.15	0	0
XM_022792566.1	3326	3089.15	0	0
XM_022792567.1	3330	3093.15	0	0
XM_022792568.1	1377	1140.15	0	0
XM_022792569.1	997	760.148	0	0
XM_022792570.1	949	712.441	0	0
XM_022792571.1	5107	4870.15	0	0
XM_022792572.1	6443	6206.15	0	0
XM_022792573.1	5290	5053.15	0	0
XM_022792574.1	4511	4274.15	0	0
XM_022792575.1	5031	4794.15	0	0
XM_022792576.1	3865	3628.15	0	0
XM_022792577.1	5085	4848.15	0	0
XM_022792578.1	10191	9954.15	0	0
XM_022792579.1	4920	4683.15	0	0
XM_022792580.1	3315	3078.15	0	0
XM_022792581.1	9607	9370.15	0	0
XM_022792582.1	9598	9361.15	0	0
XM_022792583.1	10064	9827.15	0	0
XM_022792584.1	9526	9289.15	0	0
XM_022792585.1	11028	10791.1	0	0
XM_022792586.1	8873	8636.15	0	0
XM_022792587.1	10020	9783.15	0	0
XM_022792588.1	3293	3056.15	0	0
XM_022792589.1	3452	3215.15	0	0
XM_022792590.1	3435	3198.15	0	0
XM_022792591.1	1311	1074.15	0	0
XM_022792592.1	3033	2796.15	0	0
XM_022792593.1	3071	2834.15	0	0
XM_022792594.1	1089	852.148	0	0
XM_022792595.1	9903	9666.15	0	0
XM_022792596.1	1825	1588.15	0	0
XM_022792597.1	5945	5708.15	0	0
XM_022792598.1	6019	5782.15	0	0
XM_022792599.1	5517	5280.15	0	0
XM_022792600.1	510	285.63	0	0
XM_022792601.1	5347	5110.15	0	0
XM_022792602.1	6492	6255.15	0	0
XM_022792603.1	6533	6296.15	0	0
XM_022792604.1	6388	6151.15	0	0
XM_022792605.1	6429	6192.15	0	0
XM_022792606.1	5526	5289.15	0	0
XM_022792607.1	7256	7019.15	0	0
XM_022792608.1	5272	5035.15	0	0
XM_022792609.1	5299	5062.15	0	0
XM_022792610.1	1414	1177.15	0	0
XM_022792611.1	9924	9687.15	0	0
XM_022792612.1	4440	4203.15	0	0
XM_022792613.1	4404	4167.15	0	0
XM_022792614.1	4344	4107.15	0	0
XM_022792615.1	4332	4095.15	0	0
XM_022792616.1	4302	4065.15	0	0
XM_022792617.1	3623	3386.15	0	0
XM_022792618.1	3893	3656.15	0	0
XM_022792619.1	3590	3353.15	0	0
XM_022792620.1	2955	2718.15	0	0
XM_022792621.1	2425	2188.15	0	0
XM_022792622.1	2189	1952.15	0	0
XM_022792623.1	5242	5005.15	0	0
XM_022792624.1	2612	2375.15	0	0
XM_022792625.1	2095	1858.15	0	0
XM_022792626.1	4713	4476.15	0	0
XM_022792627.1	2268	2031.15	0	0
XM_022792628.1	2278	2041.15	0	0
XM_022792629.1	5092	4855.15	0	0
XM_022792630.1	4383	4146.15	0	0
XM_022792631.1	3642	3405.15	0	0
XM_022792632.1	4380	4143.15	0	0
XM_022792633.1	5219	4982.15	0	0
XM_022792634.1	4692	4455.15	0	0
XM_022792635.1	5223	4986.15	0	0
XM_022792636.1	1611	1374.15	0	0
XM_022792637.1	1728	1491.15	0	0
XM_022792638.1	1230	993.148	0	0
XM_022792639.1	1509	1272.15	0	0
XM_022792640.1	1122	885.148	0	0
XM_022792641.1	621	388.575	0	0
XM_022792642.1	4192	3955.15	0	0
XM_022792643.1	3971	3734.15	0	0
XM_022792644.1	4458	4221.15	0	0
XM_022792645.1	3556	3319.15	0	0
XM_022792646.1	6396	6159.15	0	0
XM_022792647.1	6228	5991.15	18.0982	0.551662
XM_022792648.1	4853	4616.15	0	0
XM_022792649.1	4832	4595.15	0	0
XM_022792650.1	5357	5120.15	0	0
XM_022792651.1	3927	3690.15	0	0
XM_022792652.1	4128	3891.15	0	0
XM_022792653.1	4191	3954.15	0	0
XM_022792654.1	981	744.224	0	0
XM_022792655.1	956	719.37	0	0
XM_022792656.1	570	340.278	0	0
XM_022792657.1	2672	2435.15	0	0
XM_022792658.1	1406	1169.15	0	0
XM_022792659.1	1160	923.148	0	0
XM_022792660.1	948	711.441	0	0
XM_022792661.1	837	601.102	0	0
XM_022792662.1	2597	2360.15	0	0
XM_022792663.1	1942	1705.15	0	0
XM_022792664.1	2839	2602.15	0	0
XM_022792665.1	2827	2590.15	0	0
XM_022792666.1	2812	2575.15	0	0
XM_022792667.1	3590	3353.15	0	0
XM_022792668.1	1801	1564.15	0	0
XM_022792669.1	1795	1558.15	0	0
XM_022792670.1	2452	2215.15	0	0
XM_022792671.1	5680	5443.15	0	0
XM_022792672.1	2491	2254.15	0	0
XM_022792673.1	8894	8657.15	0	0
XM_022792674.1	6561	6324.15	0	0
XM_022792675.1	5885	5648.15	0	0
XM_022792676.1	6215	5978.15	0	0
XM_022792677.1	5143	4906.15	0	0
XM_022792678.1	4762	4525.15	0	0
XM_022792679.1	4733	4496.15	0	0
XM_022792680.1	4662	4425.15	0	0
XM_022792681.1	5418	5181.15	0	0
XM_022792682.1	10207	9970.15	0	0
XM_022792683.1	3515	3278.15	0	0
XM_022792684.1	3503	3266.15	0	0
XM_022792685.1	3500	3263.15	0	0
XM_022792686.1	3421	3184.15	0	0
XM_022792687.1	3716	3479.15	0	0
XM_022792688.1	3217	2980.15	0	0
XM_022792689.1	5139	4902.15	0	0
XM_022792690.1	2843	2606.15	0	0
XM_022792691.1	1342	1105.15	0	0
XM_022792692.1	8938	8701.15	0	0
XM_022792693.1	3795	3558.15	0	0
XM_022792694.1	2660	2423.15	0	0
XM_022792695.1	2625	2388.15	0	0
XM_022792696.1	2510	2273.15	0	0
XM_022792697.1	2659	2422.15	0	0
XM_022792698.1	2795	2558.15	0	0
XM_022792699.1	1256	1019.15	0	0
XM_022792700.1	10132	9895.15	0	0
XM_022792701.1	2427	2190.15	0	0
XM_022792702.1	2299	2062.15	0	0
XM_022792703.1	5878	5641.15	0	0
XM_022792704.1	5404	5167.15	0	0
XM_022792705.1	5870	5633.15	0	0
XM_022792706.1	5860	5623.15	0	0
XM_022792707.1	5818	5581.15	0	0
XM_022792708.1	5854	5617.15	0	0
XM_022792709.1	5836	5599.15	0	0
XM_022792710.1	10102	9865.15	0	0
XM_022792711.1	2992	2755.15	0	0
XM_022792712.1	1227	990.148	0	0
XM_022792713.1	3463	3226.15	0	0
XM_022792714.1	3460	3223.15	0	0
XM_022792715.1	3334	3097.15	0	0
XM_022792716.1	2410	2173.15	0	0
XM_022792717.1	3653	3416.15	0	0
XM_022792718.1	7598	7361.15	0	0
XM_022792719.1	3668	3431.15	0	0
XM_022792720.1	6975	6738.15	0	0
XM_022792721.1	2333	2096.15	0	0
XM_022792722.1	2283	2046.15	0	0
XM_022792723.1	2204	1967.15	0	0
XM_022792724.1	1600	1363.15	0	0
XM_022792725.1	2373	2136.15	0	0
XM_022792726.1	1364	1127.15	0	0
XM_022792727.1	7387	7150.15	0	0
XM_022792728.1	928	691.652	0	0
XM_022792729.1	846	610.102	0	0
XM_022792730.1	5742	5505.15	0	0
XM_022792731.1	5772	5535.15	0	0
XM_022792732.1	5726	5489.15	0	0
XM_022792733.1	5708	5471.15	0	0
XM_022792734.1	5606	5369.15	0	0
XM_022792735.1	5953	5716.15	0	0
XM_022792736.1	6593	6356.15	0	0
XM_022792737.1	2351	2114.15	0	0
XM_022792738.1	2143	1906.15	0	0
XM_022792739.1	2716	2479.15	0	0
XM_022792740.1	2969	2732.15	0	0
XM_022792741.1	507	283.041	0	0
XM_022792742.1	6558	6321.15	0	0
XM_022792743.1	2250	2013.15	0	0
XM_022792744.1	3641	3404.15	0	0
XM_022792745.1	1713	1476.15	0	0
XM_022792746.1	4718	4481.15	0	0
XM_022792747.1	2853	2616.15	0	0
XM_022792748.1	2836	2599.15	0	0
XM_022792749.1	6105	5868.15	0	0
XM_022792750.1	5918	5681.15	0	0
XM_022792751.1	6099	5862.15	0	0
XM_022792752.1	649	415.804	0	0
XM_022792753.1	652	418.762	0	0
XM_022792754.1	7043	6806.15	0	0
XM_022792755.1	3172	2935.15	0	0
XM_022792756.1	6616	6379.15	0	0
XM_022792757.1	3192	2955.15	0	0
XM_022792758.1	6962	6725.15	0	0
XM_022792759.1	3091	2854.15	0	0
XM_022792760.1	6938	6701.15	0	0
XM_022792761.1	3412	3175.15	0	0
XM_022792762.1	5832	5595.15	0	0
XM_022792763.1	5844	5607.15	0	0
XM_022792764.1	6192	5955.15	0	0
XM_022792765.1	6163	5926.15	0	0
XM_022792766.1	5775	5538.15	0	0
XM_022792767.1	5494	5257.15	0	0
XM_022792768.1	9632	9395.15	0	0
XM_022792769.1	4911	4674.15	0	0
XM_022792770.1	3440	3203.15	0	0
XM_022792771.1	1590	1353.15	0	0
XM_022792772.1	1854	1617.15	0	0
XM_022792773.1	1801	1564.15	0	0
XM_022792774.1	1586	1349.15	0	0
XM_022792775.1	4742	4505.15	0	0
XM_022792776.1	3509	3272.15	0	0
XM_022792777.1	3422	3185.15	0	0
XM_022792778.1	4080	3843.15	0	0
XM_022792779.1	3546	3309.15	0	0
XM_022792780.1	3020	2783.15	0	0
XM_022792781.1	2732	2495.15	0	0
XM_022792782.1	4025	3788.15	0	0
XM_022792783.1	4183	3946.15	0	0
XM_022792784.1	4184	3947.15	0	0
XM_022792785.1	4181	3944.15	0	0
XM_022792786.1	3816	3579.15	0	0
XM_022792787.1	1191	954.148	0	0
XM_022792788.1	4771	4534.15	0	0
XM_022792789.1	1182	945.148	0	0
XM_022792790.1	4182	3945.15	0	0
XM_022792791.1	4180	3943.15	0	0
XM_022792792.1	4180	3943.15	0	0
XM_022792793.1	3714	3477.15	0	0
XM_022792794.1	3735	3498.15	0	0
XM_022792795.1	3962	3725.15	0	0
XM_022792796.1	3983	3746.15	0	0
XM_022792797.1	3413	3176.15	0	0
XM_022792798.1	4195	3958.15	0	0
XM_022792799.1	4192	3955.15	0	0
XM_022792800.1	3184	2947.15	0	0
XM_022792801.1	4342	4105.15	0	0
XM_022792802.1	4321	4084.15	0	0
XM_022792803.1	5194	4957.15	0	0
XM_022792804.1	5332	5095.15	0	0
XM_022792805.1	5134	4897.15	0	0
XM_022792806.1	5257	5020.15	0	0
XM_022792807.1	2964	2727.15	0	0
XM_022792808.1	3078	2841.15	0	0
XM_022792809.1	2627	2390.15	0	0
XM_022792810.1	1585	1348.15	0	0
XM_022792811.1	1787	1550.15	0	0
XM_022792812.1	1749	1512.15	0	0
XM_022792813.1	1680	1443.15	0	0
XM_022792814.1	1670	1433.15	0	0
XM_022792815.1	1699	1462.15	0	0
XM_022792816.1	1722	1485.15	0	0
XM_022792817.1	1735	1498.15	0	0
XM_022792818.1	1718	1481.15	0	0
XM_022792819.1	2411	2174.15	0	0
XM_022792820.1	1454	1217.15	0	0
XM_022792821.1	1574	1337.15	0	0
XM_022792822.1	1467	1230.15	0	0
XM_022792823.1	1503	1266.15	0	0
XM_022792824.1	1477	1240.15	0	0
XM_022792825.1	1459	1222.15	0	0
XM_022792826.1	1407	1170.15	0	0
XM_022792827.1	1555	1318.15	0	0
XM_022792828.1	1498	1261.15	0	0
XM_022792829.1	1475	1238.15	0	0
XM_022792830.1	1471	1234.15	0	0
XM_022792831.1	1669	1432.15	0	0
XM_022792832.1	1373	1136.15	0	0
XM_022792833.1	2041	1804.15	0	0
XM_022792834.1	1353	1116.15	0	0
XM_022792835.1	660	426.634	0	0
XM_022792836.1	1473	1236.15	0	0
XM_022792837.1	1217	980.148	0	0
XM_022792838.1	1052	815.148	0	0
XM_022792839.1	1856	1619.15	0	0
XM_022792840.1	1664	1427.15	0	0
XM_022792841.1	4380	4143.15	0	0
XM_022792842.1	633	400.256	0	0
XM_022792843.1	4324	4087.15	0	0
XM_022792844.1	4268	4031.15	0	0
XM_022792845.1	4491	4254.15	0	0
XM_022792846.1	4475	4238.15	0	0
XM_022792847.1	3805	3568.15	0	0
XM_022792848.1	3729	3492.15	0	0
XM_022792849.1	3679	3442.15	0	0
XM_022792850.1	3728	3491.15	0	0
XM_022792851.1	3754	3517.15	0	0
XM_022792852.1	3932	3695.15	0	0
XM_022792853.1	4483	4246.15	0	0
XM_022792854.1	3282	3045.15	0	0
XM_022792855.1	3416	3179.15	0	0
XM_022792856.1	3389	3152.15	0	0
XM_022792857.1	2278	2041.15	0	0
XM_022792858.1	2315	2078.15	0	0
XM_022792859.1	1499	1262.15	0	0
XM_022792860.1	2741	2504.15	0	0
XM_022792861.1	2070	1833.15	0	0
XM_022792862.1	4424	4187.15	0	0
XM_022792863.1	1596	1359.15	0	0
XM_022792864.1	1473	1236.15	0	0
XM_022792865.1	4118	3881.15	0	0
XM_022792866.1	3892	3655.15	0	0
XM_022792867.1	3837	3600.15	0	0
XM_022792868.1	3507	3270.15	0	0
XM_022792869.1	1634	1397.15	0	0
XM_022792870.1	5223	4986.15	0	0
XM_022792871.1	2076	1839.15	0	0
XM_022792872.1	1334	1097.15	0	0
XM_022792873.1	940	703.582	0	0
XM_022792874.1	2087	1850.15	0	0
XM_022792875.1	1452	1215.15	0	0
XM_022792876.1	1342	1105.15	0	0
XM_022792877.1	2099	1862.15	0	0
XM_022792878.1	629	396.376	0	0
XM_022792879.1	5081	4844.15	0	0
XM_022792880.1	1963	1726.15	0	0
XM_022792881.1	3630	3393.15	0	0
XM_022792882.1	3172	2935.15	0	0
XM_022792883.1	3968	3731.15	0	0
XM_022792884.1	4260	4023.15	0	0
XM_022792885.1	2506	2269.15	0	0
XM_022792886.1	5555	5318.15	0	0
XM_022792887.1	1143	906.148	0	0
XM_022792888.1	1106	869.148	0	0
XM_022792889.1	975	738.297	0	0
XM_022792890.1	9643	9406.15	0	0
XM_022792891.1	8885	8648.15	0	0
XM_022792892.1	9625	9388.15	0	0
XM_022792893.1	6390	6153.15	0	0
XM_022792894.1	1955	1718.15	0	0
XM_022792895.1	12775	12538.1	0	0
XM_022792896.1	3196	2959.15	0	0
XM_022792897.1	3122	2885.15	0	0
XM_022792898.1	3536	3299.15	0	0
XM_022792899.1	3462	3225.15	0	0
XM_022792900.1	3457	3220.15	0	0
XM_022792901.1	1698	1461.15	0	0
XM_022792902.1	1804	1567.15	0	0
XM_022792903.1	4975	4738.15	0	0
XM_022792904.1	5034	4797.15	0	0
XM_022792905.1	2719	2482.15	0	0
XM_022792906.1	2460	2223.15	0	0
XM_022792907.1	4815	4578.15	0	0
XM_022792908.1	2916	2679.15	0	0
XM_022792909.1	2892	2655.15	0	0
XM_022792910.1	1716	1479.15	0	0
XM_022792911.1	755	519.871	0	0
XM_022792912.1	759	523.871	0	0
XM_022792913.1	1888	1651.15	0	0
XM_022792914.1	746	510.974	0	0
XM_022792915.1	2157	1920.15	0	0
XM_022792916.1	2119	1882.15	0	0
XM_022792917.1	4265	4028.15	0	0
XM_022792918.1	4025	3788.15	0	0
XM_022792919.1	4189	3952.15	0	0
XM_022792920.1	3688	3451.15	0	0
XM_022792921.1	2604	2367.15	0	0
XM_022792922.1	2416	2179.15	0	0
XM_022792923.1	2666	2429.15	0	0
XM_022792924.1	2946	2709.15	0	0
XM_022792925.1	2199	1962.15	0	0
XM_022792926.1	1441	1204.15	0	0
XM_022792927.1	1371	1134.15	0	0
XM_022792928.1	2226	1989.15	0	0
XM_022792929.1	1829	1592.15	0	0
XM_022792930.1	2403	2166.15	0	0
XM_022792931.1	2367	2130.15	0	0
XM_022792932.1	1649	1412.15	0	0
XM_022792933.1	2338	2101.15	0	0
XM_022792934.1	1610	1373.15	0	0
XM_022792935.1	2368	2131.15	0	0
XM_022792936.1	2338	2101.15	0	0
XM_022792937.1	1594	1357.15	0	0
XM_022792938.1	1780	1543.15	0	0
XM_022792939.1	1547	1310.15	0	0
XM_022792940.1	1787	1550.15	0	0
XM_022792941.1	5699	5462.15	0	0
XM_022792942.1	5699	5462.15	0	0
XM_022792943.1	2559	2322.15	0	0
XM_022792944.1	5614	5377.15	0	0
XM_022792945.1	1339	1102.15	0	0
XM_022792946.1	702	467.519	0	0
XM_022792947.1	745	509.974	0	0
XM_022792948.1	4569	4332.15	0	0
XM_022792949.1	4679	4442.15	0	0
XM_022792950.1	4874	4637.15	0	0
XM_022792951.1	4879	4642.15	0	0
XM_022792952.1	4563	4326.15	0	0
XM_022792953.1	2343	2106.15	0	0
XM_022792954.1	4449	4212.15	0	0
XM_022792955.1	1333	1096.15	0	0
XM_022792956.1	5182	4945.15	0	0
XM_022792957.1	4375	4138.15	0	0
XM_022792958.1	4060	3823.15	0	0
XM_022792959.1	183	49.9191	0	0
XM_022792960.1	5050	4813.15	0	0
XM_022792961.1	3294	3057.15	0	0
XM_022792962.1	4073	3836.15	0	0
XM_022792963.1	2402	2165.15	0	0
XM_022792964.1	1332	1095.15	0	0
XM_022792965.1	2386	2149.15	0	0
XM_022792966.1	2048	1811.15	0	0
XM_022792967.1	2159	1922.15	0	0
XM_022792968.1	2242	2005.15	0	0
XM_022792969.1	1938	1701.15	0	0
XM_022792970.1	6812	6575.15	0	0
XM_022792971.1	6183	5946.15	0	0
XM_022792972.1	6806	6569.15	0	0
XM_022792973.1	6412	6175.15	0	0
XM_022792974.1	1293	1056.15	0	0
XM_022792975.1	2847	2610.15	0	0
XM_022792976.1	5982	5745.15	0	0
XM_022792977.1	6162	5925.15	0	0
XM_022792978.1	5074	4837.15	0	0
XM_022792979.1	5053	4816.15	0	0
XM_022792980.1	5854	5617.15	0	0
XM_022792981.1	4895	4658.15	0	0
XM_022792982.1	5048	4811.15	0	0
XM_022792983.1	1353	1116.15	0	0
XM_022792984.1	5004	4767.15	0	0
XM_022792985.1	5608	5371.15	0	0
XM_022792986.1	6100	5863.15	0	0
XM_022792987.1	5616	5379.15	0	0
XM_022792988.1	5758	5521.15	0	0
XM_022792989.1	3482	3245.15	0	0
XM_022792990.1	1830	1593.15	0	0
XM_022792991.1	1785	1548.15	0	0
XM_022792992.1	1818	1581.15	0	0
XM_022792993.1	1710	1473.15	0	0
XM_022792994.1	1188	951.148	0	0
XM_022792995.1	1864	1627.15	0	0
XM_022792996.1	1529	1292.15	0	0
XM_022792997.1	4345	4108.15	0	0
XM_022792998.1	7268	7031.15	0	0
XM_022792999.1	5701	5464.15	0	0
XM_022793000.1	7020	6783.15	0	0
XM_022793001.1	5270	5033.15	0	0
XM_022793002.1	3280	3043.15	0	0
XM_022793003.1	3256	3019.15	0	0
XM_022793004.1	3037	2800.15	0	0
XM_022793005.1	2565	2328.15	0	0
XM_022793006.1	2138	1901.15	0	0
XM_022793007.1	700	465.519	0	0
XM_022793008.1	2658	2421.15	0	0
XM_022793009.1	2878	2641.15	0	0
XM_022793010.1	1511	1274.15	0	0
XM_022793011.1	1451	1214.15	0	0
XM_022793012.1	1429	1192.15	0	0
XM_022793013.1	1148	911.148	0	0
XM_022793014.1	4084	3847.15	0	0
XM_022793015.1	4263	4026.15	0	0
XM_022793016.1	3621	3384.15	0	0
XM_022793017.1	2009	1772.15	0	0
XM_022793018.1	1752	1515.15	0	0
XM_022793019.1	1363	1126.15	0	0
XM_022793020.1	2525	2288.15	0	0
XM_022793021.1	5431	5194.15	0	0
XM_022793022.1	1880	1643.15	0	0
XM_022793023.1	2200	1963.15	0	0
XM_022793024.1	1742	1505.15	0	0
XM_022793025.1	3470	3233.15	0	0
XM_022793026.1	1709	1472.15	0	0
XM_022793027.1	1722	1485.15	0	0
XM_022793028.1	1679	1442.15	0	0
XM_022793029.1	2001	1764.15	0	0
XM_022793030.1	2400	2163.15	0	0
XM_022793031.1	2012	1775.15	0	0
XM_022793032.1	1480	1243.15	0	0
XM_022793033.1	1342	1105.15	0	0
XM_022793034.1	1309	1072.15	0	0
XM_022793035.1	1469	1232.15	0	0
XM_022793036.1	2812	2575.15	0	0
XM_022793037.1	1322	1085.15	0	0
XM_022793038.1	1279	1042.15	0	0
XM_022793039.1	1331	1094.15	0	0
XM_022793040.1	1311	1074.15	0	0
XM_022793041.1	1268	1031.15	0	0
XM_022793042.1	3070	2833.15	0	0
XM_022793043.1	6580	6343.15	0	0
XM_022793044.1	5148	4911.15	0	0
XM_022793045.1	3598	3361.15	0	0
XM_022793046.1	6182	5945.15	0	0
XM_022793047.1	6511	6274.15	0	0
XM_022793048.1	7215	6978.15	0	0
XM_022793049.1	3657	3420.15	0	0
XM_022793050.1	4292	4055.15	0	0
XM_022793051.1	5764	5527.15	0	0
XM_022793052.1	3656	3419.15	0	0
XM_022793053.1	3693	3456.15	0	0
XM_022793054.1	2835	2598.15	0	0
XM_022793055.1	2815	2578.15	0	0
XM_022793056.1	3754	3517.15	0	0
XM_022793057.1	2457	2220.15	0	0
XM_022793058.1	5545	5308.15	0	0
XM_022793059.1	2053	1816.15	0	0
XM_022793060.1	5760	5523.15	0	0
XM_022793061.1	4019	3782.15	0	0
XM_022793062.1	4118	3881.15	0	0
XM_022793063.1	3606	3369.15	0	0
XM_022793064.1	3518	3281.15	0	0
XM_022793065.1	3595	3358.15	0	0
XM_022793066.1	4270	4033.15	0	0
XM_022793067.1	3507	3270.15	0	0
XM_022793068.1	4085	3848.15	0	0
XM_022793069.1	4073	3836.15	0	0
XM_022793070.1	5761	5524.15	0	0
XM_022793071.1	4070	3833.15	0	0
XM_022793072.1	3049	2812.15	0	0
XM_022793073.1	3066	2829.15	0	0
XM_022793074.1	3495	3258.15	0	0
XM_022793075.1	3024	2787.15	0	0
XM_022793076.1	2981	2744.15	0	0
XM_022793077.1	3112	2875.15	0	0
XM_022793078.1	3069	2832.15	0	0
XM_022793079.1	2701	2464.15	0	0
XM_022793080.1	2573	2336.15	0	0
XM_022793081.1	5713	5476.15	0	0
XM_022793082.1	3116	2879.15	0	0
XM_022793083.1	3061	2824.15	0	0
XM_022793084.1	2575	2338.15	0	0
XM_022793085.1	9479	9242.15	0	0
XM_022793086.1	8592	8355.15	0	0
XM_022793087.1	2650	2413.15	0	0
XM_022793088.1	932	695.652	0	0
XM_022793089.1	6740	6503.15	0	0
XM_022793090.1	5710	5473.15	0	0
XM_022793091.1	6475	6238.15	0	0
XM_022793092.1	6369	6132.15	0	0
XM_022793093.1	6914	6677.15	0	0
XM_022793094.1	8235	7998.15	0	0
XM_022793095.1	6080	5843.15	0	0
XM_022793096.1	6147	5910.15	0	0
XM_022793097.1	6097	5860.15	0	0
XM_022793098.1	2774	2537.15	0	0
XM_022793099.1	1282	1045.15	0	0
XM_022793100.1	1006	769.148	0	0
XM_022793101.1	4949	4712.15	0	0
XM_022793102.1	1299	1062.15	0	0
XM_022793103.1	1449	1212.15	0	0
XM_022793104.1	3327	3090.15	0	0
XM_022793105.1	3447	3210.15	0	0
XM_022793106.1	3822	3585.15	0	0
XM_022793107.1	3575	3338.15	0	0
XM_022793108.1	3079	2842.15	0	0
XM_022793109.1	1503	1266.15	0	0
XM_022793110.1	3199	2962.15	0	0
XM_022793111.1	4055	3818.15	0	0
XM_022793112.1	3599	3362.15	0	0
XM_022793113.1	3609	3372.15	0	0
XM_022793114.1	3032	2795.15	0	0
XM_022793115.1	3520	3283.15	0	0
XM_022793116.1	756	520.871	0	0
XM_022793117.1	761	525.765	0	0
XM_022793118.1	1191	954.148	0	0
XM_022793119.1	3735	3498.15	0	0
XM_022793120.1	3668	3431.15	0	0
XM_022793121.1	3711	3474.15	0	0
XM_022793122.1	3589	3352.15	0	0
XM_022793123.1	3682	3445.15	0	0
XM_022793124.1	3507	3270.15	0	0
XM_022793125.1	5059	4822.15	0	0
XM_022793126.1	737	502.227	0	0
XM_022793127.1	3734	3497.15	0	0
XM_022793128.1	2526	2289.15	0	0
XM_022793129.1	2453	2216.15	0	0
XM_022793130.1	2265	2028.15	0	0
XM_022793131.1	2069	1832.15	0	0
XM_022793132.1	3720	3483.15	0	0
XM_022793133.1	4512	4275.15	0	0
XM_022793134.1	2499	2262.15	0	0
XM_022793135.1	4098	3861.15	0	0
XM_022793136.1	2359	2122.15	0	0
XM_022793137.1	2675	2438.15	0	0
XM_022793138.1	2596	2359.15	0	0
XM_022793139.1	2671	2434.15	0	0
XM_022793140.1	5668	5431.15	0	0
XM_022793141.1	4048	3811.15	0	0
XM_022793142.1	3281	3044.15	0	0
XM_022793143.1	2842	2605.15	0	0
XM_022793144.1	2593	2356.15	0	0
XM_022793145.1	2423	2186.15	0	0
XM_022793146.1	2430	2193.15	0	0
XM_022793147.1	1781	1544.15	0	0
XM_022793148.1	1069	832.148	0	0
XM_022793149.1	817	581.162	0	0
XM_022793150.1	5576	5339.15	0	0
XM_022793151.1	5710	5473.15	0	0
XM_022793152.1	5613	5376.15	0	0
XM_022793153.1	5219	4982.15	0	0
XM_022793154.1	5530	5293.15	0	0
XM_022793155.1	6416	6179.15	0	0
XM_022793156.1	1335	1098.15	0	0
XM_022793157.1	1300	1063.15	0	0
XM_022793158.1	2646	2409.15	0	0
XM_022793159.1	2565	2328.15	0	0
XM_022793160.1	4437	4200.15	0	0
XM_022793161.1	6601	6364.15	0	0
XM_022793162.1	5321	5084.15	0	0
XM_022793163.1	4498	4261.15	0	0
XM_022793164.1	4394	4157.15	0	0
XM_022793165.1	9154	8917.15	0	0
XM_022793166.1	9000	8763.15	0	0
XM_022793167.1	1797	1560.15	0	0
XM_022793168.1	1516	1279.15	0	0
XM_022793169.1	1676	1439.15	0	0
XM_022793170.1	1632	1395.15	0	0
XM_022793171.1	1585	1348.15	0	0
XM_022793172.1	1595	1358.15	0	0
XM_022793173.1	1600	1363.15	0	0
XM_022793174.1	1650	1413.15	0	0
XM_022793175.1	1577	1340.15	0	0
XM_022793176.1	4222	3985.15	0	0
XM_022793177.1	4182	3945.15	0	0
XM_022793178.1	4301	4064.15	0	0
XM_022793179.1	4665	4428.15	0	0
XM_022793180.1	4613	4376.15	0	0
XM_022793181.1	6459	6222.15	0	0
XM_022793182.1	605	373.341	0	0
XM_022793183.1	5194	4957.15	0	0
XM_022793184.1	6416	6179.15	0	0
XM_022793185.1	4432	4195.15	0	0
XM_022793186.1	6394	6157.15	0	0
XM_022793187.1	5129	4892.15	0	0
XM_022793188.1	3657	3420.15	0	0
XM_022793189.1	1691	1454.15	0	0
XM_022793190.1	1478	1241.15	0	0
XM_022793191.1	4980	4743.15	0	0
XM_022793192.1	6000	5763.15	0	0
XM_022793193.1	4984	4747.15	0	0
XM_022793194.1	4961	4724.15	0	0
XM_022793195.1	4794	4557.15	0	0
XM_022793196.1	4610	4373.15	0	0
XM_022793197.1	6168	5931.15	0	0
XM_022793198.1	6165	5928.15	0	0
XM_022793199.1	5747	5510.15	0	0
XM_022793200.1	5929	5692.15	0	0
XM_022793201.1	6123	5886.15	0	0
XM_022793202.1	3851	3614.15	0	0
XM_022793203.1	3863	3626.15	0	0
XM_022793204.1	6593	6356.15	0	0
XM_022793205.1	6590	6353.15	0	0
XM_022793206.1	6447	6210.15	0	0
XM_022793207.1	5963	5726.15	0	0
XM_022793208.1	5775	5538.15	0	0
XM_022793209.1	3923	3686.15	0	0
XM_022793210.1	5509	5272.15	0	0
XM_022793211.1	5267	5030.15	0	0
XM_022793212.1	6253	6016.15	0	0
XM_022793213.1	6016	5779.15	0	0
XM_022793214.1	4977	4740.15	0	0
XM_022793215.1	5809	5572.15	0	0
XM_022793216.1	5530	5293.15	0	0
XM_022793217.1	5694	5457.15	0	0
XM_022793218.1	6500	6263.15	0	0
XM_022793219.1	3981	3744.15	0	0
XM_022793220.1	1793	1556.15	0	0
XM_022793221.1	2339	2102.15	0	0
XM_022793222.1	1690	1453.15	0	0
XM_022793223.1	1938	1701.15	0	0
XM_022793224.1	1934	1697.15	0	0
XM_022793225.1	1765	1528.15	0	0
XM_022793226.1	1761	1524.15	0	0
XM_022793227.1	2856	2619.15	0	0
XM_022793228.1	3702	3465.15	0	0
XM_022793229.1	1153	916.148	0	0
XM_022793230.1	3874	3637.15	0	0
XM_022793231.1	1828	1591.15	0	0
XM_022793232.1	2285	2048.15	0	0
XM_022793233.1	2282	2045.15	0	0
XM_022793234.1	2278	2041.15	0	0
XM_022793235.1	2275	2038.15	0	0
XM_022793236.1	2010	1773.15	0	0
XM_022793237.1	1805	1568.15	0	0
XM_022793238.1	2150	1913.15	0	0
XM_022793239.1	1811	1574.15	0	0
XM_022793240.1	3437	3200.15	0	0
XM_022793241.1	793	557.333	0	0
XM_022793242.1	754	518.871	0	0
XM_022793243.1	3098	2861.15	0	0
XM_022793244.1	2328	2091.15	0	0
XM_022793245.1	2038	1801.15	0	0
XM_022793246.1	2011	1774.15	0	0
XM_022793247.1	8831	8594.15	0	0
XM_022793248.1	1923	1686.15	0	0
XM_022793249.1	1423	1186.15	0	0
XM_022793250.1	2378	2141.15	0	0
XM_022793251.1	3193	2956.15	0	0
XM_022793252.1	8115	7878.15	0	0
XM_022793253.1	8094	7857.15	0	0
XM_022793254.1	8091	7854.15	0	0
XM_022793255.1	5617	5380.15	0	0
XM_022793256.1	2497	2260.15	0	0
XM_022793257.1	2431	2194.15	0	0
XM_022793258.1	2323	2086.15	0	0
XM_022793259.1	4731	4494.15	0	0
XM_022793260.1	2272	2035.15	0	0
XM_022793261.1	5957	5720.15	0	0
XM_022793262.1	2110	1873.15	0	0
XM_022793263.1	3315	3078.15	0	0
XM_022793264.1	4731	4494.15	0	0
XM_022793265.1	3234	2997.15	0	0
XM_022793266.1	3169	2932.15	0	0
XM_022793267.1	3213	2976.15	0	0
XM_022793268.1	3194	2957.15	0	0
XM_022793269.1	4251	4014.15	0	0
XM_022793270.1	4094	3857.15	0	0
XM_022793271.1	3654	3417.15	0	0
XM_022793272.1	4069	3832.15	0	0
XM_022793273.1	2421	2184.15	0	0
XM_022793274.1	2424	2187.15	0	0
XM_022793275.1	3893	3656.15	0	0
XM_022793276.1	7170	6933.15	0	0
XM_022793277.1	2150	1913.15	0	0
XM_022793278.1	2131	1894.15	0	0
XM_022793279.1	630	397.376	0	0
XM_022793280.1	2943	2706.15	0	0
XM_022793281.1	2916	2679.15	0	0
XM_022793282.1	2276	2039.15	0	0
XM_022793283.1	2054	1817.15	0	0
XM_022793284.1	2210	1973.15	0	0
XM_022793285.1	7177	6940.15	0	0
XM_022793286.1	1926	1689.15	0	0
XM_022793287.1	6402	6165.15	0	0
XM_022793288.1	5350	5113.15	0	0
XM_022793289.1	5991	5754.15	0	0
XM_022793290.1	5834	5597.15	0	0
XM_022793291.1	5468	5231.15	0	0
XM_022793292.1	5561	5324.15	0	0
XM_022793293.1	2905	2668.15	0	0
XM_022793294.1	5195	4958.15	0	0
XM_022793295.1	5376	5139.15	0	0
XM_022793296.1	5369	5132.15	0	0
XM_022793297.1	2642	2405.15	0	0
XM_022793298.1	4992	4755.15	0	0
XM_022793299.1	4812	4575.15	0	0
XM_022793300.1	4816	4579.15	0	0
XM_022793301.1	1992	1755.15	0	0
XM_022793302.1	2033	1796.15	0	0
XM_022793303.1	4964	4727.15	0	0
XM_022793304.1	5565	5328.15	0	0
XM_022793305.1	6621	6384.15	0	0
XM_022793306.1	6133	5896.15	0	0
XM_022793307.1	5455	5218.15	0	0
XM_022793308.1	4813	4576.15	0	0
XM_022793309.1	3839	3602.15	0	0
XM_022793310.1	3682	3445.15	0	0
XM_022793311.1	4415	4178.15	0	0
XM_022793312.1	4425	4188.15	0	0
XM_022793313.1	4350	4113.15	0	0
XM_022793314.1	4288	4051.15	0	0
XM_022793315.1	3746	3509.15	0	0
XM_022793316.1	3454	3217.15	0	0
XM_022793317.1	1777	1540.15	0	0
XM_022793318.1	1573	1336.15	0	0
XM_022793319.1	1498	1261.15	0	0
XM_022793320.1	1489	1252.15	0	0
XM_022793321.1	1774	1537.15	0	0
XM_022793322.1	1574	1337.15	0	0
XM_022793323.1	1571	1334.15	0	0
XM_022793324.1	3604	3367.15	0	0
XM_022793325.1	1197	960.148	0	0
XM_022793326.1	1446	1209.15	0	0
XM_022793327.1	544	315.772	0	0
XM_022793328.1	2800	2563.15	0	0
XM_022793329.1	3819	3582.15	0	0
XM_022793330.1	7349	7112.15	0	0
XM_022793331.1	2286	2049.15	0	0
XM_022793332.1	2299	2062.15	0	0
XM_022793333.1	3711	3474.15	0	0
XM_022793334.1	1043	806.148	0	0
XM_022793335.1	932	695.652	0	0
XM_022793336.1	981	744.224	0	0
XM_022793337.1	2345	2108.15	0	0
XM_022793338.1	1054	817.148	0	0
XM_022793339.1	3922	3685.15	0	0
XM_022793340.1	3687	3450.15	0	0
XM_022793341.1	2814	2577.15	0	0
XM_022793342.1	3845	3608.15	0	0
XM_022793343.1	2885	2648.15	0	0
XM_022793344.1	3654	3417.15	0	0
XM_022793345.1	3003	2766.15	0	0
XM_022793346.1	3560	3323.15	0	0
XM_022793347.1	2517	2280.15	0	0
XM_022793348.1	662	428.548	0	0
XM_022793349.1	2382	2145.15	0	0
XM_022793350.1	2465	2228.15	0	0
XM_022793351.1	4693	4456.15	0	0
XM_022793352.1	2231	1994.15	0	0
XM_022793353.1	936	699.582	0	0
XM_022793354.1	1738	1501.15	0	0
XM_022793355.1	1767	1530.15	0	0
XM_022793356.1	1514	1277.15	0	0
XM_022793357.1	1439	1202.15	0	0
XM_022793358.1	914	677.72	0	0
XM_022793359.1	2600	2363.15	0	0
XM_022793360.1	3821	3584.15	0	0
XM_022793361.1	2937	2700.15	0	0
XM_022793362.1	2883	2646.15	0	0
XM_022793363.1	2546	2309.15	0	0
XM_022793364.1	2374	2137.15	0	0
XM_022793365.1	2351	2114.15	0	0
XM_022793366.1	2670	2433.15	0	0
XM_022793367.1	2936	2699.15	0	0
XM_022793368.1	940	703.582	0	0
XM_022793369.1	3691	3454.15	0	0
XM_022793370.1	2296	2059.15	0	0
XM_022793371.1	2137	1900.15	0	0
XM_022793372.1	2292	2055.15	0	0
XM_022793373.1	1855	1618.15	0	0
XM_022793374.1	2192	1955.15	0	0
XM_022793375.1	1342	1105.15	0	0
XM_022793376.1	2690	2453.15	0	0
XM_022793377.1	3814	3577.15	0	0
XM_022793378.1	4119	3882.15	0	0
XM_022793379.1	2873	2636.15	0	0
XM_022793380.1	5944	5707.15	0	0
XM_022793381.1	2854	2617.15	0	0
XM_022793382.1	8369	8132.15	0	0
XM_022793383.1	5232	4995.15	0	0
XM_022793384.1	7845	7608.15	0	0
XM_022793385.1	1249	1012.15	0	0
XM_022793386.1	3790	3553.15	0	0
XM_022793387.1	1396	1159.15	0	0
XM_022793388.1	1215	978.148	0	0
XM_022793389.1	1173	936.148	0	0
XM_022793390.1	3498	3261.15	0	0
XM_022793391.1	3414	3177.15	0	0
XM_022793392.1	3591	3354.15	0	0
XM_022793393.1	3645	3408.15	0	0
XM_022793394.1	1124	887.148	0	0
XM_022793395.1	3859	3622.15	0	0
XM_022793396.1	1413	1176.15	0	0
XM_022793397.1	4563	4326.15	0	0
XM_022793398.1	890	653.786	0	0
XM_022793399.1	7342	7105.15	0	0
XM_022793400.1	2740	2503.15	0	0
XM_022793401.1	2390	2153.15	0	0
XM_022793402.1	2177	1940.15	0	0
XM_022793403.1	3883	3646.15	0	0
XM_022793404.1	2457	2220.15	0	0
XM_022793405.1	2137	1900.15	0	0
XM_022793406.1	2733	2496.15	0	0
XM_022793407.1	2342	2105.15	0	0
XM_022793408.1	1044	807.148	0	0
XM_022793409.1	957	720.37	0	0
XM_022793410.1	3598	3361.15	0	0
XM_022793411.1	3211	2974.15	0	0
XM_022793412.1	3717	3480.15	0	0
XM_022793413.1	3680	3443.15	0	0
XM_022793414.1	3639	3402.15	0	0
XM_022793415.1	3636	3399.15	0	0
XM_022793416.1	1957	1720.15	0	0
XM_022793417.1	2279	2042.15	0	0
XM_022793418.1	2776	2539.15	0	0
XM_022793419.1	2683	2446.15	0	0
XM_022793420.1	2754	2517.15	0	0
XM_022793421.1	2597	2360.15	0	0
XM_022793422.1	3506	3269.15	0	0
XM_022793423.1	7953	7716.15	0	0
XM_022793424.1	7935	7698.15	0	0
XM_022793425.1	7694	7457.15	0	0
XM_022793426.1	4693	4456.15	0	0
XM_022793427.1	3221	2984.15	0	0
XM_022793428.1	1665	1428.15	0	0
XM_022793429.1	4964	4727.15	0	0
XM_022793430.1	4508	4271.15	0	0
XM_022793431.1	5373	5136.15	0	0
XM_022793432.1	5562	5325.15	0	0
XM_022793433.1	6692	6455.15	0	0
XM_022793434.1	4869	4632.15	0	0
XM_022793435.1	5550	5313.15	0	0
XM_022793436.1	2459	2222.15	0	0
XM_022793437.1	2467	2230.15	0	0
XM_022793438.1	2468	2231.15	0	0
XM_022793439.1	2318	2081.15	0	0
XM_022793440.1	13115	12878.1	0	0
XM_022793441.1	13102	12865.1	0	0
XM_022793442.1	12888	12651.1	0	0
XM_022793443.1	13046	12809.1	0	0
XM_022793444.1	13019	12782.1	0	0
XM_022793445.1	13016	12779.1	0	0
XM_022793446.1	12950	12713.1	0	0
XM_022793447.1	12947	12710.1	0	0
XM_022793448.1	7185	6948.15	0	0
XM_022793449.1	12920	12683.1	0	0
XM_022793450.1	12851	12614.1	0	0
XM_022793451.1	11868	11631.1	0	0
XM_022793452.1	4457	4220.15	0	0
XM_022793453.1	4292	4055.15	0	0
XM_022793454.1	4274	4037.15	0	0
XM_022793455.1	4047	3810.15	0	0
XM_022793456.1	4095	3858.15	0	0
XM_022793457.1	3886	3649.15	0	0
XM_022793458.1	5921	5684.15	0	0
XM_022793459.1	5853	5616.15	0	0
XM_022793460.1	3830	3593.15	0	0
XM_022793461.1	5847	5610.15	0	0
XM_022793462.1	3352	3115.15	0	0
XM_022793463.1	2907	2670.15	0	0
XM_022793464.1	3508	3271.15	0	0
XM_022793465.1	2770	2533.15	0	0
XM_022793466.1	2839	2602.15	0	0
XM_022793467.1	3426	3189.15	0	0
XM_022793468.1	4191	3954.15	0	0
XM_022793469.1	5713	5476.15	0	0
XM_022793470.1	3224	2987.15	0	0
XM_022793471.1	1082	845.148	0	0
XM_022793472.1	4994	4757.15	0	0
XM_022793473.1	1792	1555.15	0	0
XM_022793474.1	2209	1972.15	0	0
XM_022793475.1	8620	8383.15	0	0
XM_022793476.1	1679	1442.15	0	0
XM_022793477.1	1640	1403.15	0	0
XM_022793478.1	2518	2281.15	0	0
XM_022793479.1	2442	2205.15	0	0
XM_022793480.1	4834	4597.15	0	0
XM_022793481.1	4983	4746.15	0	0
XM_022793482.1	1270	1033.15	0	0
XM_022793483.1	1480	1243.15	0	0
XM_022793484.1	7696	7459.15	0	0
XM_022793485.1	3837	3600.15	0	0
XM_022793486.1	3224	2987.15	0	0
XM_022793487.1	3828	3591.15	0	0
XM_022793488.1	2988	2751.15	0	0
XM_022793489.1	1925	1688.15	0	0
XM_022793490.1	1788	1551.15	0	0
XM_022793491.1	1615	1378.15	0	0
XM_022793492.1	1351	1114.15	0	0
XM_022793493.1	3266	3029.15	0	0
XM_022793494.1	8227	7990.15	0	0
XM_022793495.1	3290	3053.15	0	0
XM_022793496.1	3179	2942.15	0	0
XM_022793497.1	2591	2354.15	0	0
XM_022793498.1	1071	834.148	0	0
XM_022793499.1	1096	859.148	0	0
XM_022793500.1	1052	815.148	0	0
XM_022793501.1	8466	8229.15	0	0
XM_022793502.1	1074	837.148	0	0
XM_022793503.1	1108	871.148	0	0
XM_022793504.1	2036	1799.15	0	0
XM_022793505.1	953	716.37	0	0
XM_022793506.1	944	707.441	0	0
XM_022793507.1	9897	9660.15	0	0
XM_022793508.1	9906	9669.15	0	0
XM_022793509.1	9891	9654.15	0	0
XM_022793510.1	8401	8164.15	0	0
XM_022793511.1	9825	9588.15	0	0
XM_022793512.1	9753	9516.15	0	0
XM_022793513.1	9894	9657.15	0	0
XM_022793514.1	9141	8904.15	0	0
XM_022793515.1	7798	7561.15	0	0
XM_022793516.1	7513	7276.15	0	0
XM_022793517.1	7135	6898.15	0	0
XM_022793518.1	8584	8347.15	0	0
XM_022793519.1	2763	2526.15	0	0
XM_022793520.1	2276	2039.15	0	0
XM_022793521.1	8008	7771.15	0	0
XM_022793522.1	2543	2306.15	0	0
XM_022793523.1	3562	3325.15	0	0
XM_022793524.1	3180	2943.15	0	0
XM_022793525.1	3370	3133.15	0	0
XM_022793526.1	691	456.704	0	0
XM_022793527.1	2276	2039.15	0	0
XM_022793528.1	2031	1794.15	0	0
XM_022793529.1	7968	7731.15	0	0
XM_022793530.1	2051	1814.15	0	0
XM_022793531.1	2039	1802.15	0	0
XM_022793532.1	2025	1788.15	0	0
XM_022793533.1	2048	1811.15	0	0
XM_022793534.1	2260	2023.15	0	0
XM_022793535.1	2282	2045.15	0	0
XM_022793536.1	7291	7054.15	0	0
XM_022793537.1	2247	2010.15	0	0
XM_022793538.1	1867	1630.15	0	0
XM_022793539.1	1843	1606.15	0	0
XM_022793540.1	2606	2369.15	0	0
XM_022793541.1	2285	2048.15	0	0
XM_022793542.1	2269	2032.15	0	0
XM_022793543.1	6242	6005.15	0	0
XM_022793544.1	4989	4752.15	0	0
XM_022793545.1	6428	6191.15	0	0
XM_022793546.1	6639	6402.15	0	0
XM_022793547.1	4908	4671.15	0	0
XM_022793548.1	4360	4123.15	0	0
XM_022793549.1	4779	4542.15	0	0
XM_022793550.1	1317	1080.15	0	0
XM_022793551.1	1173	936.148	0	0
XM_022793552.1	1150	913.148	0	0
XM_022793553.1	1091	854.148	0	0
XM_022793554.1	1937	1700.15	0	0
XM_022793555.1	6566	6329.15	0	0
XM_022793556.1	728	493.327	0	0
XM_022793557.1	4719	4482.15	0	0
XM_022793558.1	2999	2762.15	0	0
XM_022793559.1	2996	2759.15	0	0
XM_022793560.1	5545	5308.15	0	0
XM_022793561.1	3556	3319.15	0	0
XM_022793562.1	6426	6189.15	0	0
XM_022793563.1	3643	3406.15	0	0
XM_022793564.1	2086	1849.15	0	0
XM_022793565.1	3358	3121.15	0	0
XM_022793566.1	3049	2812.15	0	0
XM_022793567.1	2862	2625.15	0	0
XM_022793568.1	1465	1228.15	0	0
XM_022793569.1	8975	8738.15	0	0
XM_022793570.1	2607	2370.15	0	0
XM_022793571.1	2274	2037.15	0	0
XM_022793572.1	2713	2476.15	0	0
XM_022793573.1	2547	2310.15	0	0
XM_022793574.1	2184	1947.15	0	0
XM_022793575.1	2286	2049.15	0	0
XM_022793576.1	1280	1043.15	0	0
XM_022793577.1	5261	5024.15	0	0
XM_022793578.1	9073	8836.15	0	0
XM_022793579.1	5026	4789.15	0	0
XM_022793580.1	3090	2853.15	0	0
XM_022793581.1	3078	2841.15	0	0
XM_022793582.1	2480	2243.15	0	0
XM_022793583.1	2408	2171.15	0	0
XM_022793584.1	2154	1917.15	0	0
XM_022793585.1	1817	1580.15	0	0
XM_022793586.1	8680	8443.15	0	0
XM_022793587.1	1406	1169.15	0	0
XM_022793588.1	618	385.73	0	0
XM_022793589.1	581	350.681	0	0
XM_022793590.1	547	318.61	0	0
XM_022793591.1	1255	1018.15	0	0
XM_022793592.1	2820	2583.15	0	0
XM_022793593.1	3269	3032.15	0	0
XM_022793594.1	8778	8541.15	0	0
XM_022793595.1	2760	2523.15	0	0
XM_022793596.1	2909	2672.15	0	0
XM_022793597.1	2413	2176.15	0	0
XM_022793598.1	1623	1386.15	0	0
XM_022793599.1	1554	1317.15	0	0
XM_022793600.1	1422	1185.15	0	0
XM_022793601.1	4504	4267.15	0	0
XM_022793602.1	2944	2707.15	0	0
XM_022793603.1	7993	7756.15	0	0
XM_022793604.1	1267	1030.15	0	0
XM_022793605.1	5848	5611.15	0	0
XM_022793606.1	6123	5886.15	0	0
XM_022793607.1	6112	5875.15	0	0
XM_022793608.1	5815	5578.15	0	0
XM_022793609.1	5463	5226.15	0	0
XM_022793610.1	5857	5620.15	0	0
XM_022793611.1	3740	3503.15	0	0
XM_022793612.1	3192	2955.15	0	0
XM_022793613.1	7735	7498.15	0	0
XM_022793614.1	2967	2730.15	0	0
XM_022793615.1	2923	2686.15	0	0
XM_022793616.1	3083	2846.15	0	0
XM_022793617.1	2136	1899.15	0	0
XM_022793618.1	2252	2015.15	0	0
XM_022793619.1	3279	3042.15	0	0
XM_022793620.1	2374	2137.15	0	0
XM_022793621.1	8214	7977.15	0	0
XM_022793622.1	719	484.425	0	0
XM_022793623.1	639	406.134	0	0
XM_022793624.1	4393	4156.15	0	0
XM_022793625.1	4240	4003.15	0	0
XM_022793626.1	4245	4008.15	0	0
XM_022793627.1	4189	3952.15	0	0
XM_022793628.1	3150	2913.15	0	0
XM_022793629.1	3984	3747.15	0	0
XM_022793630.1	3933	3696.15	0	0
XM_022793631.1	7705	7468.15	0	0
XM_022793632.1	3386	3149.15	0	0
XM_022793633.1	3041	2804.15	0	0
XM_022793634.1	1501	1264.15	0	0
XM_022793635.1	5115	4878.15	0	0
XM_022793636.1	2229	1992.15	0	0
XM_022793637.1	2278	2041.15	0	0
XM_022793638.1	8436	8199.15	0	0
XM_022793639.1	4694	4457.15	0	0
XM_022793640.1	2241	2004.15	0	0
XM_022793641.1	2063	1826.15	0	0
XM_022793642.1	2059	1822.15	0	0
XM_022793643.1	1830	1593.15	0	0
XM_022793644.1	1740	1503.15	0	0
XM_022793645.1	1733	1496.15	0	0
XM_022793646.1	1971	1734.15	0	0
XM_022793647.1	3781	3544.15	0	0
XM_022793648.1	3852	3615.15	0	0
XM_022793649.1	3034	2797.15	0	0
XM_022793650.1	3104	2867.15	0	0
XM_022793651.1	3100	2863.15	0	0
XM_022793652.1	4235	3998.15	0	0
XM_022793653.1	676	442.199	0	0
XM_022793654.1	486	264.853	0	0
XM_022793655.1	9012	8775.15	0	0
XM_022793656.1	7652	7415.15	0	0
XM_022793657.1	6427	6190.15	0	0
XM_022793658.1	6079	5842.15	0	0
XM_022793659.1	6083	5846.15	0	0
XM_022793660.1	6121	5884.15	0	0
XM_022793661.1	3912	3675.15	0	0
XM_022793662.1	5942	5705.15	2.97471	0.0952192
XM_022793663.1	5917	5680.15	0	0
XM_022793664.1	5515	5278.15	0	0
XM_022793665.1	5947	5710.15	0	0
XM_022793666.1	5788	5551.15	0	0
XM_022793667.1	9096	8859.15	0	0
XM_022793668.1	4467	4230.15	0	0
XM_022793669.1	3958	3721.15	0	0
XM_022793670.1	11844	11607.1	0	0
XM_022793671.1	3893	3656.15	0	0
XM_022793672.1	3500	3263.15	0	0
XM_022793673.1	3472	3235.15	0	0
XM_022793674.1	3480	3243.15	0	0
XM_022793675.1	3447	3210.15	0	0
XM_022793676.1	4790	4553.15	0	0
XM_022793677.1	5546	5309.15	0	0
XM_022793678.1	5543	5306.15	0	0
XM_022793679.1	5465	5228.15	0	0
XM_022793680.1	3901	3664.15	0	0
XM_022793681.1	5291	5054.15	0	0
XM_022793682.1	4640	4403.15	0	0
XM_022793683.1	1892	1655.15	0	0
XM_022793684.1	1823	1586.15	0	0
XM_022793685.1	1860	1623.15	0	0
XM_022793686.1	1667	1430.15	0	0
XM_022793687.1	1396	1159.15	0	0
XM_022793688.1	3572	3335.15	0	0
XM_022793689.1	12306	12069.1	0	0
XM_022793690.1	11831	11594.1	0	0
XM_022793691.1	11576	11339.1	0	0
XM_022793692.1	11210	10973.1	0	0
XM_022793693.1	10748	10511.1	0	0
XM_022793694.1	3546	3309.15	0	0
XM_022793695.1	3870	3633.15	0	0
XM_022793696.1	3271	3034.15	0	0
XM_022793697.1	3268	3031.15	0	0
XM_022793698.1	2702	2465.15	0	0
XM_022793699.1	3182	2945.15	0	0
XM_022793700.1	2499	2262.15	0	0
XM_022793701.1	2216	1979.15	0	0
XM_022793702.1	2249	2012.15	0	0
XM_022793703.1	2219	1982.15	0	0
XM_022793704.1	2913	2676.15	0	0
XM_022793705.1	3719	3482.15	0	0
XM_022793706.1	6992	6755.15	0	0
XM_022793707.1	6989	6752.15	0	0
XM_022793708.1	2515	2278.15	0	0
XM_022793709.1	4027	3790.15	0	0
XM_022793710.1	4024	3787.15	0	0
XM_022793711.1	4025	3788.15	0	0
XM_022793712.1	3955	3718.15	0	0
XM_022793713.1	3541	3304.15	0	0
XM_022793714.1	3766	3529.15	0	0
XM_022793715.1	3361	3124.15	0	0
XM_022793716.1	5007	4770.15	0	0
XM_022793717.1	1489	1252.15	0	0
XM_022793718.1	4363	4126.15	0	0
XM_022793719.1	3456	3219.15	0	0
XM_022793720.1	4309	4072.15	0	0
XM_022793721.1	4258	4021.15	0	0
XM_022793722.1	1554	1317.15	0	0
XM_022793723.1	3086	2849.15	0	0
XM_022793724.1	2687	2450.15	0	0
XM_022793725.1	5654	5417.15	0	0
XM_022793726.1	5651	5414.15	0	0
XM_022793727.1	5629	5392.15	0	0
XM_022793728.1	3433	3196.15	0	0
XM_022793729.1	5527	5290.15	0	0
XM_022793730.1	7323	7086.15	0	0
XM_022793731.1	6734	6497.15	0	0
XM_022793732.1	5548	5311.15	0	0
XM_022793733.1	6649	6412.15	0	0
XM_022793734.1	5487	5250.15	0	0
XM_022793735.1	6921	6684.15	0	0
XM_022793736.1	804	568.277	0	0
XM_022793737.1	767	531.607	0	0
XM_022793738.1	3191	2954.15	0	0
XM_022793739.1	445	230.608	0	0
XM_022793740.1	1371	1134.15	0	0
XM_022793741.1	1359	1122.15	0	0
XM_022793742.1	1343	1106.15	0	0
XM_022793743.1	4499	4262.15	0	0
XM_022793744.1	4354	4117.15	0	0
XM_022793745.1	1232	995.148	0	0
XM_022793746.1	1950	1713.15	0	0
XM_022793747.1	3152	2915.15	0	0
XM_022793748.1	1700	1463.15	0	0
XM_022793749.1	1816	1579.15	0	0
XM_022793750.1	5160	4923.15	0	0
XM_022793751.1	6392	6155.15	0	0
XM_022793752.1	639	406.134	0	0
XM_022793753.1	6324	6087.15	0	0
XM_022793754.1	4349	4112.15	0	0
XM_022793755.1	4300	4063.15	0	0
XM_022793756.1	4763	4526.15	0	0
XM_022793757.1	3812	3575.15	0	0
XM_022793758.1	4409	4172.15	0	0
XM_022793759.1	4300	4063.15	0	0
XM_022793760.1	4119	3882.15	0	0
XM_022793761.1	4165	3928.15	0	0
XM_022793762.1	1930	1693.15	0	0
XM_022793763.1	8883	8646.15	0	0
XM_022793764.1	6024	5787.15	0	0
XM_022793765.1	6162	5925.15	0	0
XM_022793766.1	3483	3246.15	0	0
XM_022793767.1	5577	5340.15	0	0
XM_022793768.1	4096	3859.15	0	0
XM_022793769.1	5074	4837.15	0	0
XM_022793770.1	3564	3327.15	0	0
XM_022793771.1	3541	3304.15	0	0
XM_022793772.1	3435	3198.15	0	0
XM_022793773.1	1574	1337.15	0	0
XM_022793774.1	3109	2872.15	0	0
XM_022793775.1	2773	2536.15	0	0
XM_022793776.1	2749	2512.15	0	0
XM_022793777.1	2746	2509.15	0	0
XM_022793778.1	6817	6580.15	0	0
XM_022793779.1	4097	3860.15	0	0
XM_022793780.1	9671	9434.15	0	0
XM_022793781.1	8659	8422.15	0	0
XM_022793782.1	8657	8420.15	0	0
XM_022793783.1	9668	9431.15	0	0
XM_022793784.1	9635	9398.15	0	0
XM_022793785.1	9624	9387.15	0	0
XM_022793786.1	9448	9211.15	0	0
XM_022793787.1	1394	1157.15	0	0
XM_022793788.1	4188	3951.15	0	0
XM_022793789.1	2586	2349.15	0	0
XM_022793790.1	2385	2148.15	0	0
XM_022793791.1	1426	1189.15	0	0
XM_022793792.1	1538	1301.15	0	0
XM_022793793.1	10784	10547.1	0	0
XM_022793794.1	10544	10307.1	3.86209e-06	6.84274e-08
XM_022793795.1	10400	10163.1	4.14621	0.0745022
XM_022793796.1	10512	10275.1	8.31175e-05	1.47724e-06
XM_022793797.1	1831	1594.15	0	0
XM_022793798.1	10513	10276.1	7.55053e-05	1.34182e-06
XM_022793799.1	643	410.011	0	0
XM_022793800.1	594	362.675	0	0
XM_022793801.1	2159	1922.15	0	0
XM_022793802.1	2775	2538.15	0	0
XM_022793803.1	2927	2690.15	0	0
XM_022793804.1	1859	1622.15	0	0
XM_022793805.1	1915	1678.15	0	0
XM_022793806.1	4213	3976.15	0	0
XM_022793807.1	2366	2129.15	0	0
XM_022793808.1	2296	2059.15	0	0
XM_022793809.1	2438	2201.15	0	0
XM_022793810.1	2029	1792.15	0	0
XM_022793811.1	529	302.575	0	0
XM_022793812.1	521	295.404	0	0
XM_022793813.1	641	408.052	0	0
XM_022793814.1	862	625.978	0	0
XM_022793815.1	609	377.075	0	0
XM_022793816.1	535	307.95	0	0
XM_022793817.1	615	382.808	0	0
XM_022793818.1	3722	3485.15	0	0
XM_022793819.1	2284	2047.15	0	0
XM_022793820.1	2875	2638.15	0	0
XM_022793821.1	2852	2615.15	0	0
XM_022793822.1	2389	2152.15	0	0
XM_022793823.1	2365	2128.15	0	0
XM_022793824.1	2322	2085.15	0	0
XM_022793825.1	2374	2137.15	0	0
XM_022793826.1	1665	1428.15	0	0
XM_022793827.1	4803	4566.15	0	0
XM_022793828.1	4457	4220.15	0	0
XM_022793829.1	4792	4555.15	0	0
XM_022793830.1	4301	4064.15	0	0
XM_022793831.1	4289	4052.15	0	0
XM_022793832.1	1396	1159.15	0	0
XM_022793833.1	3827	3590.15	0	0
XM_022793834.1	3033	2796.15	0	0
XM_022793835.1	3256	3019.15	0	0
XM_022793836.1	2375	2138.15	0	0
XM_022793837.1	4231	3994.15	0	0
XM_022793838.1	3060	2823.15	0	0
XM_022793839.1	3001	2764.15	0	0
XM_022793840.1	2707	2470.15	0	0
XM_022793841.1	3847	3610.15	0	0
XM_022793842.1	2794	2557.15	0	0
XM_022793843.1	2762	2525.15	0	0
XM_022793844.1	1430	1193.15	0	0
XM_022793845.1	3050	2813.15	0	0
XM_022793846.1	3312	3075.15	0	0
XM_022793847.1	4075	3838.15	0	0
XM_022793848.1	2798	2561.15	0	0
XM_022793849.1	576	345.999	0	0
XM_022793850.1	4226	3989.15	0	0
XM_022793851.1	4141	3904.15	0	0
XM_022793852.1	4199	3962.15	0	0
XM_022793853.1	5133	4896.15	0	0
XM_022793854.1	3784	3547.15	0	0
XM_022793855.1	3654	3417.15	0	0
XM_022793856.1	4755	4518.15	0	0
XM_022793857.1	4641	4404.15	0	0
XM_022793858.1	1223	986.148	0	0
XM_022793859.1	5457	5220.15	0	0
XM_022793860.1	3784	3547.15	0	0
XM_022793861.1	2527	2290.15	0	0
XM_022793862.1	1203	966.148	0	0
XM_022793863.1	1632	1395.15	0	0
XM_022793864.1	1335	1098.15	0	0
XM_022793865.1	1284	1047.15	0	0
XM_022793866.1	4685	4448.15	0	0
XM_022793867.1	2646	2409.15	0	0
XM_022793868.1	2565	2328.15	0	0
XM_022793869.1	4437	4200.15	0	0
XM_022793870.1	5308	5071.15	0	0
XM_022793871.1	6237	6000.15	0	0
XM_022793872.1	10151	9914.15	0	0
XM_022793873.1	9774	9537.15	0	0
XM_022793874.1	13790	13553.1	0	0
XM_022793875.1	3777	3540.15	0	0
XM_022793876.1	2709	2472.15	0	0
XM_022793877.1	2616	2379.15	0	0
XM_022793878.1	2652	2415.15	0	0
XM_022793879.1	2712	2475.15	0	0
XM_022793880.1	6783	6546.15	0	0
XM_022793881.1	2481	2244.15	0	0
XM_022793882.1	2483	2246.15	0	0
XM_022793883.1	2356	2119.15	0	0
XM_022793884.1	2351	2114.15	0	0
XM_022793885.1	2291	2054.15	0	0
XM_022793886.1	2724	2487.15	0	0
XM_022793887.1	3796	3559.15	0	0
XM_022793888.1	3940	3703.15	0	0
XM_022793889.1	3657	3420.15	0	0
XM_022793890.1	9720	9483.15	0	0
XM_022793891.1	3793	3556.15	0	0
XM_022793892.1	3154	2917.15	0	0
XM_022793893.1	4283	4046.15	0	0
XM_022793894.1	4277	4040.15	0	0
XM_022793895.1	3735	3498.15	0	0
XM_022793896.1	1781	1544.15	0	0
XM_022793897.1	1755	1518.15	0	0
XM_022793898.1	1759	1522.15	0	0
XM_022793899.1	1663	1426.15	0	0
XM_022793900.1	6563	6326.15	0	0
XM_022793901.1	1700	1463.15	0	0
XM_022793902.1	2232	1995.15	0	0
XM_022793903.1	2401	2164.15	0	0
XM_022793904.1	1748	1511.15	0	0
XM_022793905.1	1694	1457.15	0	0
XM_022793906.1	1517	1280.15	0	0
XM_022793907.1	2704	2467.15	0	0
XM_022793908.1	6618	6381.15	0	0
XM_022793909.1	3573	3336.15	0	0
XM_022793910.1	2576	2339.15	0	0
XM_022793911.1	2287	2050.15	0	0
XM_022793912.1	3315	3078.15	0	0
XM_022793913.1	6229	5992.15	0	0
XM_022793914.1	3172	2935.15	0	0
XM_022793915.1	3372	3135.15	0	0
XM_022793916.1	763	527.713	0	0
XM_022793917.1	1001	764.148	0	0
XM_022793918.1	14031	13794.1	0	0
XM_022793919.1	14015	13778.1	0	0
XM_022793920.1	3477	3240.15	0	0
XM_022793921.1	5804	5567.15	0	0
XM_022793922.1	3991	3754.15	0	0
XM_022793923.1	3403	3166.15	0	0
XM_022793924.1	3295	3058.15	0	0
XM_022793925.1	3318	3081.15	0	0
XM_022793926.1	2376	2139.15	0	0
XM_022793927.1	4234	3997.15	0	0
XM_022793928.1	4111	3874.15	0	0
XM_022793929.1	4478	4241.15	0	0
XM_022793930.1	6239	6002.15	3.45837	0.105223
XM_022793931.1	4102	3865.15	0	0
XM_022793932.1	3931	3694.15	0	0
XM_022793933.1	4218	3981.15	0	0
XM_022793934.1	4202	3965.15	0	0
XM_022793935.1	4188	3951.15	0	0
XM_022793936.1	3508	3271.15	0	0
XM_022793937.1	3288	3051.15	0	0
XM_022793938.1	3270	3033.15	0	0
XM_022793939.1	1835	1598.15	0	0
XM_022793940.1	479	258.836	0	0
XM_022793941.1	763	527.713	0	0
XM_022793942.1	631	398.336	0	0
XM_022793943.1	473	253.454	0	0
XM_022793944.1	613	380.885	0	0
XM_022793945.1	3248	3011.15	0	0
XM_022793946.1	4635	4398.15	0	0
XM_022793947.1	4477	4240.15	0	0
XM_022793948.1	4058	3821.15	0	0
XM_022793949.1	6917	6680.15	0	0
XM_022793950.1	3834	3597.15	0	0
XM_022793951.1	1327	1090.15	0	0
XM_022793952.1	1250	1013.15	0	0
XM_022793953.1	2013	1776.15	0	0
XM_022793954.1	3164	2927.15	0	0
XM_022793955.1	1117	880.148	0	0
XM_022793956.1	1116	879.148	0	0
XM_022793957.1	392	188.596	0	0
XM_022793958.1	8171	7934.15	0	0
XM_022793959.1	8159	7922.15	0	0
XM_022793960.1	8749	8512.15	0	0
XM_022793961.1	7973	7736.15	0	0
XM_022793962.1	4301	4064.15	0	0
XM_022793963.1	4348	4111.15	0	0
XM_022793964.1	7734	7497.15	0	0
XM_022793965.1	7610	7373.15	0	0
XM_022793966.1	1847	1610.15	0	0
XM_022793967.1	2182	1945.15	0	0
XM_022793968.1	3762	3525.15	0	0
XM_022793969.1	2211	1974.15	0	0
XM_022793970.1	1609	1372.15	0	0
XM_022793971.1	1944	1707.15	0	0
XM_022793972.1	1146	909.148	0	0
XM_022793973.1	2514	2277.15	0	0
XM_022793974.1	1512	1275.15	0	0
XM_022793975.1	2194	1957.15	0	0
XM_022793976.1	1841	1604.15	0	0
XM_022793977.1	2516	2279.15	0	0
XM_022793978.1	773	537.607	0	0
XM_022793979.1	2789	2552.15	0	0
XM_022793980.1	1806	1569.15	0	0
XM_022793981.1	671	437.199	0	0
XM_022793982.1	905	668.72	0	0
XM_022793983.1	2551	2314.15	0	0
XM_022793984.1	710	475.425	0	0
XM_022793985.1	2945	2708.15	0	0
XM_022793986.1	2966	2729.15	0	0
XM_022793987.1	2834	2597.15	0	0
XM_022793988.1	2870	2633.15	0	0
XM_022793989.1	2769	2532.15	0	0
XM_022793990.1	1965	1728.15	0	0
XM_022793991.1	3046	2809.15	0	0
XM_022793992.1	2728	2491.15	0	0
XM_022793993.1	2123	1886.15	0	0
XM_022793994.1	2362	2125.15	0	0
XM_022793995.1	813	577.22	0	0
XM_022793996.1	3779	3542.15	0	0
XM_022793997.1	3985	3748.15	0	0
XM_022793998.1	3672	3435.15	0	0
XM_022793999.1	534	307.013	0	0
XM_022794000.1	1772	1535.15	0	0
XM_022794001.1	3703	3466.15	0	0
XM_022794002.1	3675	3438.15	0	0
XM_022794003.1	1547	1310.15	0	0
XM_022794004.1	2129	1892.15	0	0
XM_022794005.1	1455	1218.15	0	0
XM_022794006.1	2085	1848.15	0	0
XM_022794007.1	1496	1259.15	0	0
XM_022794008.1	1900	1663.15	0	0
XM_022794009.1	1972	1735.15	0	0
XM_022794010.1	1599	1362.15	0	0
XM_022794011.1	5053	4816.15	0	0
XM_022794012.1	2600	2363.15	0	0
XM_022794013.1	2460	2223.15	0	0
XM_022794014.1	1694	1457.15	0	0
XM_022794015.1	2450	2213.15	0	0
XM_022794016.1	4017	3780.15	0	0
XM_022794017.1	3944	3707.15	0	0
XM_022794018.1	3816	3579.15	0	0
XM_022794019.1	3889	3652.15	0	0
XM_022794020.1	6419	6182.15	0	0
XM_022794021.1	2014	1777.15	0	0
XM_022794022.1	1827	1590.15	0	0
XM_022794023.1	1769	1532.15	0	0
XM_022794024.1	1635	1398.15	0	0
XM_022794025.1	3371	3134.15	0	0
XM_022794026.1	3375	3138.15	0	0
XM_022794027.1	3226	2989.15	0	0
XM_022794028.1	4154	3917.15	0	0
XM_022794029.1	1149	912.148	0	0
XM_022794030.1	2131	1894.15	0	0
XM_022794031.1	2670	2433.15	0	0
XM_022794032.1	2149	1912.15	0	0
XM_022794033.1	1640	1403.15	0	0
XM_022794034.1	1679	1442.15	0	0
XM_022794035.1	1664	1427.15	0	0
XM_022794036.1	1652	1415.15	0	0
XM_022794037.1	3176	2939.15	0	0
XM_022794038.1	2586	2349.15	0	0
XM_022794039.1	2487	2250.15	0	0
XM_022794040.1	3260	3023.15	0	0
XM_022794041.1	2581	2344.15	0	0
XM_022794042.1	3120	2883.15	0	0
XM_022794043.1	1848	1611.15	0	0
XM_022794044.1	2302	2065.15	0	0
XM_022794045.1	2667	2430.15	0	0
XM_022794046.1	2275	2038.15	0	0
XM_022794047.1	2406	2169.15	0	0
XM_022794048.1	2347	2110.15	0	0
XM_022794049.1	1575	1338.15	0	0
XM_022794050.1	1660	1423.15	0	0
XM_022794051.1	1651	1414.15	0	0
XM_022794052.1	1531	1294.15	0	0
XM_022794053.1	1841	1604.15	0	0
XM_022794054.1	1503	1266.15	0	0
XM_022794055.1	2614	2377.15	0	0
XM_022794056.1	2778	2541.15	0	0
XM_022794057.1	2154	1917.15	0	0
XM_022794058.1	3494	3257.15	0	0
XM_022794059.1	3542	3305.15	0	0
XM_022794060.1	1829	1592.15	0	0
XM_022794061.1	3487	3250.15	0	0
XM_022794062.1	3482	3245.15	0	0
XM_022794063.1	3464	3227.15	0	0
XM_022794064.1	3255	3018.15	0	0
XM_022794065.1	3105	2868.15	0	0
XM_022794066.1	15699	15462.1	0	0
XM_022794067.1	15141	14904.1	0	0
XM_022794068.1	13340	13103.1	0	0
XM_022794069.1	1817	1580.15	0	0
XM_022794070.1	3041	2804.15	0	0
XM_022794071.1	4819	4582.15	0	0
XM_022794072.1	6804	6567.15	0	0
XM_022794073.1	2315	2078.15	0	0
XM_022794074.1	2432	2195.15	0	0
XM_022794075.1	4042	3805.15	0	0
XM_022794076.1	4020	3783.15	0	0
XM_022794077.1	3600	3363.15	0	0
XM_022794078.1	1811	1574.15	0	0
XM_022794079.1	3580	3343.15	0	0
XM_022794080.1	957	720.37	0	0
XM_022794081.1	3119	2882.15	0	0
XM_022794082.1	3574	3337.15	0	0
XM_022794083.1	3705	3468.15	0	0
XM_022794084.1	1773	1536.15	0	0
XM_022794085.1	1467	1230.15	0	0
XM_022794086.1	8725	8488.15	0	0
XM_022794087.1	8408	8171.15	0	0
XM_022794088.1	7424	7187.15	0	0
XM_022794089.1	6780	6543.15	0	0
XM_022794090.1	2417	2180.15	0	0
XM_022794091.1	1367	1130.15	0	0
XM_022794092.1	698	463.566	0	0
XM_022794093.1	1090	853.148	0	0
XM_022794094.1	1459	1222.15	0	0
XM_022794095.1	1692	1455.15	0	0
XM_022794096.1	1069	832.148	0	0
XM_022794097.1	2943	2706.15	0	0
XM_022794098.1	2545	2308.15	0	0
XM_022794099.1	2383	2146.15	0	0
XM_022794100.1	3447	3210.15	0	0
XM_022794101.1	2474	2237.15	0	0
XM_022794102.1	2053	1816.15	0	0
XM_022794103.1	2207	1970.15	0	0
XM_022794104.1	5941	5704.15	0	0
XM_022794105.1	6144	5907.15	0	0
XM_022794106.1	5470	5233.15	0	0
XM_022794107.1	5212	4975.15	0	0
XM_022794108.1	10118	9881.15	0	0
XM_022794109.1	6091	5854.15	0	0
XM_022794110.1	5631	5394.15	0	0
XM_022794111.1	5416	5179.15	0	0
XM_022794112.1	653	419.762	0	0
XM_022794113.1	637	404.175	0	0
XM_022794114.1	584	353.218	0	0
XM_022794115.1	586	355.218	0	0
XM_022794116.1	11501	11264.1	0	0
XM_022794117.1	487	265.714	0	0
XM_022794118.1	3575	3338.15	0	0
XM_022794119.1	1388	1151.15	0	0
XM_022794120.1	2696	2459.15	0	0
XM_022794121.1	2692	2455.15	0	0
XM_022794122.1	672	438.199	0	0
XM_022794123.1	2202	1965.15	0	0
XM_022794124.1	9884	9647.15	0	0
XM_022794125.1	2398	2161.15	0	0
XM_022794126.1	2359	2122.15	0	0
XM_022794127.1	3235	2998.15	0	0
XM_022794128.1	2431	2194.15	0	0
XM_022794129.1	2347	2110.15	0	0
XM_022794130.1	2048	1811.15	0	0
XM_022794131.1	1880	1643.15	0	0
XM_022794132.1	2167	1930.15	0	0
XM_022794133.1	7320	7083.15	0	0
XM_022794134.1	2664	2427.15	0	0
XM_022794135.1	3135	2898.15	0	0
XM_022794136.1	2648	2411.15	0	0
XM_022794137.1	2084	1847.15	0	0
XM_022794138.1	1952	1715.15	0	0
XM_022794139.1	1633	1396.15	0	0
XM_022794140.1	1613	1376.15	0	0
XM_022794141.1	3405	3168.15	0	0
XM_022794142.1	7020	6783.15	0	0
XM_022794143.1	2217	1980.15	0	0
XM_022794144.1	2184	1947.15	0	0
XM_022794145.1	2156	1919.15	0	0
XM_022794146.1	2053	1816.15	0	0
XM_022794147.1	2082	1845.15	0	0
XM_022794148.1	2046	1809.15	0	0
XM_022794149.1	2185	1948.15	0	0
XM_022794150.1	6956	6719.15	5	0.135895
XM_022794151.1	1846	1609.15	0	0
XM_022794152.1	9784	9547.15	0	0
XM_022794153.1	1814	1577.15	0	0
XM_022794154.1	1737	1500.15	0	0
XM_022794155.1	3366	3129.15	0	0
XM_022794156.1	3363	3126.15	0	0
XM_022794157.1	6505	6268.15	0	0
XM_022794158.1	1163	926.148	0	0
XM_022794159.1	6798	6561.15	0	0
XM_022794160.1	3102	2865.15	0	0
XM_022794161.1	1322	1085.15	0	0
XM_022794162.1	1368	1131.15	0	0
XM_022794163.1	6342	6105.15	0	0
XM_022794164.1	6595	6358.15	0	0
XM_022794165.1	6592	6355.15	0	0
XM_022794166.1	6941	6704.15	0	0
XM_022794167.1	6572	6335.15	0	0
XM_022794168.1	7189	6952.15	0	0
XM_022794169.1	6270	6033.15	0	0
XM_022794170.1	6716	6479.15	0	0
XM_022794171.1	6713	6476.15	0	0
XM_022794172.1	6693	6456.15	0	0
XM_022794173.1	6548	6311.15	0	0
XM_022794174.1	6528	6291.15	0	0
XM_022794175.1	8764	8527.15	0	0
XM_022794176.1	8633	8396.15	0	0
XM_022794177.1	8648	8411.15	0	0
XM_022794178.1	6889	6652.15	0	0
XM_022794179.1	8547	8310.15	0	0
XM_022794180.1	1602	1365.15	0	0
XM_022794181.1	1613	1376.15	0	0
XM_022794182.1	2061	1824.15	0	0
XM_022794183.1	2648	2411.15	0	0
XM_022794184.1	7256	7019.15	0	0
XM_022794185.1	6344	6107.15	0	0
XM_022794186.1	5491	5254.15	0	0
XM_022794187.1	6667	6430.15	0	0
XM_022794188.1	4933	4696.15	0	0
XM_022794189.1	6285	6048.15	0	0
XM_022794190.1	5849	5612.15	0	0
XM_022794191.1	6016	5779.15	0	0
XM_022794192.1	5801	5564.15	0	0
XM_022794193.1	5638	5401.15	0	0
XM_022794194.1	5590	5353.15	0	0
XM_022794195.1	6763	6526.15	0	0
XM_022794196.1	5171	4934.15	0	0
XM_022794197.1	7502	7265.15	0	0
XM_022794198.1	5886	5649.15	0	0
XM_022794199.1	5050	4813.15	0	0
XM_022794200.1	5058	4821.15	0	0
XM_022794201.1	4996	4759.15	0	0
XM_022794202.1	2903	2666.15	0	0
XM_022794203.1	3002	2765.15	0	0
XM_022794204.1	4093	3856.15	0	0
XM_022794205.1	4402	4165.15	0	0
XM_022794206.1	8814	8577.15	0	0
XM_022794207.1	8811	8574.15	0	0
XM_022794208.1	8800	8563.15	0	0
XM_022794209.1	8804	8567.15	0	0
XM_022794210.1	11946	11709.1	0	0
XM_022794211.1	3161	2924.15	0	0
XM_022794212.1	4476	4239.15	0	0
XM_022794213.1	4381	4144.15	0	0
XM_022794214.1	3675	3438.15	0	0
XM_022794215.1	2270	2033.15	0	0
XM_022794216.1	3867	3630.15	0	0
XM_022794217.1	4896	4659.15	0	0
XM_022794218.1	4767	4530.15	0	0
XM_022794219.1	2507	2270.15	0	0
XM_022794220.1	11446	11209.1	0	0
XM_022794221.1	2219	1982.15	0	0
XM_022794222.1	4448	4211.15	0	0
XM_022794223.1	2953	2716.15	0	0
XM_022794224.1	2028	1791.15	0	0
XM_022794225.1	2018	1781.15	0	0
XM_022794226.1	2136	1899.15	0	0
XM_022794227.1	1797	1560.15	0	0
XM_022794228.1	1590	1353.15	0	0
XM_022794229.1	14272	14035.1	0	0
XM_022794230.1	1494	1257.15	0	0
XM_022794231.1	2682	2445.15	0	0
XM_022794232.1	1866	1629.15	0	0
XM_022794233.1	912	675.72	0	0
XM_022794234.1	1758	1521.15	0	0
XM_022794235.1	1228	991.148	0	0
XM_022794236.1	1290	1053.15	0	0
XM_022794237.1	11349	11112.1	0	0
XM_022794238.1	636	403.175	0	0
XM_022794239.1	6565	6328.15	0	0
XM_022794240.1	4621	4384.15	0	0
XM_022794241.1	14419	14182.1	0	0
XM_022794242.1	737	502.227	0	0
XM_022794243.1	3193	2956.15	0	0
XM_022794244.1	1624	1387.15	0	0
XM_022794245.1	2048	1811.15	0	0
XM_022794246.1	1604	1367.15	0	0
XM_022794247.1	11520	11283.1	0	0
XM_022794248.1	2421	2184.15	0	0
XM_022794249.1	2796	2559.15	0	0
XM_022794250.1	1865	1628.15	0	0
XM_022794251.1	1684	1447.15	0	0
XM_022794252.1	2235	1998.15	0	0
XM_022794253.1	2346	2109.15	0	0
XM_022794254.1	2289	2052.15	0	0
XM_022794255.1	11638	11401.1	0	0
XM_022794256.1	2286	2049.15	0	0
XM_022794257.1	2253	2016.15	0	0
XM_022794258.1	1729	1492.15	0	0
XM_022794259.1	2358	2121.15	0	0
XM_022794260.1	2915	2678.15	0	0
XM_022794261.1	2885	2648.15	0	0
XM_022794262.1	14455	14218.1	0	0
XM_022794263.1	1292	1055.15	0	0
XM_022794264.1	3417	3180.15	0	0
XM_022794265.1	5502	5265.15	0	0
XM_022794266.1	2375	2138.15	0	0
XM_022794267.1	1854	1617.15	0	0
XM_022794268.1	1937	1700.15	0	0
XM_022794269.1	1872	1635.15	0	0
XM_022794270.1	1892	1655.15	0	0
XM_022794271.1	11293	11056.1	0	0
XM_022794272.1	1895	1658.15	0	0
XM_022794273.1	1931	1694.15	0	0
XM_022794274.1	2342	2105.15	0	0
XM_022794275.1	1282	1045.15	0	0
XM_022794276.1	1254	1017.15	0	0
XM_022794277.1	9017	8780.15	0	0
XM_022794278.1	4011	3774.15	0	0
XM_022794279.1	3903	3666.15	0	0
XM_022794280.1	9911	9674.15	0	0
XM_022794281.1	4088	3851.15	0	0
XM_022794282.1	4073	3836.15	0	0
XM_022794283.1	5546	5309.15	0	0
XM_022794284.1	3796	3559.15	0	0
XM_022794285.1	5391	5154.15	0	0
XM_022794286.1	5185	4948.15	0	0
XM_022794287.1	4526	4289.15	0	0
XM_022794288.1	3942	3705.15	0	0
XM_022794289.1	3953	3716.15	0	0
XM_022794290.1	2413	2176.15	0	0
XM_022794291.1	1641	1404.15	0	0
XM_022794292.1	1847	1610.15	0	0
XM_022794293.1	1638	1401.15	0	0
XM_022794294.1	1614	1377.15	0	0
XM_022794295.1	753	517.871	0	0
XM_022794296.1	750	514.922	0	0
XM_022794297.1	738	503.227	0	0
XM_022794298.1	1510	1273.15	0	0
XM_022794299.1	14449	14212.1	0	0
XM_022794300.1	16080	15843.1	3	0.0345801
XM_022794301.1	7253	7016.15	0	0
XM_022794302.1	14233	13996.1	0	0
XM_022794303.1	3047	2810.15	0	0
XM_022794304.1	14237	14000.1	0	0
XM_022794305.1	14081	13844.1	0	0
XM_022794306.1	6563	6326.15	0	0
XM_022794307.1	13759	13522.1	0	0
XM_022794308.1	14422	14185.1	0	0
XM_022794309.1	4548	4311.15	0	0
XM_022794310.1	3288	3051.15	0	0
XM_022794311.1	2846	2609.15	0	0
XM_022794312.1	3038	2801.15	0	0
XM_022794313.1	1634	1397.15	0	0
XM_022794314.1	1728	1491.15	0	0
XM_022794315.1	623	390.575	0	0
XM_022794316.1	644	411.011	0	0
XM_022794317.1	3017	2780.15	0	0
XM_022794318.1	1985	1748.15	0	0
XM_022794319.1	1472	1235.15	0	0
XM_022794320.1	3152	2915.15	0	0
XM_022794321.1	1396	1159.15	0	0
XM_022794322.1	2443	2206.15	0	0
XM_022794323.1	1030	793.148	0	0
XM_022794324.1	1900	1663.15	0	0
XM_022794325.1	1526	1289.15	0	0
XM_022794326.1	1897	1660.15	0	0
XM_022794327.1	3727	3490.15	0	0
XM_022794328.1	3577	3340.15	0	0
XM_022794329.1	3090	2853.15	0	0
XM_022794330.1	3084	2847.15	0	0
XM_022794331.1	5333	5096.15	0	0
XM_022794332.1	5305	5068.15	0	0
XM_022794333.1	2600	2363.15	0	0
XM_022794334.1	5456	5219.15	0	0
XM_022794335.1	3751	3514.15	0	0
XM_022794336.1	3843	3606.15	0	0
XM_022794337.1	2347	2110.15	0	0
XM_022794338.1	1937	1700.15	0	0
XM_022794339.1	1490	1253.15	0	0
XM_022794340.1	2682	2445.15	0	0
XM_022794341.1	7122	6885.15	0	0
XM_022794342.1	6926	6689.15	0	0
XM_022794343.1	6868	6631.15	0	0
XM_022794344.1	7559	7322.15	0	0
XM_022794345.1	3300	3063.15	0	0
XM_022794346.1	3071	2834.15	0	0
XM_022794347.1	3115	2878.15	0	0
XM_022794348.1	2358	2121.15	0	0
XM_022794349.1	3121	2884.15	0	0
XM_022794350.1	1976	1739.15	0	0
XM_022794351.1	815	579.22	0	0
XM_022794352.1	2780	2543.15	0	0
XM_022794353.1	2776	2539.15	0	0
XM_022794354.1	2745	2508.15	0	0
XM_022794355.1	3487	3250.15	0	0
XM_022794356.1	3457	3220.15	0	0
XM_022794357.1	4734	4497.15	0	0
XM_022794358.1	4087	3850.15	0	0
XM_022794359.1	4043	3806.15	0	0
XM_022794360.1	4198	3961.15	0	0
XM_022794361.1	1388	1151.15	0	0
XM_022794362.1	1403	1166.15	0	0
XM_022794363.1	1385	1148.15	0	0
XM_022794364.1	1604	1367.15	0	0
XM_022794365.1	5427	5190.15	0	0
XM_022794366.1	5288	5051.15	0	0
XM_022794367.1	1117	880.148	0	0
XM_022794368.1	1136	899.148	0	0
XM_022794369.1	1167	930.148	0	0
XM_022794370.1	3760	3523.15	0	0
XM_022794371.1	1681	1444.15	0	0
XM_022794372.1	1380	1143.15	0	0
XM_022794373.1	1425	1188.15	0	0
XM_022794374.1	1234	997.148	0	0
XM_022794375.1	1673	1436.15	0	0
XM_022794376.1	1324	1087.15	0	0
XM_022794377.1	808	572.277	0	0
XM_022794378.1	1594	1357.15	0	0
XM_022794379.1	1651	1414.15	0	0
XM_022794380.1	1593	1356.15	0	0
XM_022794381.1	1448	1211.15	0	0
XM_022794382.1	5685	5448.15	0	0
XM_022794383.1	6905	6668.15	0	0
XM_022794384.1	4436	4199.15	0	0
XM_022794385.1	1912	1675.15	0	0
XM_022794386.1	2885	2648.15	0	0
XM_022794387.1	2502	2265.15	0	0
XM_022794388.1	1969	1732.15	0	0
XM_022794389.1	3129	2892.15	0	0
XM_022794390.1	3639	3402.15	0	0
XM_022794391.1	3218	2981.15	0	0
XM_022794392.1	3313	3076.15	0	0
XM_022794393.1	3452	3215.15	0	0
XM_022794394.1	3050	2813.15	0	0
XM_022794395.1	4238	4001.15	0	0
XM_022794396.1	2927	2690.15	0	0
XM_022794397.1	2841	2604.15	0	0
XM_022794398.1	2929	2692.15	0	0
XM_022794399.1	5512	5275.15	0	0
XM_022794400.1	3976	3739.15	0	0
XM_022794401.1	1747	1510.15	0	0
XM_022794402.1	1636	1399.15	0	0
XM_022794403.1	3361	3124.15	0	0
XM_022794404.1	3338	3101.15	0	0
XM_022794405.1	3733	3496.15	0	0
XM_022794406.1	5427	5190.15	0	0
XM_022794407.1	2448	2211.15	0	0
XM_022794408.1	2433	2196.15	0	0
XM_022794409.1	1823	1586.15	0	0
XM_022794410.1	5894	5657.15	0	0
XM_022794411.1	1508	1271.15	0	0
XM_022794412.1	1240	1003.15	0	0
XM_022794413.1	1286	1049.15	0	0
XM_022794414.1	1562	1325.15	0	0
XM_022794415.1	1419	1182.15	0	0
XM_022794416.1	4666	4429.15	0	0
XM_022794417.1	1862	1625.15	0	0
XM_022794418.1	1519	1282.15	0	0
XM_022794419.1	2506	2269.15	0	0
XM_022794420.1	1006	769.148	0	0
XM_022794421.1	883	646.786	0	0
XM_022794422.1	3474	3237.15	0	0
XM_022794423.1	3531	3294.15	0	0
XM_022794424.1	2652	2415.15	0	0
XM_022794425.1	2462	2225.15	0	0
XM_022794426.1	2923	2686.15	0	0
XM_022794427.1	1267	1030.15	0	0
XM_022794428.1	3981	3744.15	0	0
XM_022794429.1	1673	1436.15	0	0
XM_022794430.1	1643	1406.15	0	0
XM_022794431.1	1648	1411.15	0	0
XM_022794432.1	1604	1367.15	0	0
XM_022794433.1	1686	1449.15	0	0
XM_022794434.1	1650	1413.15	0	0
XM_022794435.1	3272	3035.15	0	0
XM_022794436.1	11912	11675.1	0	0
XM_022794437.1	11872	11635.1	0	0
XM_022794438.1	11885	11648.1	0	0
XM_022794439.1	4568	4331.15	0	0
XM_022794440.1	6882	6645.15	0	0
XM_022794441.1	1183	946.148	0	0
XM_022794442.1	3080	2843.15	0	0
XM_022794443.1	3384	3147.15	0	0
XM_022794444.1	3381	3144.15	0	0
XM_022794445.1	3253	3016.15	0	0
XM_022794446.1	2727	2490.15	0	0
XM_022794447.1	2466	2229.15	0	0
XM_022794448.1	3882	3645.15	0	0
XM_022794449.1	2329	2092.15	0	0
XM_022794450.1	1469	1232.15	0	0
XM_022794451.1	1435	1198.15	0	0
XM_022794452.1	2761	2524.15	0	0
XM_022794453.1	902	665.72	0	0
XM_022794454.1	1820	1583.15	0	0
XM_022794455.1	1037	800.148	0	0
XM_022794456.1	2085	1848.15	0	0
XM_022794457.1	2040	1803.15	0	0
XM_022794458.1	6395	6158.15	0	0
XM_022794459.1	2021	1784.15	0	0
XM_022794460.1	1444	1207.15	0	0
XM_022794461.1	854	618.102	0	0
XM_022794462.1	8608	8371.15	0	0
XM_022794463.1	2243	2006.15	0	0
XM_022794464.1	6464	6227.15	0	0
XM_022794465.1	2240	2003.15	0	0
XM_022794466.1	3314	3077.15	0	0
XM_022794467.1	4278	4041.15	0	0
XM_022794468.1	4959	4722.15	0	0
XM_022794469.1	3719	3482.15	0	0
XM_022794470.1	5738	5501.15	0	0
XM_022794471.1	5799	5562.15	0	0
XM_022794472.1	5594	5357.15	0	0
XM_022794473.1	3570	3333.15	0	0
XM_022794474.1	5346	5109.15	0	0
XM_022794475.1	3932	3695.15	0	0
XM_022794476.1	3477	3240.15	0	0
XM_022794477.1	6056	5819.15	0	0
XM_022794478.1	5498	5261.15	0	0
XM_022794479.1	5630	5393.15	0	0
XM_022794480.1	3849	3612.15	0	0
XM_022794481.1	5847	5610.15	0	0
XM_022794482.1	3241	3004.15	0	0
XM_022794483.1	3243	3006.15	0	0
XM_022794484.1	3268	3031.15	0	0
XM_022794485.1	3305	3068.15	0	0
XM_022794486.1	12782	12545.1	0	0
XM_022794487.1	2885	2648.15	0	0
XM_022794488.1	2846	2609.15	0	0
XM_022794489.1	2952	2715.15	0	0
XM_022794490.1	2695	2458.15	0	0
XM_022794491.1	2779	2542.15	0	0
XM_022794492.1	7069	6832.15	0	0
XM_022794493.1	7087	6850.15	0	0
XM_022794494.1	6963	6726.15	0	0
XM_022794495.1	6734	6497.15	0	0
XM_022794496.1	2817	2580.15	0	0
XM_022794497.1	12764	12527.1	0	0
XM_022794498.1	6799	6562.15	0	0
XM_022794499.1	6751	6514.15	0	0
XM_022794500.1	6976	6739.15	0	0
XM_022794501.1	13281	13044.1	0	0
XM_022794502.1	10691	10454.1	0	0
XM_022794503.1	10547	10310.1	0	0
XM_022794504.1	1878	1641.15	0	0
XM_022794505.1	6676	6439.15	0	0
XM_022794506.1	3822	3585.15	0	0
XM_022794507.1	3841	3604.15	0	0
XM_022794508.1	6645	6408.15	0	0
XM_022794509.1	8559	8322.15	0	0
XM_022794510.1	6634	6397.15	0	0
XM_022794511.1	6571	6334.15	0	0
XM_022794512.1	6529	6292.15	0	0
XM_022794513.1	6525	6288.15	0	0
XM_022794514.1	6496	6259.15	0	0
XM_022794515.1	6466	6229.15	0	0
XM_022794516.1	6495	6258.15	0	0
XM_022794517.1	2119	1882.15	0	0
XM_022794518.1	11398	11161.1	0	0
XM_022794519.1	10953	10716.1	0	0
XM_022794520.1	11368	11131.1	0	0
XM_022794521.1	4038	3801.15	0	0
XM_022794522.1	976	739.224	0	0
XM_022794523.1	744	509.025	0	0
XM_022794524.1	3086	2849.15	0	0
XM_022794525.1	3025	2788.15	0	0
XM_022794526.1	3310	3073.15	0	0
XM_022794527.1	3296	3059.15	0	0
XM_022794528.1	2801	2564.15	0	0
XM_022794529.1	2748	2511.15	0	0
XM_022794530.1	2597	2360.15	0	0
XM_022794531.1	2010	1773.15	0	0
XM_022794532.1	5600	5363.15	0	0
XM_022794533.1	5000	4763.15	0	0
XM_022794534.1	6460	6223.15	0	0
XM_022794535.1	6451	6214.15	0	0
XM_022794536.1	2710	2473.15	0	0
XM_022794537.1	2484	2247.15	0	0
XM_022794538.1	3569	3332.15	0	0
XM_022794539.1	2663	2426.15	0	0
XM_022794540.1	4812	4575.15	0	0
XM_022794541.1	4112	3875.15	0	0
XM_022794542.1	1813	1576.15	0	0
XM_022794543.1	1940	1703.15	0	0
XM_022794544.1	1829	1592.15	0	0
XM_022794545.1	2470	2233.15	0	0
XM_022794546.1	963	726.297	0	0
XM_022794547.1	5904	5667.15	0	0
XM_022794548.1	2697	2460.15	0	0
XM_022794549.1	3954	3717.15	0	0
XM_022794550.1	2703	2466.15	0	0
XM_022794551.1	2564	2327.15	0	0
XM_022794552.1	1289	1052.15	0	0
XM_022794553.1	2680	2443.15	0	0
XM_022794554.1	3876	3639.15	0	0
XM_022794555.1	6883	6646.15	0	0
XM_022794556.1	6613	6376.15	0	0
XM_022794557.1	5395	5158.15	0	0
XM_022794558.1	5131	4894.15	0	0
XM_022794559.1	5151	4914.15	0	0
XM_022794560.1	5032	4795.15	0	0
XM_022794561.1	3770	3533.15	5.54945	0.286837
XM_022794562.1	4957	4720.15	0	0
XM_022794563.1	4983	4746.15	0	0
XM_022794564.1	3722	3485.15	0	0
XM_022794565.1	4096	3859.15	0	0
XM_022794566.1	3779	3542.15	0.450547	0.0232284
XM_022794567.1	6680	6443.15	0	0
XM_022794568.1	6666	6429.15	0	0
XM_022794569.1	6657	6420.15	0	0
XM_022794570.1	6634	6397.15	0	0
XM_022794571.1	1057	820.148	0	0
XM_022794572.1	4355	4118.15	0	0
XM_022794573.1	4538	4301.15	0	0
XM_022794574.1	4291	4054.15	0	0
XM_022794575.1	4924	4687.15	0	0
XM_022794576.1	7924	7687.15	3.00449	0.0713759
XM_022794577.1	5390	5153.15	0	0
XM_022794578.1	1046	809.148	0	0
XM_022794579.1	4860	4623.15	0	0
XM_022794580.1	4677	4440.15	0	0
XM_022794581.1	3780	3543.15	0	0
XM_022794582.1	3982	3745.15	0	0
XM_022794583.1	3760	3523.15	0	0
XM_022794584.1	3615	3378.15	0	0
XM_022794585.1	2108	1871.15	0	0
XM_022794586.1	2093	1856.15	0	0
XM_022794587.1	2411	2174.15	0	0
XM_022794588.1	4141	3904.15	0	0
XM_022794589.1	2595	2358.15	0	0
XM_022794590.1	2095	1858.15	0	0
XM_022794591.1	7419	7182.15	0	0
XM_022794592.1	5692	5455.15	0	0
XM_022794593.1	5359	5122.15	0	0
XM_022794594.1	7150	6913.15	0	0
XM_022794595.1	6110	5873.15	0	0
XM_022794596.1	5765	5528.15	0	0
XM_022794597.1	5002	4765.15	0	0
XM_022794598.1	5431	5194.15	0	0
XM_022794599.1	2464	2227.15	0	0
XM_022794600.1	1411	1174.15	0	0
XM_022794601.1	1704	1467.15	0	0
XM_022794602.1	7835	7598.15	0	0
XM_022794603.1	8946	8709.15	0	0
XM_022794604.1	8924	8687.15	0	0
XM_022794605.1	8404	8167.15	0	0
XM_022794606.1	7933	7696.15	0	0
XM_022794607.1	8635	8398.15	0	0
XM_022794608.1	6942	6705.15	0	0
XM_022794609.1	4966	4729.15	0	0
XM_022794610.1	4476	4239.15	0	0
XM_022794611.1	5737	5500.15	0	0
XM_022794612.1	5218	4981.15	0	0
XM_022794613.1	6945	6708.15	0	0
XM_022794614.1	6656	6419.15	0	0
XM_022794615.1	12797	12560.1	0	0
XM_022794616.1	4765	4528.15	0	0
XM_022794617.1	2556	2319.15	0	0
XM_022794618.1	3161	2924.15	0	0
XM_022794619.1	3651	3414.15	0	0
XM_022794620.1	912	675.72	0	0
XM_022794621.1	3500	3263.15	0	0
XM_022794622.1	3518	3281.15	0	0
XM_022794623.1	3959	3722.15	0	0
XM_022794624.1	5208	4971.15	0	0
XM_022794625.1	12770	12533.1	0	0
XM_022794626.1	3336	3099.15	0	0
XM_022794627.1	3429	3192.15	0	0
XM_022794628.1	3272	3035.15	0	0
XM_022794629.1	3292	3055.15	0	0
XM_022794630.1	3295	3058.15	0	0
XM_022794631.1	2582	2345.15	0	0
XM_022794632.1	3173	2936.15	0	0
XM_022794633.1	2460	2223.15	0	0
XM_022794634.1	2575	2338.15	0	0
XM_022794635.1	2438	2201.15	0	0
XM_022794636.1	12539	12302.1	0	0
XM_022794637.1	7090	6853.15	0	0
XM_022794638.1	5030	4793.15	0	0
XM_022794639.1	5061	4824.15	0	0
XM_022794640.1	4880	4643.15	0	0
XM_022794641.1	5048	4811.15	0	0
XM_022794642.1	5516	5279.15	0	0
XM_022794643.1	5996	5759.15	0	0
XM_022794644.1	9961	9724.15	0	0
XM_022794645.1	12641	12404.1	0	0
XM_022794646.1	1450	1213.15	0	0
XM_022794647.1	1433	1196.15	0	0
XM_022794648.1	3539	3302.15	0	0
XM_022794649.1	4801	4564.15	0	0
XM_022794650.1	2225	1988.15	0	0
XM_022794651.1	2379	2142.15	0	0
XM_022794652.1	2374	2137.15	0	0
XM_022794653.1	2957	2720.15	0	0
XM_022794654.1	1837	1600.15	0	0
XM_022794655.1	1142	905.148	0	0
XM_022794656.1	2120	1883.15	0	0
XM_022794657.1	886	649.786	0	0
XM_022794658.1	5396	5159.15	0	0
XM_022794659.1	1892	1655.15	0	0
XM_022794660.1	1832	1595.15	0	0
XM_022794661.1	5367	5130.15	0	0
XM_022794662.1	4946	4709.15	0	0
XM_022794663.1	5334	5097.15	0	0
XM_022794664.1	6912	6675.15	0	0
XM_022794665.1	6419	6182.15	0	0
XM_022794666.1	6373	6136.15	0	0
XM_022794667.1	6112	5875.15	0	0
XM_022794668.1	5387	5150.15	0	0
XM_022794669.1	5166	4929.15	0	0
XM_022794670.1	4988	4751.15	0	0
XM_022794671.1	2269	2032.15	0	0
XM_022794672.1	6414	6177.15	0	0
XM_022794673.1	4097	3860.15	0	0
XM_022794674.1	6452	6215.15	1	0.0293829
XM_022794675.1	5407	5170.15	0	0
XM_022794676.1	3543	3306.15	0	0
XM_022794677.1	2497	2260.15	0	0
XM_022794678.1	2622	2385.15	0	0
XM_022794679.1	2453	2216.15	0	0
XM_022794680.1	2369	2132.15	0	0
XM_022794681.1	4520	4283.15	0	0
XM_022794682.1	3045	2808.15	0	0
XM_022794683.1	5476	5239.15	0	0
XM_022794684.1	2222	1985.15	0	0
XM_022794685.1	1909	1672.15	0	0
XM_022794686.1	1533	1296.15	0	0
XM_022794687.1	1526	1289.15	0	0
XM_022794688.1	1314	1077.15	0	0
XM_022794689.1	762	526.713	0	0
XM_022794690.1	851	615.102	0	0
XM_022794691.1	5422	5185.15	0	0
XM_022794692.1	547	318.61	0	0
XM_022794693.1	2295	2058.15	0	0
XM_022794694.1	2293	2056.15	0	0
XM_022794695.1	5483	5246.15	0	0
XM_022794696.1	5063	4826.15	0	0
XM_022794697.1	4451	4214.15	0	0
XM_022794698.1	4670	4433.15	0	0
XM_022794699.1	4485	4248.15	0	0
XM_022794700.1	4596	4359.15	0	0
XM_022794701.1	5465	5228.15	0	0
XM_022794702.1	4341	4104.15	0	0
XM_022794703.1	4421	4184.15	0	0
XM_022794704.1	2321	2084.15	0	0
XM_022794705.1	2284	2047.15	0	0
XM_022794706.1	3063	2826.15	0	0
XM_022794707.1	4092	3855.15	0	0
XM_022794708.1	3893	3656.15	0	0
XM_022794709.1	5411	5174.15	0	0
XM_022794710.1	4083	3846.15	0	0
XM_022794711.1	3996	3759.15	0	0
XM_022794712.1	3275	3038.15	0	0
XM_022794713.1	5282	5045.15	0	0
XM_022794714.1	5252	5015.15	0	0
XM_022794715.1	3362	3125.15	0	0
XM_022794716.1	3545	3308.15	0	0
XM_022794717.1	3198	2961.15	0	0
XM_022794718.1	5326	5089.15	0	0
XM_022794719.1	5053	4816.15	0	0
XM_022794720.1	5855	5618.15	0	0
XM_022794721.1	2883	2646.15	0	0
XM_022794722.1	2969	2732.15	0	0
XM_022794723.1	5246	5009.15	0	0
XM_022794724.1	5075	4838.15	0	0
XM_022794725.1	5039	4802.15	0	0
XM_022794726.1	5012	4775.15	0	0
XM_022794727.1	2386	2149.15	0	0
XM_022794728.1	1782	1545.15	0	0
XM_022794729.1	5846	5609.15	0	0
XM_022794730.1	1362	1125.15	0	0
XM_022794731.1	1230	993.148	0	0
XM_022794732.1	3459	3222.15	0	0
XM_022794733.1	3456	3219.15	0	0
XM_022794734.1	3427	3190.15	0	0
XM_022794735.1	3648	3411.15	0	0
XM_022794736.1	5360	5123.15	0	0
XM_022794737.1	1749	1512.15	0	0
XM_022794738.1	2375	2138.15	0	0
XM_022794739.1	544	315.772	0	0
XM_022794740.1	5575	5338.15	0	0
XM_022794741.1	1187	950.148	0	0
XM_022794742.1	5537	5300.15	0	0
XM_022794743.1	5341	5104.15	0	0
XM_022794744.1	5251	5014.15	0	0
XM_022794745.1	5350	5113.15	0	0
XM_022794746.1	5383	5146.15	0	0
XM_022794747.1	3815	3578.15	0	0
XM_022794748.1	5240	5003.15	0	0
XM_022794749.1	3902	3665.15	0	0
XM_022794750.1	3620	3383.15	0	0
XM_022794751.1	4180	3943.15	0	0
XM_022794752.1	3923	3686.15	0	0
XM_022794753.1	5273	5036.15	0	0
XM_022794754.1	1583	1346.15	0	0
XM_022794755.1	1609	1372.15	0	0
XM_022794756.1	4393	4156.15	0	0
XM_022794757.1	1970	1733.15	0	0
XM_022794758.1	587	356.218	0	0
XM_022794759.1	1560	1323.15	0	0
XM_022794760.1	2788	2551.15	0	0
XM_022794761.1	7760	7523.15	0	0
XM_022794762.1	7605	7368.15	0	0
XM_022794763.1	7620	7383.15	0	0
XM_022794764.1	7520	7283.15	0	0
XM_022794765.1	7065	6828.15	0	0
XM_022794766.1	6890	6653.15	0	0
XM_022794767.1	7468	7231.15	0	0
XM_022794768.1	7465	7228.15	0	0
XM_022794769.1	6887	6650.15	0	0
XM_022794770.1	6511	6274.15	0	0
XM_022794771.1	7718	7481.15	0	0
XM_022794772.1	7894	7657.15	0	0
XM_022794773.1	7851	7614.15	0	0
XM_022794774.1	9597	9360.15	0	0
XM_022794775.1	8933	8696.15	0	0
XM_022794776.1	4457	4220.15	0	0
XM_022794777.1	7233	6996.15	0	0
XM_022794778.1	2652	2415.15	0	0
XM_022794779.1	2396	2159.15	0	0
XM_022794780.1	3669	3432.15	0	0
XM_022794781.1	3041	2804.15	0	0
XM_022794782.1	2990	2753.15	0	0
XM_022794783.1	1533	1296.15	0	0
XM_022794784.1	2739	2502.15	0	0
XM_022794785.1	3646	3409.15	0	0
XM_022794786.1	6941	6704.15	0	0
XM_022794787.1	6938	6701.15	0	0
XM_022794788.1	6495	6258.15	0	0
XM_022794789.1	6855	6618.15	0	0
XM_022794790.1	6852	6615.15	0	0
XM_022794791.1	4587	4350.15	0	0
XM_022794792.1	1787	1550.15	0	0
XM_022794793.1	5559	5322.15	0	0
XM_022794794.1	5129	4892.15	0	0
XM_022794795.1	5542	5305.15	0	0
XM_022794796.1	5147	4910.15	0	0
XM_022794797.1	5230	4993.15	0	0
XM_022794798.1	4874	4637.15	0	0
XM_022794799.1	4775	4538.15	0	0
XM_022794800.1	4375	4138.15	0	0
XM_022794801.1	3023	2786.15	0	0
XM_022794802.1	1517	1280.15	0	0
XM_022794803.1	5002	4765.15	0	0
XM_022794804.1	5293	5056.15	0	0
XM_022794805.1	5253	5016.15	0	0
XM_022794806.1	4351	4114.15	1.02684	0.0455795
XM_022794807.1	4347	4110.15	0	0
XM_022794808.1	4410	4173.15	0	0
XM_022794809.1	13691	13454.1	1	0.0135734
XM_022794810.1	4257	4020.15	0	0
XM_022794811.1	4273	4036.15	0	0
XM_022794812.1	4253	4016.15	0	0
XM_022794813.1	3252	3015.15	0	0
XM_022794814.1	3216	2979.15	0	0
XM_022794815.1	3114	2877.15	0	0
XM_022794816.1	3010	2773.15	0	0
XM_022794817.1	2482	2245.15	0	0
XM_022794818.1	2350	2113.15	0	0
XM_022794819.1	3792	3555.15	0	0
XM_022794820.1	2501	2264.15	0	0
XM_022794821.1	3225	2988.15	0	0
XM_022794822.1	3865	3628.15	0	0
XM_022794823.1	2027	1790.15	0	0
XM_022794824.1	1970	1733.15	0	0
XM_022794825.1	7616	7379.15	0	0
XM_022794826.1	4273	4036.15	0	0
XM_022794827.1	4157	3920.15	0	0
XM_022794828.1	2741	2504.15	0	0
XM_022794829.1	3833	3596.15	0	0
XM_022794830.1	3078	2841.15	0	0
XM_022794831.1	5182	4945.15	0	0
XM_022794832.1	3430	3193.15	0	0
XM_022794833.1	3640	3403.15	0	0
XM_022794834.1	3778	3541.15	0	0
XM_022794835.1	7753	7516.15	0	0
XM_022794836.1	3605	3368.15	0	0
XM_022794837.1	3479	3242.15	0	0
XM_022794838.1	2976	2739.15	0	0
XM_022794839.1	3123	2886.15	0	0
XM_022794840.1	2974	2737.15	0	0
XM_022794841.1	3058	2821.15	0	0
XM_022794842.1	1629	1392.15	0	0
XM_022794843.1	2251	2014.15	0	0
XM_022794844.1	2103	1866.15	0	0
XM_022794845.1	8407	8170.15	0	0
XM_022794846.1	1575	1338.15	0	0
XM_022794847.1	2595	2358.15	0	0
XM_022794848.1	6195	5958.15	0	0
XM_022794849.1	5483	5246.15	0	0
XM_022794850.1	5474	5237.15	0	0
XM_022794851.1	2389	2152.15	0	0
XM_022794852.1	2214	1977.15	0	0
XM_022794853.1	3530	3293.15	0	0
XM_022794854.1	7532	7295.15	0	0
XM_022794855.1	3881	3644.15	0	0
XM_022794856.1	3500	3263.15	0	0
XM_022794857.1	3840	3603.15	0	0
XM_022794858.1	3084	2847.15	0	0
XM_022794859.1	5028	4791.15	0	0
XM_022794860.1	4583	4346.15	0	0
XM_022794861.1	3577	3340.15	0	0
XM_022794862.1	3230	2993.15	0	0
XM_022794863.1	6963	6726.15	0	0
XM_022794864.1	1953	1716.15	0	0
XM_022794865.1	1939	1702.15	0	0
XM_022794866.1	1925	1688.15	0	0
XM_022794867.1	5856	5619.15	0	0
XM_022794868.1	2218	1981.15	0	0
XM_022794869.1	2182	1945.15	0	0
XM_022794870.1	2244	2007.15	0	0
XM_022794871.1	2177	1940.15	0	0
XM_022794872.1	2195	1958.15	0	0
XM_022794873.1	11060	10823.1	0	0
XM_022794874.1	2148	1911.15	0	0
XM_022794875.1	2343	2106.15	0	0
XM_022794876.1	1914	1677.15	0	0
XM_022794877.1	3791	3554.15	0	0
XM_022794878.1	3455	3218.15	0	0
XM_022794879.1	3482	3245.15	0	0
XM_022794880.1	1064	827.148	0	0
XM_022794881.1	8467	8230.15	0	0
XM_022794882.1	10269	10032.1	0	0
XM_022794883.1	1199	962.148	0	0
XM_022794884.1	1510	1273.15	0	0
XM_022794885.1	980	743.224	0	0
XM_022794886.1	898	661.72	0	0
XM_022794887.1	545	316.675	0	0
XM_022794888.1	477	256.972	0	0
XM_022794889.1	10589	10352.1	0	0
XM_022794890.1	8323	8086.15	0	0
XM_022794891.1	10341	10104.1	0	0
XM_022794892.1	9136	8899.15	0	0
XM_022794893.1	8947	8710.15	0	0
XM_022794894.1	10559	10322.1	0	0
XM_022794895.1	9985	9748.15	0	0
XM_022794896.1	1665	1428.15	0	0
XM_022794897.1	9727	9490.15	0	0
XM_022794898.1	7964	7727.15	0	0
XM_022794899.1	7081	6844.15	0	0
XM_022794900.1	4753	4516.15	0	0
XM_022794901.1	6957	6720.15	0	0
XM_022794902.1	2007	1770.15	0	0
XM_022794903.1	2461	2224.15	0	0
XM_022794904.1	2996	2759.15	0	0
XM_022794905.1	2366	2129.15	0	0
XM_022794906.1	8336	8099.15	0	0
XM_022794907.1	1729	1492.15	0	0
XM_022794908.1	1441	1204.15	0	0
XM_022794909.1	1820	1583.15	0	0
XM_022794910.1	1583	1346.15	0	0
XM_022794911.1	5799	5562.15	0	0
XM_022794912.1	5703	5466.15	0	0
XM_022794913.1	5858	5621.15	0	0
XM_022794914.1	5423	5186.15	0	0
XM_022794915.1	4961	4724.15	0	0
XM_022794916.1	4803	4566.15	0	0
XM_022794917.1	1433	1196.15	0	0
XM_022794918.1	949	712.441	0	0
XM_022794919.1	862	625.978	0	0
XM_022794920.1	381	179.973	0	0
XM_022794921.1	6333	6096.15	0	0
XM_022794922.1	6185	5948.15	0	0
XM_022794923.1	6015	5778.15	0	0
XM_022794924.1	6258	6021.15	0	0
XM_022794925.1	5926	5689.15	0	0
XM_022794926.1	5788	5551.15	0	0
XM_022794927.1	4582	4345.15	0	0
XM_022794928.1	3896	3659.15	0	0
XM_022794929.1	2304	2067.15	0	0
XM_022794930.1	4328	4091.15	0	0
XM_022794931.1	4578	4341.15	0	0
XM_022794932.1	3818	3581.15	0	0
XM_022794933.1	3743	3506.15	0	0
XM_022794934.1	9382	9145.15	0	0
XM_022794935.1	1044	807.148	0	0
XM_022794936.1	2696	2459.15	0	0
XM_022794937.1	852	616.102	0	0
XM_022794938.1	2163	1926.15	0	0
XM_022794939.1	1929	1692.15	0	0
XM_022794940.1	2387	2150.15	0	0
XM_022794941.1	2228	1991.15	0	0
XM_022794942.1	3714	3477.15	0	0
XM_022794943.1	3521	3284.15	0	0
XM_022794944.1	3692	3455.15	0	0
XM_022794945.1	3606	3369.15	0	0
XM_022794946.1	7781	7544.15	0	0
XM_022794947.1	1176	939.148	0	0
XM_022794948.1	7302	7065.15	0	0
XM_022794949.1	6954	6717.15	0	0
XM_022794950.1	1896	1659.15	0	0
XM_022794951.1	7534	7297.15	0	0
XM_022794952.1	7299	7062.15	0	0
XM_022794953.1	479	258.836	0	0
XM_022794954.1	2980	2743.15	0	0
XM_022794955.1	4304	4067.15	0	0
XM_022794956.1	3445	3208.15	0	0
XM_022794957.1	3436	3199.15	0	0
XM_022794958.1	3783	3546.15	0	0
XM_022794959.1	4030	3793.15	0	0
XM_022794960.1	6411	6174.15	0	0
XM_022794961.1	8024	7787.15	0	0
XM_022794962.1	7994	7757.15	0	0
XM_022794963.1	2200	1963.15	0	0
XM_022794964.1	4375	4138.15	0	0
XM_022794965.1	3855	3618.15	0	0
XM_022794966.1	4010	3773.15	0	0
XM_022794967.1	4021	3784.15	0	0
XM_022794968.1	1460	1223.15	0	0
XM_022794969.1	1601	1364.15	0	0
XM_022794970.1	5933	5696.15	0	0
XM_022794971.1	1349	1112.15	0	0
XM_022794972.1	1580	1343.15	0	0
XM_022794973.1	2871	2634.15	0	0
XM_022794974.1	1304	1067.15	0	0
XM_022794975.1	2093	1856.15	0	0
XM_022794976.1	1964	1727.15	0	0
XM_022794977.1	2028	1791.15	0	0
XM_022794978.1	2344	2107.15	0	0
XM_022794979.1	2294	2057.15	0	0
XM_022794980.1	6296	6059.15	0	0
XM_022794981.1	2365	2128.15	0	0
XM_022794982.1	2183	1946.15	0	0
XM_022794983.1	2292	2055.15	0	0
XM_022794984.1	1715	1478.15	0	0
XM_022794985.1	1583	1346.15	0	0
XM_022794986.1	4105	3868.15	9.2211e-06	4.35337e-07
XM_022794987.1	4051	3814.15	9.79383	0.468923
XM_022794988.1	2126	1889.15	0	0
XM_022794989.1	6320	6083.15	0	0
XM_022794990.1	1302	1065.15	0	0
XM_022794991.1	1682	1445.15	1	0.126367
XM_022794992.1	5929	5692.15	0	0
XM_022794993.1	2896	2659.15	0	0
XM_022794994.1	2856	2619.15	0	0
XM_022794995.1	3988	3751.15	0	0
XM_022794996.1	2872	2635.15	0	0
XM_022794997.1	4810	4573.15	0	0
XM_022794998.1	2815	2578.15	0	0
XM_022794999.1	5078	4841.15	0	0
XM_022795000.1	2730	2493.15	0	0
XM_022795001.1	3826	3589.15	0	0
XM_022795002.1	2826	2589.15	0	0
XM_022795003.1	8742	8505.15	0	0
XM_022795004.1	8721	8484.15	0	0
XM_022795005.1	9169	8932.15	0	0
XM_022795006.1	8096	7859.15	0	0
XM_022795007.1	5460	5223.15	0	0
XM_022795008.1	3120	2883.15	0	0
XM_022795009.1	6920	6683.15	0	0
XM_022795010.1	6252	6015.15	0	0
XM_022795011.1	6877	6640.15	0	0
XM_022795012.1	6210	5973.15	0	0
XM_022795013.1	8570	8333.15	0	0
XM_022795014.1	8351	8114.15	0	0
XM_022795015.1	3467	3230.15	0	0
XM_022795016.1	3395	3158.15	0	0
XM_022795017.1	1621	1384.15	0	0
XM_022795018.1	1487	1250.15	0	0
XM_022795019.1	4383	4146.15	0	0
XM_022795020.1	2938	2701.15	0	0
XM_022795021.1	9530	9293.15	0	0
XM_022795022.1	1194	957.148	0	0
XM_022795023.1	2601	2364.15	0	0
XM_022795024.1	5009	4772.15	0	0
XM_022795025.1	4714	4477.15	0	0
XM_022795026.1	5006	4769.15	0	0
XM_022795027.1	4980	4743.15	0	0
XM_022795028.1	4167	3930.15	1.48339	0.0689274
XM_022795029.1	2738	2501.15	0	0
XM_022795030.1	2053	1816.15	0	0
XM_022795031.1	966	729.297	0	0
XM_022795032.1	3039	2802.15	0	0
XM_022795033.1	840	604.102	0	0
XM_022795034.1	7059	6822.15	0	0
XM_022795035.1	6931	6694.15	0	0
XM_022795036.1	7122	6885.15	0	0
XM_022795037.1	5101	4864.15	0	0
XM_022795038.1	5118	4881.15	0	0
XM_022795039.1	7141	6904.15	0	0
XM_022795040.1	5316	5079.15	0	0
XM_022795041.1	5046	4809.15	0	0
XM_022795042.1	5047	4810.15	0	0
XM_022795043.1	4973	4736.15	0	0
XM_022795044.1	4990	4753.15	0	0
XM_022795045.1	4920	4683.15	0	0
XM_022795046.1	5188	4951.15	0	0
XM_022795047.1	6647	6410.15	0	0
XM_022795048.1	6736	6499.15	0	0
XM_022795049.1	6864	6627.15	0	0
XM_022795050.1	6716	6479.15	0	0
XM_022795051.1	7126	6889.15	0	0
XM_022795052.1	6998	6761.15	0	0
XM_022795053.1	7095	6858.15	0	0
XM_022795054.1	5304	5067.15	0	0
XM_022795055.1	6967	6730.15	0	0
XM_022795056.1	4932	4695.15	0	0
XM_022795057.1	2151	1914.15	0	0
XM_022795058.1	1614	1377.15	0	0
XM_022795059.1	1542	1305.15	0	0
XM_022795060.1	1605	1368.15	0	0
XM_022795061.1	1477	1240.15	0	0
XM_022795062.1	2678	2441.15	0	0
XM_022795063.1	1461	1224.15	0	0
XM_022795064.1	1329	1092.15	0	0
XM_022795065.1	5295	5058.15	0	0
XM_022795066.1	6027	5790.15	0	0
XM_022795067.1	4950	4713.15	0	0
XM_022795068.1	4893	4656.15	0	0
XM_022795069.1	4743	4506.15	0	0
XM_022795070.1	4806	4569.15	0	0
XM_022795071.1	5050	4813.15	0	0
XM_022795072.1	4474	4237.15	0	0
XM_022795073.1	3823	3586.15	0	0
XM_022795074.1	4705	4468.15	0	0
XM_022795075.1	3729	3492.15	0	0
XM_022795076.1	3722	3485.15	0	0
XM_022795077.1	5190	4953.15	0	0
XM_022795078.1	4498	4261.15	0	0
XM_022795079.1	3286	3049.15	0	0
XM_022795080.1	2932	2695.15	0	0
XM_022795081.1	2690	2453.15	0	0
XM_022795082.1	3383	3146.15	0	0
XM_022795083.1	2678	2441.15	0	0
XM_022795084.1	2662	2425.15	0	0
XM_022795085.1	3429	3192.15	0	0
XM_022795086.1	5098	4861.15	0	0
XM_022795087.1	3221	2984.15	0	0
XM_022795088.1	2565	2328.15	0	0
XM_022795089.1	2784	2547.15	0	0
XM_022795090.1	2428	2191.15	0	0
XM_022795091.1	2482	2245.15	0	0
XM_022795092.1	2394	2157.15	0	0
XM_022795093.1	714	479.425	0	0
XM_022795094.1	3305	3068.15	0	0
XM_022795095.1	3244	3007.15	0	0
XM_022795096.1	3436	3199.15	0	0
XM_022795097.1	3061	2824.15	0	0
XM_022795098.1	3170	2933.15	0	0
XM_022795099.1	3052	2815.15	0	0
XM_022795100.1	4064	3827.15	0	0
XM_022795101.1	2094	1857.15	0	0
XM_022795102.1	2408	2171.15	0	0
XM_022795103.1	1924	1687.15	0	0
XM_022795104.1	1932	1695.15	0	0
XM_022795105.1	1747	1510.15	0	0
XM_022795106.1	1754	1517.15	0	0
XM_022795107.1	2133	1896.15	0	0
XM_022795108.1	1191	954.148	0	0
XM_022795109.1	1128	891.148	0	0
XM_022795110.1	4104	3867.15	0	0
XM_022795111.1	1032	795.148	0	0
XM_022795112.1	661	427.591	0	0
XM_022795113.1	797	561.277	0	0
XM_022795114.1	2751	2514.15	0	0
XM_022795115.1	2710	2473.15	0	0
XM_022795116.1	2618	2381.15	0	0
XM_022795117.1	2550	2313.15	0	0
XM_022795118.1	4406	4169.15	0	0
XM_022795119.1	2465	2228.15	0	0
XM_022795120.1	2984	2747.15	0	0
XM_022795121.1	2707	2470.15	0	0
XM_022795122.1	2683	2446.15	0	0
XM_022795123.1	4528	4291.15	0	0
XM_022795124.1	4626	4389.15	0	0
XM_022795125.1	4368	4131.15	0	0
XM_022795126.1	4360	4123.15	0	0
XM_022795127.1	4250	4013.15	0	0
XM_022795128.1	3919	3682.15	0	0
XM_022795129.1	3384	3147.15	0	0
XM_022795130.1	8543	8306.15	0	0
XM_022795131.1	8536	8299.15	0	0
XM_022795132.1	7923	7686.15	0	0
XM_022795133.1	10031	9794.15	0	0
XM_022795134.1	2082	1845.15	0	0
XM_022795135.1	7806	7569.15	0	0
XM_022795136.1	3264	3027.15	0	0
XM_022795137.1	1972	1735.15	0	0
XM_022795138.1	2226	1989.15	0	0
XM_022795139.1	2006	1769.15	0	0
XM_022795140.1	2310	2073.15	0	0
XM_022795141.1	2738	2501.15	0	0
XM_022795142.1	2249	2012.15	0	0
XM_022795143.1	1420	1183.15	0	0
XM_022795144.1	1392	1155.15	0	0
XM_022795145.1	4810	4573.15	0	0
XM_022795146.1	6588	6351.15	1.00029	0.0287621
XM_022795147.1	1271	1034.15	0	0
XM_022795148.1	825	589.162	0	0
XM_022795149.1	2392	2155.15	0	0
XM_022795150.1	2426	2189.15	0	0
XM_022795151.1	2534	2297.15	0	0
XM_022795152.1	3069	2832.15	0	0
XM_022795153.1	2477	2240.15	0	0
XM_022795154.1	1541	1304.15	0	0
XM_022795155.1	13571	13334.1	0	0
XM_022795156.1	12463	12226.1	0	0
XM_022795157.1	13364	13127.1	0	0
XM_022795158.1	3100	2863.15	0	0
XM_022795159.1	5756	5519.15	0	0
XM_022795160.1	3301	3064.15	0	0
XM_022795161.1	4004	3767.15	0	0
XM_022795162.1	2564	2327.15	0	0
XM_022795163.1	2597	2360.15	0	0
XM_022795164.1	2628	2391.15	0	0
XM_022795165.1	2425	2188.15	0	0
XM_022795166.1	2165	1928.15	0	0
XM_022795167.1	2497	2260.15	0	0
XM_022795168.1	5287	5050.15	0	0
XM_022795169.1	1865	1628.15	0	0
XM_022795170.1	997	760.148	0	0
XM_022795171.1	1075	838.148	0	0
XM_022795172.1	6843	6606.15	0	0
XM_022795173.1	6811	6574.15	0	0
XM_022795174.1	6738	6501.15	0	0
XM_022795175.1	6489	6252.15	0	0
XM_022795176.1	6881	6644.15	0	0
XM_022795177.1	6438	6201.15	0	0
XM_022795178.1	7018	6781.15	0	0
XM_022795179.1	5793	5556.15	0	0
XM_022795180.1	3305	3068.15	0	0
XM_022795181.1	2023	1786.15	0	0
XM_022795182.1	2702	2465.15	0	0
XM_022795183.1	5625	5388.15	0	0
XM_022795184.1	2477	2240.15	0	0
XM_022795185.1	2604	2367.15	0	0
XM_022795186.1	2390	2153.15	0	0
XM_022795187.1	3454	3217.15	0	0
XM_022795188.1	3136	2899.15	0	0
XM_022795189.1	2520	2283.15	0	0
XM_022795190.1	7467	7230.15	0	0
XM_022795191.1	2619	2382.15	0	0
XM_022795192.1	2830	2593.15	0	0
XM_022795193.1	2573	2336.15	0	0
XM_022795194.1	925	688.652	0	0
XM_022795195.1	2553	2316.15	0	0
XM_022795196.1	1081	844.148	0	0
XM_022795197.1	8250	8013.15	0	0
XM_022795198.1	10237	10000.1	0	0
XM_022795199.1	11056	10819.1	0	0
XM_022795200.1	15996	15759.1	0	0
XM_022795201.1	15324	15087.1	0	0
XM_022795202.1	9138	8901.15	0	0
XM_022795203.1	8799	8562.15	0	0
XM_022795204.1	10216	9979.15	0	0
XM_022795205.1	3203	2966.15	0	0
XM_022795206.1	1837	1600.15	0	0
XM_022795207.1	2027	1790.15	0	0
XM_022795208.1	5882	5645.15	0	0
XM_022795209.1	1942	1705.15	0	0
XM_022795210.1	1491	1254.15	0	0
XM_022795211.1	1219	982.148	0	0
XM_022795212.1	1212	975.148	0	0
XM_022795213.1	860	623.978	0	0
XM_022795214.1	1051	814.148	0	0
XM_022795215.1	1048	811.148	0	0
XM_022795216.1	939	702.582	0	0
XM_022795217.1	884	647.786	0	0
XM_022795218.1	2951	2714.15	0	0
XM_022795219.1	793	557.333	0	0
XM_022795220.1	937	700.582	0	0
XM_022795221.1	1298	1061.15	0	0
XM_022795222.1	4989	4752.15	0	0
XM_022795223.1	5326	5089.15	0	0
XM_022795224.1	5323	5086.15	0	0
XM_022795225.1	5090	4853.15	0	0
XM_022795226.1	5284	5047.15	0	0
XM_022795227.1	6405	6168.15	0	0
XM_022795228.1	5206	4969.15	0	0
XM_022795229.1	5150	4913.15	0	0
XM_022795230.1	5080	4843.15	0	0
XM_022795231.1	5574	5337.15	0	0
XM_022795232.1	4968	4731.15	0	0
XM_022795233.1	15269	15032.1	0	0
XM_022795234.1	15101	14864.1	0	0
XM_022795235.1	4790	4553.15	0	0
XM_022795236.1	15076	14839.1	0	0
XM_022795237.1	13231	12994.1	0	0
XM_022795238.1	13073	12836.1	0	0
XM_022795239.1	13097	12860.1	0	0
XM_022795240.1	1041	804.148	0	0
XM_022795241.1	7959	7722.15	0	0
XM_022795242.1	8903	8666.15	0	0
XM_022795243.1	3789	3552.15	0	0
XM_022795244.1	3955	3718.15	0	0
XM_022795245.1	4774	4537.15	0	0
XM_022795246.1	3648	3411.15	0	0
XM_022795247.1	3383	3146.15	0	0
XM_022795248.1	2128	1891.15	0	0
XM_022795249.1	5736	5499.15	0	0
XM_022795250.1	5484	5247.15	0	0
XM_022795251.1	1507	1270.15	0	0
XM_022795252.1	1249	1012.15	0	0
XM_022795253.1	6876	6639.15	0	0
XM_022795254.1	4687	4450.15	0	0
XM_022795255.1	1731	1494.15	0	0
XM_022795256.1	1728	1491.15	0	0
XM_022795257.1	1550	1313.15	0	0
XM_022795258.1	1610	1373.15	0	0
XM_022795259.1	1573	1336.15	0	0
XM_022795260.1	1492	1255.15	0	0
XM_022795261.1	1552	1315.15	0	0
XM_022795262.1	1635	1398.15	0	0
XM_022795263.1	1004	767.148	0	0
XM_022795264.1	3952	3715.15	0	0
XM_022795265.1	1082	845.148	0	0
XM_022795266.1	7788	7551.15	0	0
XM_022795267.1	7237	7000.15	0	0
XM_022795268.1	2580	2343.15	0	0
XM_022795269.1	7650	7413.15	0	0
XM_022795270.1	7616	7379.15	0	0
XM_022795271.1	6955	6718.15	0	0
XM_022795272.1	6844	6607.15	0	0
XM_022795273.1	6191	5954.15	0	0
XM_022795274.1	6996	6759.15	0	0
XM_022795275.1	7588	7351.15	0	0
XM_022795276.1	5997	5760.15	0	0
XM_022795277.1	6107	5870.15	0	0
XM_022795278.1	7580	7343.15	0	0
XM_022795279.1	3106	2869.15	0	0
XM_022795280.1	9719	9482.15	0	0
XM_022795281.1	11052	10815.1	0	0
XM_022795282.1	6209	5972.15	0	0
XM_022795283.1	2328	2091.15	0	0
XM_022795284.1	3827	3590.15	0	0
XM_022795285.1	3800	3563.15	0	0
XM_022795286.1	7572	7335.15	0	0
XM_022795287.1	4606	4369.15	0	0
XM_022795288.1	4777	4540.15	0	0
XM_022795289.1	4619	4382.15	0	0
XM_022795290.1	2234	1997.15	0	0
XM_022795291.1	4404	4167.15	0	0
XM_022795292.1	3112	2875.15	0	0
XM_022795293.1	1934	1697.15	0	0
XM_022795294.1	11765	11528.1	0	0
XM_022795295.1	6054	5817.15	0	0
XM_022795296.1	11697	11460.1	0	0
XM_022795297.1	9087	8850.15	0	0
XM_022795298.1	4889	4652.15	0	0
XM_022795299.1	9161	8924.15	0	0
XM_022795300.1	9296	9059.15	0	0
XM_022795301.1	1071	834.148	0	0
XM_022795302.1	819	583.162	0	0
XM_022795303.1	7139	6902.15	0	0
XM_022795304.1	7069	6832.15	0	0
XM_022795305.1	7067	6830.15	0	0
XM_022795306.1	1978	1741.15	0	0
XM_022795307.1	3249	3012.15	0	0
XM_022795308.1	2004	1767.15	0	0
XM_022795309.1	1452	1215.15	0	0
XM_022795310.1	1585	1348.15	0	0
XM_022795311.1	9083	8846.15	0	0
XM_022795312.1	8179	7942.15	0	0
XM_022795313.1	7689	7452.15	0	0
XM_022795314.1	7626	7389.15	0	0
XM_022795315.1	7746	7509.15	0	0
XM_022795316.1	6695	6458.15	0	0
XM_022795317.1	4505	4268.15	0	0
XM_022795318.1	7559	7322.15	0	0
XM_022795319.1	4848	4611.15	0	0
XM_022795320.1	1089	852.148	0	0
XM_022795321.1	2456	2219.15	0	0
XM_022795322.1	12941	12704.1	0	0
XM_022795323.1	14581	14344.1	0	0
XM_022795324.1	12587	12350.1	0	0
XM_022795325.1	12448	12211.1	0	0
XM_022795326.1	12544	12307.1	0	0
XM_022795327.1	12794	12557.1	0	0
XM_022795328.1	12748	12511.1	0	0
XM_022795329.1	11585	11348.1	0	0
XM_022795330.1	15048	14811.1	0	0
XM_022795331.1	10839	10602.1	0	0
XM_022795332.1	10890	10653.1	0	0
XM_022795333.1	9910	9673.15	0	0
XM_022795334.1	5486	5249.15	0	0
XM_022795335.1	5355	5118.15	0	0
XM_022795336.1	7729	7492.15	0	0
XM_022795337.1	4964	4727.15	0	0
XM_022795338.1	5163	4926.15	0	0
XM_022795339.1	5135	4898.15	0	0
XM_022795340.1	3500	3263.15	0	0
XM_022795341.1	2355	2118.15	0	0
XM_022795342.1	4094	3857.15	0	0
XM_022795343.1	2313	2076.15	0	0
XM_022795344.1	1711	1474.15	0	0
XM_022795345.1	6948	6711.15	0	0
XM_022795346.1	7829	7592.15	0	0
XM_022795347.1	7272	7035.15	0	0
XM_022795348.1	7268	7031.15	0	0
XM_022795349.1	6824	6587.15	0	0
XM_022795350.1	6588	6351.15	0	0
XM_022795351.1	4569	4332.15	0	0
XM_022795352.1	4949	4712.15	0	0
XM_022795353.1	3958	3721.15	0	0
XM_022795354.1	3607	3370.15	0	0
XM_022795355.1	12614	12377.1	0	0
XM_022795356.1	6114	5877.15	0	0
XM_022795357.1	12416	12179.1	0	0
XM_022795358.1	5557	5320.15	0	0
XM_022795359.1	12864	12627.1	0	0
XM_022795360.1	12806	12569.1	0	0
XM_022795361.1	4730	4493.15	0	0
XM_022795362.1	6455	6218.15	0	0
XM_022795363.1	6452	6215.15	0	0
XM_022795364.1	5779	5542.15	0	0
XM_022795365.1	5854	5617.15	0	0
XM_022795366.1	5672	5435.15	0	0
XM_022795367.1	5636	5399.15	0	0
XM_022795368.1	5431	5194.15	0	0
XM_022795369.1	1305	1068.15	0	0
XM_022795370.1	1487	1250.15	0	0
XM_022795371.1	1649	1412.15	0	0
XM_022795372.1	1303	1066.15	0	0
XM_022795373.1	1021	784.148	0	0
XM_022795374.1	1240	1003.15	0	0
XM_022795375.1	2536	2299.15	0	0
XM_022795376.1	4841	4604.15	0	0
XM_022795377.1	4555	4318.15	0	0
XM_022795378.1	4542	4305.15	0	0
XM_022795379.1	4019	3782.15	0	0
XM_022795380.1	3725	3488.15	0	0
XM_022795381.1	5356	5119.15	0	0
XM_022795382.1	5257	5020.15	0	0
XM_022795383.1	5211	4974.15	0	0
XM_022795384.1	5332	5095.15	0	0
XM_022795385.1	5185	4948.15	0	0
XM_022795386.1	5167	4930.15	0	0
XM_022795387.1	5017	4780.15	0	0
XM_022795388.1	4945	4708.15	0	0
XM_022795389.1	4498	4261.15	0	0
XM_022795390.1	4904	4667.15	0	0
XM_022795391.1	5003	4766.15	0	0
XM_022795392.1	4908	4671.15	0	0
XM_022795393.1	4428	4191.15	0	0
XM_022795394.1	4255	4018.15	0	0
XM_022795395.1	4853	4616.15	0	0
XM_022795396.1	3727	3490.15	0	0
XM_022795397.1	7872	7635.15	0	0
XM_022795398.1	2144	1907.15	0	0
XM_022795399.1	1108	871.148	0	0
XM_022795400.1	1279	1042.15	0	0
XM_022795401.1	1247	1010.15	0	0
XM_022795402.1	1047	810.148	0	0
XM_022795403.1	4462	4225.15	0	0
XM_022795404.1	3569	3332.15	0	0
XM_022795405.1	6027	5790.15	0	0
XM_022795406.1	5274	5037.15	0	0
XM_022795407.1	5034	4797.15	0	0
XM_022795408.1	8415	8178.15	0	0
XM_022795409.1	5412	5175.15	0	0
XM_022795410.1	4995	4758.15	0	0
XM_022795411.1	4895	4658.15	0	0
XM_022795412.1	2331	2094.15	0	0
XM_022795413.1	3014	2777.15	0	0
XM_022795414.1	3264	3027.15	0	0
XM_022795415.1	2852	2615.15	0	0
XM_022795416.1	1568	1331.15	0	0
XM_022795417.1	6493	6256.15	0	0
XM_022795418.1	5156	4919.15	0	0
XM_022795419.1	4089	3852.15	0	0
XM_022795420.1	4086	3849.15	0	0
XM_022795421.1	3867	3630.15	0	0
XM_022795422.1	2187	1950.15	0	0
XM_022795423.1	3111	2874.15	0	0
XM_022795424.1	2527	2290.15	0	0
XM_022795425.1	2826	2589.15	0	0
XM_022795426.1	2290	2053.15	0	0
XM_022795427.1	2670	2433.15	0	0
XM_022795428.1	6518	6281.15	0	0
XM_022795429.1	3720	3483.15	0	0
XM_022795430.1	868	631.915	0	0
XM_022795431.1	741	506.126	0	0
XM_022795432.1	694	459.658	0	0
XM_022795433.1	3740	3503.15	0	0
XM_022795434.1	5834	5597.15	0	0
XM_022795435.1	4584	4347.15	0	0
XM_022795436.1	6015	5778.15	0	0
XM_022795437.1	5976	5739.15	0	0
XM_022795438.1	5781	5544.15	0	0
XM_022795439.1	5791	5554.15	0	0
XM_022795440.1	5228	4991.15	0	0
XM_022795441.1	14626	14389.1	0	0
XM_022795442.1	5737	5500.15	0	0
XM_022795443.1	5264	5027.15	0	0
XM_022795444.1	6831	6594.15	0	0
XM_022795445.1	5105	4868.15	0	0
XM_022795446.1	1780	1543.15	0	0
XM_022795447.1	1122	885.148	0	0
XM_022795448.1	1212	975.148	0	0
XM_022795449.1	8908	8671.15	0	0
XM_022795450.1	3042	2805.15	0	0
XM_022795451.1	1790	1553.15	0	0
XM_022795452.1	1348	1111.15	0	0
XM_022795453.1	1532	1295.15	0	0
XM_022795454.1	13982	13745.1	0	0
XM_022795455.1	12479	12242.1	0	0
XM_022795456.1	11987	11750.1	1	0.0155419
XM_022795457.1	13979	13742.1	0	0
XM_022795458.1	5852	5615.15	0	0
XM_022795459.1	2484	2247.15	0	0
XM_022795460.1	1589	1352.15	0	0
XM_022795461.1	3074	2837.15	0	0
XM_022795462.1	2809	2572.15	0	0
XM_022795463.1	2828	2591.15	0	0
XM_022795464.1	2590	2353.15	0	0
XM_022795465.1	4526	4289.15	0	0
XM_022795466.1	4233	3996.15	0	0
XM_022795467.1	3473	3236.15	0	0
XM_022795468.1	2928	2691.15	0	0
XM_022795469.1	3248	3011.15	0	0
XM_022795470.1	2940	2703.15	0	0
XM_022795471.1	2927	2690.15	0	0
XM_022795472.1	1364	1127.15	0	0
XM_022795473.1	4137	3900.15	0	0
XM_022795474.1	3470	3233.15	0	0
XM_022795475.1	3440	3203.15	0	0
XM_022795476.1	3437	3200.15	0	0
XM_022795477.1	2923	2686.15	0	0
XM_022795478.1	3317	3080.15	0	0
XM_022795479.1	3281	3044.15	0	0
XM_022795480.1	1829	1592.15	0	0
XM_022795481.1	1627	1390.15	0	0
XM_022795482.1	1573	1336.15	0	0
XM_022795483.1	2135	1898.15	0	0
XM_022795484.1	4020	3783.15	0	0
XM_022795485.1	1426	1189.15	0	0
XM_022795486.1	1979	1742.15	0	0
XM_022795487.1	2168	1931.15	0	0
XM_022795488.1	2932	2695.15	0	0
XM_022795489.1	4407	4170.15	0	0
XM_022795490.1	5302	5065.15	0	0
XM_022795491.1	3536	3299.15	0	0
XM_022795492.1	2800	2563.15	0	0
XM_022795493.1	2769	2532.15	0	0
XM_022795494.1	2744	2507.15	0	0
XM_022795495.1	4984	4747.15	0	0
XM_022795496.1	5593	5356.15	0	0
XM_022795497.1	5332	5095.15	0	0
XM_022795498.1	4404	4167.15	0	0
XM_022795499.1	5590	5353.15	0	0
XM_022795500.1	5416	5179.15	0	0
XM_022795501.1	7379	7142.15	0	0
XM_022795502.1	8119	7882.15	0	0
XM_022795503.1	7572	7335.15	0	0
XM_022795504.1	7878	7641.15	0	0
XM_022795505.1	8575	8338.15	0	0
XM_022795506.1	4620	4383.15	0	0
XM_022795507.1	6037	5800.15	0	0
XM_022795508.1	3743	3506.15	0	0
XM_022795509.1	5205	4968.15	0	0
XM_022795510.1	2899	2662.15	0	0
XM_022795511.1	3824	3587.15	15	0.76364
XM_022795512.1	15353	15116.1	0	0
XM_022795513.1	13861	13624.1	0	0
XM_022795514.1	13541	13304.1	0	0
XM_022795515.1	3743	3506.15	0	0
XM_022795516.1	12342	12105.1	17.8017	0.268558
XM_022795517.1	4414	4177.15	0	0
XM_022795518.1	4588	4351.15	0	0
XM_022795519.1	4390	4153.15	0	0
XM_022795520.1	2664	2427.15	0	0
XM_022795521.1	2456	2219.15	0	0
XM_022795522.1	2427	2190.15	0	0
XM_022795523.1	2691	2454.15	0	0
XM_022795524.1	2396	2159.15	0	0
XM_022795525.1	2089	1852.15	0	0
XM_022795526.1	3328	3091.15	0	0
XM_022795527.1	1969	1732.15	0	0
XM_022795528.1	1892	1655.15	0	0
XM_022795529.1	1762	1525.15	0	0
XM_022795530.1	1399	1162.15	0	0
XM_022795531.1	1401	1164.15	0	0
XM_022795532.1	1098	861.148	0	0
XM_022795533.1	2000	1763.15	0	0
XM_022795534.1	2611	2374.15	0	0
XM_022795535.1	792	556.333	0	0
XM_022795536.1	738	503.227	0	0
XM_022795537.1	614	381.808	0	0
XM_022795538.1	8272	8035.15	0	0
XM_022795539.1	5253	5016.15	0	0
XM_022795540.1	7041	6804.15	0	0
XM_022795541.1	5364	5127.15	1	0.0356181
XM_022795542.1	2490	2253.15	0	0
XM_022795543.1	2358	2121.15	0	0
XM_022795544.1	2395	2158.15	0	0
XM_022795545.1	2325	2088.15	0	0
XM_022795546.1	2365	2128.15	0	0
XM_022795547.1	2821	2584.15	0	0
XM_022795548.1	2826	2589.15	0	0
XM_022795549.1	2946	2709.15	0	0
XM_022795550.1	2703	2466.15	0	0
XM_022795551.1	4193	3956.15	0	0
XM_022795552.1	596	364.638	0	0
XM_022795553.1	6527	6290.15	0	0
XM_022795554.1	2241	2004.15	0	0
XM_022795555.1	2184	1947.15	0	0
XM_022795556.1	4366	4129.15	0	0
XM_022795557.1	3898	3661.15	0	0
XM_022795558.1	1881	1644.15	0	0
XM_022795559.1	1644	1407.15	0	0
XM_022795560.1	683	448.977	0	0
XM_022795561.1	872	635.915	0	0
XM_022795562.1	3261	3024.15	0	0
XM_022795563.1	4192	3955.15	0	0
XM_022795564.1	3662	3425.15	0	0
XM_022795565.1	3944	3707.15	0	0
XM_022795566.1	2911	2674.15	0	0
XM_022795567.1	3030	2793.15	0	0
XM_022795568.1	2933	2696.15	0	0
XM_022795569.1	2581	2344.15	0	0
XM_022795570.1	2908	2671.15	0	0
XM_022795571.1	3569	3332.15	0	0
XM_022795572.1	2843	2606.15	0	0
XM_022795573.1	2949	2712.15	0	0
XM_022795574.1	1718	1481.15	0	0
XM_022795575.1	1766	1529.15	0	0
XM_022795576.1	2323	2086.15	0	0
XM_022795577.1	2109	1872.15	0	0
XM_022795578.1	1879	1642.15	0	0
XM_022795579.1	2402	2165.15	0	0
XM_022795580.1	2080	1843.15	0	0
XM_022795581.1	2036	1799.15	0	0
XM_022795582.1	2918	2681.15	0	0
XM_022795583.1	3010	2773.15	0	0
XM_022795584.1	2126	1889.15	0	0
XM_022795585.1	1083	846.148	0	0
XM_022795586.1	2782	2545.15	0	0
XM_022795587.1	2481	2244.15	0	0
XM_022795588.1	9059	8822.15	0	0
XM_022795589.1	8965	8728.15	0	0
XM_022795590.1	8530	8293.15	0	0
XM_022795591.1	4937	4700.15	0	0
XM_022795592.1	4055	3818.15	0	0
XM_022795593.1	3509	3272.15	0	0
XM_022795594.1	2054	1817.15	0	0
XM_022795595.1	2046	1809.15	0	0
XM_022795596.1	2043	1806.15	0	0
XM_022795597.1	1956	1719.15	0	0
XM_022795598.1	6512	6275.15	0	0
XM_022795599.1	4224	3987.15	0	0
XM_022795600.1	1989	1752.15	0	0
XM_022795601.1	2087	1850.15	0	0
XM_022795602.1	2178	1941.15	0	0
XM_022795603.1	2076	1839.15	0	0
XM_022795604.1	2052	1815.15	0	0
XM_022795605.1	4743	4506.15	0	0
XM_022795606.1	6167	5930.15	0	0
XM_022795607.1	6425	6188.15	0	0
XM_022795608.1	6338	6101.15	0	0
XM_022795609.1	4890	4653.15	0	0
XM_022795610.1	6226	5989.15	0	0
XM_022795611.1	3766	3529.15	0	0
XM_022795612.1	3607	3370.15	0	0
XM_022795613.1	2722	2485.15	0	0
XM_022795614.1	6163	5926.15	0	0
XM_022795615.1	2718	2481.15	0	0
XM_022795616.1	4059	3822.15	0	0
XM_022795617.1	3682	3445.15	0	0
XM_022795618.1	3460	3223.15	0	0
XM_022795619.1	2986	2749.15	0	0
XM_022795620.1	2829	2592.15	0	0
XM_022795621.1	2892	2655.15	0	0
XM_022795622.1	4537	4300.15	0	0
XM_022795623.1	2136	1899.15	0	0
XM_022795624.1	1954	1717.15	0	0
XM_022795625.1	1911	1674.15	0	0
XM_022795626.1	1676	1439.15	0	0
XM_022795627.1	1716	1479.15	0	0
XM_022795628.1	4676	4439.15	0	0
XM_022795629.1	3943	3706.15	0	0
XM_022795630.1	4420	4183.15	0	0
XM_022795631.1	3860	3623.15	0	0
XM_022795632.1	3705	3468.15	0	0
XM_022795633.1	1545	1308.15	0	0
XM_022795634.1	1367	1130.15	0	0
XM_022795635.1	1321	1084.15	0	0
XM_022795636.1	1306	1069.15	0	0
XM_022795637.1	1404	1167.15	0	0
XM_022795638.1	1239	1002.15	0	0
XM_022795639.1	3540	3303.15	0	0
XM_022795640.1	9111	8874.15	0	0
XM_022795641.1	1494	1257.15	0	0
XM_022795642.1	1317	1080.15	0	0
XM_022795643.1	1218	981.148	0	0
XM_022795644.1	1725	1488.15	0	0
XM_022795645.1	1516	1279.15	0	0
XM_022795646.1	1309	1072.15	0	0
XM_022795647.1	875	638.915	0	0
XM_022795648.1	5564	5327.15	0	0
XM_022795649.1	849	613.102	0	0
XM_022795650.1	856	620.102	0	0
XM_022795651.1	1456	1219.15	0	0
XM_022795652.1	1351	1114.15	0	0
XM_022795653.1	2039	1802.15	0	0
XM_022795654.1	1952	1715.15	0	0
XM_022795655.1	2029	1792.15	0	0
XM_022795656.1	962	725.297	0	0
XM_022795657.1	5245	5008.15	0	0
XM_022795658.1	854	618.102	0	0
XM_022795659.1	777	541.553	0	0
XM_022795660.1	954	717.37	0	0
XM_022795661.1	2149	1912.15	0	0
XM_022795662.1	1729	1492.15	0	0
XM_022795663.1	1715	1478.15	0	0
XM_022795664.1	1684	1447.15	0	0
XM_022795665.1	3655	3418.15	0	0
XM_022795666.1	2401	2164.15	0	0
XM_022795667.1	1628	1391.15	0	0
XM_022795668.1	2639	2402.15	0	0
XM_022795669.1	1176	939.148	0	0
XM_022795670.1	4150	3913.15	0	0
XM_022795671.1	1564	1327.15	0	0
XM_022795672.1	1670	1433.15	0	0
XM_022795673.1	826	590.162	0	0
XM_022795674.1	777	541.553	0	0
XM_022795675.1	1405	1168.15	0	0
XM_022795676.1	4970	4733.15	0	0
XM_022795677.1	5771	5534.15	0	0
XM_022795678.1	7272	7035.15	0	0
XM_022795679.1	6409	6172.15	0	0
XM_022795680.1	6038	5801.15	0	0
XM_022795681.1	4637	4400.15	0	0
XM_022795682.1	2604	2367.15	0	0
XM_022795683.1	4821	4584.15	0	0
XM_022795684.1	4867	4630.15	0	0
XM_022795685.1	4683	4446.15	0	0
XM_022795686.1	4574	4337.15	0	0
XM_022795687.1	4669	4432.15	0	0
XM_022795688.1	6482	6245.15	0	0
XM_022795689.1	5458	5221.15	0	0
XM_022795690.1	4267	4030.15	0	0
XM_022795691.1	4270	4033.15	0	0
XM_022795692.1	2757	2520.15	0	0
XM_022795693.1	3487	3250.15	0	0
XM_022795694.1	3504	3267.15	0	0
XM_022795695.1	3612	3375.15	0	0
XM_022795696.1	9334	9097.15	0	0
XM_022795697.1	9095	8858.15	0	0
XM_022795698.1	9323	9086.15	0	0
XM_022795699.1	9125	8888.15	0	0
XM_022795700.1	9084	8847.15	0	0
XM_022795701.1	3004	2767.15	0	0
XM_022795702.1	9012	8775.15	0	0
XM_022795703.1	9107	8870.15	0	0
XM_022795704.1	7470	7233.15	0	0
XM_022795705.1	7342	7105.15	0	0
XM_022795706.1	9251	9014.15	0	0
XM_022795707.1	5309	5072.15	0	0
XM_022795708.1	5250	5013.15	0	0
XM_022795709.1	8873	8636.15	0	0
XM_022795710.1	2983	2746.15	0	0
XM_022795711.1	5216	4979.15	0	0
XM_022795712.1	5128	4891.15	0	0
XM_022795713.1	8815	8578.15	0	0
XM_022795714.1	4889	4652.15	0	0
XM_022795715.1	4878	4641.15	0	0
XM_022795716.1	4806	4569.15	0	0
XM_022795717.1	10734	10497.1	0	0
XM_022795718.1	4810	4573.15	0	0
XM_022795719.1	16121	15884.1	0	0
XM_022795720.1	2941	2704.15	0	0
XM_022795721.1	16113	15876.1	0	0
XM_022795722.1	16110	15873.1	0	0
XM_022795723.1	14988	14751.1	0	0
XM_022795724.1	2617	2380.15	0	0
XM_022795725.1	2468	2231.15	0	0
XM_022795726.1	13882	13645.1	0	0
XM_022795727.1	12954	12717.1	2.24611e-05	3.22543e-07
XM_022795728.1	12808	12571.1	1.99998	0.0290534
XM_022795729.1	5421	5184.15	0	0
XM_022795730.1	13075	12838.1	0	0
XM_022795731.1	13813	13576.1	0	0
XM_022795732.1	8887	8650.15	0	0
XM_022795733.1	11255	11018.1	0	0
XM_022795734.1	11589	11352.1	0	0
XM_022795735.1	1609	1372.15	0	0
XM_022795736.1	10755	10518.1	0	0
XM_022795737.1	8511	8274.15	0	0
XM_022795738.1	8692	8455.15	0	0
XM_022795739.1	8171	7934.15	0	0
XM_022795740.1	2136	1899.15	0	0
XM_022795741.1	7341	7104.15	0	0
XM_022795742.1	6976	6739.15	0	0
XM_022795743.1	6659	6422.15	0	0
XM_022795744.1	14077	13840.1	0	0
XM_022795745.1	13805	13568.1	0	0
XM_022795746.1	13747	13510.1	0	0
XM_022795747.1	13513	13276.1	0	0
XM_022795748.1	13524	13287.1	0	0
XM_022795749.1	3856	3619.15	0	0
XM_022795750.1	5541	5304.15	0	0
XM_022795751.1	5414	5177.15	0	0
XM_022795752.1	5949	5712.15	0	0
XM_022795753.1	5424	5187.15	0	0
XM_022795754.1	5904	5667.15	0	0
XM_022795755.1	6484	6247.15	0	0
XM_022795756.1	6059	5822.15	0	0
XM_022795757.1	5389	5152.15	0	0
XM_022795758.1	5277	5040.15	0	0
XM_022795759.1	1562	1325.15	0	0
XM_022795760.1	1398	1161.15	0	0
XM_022795761.1	1398	1161.15	0	0
XM_022795762.1	10679	10442.1	0	0
XM_022795763.1	10669	10432.1	0	0
XM_022795764.1	10664	10427.1	0	0
XM_022795765.1	10594	10357.1	0	0
XM_022795766.1	5641	5404.15	0	0
XM_022795767.1	2712	2475.15	0	0
XM_022795768.1	10753	10516.1	0	0
XM_022795769.1	5286	5049.15	0	0
XM_022795770.1	5546	5309.15	0	0
XM_022795771.1	1133	896.148	0	0
XM_022795772.1	7455	7218.15	0	0
XM_022795773.1	7132	6895.15	0	0
XM_022795774.1	6933	6696.15	0	0
XM_022795775.1	6711	6474.15	0	0
XM_022795776.1	6495	6258.15	0	0
XM_022795777.1	10468	10231.1	0	0
XM_022795778.1	4373	4136.15	0	0
XM_022795779.1	3100	2863.15	0	0
XM_022795780.1	2701	2464.15	0	0
XM_022795781.1	3025	2788.15	0	0
XM_022795782.1	3076	2839.15	0	0
XM_022795783.1	4388	4151.15	0	0
XM_022795784.1	2550	2313.15	0	0
XM_022795785.1	2980	2743.15	0	0
XM_022795786.1	2811	2574.15	0	0
XM_022795787.1	5476	5239.15	0	0
XM_022795788.1	5937	5700.15	0	0
XM_022795789.1	2494	2257.15	0	0
XM_022795790.1	5780	5543.15	0	0
XM_022795791.1	2417	2180.15	0	0
XM_022795792.1	2200	1963.15	0	0
XM_022795793.1	2098	1861.15	0	0
XM_022795794.1	1823	1586.15	0	0
XM_022795795.1	1440	1203.15	0	0
XM_022795796.1	2015	1778.15	0	0
XM_022795797.1	2011	1774.15	0	0
XM_022795798.1	909	672.72	0	0
XM_022795799.1	5287	5050.15	0	0
XM_022795800.1	17423	17186.1	0	0
XM_022795801.1	10110	9873.15	0	0
XM_022795802.1	8093	7856.15	1.00004	0.0232464
XM_022795803.1	9756	9519.15	0	0
XM_022795804.1	7581	7344.15	0	0
XM_022795805.1	11831	11594.1	0	0
XM_022795806.1	978	741.224	0	0
XM_022795807.1	2027	1790.15	0	0
XM_022795808.1	6416	6179.15	0	0
XM_022795809.1	654	420.762	0	0
XM_022795810.1	6289	6052.15	0	0
XM_022795811.1	2455	2218.15	0	0
XM_022795812.1	2242	2005.15	0	0
XM_022795813.1	2365	2128.15	0	0
XM_022795814.1	2102	1865.15	0	0
XM_022795815.1	2021	1784.15	0	0
XM_022795816.1	2373	2136.15	0	0
XM_022795817.1	2177	1940.15	0	0
XM_022795818.1	2149	1912.15	0	0
XM_022795819.1	5765	5528.15	0	0
XM_022795820.1	2134	1897.15	0	0
XM_022795821.1	1942	1705.15	0	0
XM_022795822.1	2576	2339.15	0	0
XM_022795823.1	2562	2325.15	0	0
XM_022795824.1	12607	12370.1	0	0
XM_022795825.1	486	264.853	0	0
XM_022795826.1	6252	6015.15	0	0
XM_022795827.1	4818	4581.15	0	0
XM_022795828.1	4410	4173.15	0	0
XM_022795829.1	4254	4017.15	0	0
XM_022795830.1	4096	3859.15	0	0
XM_022795831.1	4855	4618.15	0	0
XM_022795832.1	4840	4603.15	0	0
XM_022795833.1	3569	3332.15	0	0
XM_022795834.1	4741	4504.15	0	0
XM_022795835.1	3450	3213.15	0	0
XM_022795836.1	5688	5451.15	0	0
XM_022795837.1	4583	4346.15	0	0
XM_022795838.1	6168	5931.15	0	0
XM_022795839.1	5123	4886.15	0	0
XM_022795840.1	6078	5841.15	0	0
XM_022795841.1	3335	3098.15	0	0
XM_022795842.1	596	364.638	0	0
XM_022795843.1	10146	9909.15	0	0
XM_022795844.1	8566	8329.15	0	0
XM_022795845.1	4517	4280.15	0	0
XM_022795846.1	8466	8229.15	0	0
XM_022795847.1	4160	3923.15	0	0
XM_022795848.1	3993	3756.15	0	0
XM_022795849.1	3832	3595.15	0	0
XM_022795850.1	4416	4179.15	0	0
XM_022795851.1	1339	1102.15	0	0
XM_022795852.1	1135	898.148	0	0
XM_022795853.1	1276	1039.15	0	0
XM_022795854.1	1446	1209.15	0	0
XM_022795855.1	1206	969.148	0	0
XM_022795856.1	1119	882.148	0	0
XM_022795857.1	6254	6017.15	0	0
XM_022795858.1	5653	5416.15	0	0
XM_022795859.1	5830	5593.15	0	0
XM_022795860.1	5755	5518.15	0	0
XM_022795861.1	5222	4985.15	0	0
XM_022795862.1	5668	5431.15	0	0
XM_022795863.1	4801	4564.15	2.11668e-08	8.4692e-10
XM_022795864.1	4798	4561.15	4.0504e-08	1.6217e-09
XM_022795865.1	4720	4483.15	1.00277	0.0408475
XM_022795866.1	1145	908.148	0	0
XM_022795867.1	1353	1116.15	0	0
XM_022795868.1	2559	2322.15	0	0
XM_022795869.1	981	744.224	0	0
XM_022795870.1	6992	6755.15	0	0
XM_022795871.1	3937	3700.15	0	0
XM_022795872.1	4212	3975.15	0	0
XM_022795873.1	3895	3658.15	0	0
XM_022795874.1	3082	2845.15	0	0
XM_022795875.1	7332	7095.15	0	0
XM_022795876.1	7233	6996.15	0	0
XM_022795877.1	7689	7452.15	0	0
XM_022795878.1	7060	6823.15	0	0
XM_022795879.1	6746	6509.15	0	0
XM_022795880.1	6657	6420.15	0	0
XM_022795881.1	6960	6723.15	0	0
XM_022795882.1	13960	13723.1	0	0
XM_022795883.1	11229	10992.1	0	0
XM_022795884.1	11064	10827.1	0	0
XM_022795885.1	12923	12686.1	0	0
XM_022795886.1	8770	8533.15	0	0
XM_022795887.1	6640	6403.15	0	0
XM_022795888.1	4715	4478.15	0	0
XM_022795889.1	4686	4449.15	0	0
XM_022795890.1	4673	4436.15	0	0
XM_022795891.1	7295	7058.15	0	0
XM_022795892.1	2865	2628.15	0	0
XM_022795893.1	2912	2675.15	0	0
XM_022795894.1	2952	2715.15	0	0
XM_022795895.1	2807	2570.15	0	0
XM_022795896.1	6335	6098.15	0	0
XM_022795897.1	2862	2625.15	0	0
XM_022795898.1	2169	1932.15	0	0
XM_022795899.1	2239	2002.15	0	0
XM_022795900.1	2197	1960.15	0	0
XM_022795901.1	6002	5765.15	0	0
XM_022795902.1	5761	5524.15	0	0
XM_022795903.1	4053	3816.15	0	0
XM_022795904.1	1267	1030.15	0	0
XM_022795905.1	6175	5938.15	0	0
XM_022795906.1	1115	878.148	0	0
XM_022795907.1	465	246.848	0	0
XM_022795908.1	6127	5890.15	0	0
XM_022795909.1	5993	5756.15	0	0
XM_022795910.1	6185	5948.15	0	0
XM_022795911.1	5429	5192.15	0	0
XM_022795912.1	5542	5305.15	0	0
XM_022795913.1	5240	5003.15	0	0
XM_022795914.1	2067	1830.15	0	0
XM_022795915.1	5853	5616.15	0	0
XM_022795916.1	1998	1761.15	0	0
XM_022795917.1	2153	1916.15	0	0
XM_022795918.1	2238	2001.15	0	0
XM_022795919.1	2127	1890.15	0	0
XM_022795920.1	2104	1867.15	0	0
XM_022795921.1	2062	1825.15	0	0
XM_022795922.1	1935	1698.15	0	0
XM_022795923.1	1911	1674.15	0	0
XM_022795924.1	1812	1575.15	0	0
XM_022795925.1	5659	5422.15	0	0
XM_022795926.1	5337	5100.15	0	0
XM_022795927.1	2540	2303.15	0	0
XM_022795928.1	1250	1013.15	0	0
XM_022795929.1	1207	970.148	0	0
XM_022795930.1	5473	5236.15	0	0
XM_022795931.1	2607	2370.15	0	0
XM_022795932.1	2445	2208.15	0	0
XM_022795933.1	2634	2397.15	0	0
XM_022795934.1	6213	5976.15	0	0
XM_022795935.1	2445	2208.15	0	0
XM_022795936.1	1828	1591.15	0	0
XM_022795937.1	1847	1610.15	0	0
XM_022795938.1	1859	1622.15	0	0
XM_022795939.1	1736	1499.15	0	0
XM_022795940.1	6878	6641.15	0	0
XM_022795941.1	6601	6364.15	0	0
XM_022795942.1	7117	6880.15	0	0
XM_022795943.1	7079	6842.15	0	0
XM_022795944.1	6315	6078.15	0	0
XM_022795945.1	6633	6396.15	0	0
XM_022795946.1	6782	6545.15	0	0
XM_022795947.1	6543	6306.15	0	0
XM_022795948.1	1831	1594.15	0	0
XM_022795949.1	1046	809.148	0	0
XM_022795950.1	1624	1387.15	0	0
XM_022795951.1	7729	7492.15	0	0
XM_022795952.1	8231	7994.15	0	0
XM_022795953.1	1511	1274.15	0	0
XM_022795954.1	2749	2512.15	0	0
XM_022795955.1	2126	1889.15	0	0
XM_022795956.1	328	140.487	0	0
XM_022795957.1	10984	10747.1	0	0
XM_022795958.1	10959	10722.1	0	0
XM_022795959.1	8054	7817.15	0	0
XM_022795960.1	9481	9244.15	0	0
XM_022795961.1	9990	9753.15	0	0
XM_022795962.1	4816	4579.15	0	0
XM_022795963.1	5176	4939.15	0	0
XM_022795964.1	4867	4630.15	0	0
XM_022795965.1	4851	4614.15	0	0
XM_022795966.1	4609	4372.15	0	0
XM_022795967.1	3626	3389.15	0	0
XM_022795968.1	5826	5589.15	0	0
XM_022795969.1	354	159.705	0	0
XM_022795970.1	1057	820.148	0	0
XM_022795971.1	2236	1999.15	0	0
XM_022795972.1	1952	1715.15	0	0
XM_022795973.1	1927	1690.15	0	0
XM_022795974.1	2795	2558.15	0	0
XM_022795975.1	8886	8649.15	0	0
XM_022795976.1	8175	7938.15	0	0
XM_022795977.1	3435	3198.15	0	0
XM_022795978.1	3587	3350.15	0	0
XM_022795979.1	4917	4680.15	0	0
XM_022795980.1	1427	1190.15	0	0
XM_022795981.1	5276	5039.15	0	0
XM_022795982.1	5229	4992.15	0	0
XM_022795983.1	4184	3947.15	0	0
XM_022795984.1	3908	3671.15	0	0
XM_022795985.1	3932	3695.15	0	0
XM_022795986.1	3697	3460.15	0	0
XM_022795987.1	6824	6587.15	0	0
XM_022795988.1	1972	1735.15	0	0
XM_022795989.1	8576	8339.15	0	0
XM_022795990.1	7097	6860.15	2.79979	0.0745313
XM_022795991.1	11644	11407.1	0	0
XM_022795992.1	11848	11611.1	0	0
XM_022795993.1	8555	8318.15	0	0
XM_022795994.1	8441	8204.15	0	0
XM_022795995.1	8221	7984.15	2.1824	0.0499175
XM_022795996.1	5263	5026.15	0	0
XM_022795997.1	4398	4161.15	0	0
XM_022795998.1	4390	4153.15	0	0
XM_022795999.1	4391	4154.15	0	0
XM_022796000.1	1790	1553.15	0	0
XM_022796001.1	3094	2857.15	0	0
XM_022796002.1	4314	4077.15	0	0
XM_022796003.1	2822	2585.15	0	0
XM_022796004.1	3910	3673.15	0	0
XM_022796005.1	6653	6416.15	0	0
XM_022796006.1	6225	5988.15	0	0
XM_022796007.1	2457	2220.15	0	0
XM_022796008.1	420	210.479	0	0
XM_022796009.1	11571	11334.1	0	0
XM_022796010.1	4396	4159.15	0	0
XM_022796011.1	11172	10935.1	0	0
XM_022796012.1	1788	1551.15	0	0
XM_022796013.1	2060	1823.15	0	0
XM_022796014.1	1796	1559.15	0	0
XM_022796015.1	544	315.772	0	0
XM_022796016.1	2158	1921.15	0	0
XM_022796017.1	4281	4044.15	0	0
XM_022796018.1	4587	4350.15	0	0
XM_022796019.1	3958	3721.15	0	0
XM_022796020.1	4587	4350.15	0	0
XM_022796021.1	2370	2133.15	0	0
XM_022796022.1	2563	2326.15	0	0
XM_022796023.1	2981	2744.15	0	0
XM_022796024.1	2851	2614.15	0	0
XM_022796025.1	1692	1455.15	0	0
XM_022796026.1	5081	4844.15	0	0
XM_022796027.1	5076	4839.15	0	0
XM_022796028.1	4848	4611.15	0	0
XM_022796029.1	4843	4606.15	0	0
XM_022796030.1	1737	1500.15	0	0
XM_022796031.1	1392	1155.15	0	0
XM_022796032.1	2312	2075.15	0	0
XM_022796033.1	2208	1971.15	0	0
XM_022796034.1	1632	1395.15	0	0
XM_022796035.1	2744	2507.15	0	0
XM_022796036.1	1918	1681.15	0	0
XM_022796037.1	10882	10645.1	0	0
XM_022796038.1	1787	1550.15	0	0
XM_022796039.1	1333	1096.15	0	0
XM_022796040.1	5538	5301.15	0	0
XM_022796041.1	5348	5111.15	0	0
XM_022796042.1	6029	5792.15	0	0
XM_022796043.1	6525	6288.15	0	0
XM_022796044.1	5051	4814.15	0	0
XM_022796045.1	7191	6954.15	0	0
XM_022796046.1	5052	4815.15	0	0
XM_022796047.1	7465	7228.15	0	0
XM_022796048.1	7112	6875.15	0	0
XM_022796049.1	5351	5114.15	0	0
XM_022796050.1	1262	1025.15	0	0
XM_022796051.1	5157	4920.15	0	0
XM_022796052.1	4989	4752.15	0	0
XM_022796053.1	3322	3085.15	0	0
XM_022796054.1	2709	2472.15	0	0
XM_022796055.1	2669	2432.15	0	0
XM_022796056.1	3821	3584.15	0	0
XM_022796057.1	1816	1579.15	0	0
XM_022796058.1	1813	1576.15	0	0
XM_022796059.1	1312	1075.15	0	0
XM_022796060.1	3106	2869.15	0	0
XM_022796061.1	2750	2513.15	0	0
XM_022796062.1	2737	2500.15	0	0
XM_022796063.1	2694	2457.15	0	0
XM_022796064.1	2683	2446.15	0	0
XM_022796065.1	2572	2335.15	0	0
XM_022796066.1	3038	2801.15	0	0
XM_022796067.1	3175	2938.15	0	0
XM_022796068.1	1227	990.148	0	0
XM_022796069.1	11354	11117.1	0	0
XM_022796070.1	10429	10192.1	0	0
XM_022796071.1	10253	10016.1	0	0
XM_022796072.1	11295	11058.1	0	0
XM_022796073.1	11247	11010.1	0	0
XM_022796074.1	11022	10785.1	0	0
XM_022796075.1	9921	9684.15	0	0
XM_022796076.1	1193	956.148	0	0
XM_022796077.1	4003	3766.15	0	0
XM_022796078.1	3976	3739.15	0	0
XM_022796079.1	2679	2442.15	0	0
XM_022796080.1	7672	7435.15	0	0
XM_022796081.1	7747	7510.15	0	0
XM_022796082.1	7746	7509.15	0	0
XM_022796083.1	7998	7761.15	0	0
XM_022796084.1	7784	7547.15	0	0
XM_022796085.1	7575	7338.15	0	0
XM_022796086.1	1388	1151.15	0	0
XM_022796087.1	7551	7314.15	0	0
XM_022796088.1	7502	7265.15	0	0
XM_022796089.1	6355	6118.15	0	0
XM_022796090.1	2707	2470.15	0	0
XM_022796091.1	6860	6623.15	0	0
XM_022796092.1	2551	2314.15	0	0
XM_022796093.1	2485	2248.15	0	0
XM_022796094.1	2415	2178.15	0	0
XM_022796095.1	3551	3314.15	0	0
XM_022796096.1	3393	3156.15	0	0
XM_022796097.1	3390	3153.15	0	0
XM_022796098.1	3440	3203.15	0	0
XM_022796099.1	3876	3639.15	0	0
XM_022796100.1	3907	3670.15	0	0
XM_022796101.1	3807	3570.15	0	0
XM_022796102.1	2829	2592.15	0	0
XM_022796103.1	2697	2460.15	0	0
XM_022796104.1	2310	2073.15	0	0
XM_022796105.1	2047	1810.15	0	0
XM_022796106.1	2508	2271.15	0	0
XM_022796107.1	2076	1839.15	0	0
XM_022796108.1	2091	1854.15	0	0
XM_022796109.1	4619	4382.15	0	0
XM_022796110.1	2086	1849.15	0	0
XM_022796111.1	2099	1862.15	0	0
XM_022796112.1	1970	1733.15	0	0
XM_022796113.1	1975	1738.15	0	0
XM_022796114.1	1946	1709.15	0	0
XM_022796115.1	1960	1723.15	0	0
XM_022796116.1	1942	1705.15	0	0
XM_022796117.1	5815	5578.15	0	0
XM_022796118.1	6566	6329.15	0	0
XM_022796119.1	5954	5717.15	0	0
XM_022796120.1	4497	4260.15	0	0
XM_022796121.1	6359	6122.15	0	0
XM_022796122.1	1153	916.148	0	0
XM_022796123.1	1212	975.148	0	0
XM_022796124.1	1074	837.148	0	0
XM_022796125.1	1162	925.148	0	0
XM_022796126.1	2139	1902.15	0	0
XM_022796127.1	6705	6468.15	0	0
XM_022796128.1	6251	6014.15	0	0
XM_022796129.1	2326	2089.15	0	0
XM_022796130.1	490	268.129	0	0
XM_022796131.1	7796	7559.15	0	0
XM_022796132.1	7577	7340.15	0	0
XM_022796133.1	7356	7119.15	0	0
XM_022796134.1	7473	7236.15	0	0
XM_022796135.1	7781	7544.15	0	0
XM_022796136.1	6782	6545.15	0	0
XM_022796137.1	6115	5878.15	0	0
XM_022796138.1	6305	6068.15	0	0
XM_022796139.1	6081	5844.15	0	0
XM_022796140.1	6380	6143.15	0	0
XM_022796141.1	6206	5969.15	0	0
XM_022796142.1	5778	5541.15	0	0
XM_022796143.1	5127	4890.15	0	0
XM_022796144.1	5104	4867.15	0	0
XM_022796145.1	5029	4792.15	0	0
XM_022796146.1	2594	2357.15	0	0
XM_022796147.1	2561	2324.15	0	0
XM_022796148.1	2886	2649.15	0	0
XM_022796149.1	1660	1423.15	0	0
XM_022796150.1	3206	2969.15	0	0
XM_022796151.1	1103	866.148	0	0
XM_022796152.1	1200	963.148	0	0
XM_022796153.1	774	538.607	0	0
XM_022796154.1	10420	10183.1	0	0
XM_022796155.1	10342	10105.1	0	0
XM_022796156.1	10300	10063.1	0	0
XM_022796157.1	10252	10015.1	0	0
XM_022796158.1	3119	2882.15	0	0
XM_022796159.1	1231	994.148	0	0
XM_022796160.1	2786	2549.15	0	0
XM_022796161.1	3252	3015.15	0	0
XM_022796162.1	2910	2673.15	0	0
XM_022796163.1	2345	2108.15	0	0
XM_022796164.1	2448	2211.15	0	0
XM_022796165.1	2083	1846.15	0	0
XM_022796166.1	1104	867.148	0	0
XM_022796167.1	2585	2348.15	0	0
XM_022796168.1	3255	3018.15	0	0
XM_022796169.1	6049	5812.15	0	0
XM_022796170.1	2634	2397.15	0	0
XM_022796171.1	4137	3900.15	0	0
XM_022796172.1	2555	2318.15	0	0
XM_022796173.1	3154	2917.15	0	0
XM_022796174.1	1767	1530.15	0	0
XM_022796175.1	2439	2202.15	0	0
XM_022796176.1	2037	1800.15	0	0
XM_022796177.1	2573	2336.15	0	0
XM_022796178.1	5387	5150.15	0	0
XM_022796179.1	5654	5417.15	0	0
XM_022796180.1	7389	7152.15	0	0
XM_022796181.1	5376	5139.15	0	0
XM_022796182.1	3909	3672.15	0	0
XM_022796183.1	3544	3307.15	0	0
XM_022796184.1	2412	2175.15	0	0
XM_022796185.1	2190	1953.15	0	0
XM_022796186.1	1410	1173.15	0	0
XM_022796187.1	1822	1585.15	0	0
XM_022796188.1	5730	5493.15	0	0
XM_022796189.1	2817	2580.15	0	0
XM_022796190.1	2441	2204.15	0	0
XM_022796191.1	4881	4644.15	0	0
XM_022796192.1	10898	10661.1	0	0
XM_022796193.1	4048	3811.15	0	0
XM_022796194.1	10220	9983.15	0	0
XM_022796195.1	5001	4764.15	0	0
XM_022796196.1	3853	3616.15	0	0
XM_022796197.1	12253	12016.1	0	0
XM_022796198.1	5985	5748.15	0	0
XM_022796199.1	3007	2770.15	0	0
XM_022796200.1	2976	2739.15	0	0
XM_022796201.1	2814	2577.15	0	0
XM_022796202.1	2785	2548.15	0	0
XM_022796203.1	2814	2577.15	0	0
XM_022796204.1	2782	2545.15	0	0
XM_022796205.1	2000	1763.15	0	0
XM_022796206.1	1901	1664.15	0	0
XM_022796207.1	1586	1349.15	0	0
XM_022796208.1	5795	5558.15	0	0
XM_022796209.1	2458	2221.15	0	0
XM_022796210.1	2197	1960.15	0	0
XM_022796211.1	2125	1888.15	0	0
XM_022796212.1	2014	1777.15	0	0
XM_022796213.1	1678	1441.15	0	0
XM_022796214.1	1426	1189.15	0	0
XM_022796215.1	2223	1986.15	0	0
XM_022796216.1	2693	2456.15	0	0
XM_022796217.1	6684	6447.15	0	0
XM_022796218.1	5199	4962.15	0	0
XM_022796219.1	2621	2384.15	0	0
XM_022796220.1	7620	7383.15	1.00179	0.0247788
XM_022796221.1	7256	7019.15	0	0
XM_022796222.1	7126	6889.15	0	0
XM_022796223.1	7865	7628.15	0	0
XM_022796224.1	6867	6630.15	9.57673	0.263779
XM_022796225.1	4278	4041.15	0	0
XM_022796226.1	432	220.183	0	0
XM_022796227.1	8190	7953.15	0	0
XM_022796228.1	8145	7908.15	0	0
XM_022796229.1	8124	7887.15	0	0
XM_022796230.1	8606	8369.15	0	0
XM_022796231.1	8445	8208.15	0	0
XM_022796232.1	1336	1099.15	0	0
XM_022796233.1	7915	7678.15	0	0
XM_022796234.1	7668	7431.15	0	0
XM_022796235.1	8074	7837.15	0	0
XM_022796236.1	2816	2579.15	0	0
XM_022796237.1	2781	2544.15	0	0
XM_022796238.1	2793	2556.15	0	0
XM_022796239.1	3090	2853.15	0	0
XM_022796240.1	3182	2945.15	0	0
XM_022796241.1	1555	1318.15	0	0
XM_022796242.1	3899	3662.15	0	0
XM_022796243.1	4149	3912.15	0	0
XM_022796244.1	3892	3655.15	0	0
XM_022796245.1	5621	5384.15	0	0
XM_022796246.1	4968	4731.15	0	0
XM_022796247.1	4787	4550.15	0	0
XM_022796248.1	4999	4762.15	0	0
XM_022796249.1	3323	3086.15	0	0
XM_022796250.1	3234	2997.15	0	0
XM_022796251.1	1826	1589.15	0	0
XM_022796252.1	3075	2838.15	0	0
XM_022796253.1	2509	2272.15	0	0
XM_022796254.1	10516	10279.1	0	0
XM_022796255.1	10444	10207.1	0	0
XM_022796256.1	7483	7246.15	0	0
XM_022796257.1	684	449.977	0	0
XM_022796258.1	1169	932.148	0	0
XM_022796259.1	10662	10425.1	0	0
XM_022796260.1	456	239.474	0	0
XM_022796261.1	510	285.63	0	0
XM_022796262.1	918	681.652	0	0
XM_022796263.1	2645	2408.15	0	0
XM_022796264.1	2350	2113.15	0	0
XM_022796265.1	1751	1514.15	0	0
XM_022796266.1	1620	1383.15	0	0
XM_022796267.1	2293	2056.15	0	0
XM_022796268.1	2135	1898.15	0	0
XM_022796269.1	1957	1720.15	0	0
XM_022796270.1	2159	1922.15	0	0
XM_022796271.1	2142	1905.15	0	0
XM_022796272.1	1835	1598.15	0	0
XM_022796273.1	2001	1764.15	0	0
XM_022796274.1	1732	1495.15	0	0
XM_022796275.1	1643	1406.15	0	0
XM_022796276.1	1401	1164.15	0	0
XM_022796277.1	1425	1188.15	0	0
XM_022796278.1	7288	7051.15	0	0
XM_022796279.1	5193	4956.15	0	0
XM_022796280.1	5190	4953.15	0	0
XM_022796281.1	3877	3640.15	0	0
XM_022796282.1	4647	4410.15	0	0
XM_022796283.1	4344	4107.15	0	0
XM_022796284.1	3196	2959.15	0	0
XM_022796285.1	2168	1931.15	0	0
XM_022796286.1	1672	1435.15	0	0
XM_022796287.1	1205	968.148	0	0
XM_022796288.1	356	161.266	0	0
XM_022796289.1	9121	8884.15	0	0
XM_022796290.1	8391	8154.15	0	0
XM_022796291.1	9250	9013.15	0	0
XM_022796292.1	7612	7375.15	0	0
XM_022796293.1	7120	6883.15	0	0
XM_022796294.1	1607	1370.15	0	0
XM_022796295.1	3124	2887.15	0	0
XM_022796296.1	2145	1908.15	0	0
XM_022796297.1	2807	2570.15	0	0
XM_022796298.1	2567	2330.15	0	0
XM_022796299.1	494	271.68	0	0
XM_022796300.1	1554	1317.15	0	0
XM_022796301.1	6950	6713.15	0	0
XM_022796302.1	6843	6606.15	0	0
XM_022796303.1	3069	2832.15	0	0
XM_022796304.1	2866	2629.15	0	0
XM_022796305.1	2946	2709.15	0	0
XM_022796306.1	3571	3334.15	0	0
XM_022796307.1	1203	966.148	0	0
XM_022796308.1	516	290.887	0	0
XM_022796309.1	3547	3310.15	0	0
XM_022796310.1	3526	3289.15	0	0
XM_022796311.1	3511	3274.15	0	0
XM_022796312.1	3409	3172.15	0	0
XM_022796313.1	3403	3166.15	0	0
XM_022796314.1	3148	2911.15	0	0
XM_022796315.1	2667	2430.15	0	0
XM_022796316.1	2610	2373.15	0	0
XM_022796317.1	4538	4301.15	0	0
XM_022796318.1	4579	4342.15	0	0
XM_022796319.1	4644	4407.15	0	0
XM_022796320.1	4514	4277.15	0	0
XM_022796321.1	6149	5912.15	0	0
XM_022796322.1	6043	5806.15	0	0
XM_022796323.1	5755	5518.15	0	0
XM_022796324.1	6084	5847.15	0	0
XM_022796325.1	6754	6517.15	0	0
XM_022796326.1	6108	5871.15	0	0
XM_022796327.1	6077	5840.15	0	0
XM_022796328.1	6847	6610.15	0	0
XM_022796329.1	6018	5781.15	0	0
XM_022796330.1	5813	5576.15	0	0
XM_022796331.1	5824	5587.15	0	0
XM_022796332.1	4342	4105.15	0	0
XM_022796333.1	4529	4292.15	0	0
XM_022796334.1	3951	3714.15	0	0
XM_022796335.1	4515	4278.15	0	0
XM_022796336.1	4465	4228.15	0	0
XM_022796337.1	1613	1376.15	0	0
XM_022796338.1	2071	1834.15	0	0
XM_022796339.1	1499	1262.15	0	0
XM_022796340.1	1536	1299.15	0	0
XM_022796341.1	7016	6779.15	0	0
XM_022796342.1	7044	6807.15	0	0
XM_022796343.1	6055	5818.15	0	0
XM_022796344.1	6083	5846.15	0	0
XM_022796345.1	4115	3878.15	0	0
XM_022796346.1	4285	4048.15	0	0
XM_022796347.1	4365	4128.15	0	0
XM_022796348.1	5949	5712.15	0	0
XM_022796349.1	1979	1742.15	0	0
XM_022796350.1	6864	6627.15	0	0
XM_022796351.1	5903	5666.15	0	0
XM_022796352.1	4352	4115.15	0	0
XM_022796353.1	3947	3710.15	0	0
XM_022796354.1	2146	1909.15	0	0
XM_022796355.1	2063	1826.15	0	0
XM_022796356.1	3055	2818.15	0	0
XM_022796357.1	3231	2994.15	0	0
XM_022796358.1	3050	2813.15	0	0
XM_022796359.1	2909	2672.15	0	0
XM_022796360.1	2687	2450.15	0	0
XM_022796361.1	1288	1051.15	0	0
XM_022796362.1	1278	1041.15	0	0
XM_022796363.1	699	464.566	0	0
XM_022796364.1	1871	1634.15	0	0
XM_022796365.1	1818	1581.15	0	0
XM_022796366.1	1777	1540.15	0	0
XM_022796367.1	1720	1483.15	0	0
XM_022796368.1	1003	766.148	0	0
XM_022796369.1	6969	6732.15	0	0
XM_022796370.1	1195	958.148	0	0
XM_022796371.1	10004	9767.15	0	0
XM_022796372.1	10024	9787.15	0	0
XM_022796373.1	7821	7584.15	0	0
XM_022796374.1	4513	4276.15	0	0
XM_022796375.1	5151	4914.15	0	0
XM_022796376.1	9152	8915.15	0	0
XM_022796377.1	4297	4060.15	0	0
XM_022796378.1	4168	3931.15	0	0
XM_022796379.1	1302	1065.15	0	0
XM_022796380.1	2646	2409.15	0	0
XM_022796381.1	2109	1872.15	0	0
XM_022796382.1	8000	7763.15	0	0
XM_022796383.1	9798	9561.15	0	0
XM_022796384.1	9469	9232.15	0	0
XM_022796385.1	9560	9323.15	0	0
XM_022796386.1	1052	815.148	0	0
XM_022796387.1	1089	852.148	0	0
XM_022796388.1	1294	1057.15	0	0
XM_022796389.1	2892	2655.15	0	0
XM_022796390.1	1121	884.148	0	0
XM_022796391.1	3348	3111.15	0	0
XM_022796392.1	5652	5415.15	0	0
XM_022796393.1	6004	5767.15	0	0
XM_022796394.1	5552	5315.15	0	0
XM_022796395.1	5595	5358.15	0	0
XM_022796396.1	449	233.911	0	0
XM_022796397.1	1168	931.148	0	0
XM_022796398.1	981	744.224	0	0
XM_022796399.1	393	189.447	0	0
XM_022796400.1	3869	3632.15	0	0
XM_022796401.1	3746	3509.15	0	0
XM_022796402.1	3612	3375.15	0	0
XM_022796403.1	3366	3129.15	0	0
XM_022796404.1	1217	980.148	0	0
XM_022796405.1	1133	896.148	0	0
XM_022796406.1	1322	1085.15	0	0
XM_022796407.1	1244	1007.15	0	0
XM_022796408.1	1335	1098.15	0	0
XM_022796409.1	10991	10754.1	0	0
XM_022796410.1	11001	10764.1	0	0
XM_022796411.1	10928	10691.1	0	0
XM_022796412.1	10970	10733.1	0	0
XM_022796413.1	10485	10248.1	0	0
XM_022796414.1	10594	10357.1	0	0
XM_022796415.1	1108	871.148	0	0
XM_022796416.1	2535	2298.15	0	0
XM_022796417.1	939	702.582	0	0
XM_022796418.1	846	610.102	0	0
XM_022796419.1	5159	4922.15	0	0
XM_022796420.1	5156	4919.15	0	0
XM_022796421.1	5153	4916.15	0	0
XM_022796422.1	5057	4820.15	0	0
XM_022796423.1	1363	1126.15	0	0
XM_022796424.1	4985	4748.15	0	0
XM_022796425.1	5049	4812.15	0	0
XM_022796426.1	2951	2714.15	0	0
XM_022796427.1	5306	5069.15	0	0
XM_022796428.1	3032	2795.15	0	0
XM_022796429.1	2058	1821.15	0	0
XM_022796430.1	2070	1833.15	0	0
XM_022796431.1	1848	1611.15	0	0
XM_022796432.1	2013	1776.15	0	0
XM_022796433.1	4618	4381.15	0	0
XM_022796434.1	5805	5568.15	0	0
XM_022796435.1	4857	4620.15	0	0
XM_022796436.1	2055	1818.15	0	0
XM_022796437.1	1962	1725.15	0	0
XM_022796438.1	1755	1518.15	0	0
XM_022796439.1	3495	3258.15	0	0
XM_022796440.1	12470	12233.1	0	0
XM_022796441.1	12198	11961.1	0	0
XM_022796442.1	12446	12209.1	0	0
XM_022796443.1	4848	4611.15	0	0
XM_022796444.1	12368	12131.1	0	0
XM_022796445.1	7945	7708.15	0	0
XM_022796446.1	12170	11933.1	0	0
XM_022796447.1	12002	11765.1	0	0
XM_022796448.1	1382	1145.15	0	0
XM_022796449.1	720	485.425	0	0
XM_022796450.1	312	129.046	0	0
XM_022796451.1	1176	939.148	0	0
XM_022796452.1	3780	3543.15	0	0
XM_022796453.1	1486	1249.15	0	0
XM_022796454.1	2679	2442.15	0	0
XM_022796455.1	1607	1370.15	0	0
XM_022796456.1	1671	1434.15	0	0
XM_022796457.1	2598	2361.15	0	0
XM_022796458.1	2090	1853.15	0	0
XM_022796459.1	3771	3534.15	0	0
XM_022796460.1	584	353.218	0	0
XM_022796461.1	4081	3844.15	0	0
XM_022796462.1	2769	2532.15	0	0
XM_022796463.1	2583	2346.15	0	0
XM_022796464.1	2506	2269.15	0	0
XM_022796465.1	2028	1791.15	0	0
XM_022796466.1	1924	1687.15	0	0
XM_022796467.1	3305	3068.15	0	0
XM_022796468.1	2754	2517.15	0	0
XM_022796469.1	7210	6973.15	0	0
XM_022796470.1	3052	2815.15	0	0
XM_022796471.1	3793	3556.15	0	0
XM_022796472.1	2942	2705.15	0	0
XM_022796473.1	2823	2586.15	0	0
XM_022796474.1	5261	5024.15	0	0
XM_022796475.1	5143	4906.15	0	0
XM_022796476.1	4123	3886.15	0	0
XM_022796477.1	3300	3063.15	0	0
XM_022796478.1	3028	2791.15	0	0
XM_022796479.1	3073	2836.15	0	0
XM_022796480.1	2843	2606.15	0	0
XM_022796481.1	1410	1173.15	0	0
XM_022796482.1	1725	1488.15	0	0
XM_022796483.1	1409	1172.15	0	0
XM_022796484.1	788	552.388	0	0
XM_022796485.1	1432	1195.15	0	0
XM_022796486.1	3172	2935.15	0	0
XM_022796487.1	363	166.29	0	0
XM_022796488.1	4945	4708.15	0	0
XM_022796489.1	3365	3128.15	0	0
XM_022796490.1	1242	1005.15	0	0
XM_022796491.1	3392	3155.15	0	0
XM_022796492.1	1926	1689.15	0	0
XM_022796493.1	1803	1566.15	0	0
XM_022796494.1	3429	3192.15	0	0
XM_022796495.1	1635	1398.15	0	0
XM_022796496.1	1632	1395.15	0	0
XM_022796497.1	1461	1224.15	0	0
XM_022796498.1	3291	3054.15	0	0
XM_022796499.1	2722	2485.15	0	0
XM_022796500.1	3061	2824.15	0	0
XM_022796501.1	3058	2821.15	0	0
XM_022796502.1	2717	2480.15	0	0
XM_022796503.1	3172	2935.15	0	0
XM_022796504.1	3169	2932.15	0	0
XM_022796505.1	6390	6153.15	0	0
XM_022796506.1	6386	6149.15	0	0
XM_022796507.1	3296	3059.15	0	0
XM_022796508.1	6387	6150.15	0	0
XM_022796509.1	6254	6017.15	0	0
XM_022796510.1	7702	7465.15	0	0
XM_022796511.1	7629	7392.15	0	0
XM_022796512.1	6259	6022.15	0	0
XM_022796513.1	3649	3412.15	0	0
XM_022796514.1	3601	3364.15	0	0
XM_022796515.1	5601	5364.15	0	0
XM_022796516.1	5742	5505.15	0	0
XM_022796517.1	3262	3025.15	0	0
XM_022796518.1	4848	4611.15	0	0
XM_022796519.1	4643	4406.15	0	0
XM_022796520.1	4239	4002.15	0	0
XM_022796521.1	4780	4543.15	0	0
XM_022796522.1	4420	4183.15	0	0
XM_022796523.1	6542	6305.15	0	0
XM_022796524.1	6495	6258.15	0	0
XM_022796525.1	6446	6209.15	0	0
XM_022796526.1	6435	6198.15	0	0
XM_022796527.1	6241	6004.15	0	0
XM_022796528.1	3633	3396.15	0	0
XM_022796529.1	3617	3380.15	0	0
XM_022796530.1	8281	8044.15	0	0
XM_022796531.1	3618	3381.15	0	0
XM_022796532.1	3722	3485.15	0	0
XM_022796533.1	3629	3392.15	0	0
XM_022796534.1	3209	2972.15	0	0
XM_022796535.1	3240	3003.15	0	0
XM_022796536.1	5060	4823.15	0	0
XM_022796537.1	5232	4995.15	0	0
XM_022796538.1	5229	4992.15	0	0
XM_022796539.1	4798	4561.15	0	0
XM_022796540.1	3899	3662.15	0	0
XM_022796541.1	3966	3729.15	0	0
XM_022796542.1	4504	4267.15	0	0
XM_022796543.1	4325	4088.15	0	0
XM_022796544.1	4340	4103.15	0	0
XM_022796545.1	1629	1392.15	0	0
XM_022796546.1	1408	1171.15	0	0
XM_022796547.1	1015	778.148	0	0
XM_022796548.1	2969	2732.15	0	0
XM_022796549.1	3942	3705.15	0	0
XM_022796550.1	1902	1665.15	0	0
XM_022796551.1	1518	1281.15	0	0
XM_022796552.1	1394	1157.15	0	0
XM_022796553.1	718	483.425	0	0
XM_022796554.1	714	479.425	0	0
XM_022796555.1	2050	1813.15	0	0
XM_022796556.1	2885	2648.15	0	0
XM_022796557.1	2880	2643.15	0	0
XM_022796558.1	3177	2940.15	0	0
XM_022796559.1	3171	2934.15	0	0
XM_022796560.1	3363	3126.15	0	0
XM_022796561.1	2679	2442.15	0	0
XM_022796562.1	4403	4166.15	0	0
XM_022796563.1	3315	3078.15	0	0
XM_022796564.1	4234	3997.15	0	0
XM_022796565.1	2380	2143.15	0	0
XM_022796566.1	2050	1813.15	0	0
XM_022796567.1	2218	1981.15	0	0
XM_022796568.1	6677	6440.15	0	0
XM_022796569.1	5664	5427.15	0	0
XM_022796570.1	5640	5403.15	0	0
XM_022796571.1	5620	5383.15	0	0
XM_022796572.1	3351	3114.15	0	0
XM_022796573.1	3133	2896.15	0	0
XM_022796574.1	2963	2726.15	0	0
XM_022796575.1	3038	2801.15	0	0
XM_022796576.1	1655	1418.15	0	0
XM_022796577.1	2959	2722.15	0	0
XM_022796578.1	2085	1848.15	0	0
XM_022796579.1	1604	1367.15	0	0
XM_022796580.1	1968	1731.15	0	0
XM_022796581.1	8157	7920.15	0	0
XM_022796582.1	4170	3933.15	0	0
XM_022796583.1	1990	1753.15	0	0
XM_022796584.1	1785	1548.15	0	0
XM_022796585.1	2593	2356.15	0	0
XM_022796586.1	9679	9442.15	0	0
XM_022796587.1	1973	1736.15	0	0
XM_022796588.1	1728	1491.15	0	0
XM_022796589.1	2212	1975.15	0	0
XM_022796590.1	3169	2932.15	0	0
XM_022796591.1	2073	1836.15	0	0
XM_022796592.1	2048	1811.15	0	0
XM_022796593.1	2067	1830.15	0	0
XM_022796594.1	2044	1807.15	0	0
XM_022796595.1	7224	6987.15	0	0
XM_022796596.1	1946	1709.15	0	0
XM_022796597.1	1909	1672.15	0	0
XM_022796598.1	1905	1668.15	0	0
XM_022796599.1	1809	1572.15	0	0
XM_022796600.1	1452	1215.15	0	0
XM_022796601.1	1439	1202.15	0	0
XM_022796602.1	1687	1450.15	0	0
XM_022796603.1	11341	11104.1	0	0
XM_022796604.1	5598	5361.15	0	0
XM_022796605.1	2660	2423.15	0	0
XM_022796606.1	4065	3828.15	0	0
XM_022796607.1	4045	3808.15	0	0
XM_022796608.1	5409	5172.15	0	0
XM_022796609.1	5880	5643.15	0	0
XM_022796610.1	3125	2888.15	0	0
XM_022796611.1	3523	3286.15	0	0
XM_022796612.1	2420	2183.15	0	0
XM_022796613.1	2552	2315.15	0	0
XM_022796614.1	2475	2238.15	0	0
XM_022796615.1	5154	4917.15	0	0
XM_022796616.1	1771	1534.15	0	0
XM_022796617.1	2279	2042.15	0	0
XM_022796618.1	1741	1504.15	0	0
XM_022796619.1	4096	3859.15	0	0
XM_022796620.1	5069	4832.15	0	0
XM_022796621.1	4591	4354.15	0	0
XM_022796622.1	4710	4473.15	0	0
XM_022796623.1	4062	3825.15	0	0
XM_022796624.1	2226	1989.15	0	0
XM_022796625.1	3956	3719.15	0	0
XM_022796626.1	2823	2586.15	0	0
XM_022796627.1	2913	2676.15	0	0
XM_022796628.1	2983	2746.15	0	0
XM_022796629.1	2893	2656.15	0	0
XM_022796630.1	2815	2578.15	0	0
XM_022796631.1	2683	2446.15	0	0
XM_022796632.1	2430	2193.15	0	0
XM_022796633.1	14486	14249.1	0	0
XM_022796634.1	14482	14245.1	0	0
XM_022796635.1	14483	14246.1	0	0
XM_022796636.1	14474	14237.1	0	0
XM_022796637.1	7535	7298.15	0	0
XM_022796638.1	14471	14234.1	0	0
XM_022796639.1	14362	14125.1	0	0
XM_022796640.1	10917	10680.1	0	0
XM_022796641.1	10880	10643.1	0	0
XM_022796642.1	2992	2755.15	0	0
XM_022796643.1	2917	2680.15	0	0
XM_022796644.1	4998	4761.15	0	0
XM_022796645.1	3405	3168.15	0	0
XM_022796646.1	3306	3069.15	0	0
XM_022796647.1	7535	7298.15	0	0
XM_022796648.1	3256	3019.15	0	0
XM_022796649.1	3247	3010.15	0	0
XM_022796650.1	5879	5642.15	0	0
XM_022796651.1	5751	5514.15	0	0
XM_022796652.1	5790	5553.15	0	0
XM_022796653.1	2112	1875.15	0	0
XM_022796654.1	2856	2619.15	0	0
XM_022796655.1	7517	7280.15	0	0
XM_022796656.1	2484	2247.15	0	0
XM_022796657.1	2482	2245.15	0	0
XM_022796658.1	3107	2870.15	0	0
XM_022796659.1	2497	2260.15	0	0
XM_022796660.1	2310	2073.15	0	0
XM_022796661.1	4059	3822.15	0	0
XM_022796662.1	3940	3703.15	0	0
XM_022796663.1	3544	3307.15	0	0
XM_022796664.1	3222	2985.15	0	0
XM_022796665.1	7448	7211.15	0	0
XM_022796666.1	3568	3331.15	0	0
XM_022796667.1	3536	3299.15	0	0
XM_022796668.1	3318	3081.15	0	0
XM_022796669.1	3080	2843.15	0	0
XM_022796670.1	4411	4174.15	0	0
XM_022796671.1	2117	1880.15	0	0
XM_022796672.1	3155	2918.15	0	0
XM_022796673.1	2918	2681.15	0	0
XM_022796674.1	7448	7211.15	0	0
XM_022796675.1	2909	2672.15	0	0
XM_022796676.1	2899	2662.15	0	0
XM_022796677.1	3180	2943.15	0	0
XM_022796678.1	2697	2460.15	0	0
XM_022796679.1	3275	3038.15	0	0
XM_022796680.1	1948	1711.15	0	0
XM_022796681.1	1272	1035.15	0	0
XM_022796682.1	11757	11520.1	0	0
XM_022796683.1	678	444.021	0	0
XM_022796684.1	6517	6280.15	0	0
XM_022796685.1	6523	6286.15	0	0
XM_022796686.1	6470	6233.15	0	0
XM_022796687.1	6497	6260.15	0	0
XM_022796688.1	6380	6143.15	0	0
XM_022796689.1	6244	6007.15	0	0
XM_022796690.1	6484	6247.15	0	0
XM_022796691.1	2764	2527.15	0	0
XM_022796692.1	2540	2303.15	0	0
XM_022796693.1	7239	7002.15	0	0
XM_022796694.1	7285	7048.15	0	0
XM_022796695.1	8147	7910.15	0	0
XM_022796696.1	5134	4897.15	0	0
XM_022796697.1	1924	1687.15	0	0
XM_022796698.1	1934	1697.15	0	0
XM_022796699.1	3230	2993.15	0	0
XM_022796700.1	4230	3993.15	0	0
XM_022796701.1	5278	5041.15	0	0
XM_022796702.1	4904	4667.15	0	0
XM_022796703.1	1103	866.148	0	0
XM_022796704.1	996	759.148	0	0
XM_022796705.1	3242	3005.15	0	0
XM_022796706.1	3304	3067.15	0	0
XM_022796707.1	2891	2654.15	0	0
XM_022796708.1	5600	5363.15	0	0
XM_022796709.1	3632	3395.15	0	0
XM_022796710.1	3895	3658.15	0	0
XM_022796711.1	3322	3085.15	0	0
XM_022796712.1	5213	4976.15	0	0
XM_022796713.1	5576	5339.15	0	0
XM_022796714.1	5187	4950.15	0	0
XM_022796715.1	5017	4780.15	0	0
XM_022796716.1	5011	4774.15	0	0
XM_022796717.1	9945	9708.15	0	0
XM_022796718.1	5564	5327.15	0	0
XM_022796719.1	9608	9371.15	0	0
XM_022796720.1	8798	8561.15	0	0
XM_022796721.1	9550	9313.15	0	0
XM_022796722.1	8403	8166.15	0	0
XM_022796723.1	9457	9220.15	0	0
XM_022796724.1	8310	8073.15	0	0
XM_022796725.1	10934	10697.1	0	0
XM_022796726.1	10056	9819.15	0	0
XM_022796727.1	10405	10168.1	0	0
XM_022796728.1	4693	4456.15	0	0
XM_022796729.1	4009	3772.15	0	0
XM_022796730.1	3197	2960.15	0	0
XM_022796731.1	1400	1163.15	0	0
XM_022796732.1	1394	1157.15	0	0
XM_022796733.1	1375	1138.15	0	0
XM_022796734.1	1369	1132.15	0	0
XM_022796735.1	1381	1144.15	0	0
XM_022796736.1	1222	985.148	0	0
XM_022796737.1	1245	1008.15	0	0
XM_022796738.1	4666	4429.15	0	0
XM_022796739.1	1216	979.148	0	0
XM_022796740.1	2898	2661.15	0	0
XM_022796741.1	2894	2657.15	0	0
XM_022796742.1	2862	2625.15	0	0
XM_022796743.1	4061	3824.15	0	0
XM_022796744.1	2856	2619.15	0	0
XM_022796745.1	2757	2520.15	0	0
XM_022796746.1	2720	2483.15	0	0
XM_022796747.1	2714	2477.15	0	0
XM_022796748.1	4399	4162.15	0	0
XM_022796749.1	4953	4716.15	0	0
XM_022796750.1	2674	2437.15	0	0
XM_022796751.1	3080	2843.15	0	0
XM_022796752.1	6208	5971.15	0	0
XM_022796753.1	5135	4898.15	0	0
XM_022796754.1	3586	3349.15	0	0
XM_022796755.1	7777	7540.15	0	0
XM_022796756.1	5738	5501.15	0	0
XM_022796757.1	3672	3435.15	0	0
XM_022796758.1	3603	3366.15	0	0
XM_022796759.1	2023	1786.15	0	0
XM_022796760.1	1675	1438.15	0	0
XM_022796761.1	4823	4586.15	0	0
XM_022796762.1	1428	1191.15	0	0
XM_022796763.1	1376	1139.15	0	0
XM_022796764.1	1410	1173.15	0	0
XM_022796765.1	11559	11322.1	0	0
XM_022796766.1	11652	11415.1	0	0
XM_022796767.1	10681	10444.1	1	0.0174853
XM_022796768.1	5933	5696.15	0	0
XM_022796769.1	2899	2662.15	0	0
XM_022796770.1	1740	1503.15	0	0
XM_022796771.1	4360	4123.15	0	0
XM_022796772.1	4064	3827.15	0	0
XM_022796773.1	4301	4064.15	0	0
XM_022796774.1	3529	3292.15	0	0
XM_022796775.1	4235	3998.15	0	0
XM_022796776.1	3481	3244.15	0	0
XM_022796777.1	4614	4377.15	0	0
XM_022796778.1	2057	1820.15	0	0
XM_022796779.1	7953	7716.15	0	0
XM_022796780.1	8321	8084.15	0	0
XM_022796781.1	7360	7123.15	0	0
XM_022796782.1	2928	2691.15	0	0
XM_022796783.1	3311	3074.15	0	0
XM_022796784.1	4096	3859.15	0	0
XM_022796785.1	2653	2416.15	0	0
XM_022796786.1	3377	3140.15	0	0
XM_022796787.1	3235	2998.15	0	0
XM_022796788.1	3958	3721.15	0	0
XM_022796789.1	4761	4524.15	0	0
XM_022796790.1	6477	6240.15	0	0
XM_022796791.1	3469	3232.15	0	0
XM_022796792.1	3208	2971.15	0	0
XM_022796793.1	3944	3707.15	0	0
XM_022796794.1	3645	3408.15	0	0
XM_022796795.1	3990	3753.15	0	0
XM_022796796.1	3231	2994.15	0	0
XM_022796797.1	5088	4851.15	0	0
XM_022796798.1	5064	4827.15	0	0
XM_022796799.1	5555	5318.15	0	0
XM_022796800.1	5579	5342.15	0	0
XM_022796801.1	5576	5339.15	0	0
XM_022796802.1	4844	4607.15	0	0
XM_022796803.1	4822	4585.15	0	0
XM_022796804.1	4873	4636.15	0	0
XM_022796805.1	5748	5511.15	0	0
XM_022796806.1	6685	6448.15	0	0
XM_022796807.1	3224	2987.15	0	0
XM_022796808.1	4818	4581.15	0	0
XM_022796809.1	5328	5091.15	0	0
XM_022796810.1	4324	4087.15	0	0
XM_022796811.1	3240	3003.15	0	0
XM_022796812.1	3222	2985.15	0	0
XM_022796813.1	3767	3530.15	0	0
XM_022796814.1	4108	3871.15	0	0
XM_022796815.1	4473	4236.15	0	0
XM_022796816.1	3220	2983.15	0	0
XM_022796817.1	3357	3120.15	0	0
XM_022796818.1	3150	2913.15	0	0
XM_022796819.1	4335	4098.15	0	0
XM_022796820.1	4156	3919.15	0	0
XM_022796821.1	4676	4439.15	0	0
XM_022796822.1	8870	8633.15	0	0
XM_022796823.1	8867	8630.15	0	0
XM_022796824.1	3226	2989.15	0	0
XM_022796825.1	8757	8520.15	0	0
XM_022796826.1	8654	8417.15	0	0
XM_022796827.1	8221	7984.15	0	0
XM_022796828.1	8191	7954.15	0	0
XM_022796829.1	7994	7757.15	0	0
XM_022796830.1	3941	3704.15	0	0
XM_022796831.1	8386	8149.15	0	0
XM_022796832.1	7907	7670.15	0	0
XM_022796833.1	4591	4354.15	0	0
XM_022796834.1	2061	1824.15	0	0
XM_022796835.1	2709	2472.15	0	0
XM_022796836.1	1894	1657.15	0	0
XM_022796837.1	955	718.37	0	0
XM_022796838.1	2733	2496.15	0	0
XM_022796839.1	3014	2777.15	0	0
XM_022796840.1	3021	2784.15	0	0
XM_022796841.1	2443	2206.15	0	0
XM_022796842.1	4206	3969.15	0	0
XM_022796843.1	2663	2426.15	0	0
XM_022796844.1	1233	996.148	0	0
XM_022796845.1	5538	5301.15	0	0
XM_022796846.1	5232	4995.15	0	0
XM_022796847.1	4358	4121.15	0	0
XM_022796848.1	4141	3904.15	0	0
XM_022796849.1	4187	3950.15	0	0
XM_022796850.1	4570	4333.15	0	0
XM_022796851.1	3833	3596.15	0	0
XM_022796852.1	3938	3701.15	0	0
XM_022796853.1	4151	3914.15	0	0
XM_022796854.1	5100	4863.15	0	0
XM_022796855.1	4975	4738.15	0	0
XM_022796856.1	2542	2305.15	0	0
XM_022796857.1	4100	3863.15	0	0
XM_022796858.1	4097	3860.15	0	0
XM_022796859.1	4073	3836.15	0	0
XM_022796860.1	3601	3364.15	0	0
XM_022796861.1	1526	1289.15	0	0
XM_022796862.1	1331	1094.15	0	0
XM_022796863.1	7850	7613.15	0	0
XM_022796864.1	2986	2749.15	0	0
XM_022796865.1	7745	7508.15	0	0
XM_022796866.1	1726	1489.15	0	0
XM_022796867.1	7607	7370.15	0	0
XM_022796868.1	3527	3290.15	0	0
XM_022796869.1	4071	3834.15	0	0
XM_022796870.1	3454	3217.15	0	0
XM_022796871.1	4305	4068.15	0	0
XM_022796872.1	3241	3004.15	0	0
XM_022796873.1	1709	1472.15	0	0
XM_022796874.1	1696	1459.15	0	0
XM_022796875.1	1709	1472.15	0	0
XM_022796876.1	1658	1421.15	0	0
XM_022796877.1	4219	3982.15	0	0
XM_022796878.1	4216	3979.15	0	0
XM_022796879.1	1975	1738.15	0	0
XM_022796880.1	4299	4062.15	0	0
XM_022796881.1	10847	10610.1	0	0
XM_022796882.1	8629	8392.15	0	0
XM_022796883.1	9014	8777.15	0	0
XM_022796884.1	10022	9785.15	0	0
XM_022796885.1	17272	17035.1	0	0
XM_022796886.1	5272	5035.15	0	0
XM_022796887.1	4608	4371.15	0	0
XM_022796888.1	7072	6835.15	0	0
XM_022796889.1	5142	4905.15	0	0
XM_022796890.1	6106	5869.15	0	0
XM_022796891.1	2350	2113.15	0	0
XM_022796892.1	2012	1775.15	0	0
XM_022796893.1	1809	1572.15	0	0
XM_022796894.1	994	757.224	0	0
XM_022796895.1	5210	4973.15	0	0
XM_022796896.1	3625	3388.15	0	0
XM_022796897.1	3605	3368.15	0	0
XM_022796898.1	3606	3369.15	0	0
XM_022796899.1	2020	1783.15	0	0
XM_022796900.1	2047	1810.15	0	0
XM_022796901.1	1656	1419.15	0	0
XM_022796902.1	1392	1155.15	0	0
XM_022796903.1	1602	1365.15	0	0
XM_022796904.1	4854	4617.15	0	0
XM_022796905.1	1386	1149.15	0	0
XM_022796906.1	1363	1126.15	0	0
XM_022796907.1	9000	8763.15	0	0
XM_022796908.1	8996	8759.15	0	0
XM_022796909.1	10670	10433.1	0	0
XM_022796910.1	10587	10350.1	0	0
XM_022796911.1	10673	10436.1	0	0
XM_022796912.1	8788	8551.15	0	0
XM_022796913.1	8886	8649.15	0	0
XM_022796914.1	4056	3819.15	0	0
XM_022796915.1	4471	4234.15	0	0
XM_022796916.1	1571	1334.15	0	0
XM_022796917.1	1471	1234.15	0	0
XM_022796918.1	1378	1141.15	0	0
XM_022796919.1	1340	1103.15	0	0
XM_022796920.1	2170	1933.15	0	0
XM_022796921.1	1339	1102.15	0	0
XM_022796922.1	1098	861.148	0	0
XM_022796923.1	3450	3213.15	0	0
XM_022796924.1	3589	3352.15	0	0
XM_022796925.1	2992	2755.15	0	0
XM_022796926.1	2425	2188.15	0	0
XM_022796927.1	2138	1901.15	0	0
XM_022796928.1	3663	3426.15	0	0
XM_022796929.1	3646	3409.15	0	0
XM_022796930.1	2132	1895.15	0	0
XM_022796931.1	3106	2869.15	0	0
XM_022796932.1	7170	6933.15	0	0
XM_022796933.1	1410	1173.15	0	0
XM_022796934.1	1006	769.148	0	0
XM_022796935.1	1080	843.148	0	0
XM_022796936.1	11981	11744.1	0	0
XM_022796937.1	11892	11655.1	0	0
XM_022796938.1	2115	1878.15	0	0
XM_022796939.1	1984	1747.15	0	0
XM_022796940.1	1149	912.148	0	0
XM_022796941.1	1989	1752.15	0	0
XM_022796942.1	2204	1967.15	0	0
XM_022796943.1	1836	1599.15	0	0
XM_022796944.1	1999	1762.15	0	0
XM_022796945.1	11821	11584.1	0	0
XM_022796946.1	11332	11095.1	0	0
XM_022796947.1	2101	1864.15	0	0
XM_022796948.1	6986	6749.15	0	0
XM_022796949.1	8893	8656.15	0	0
XM_022796950.1	8898	8661.15	0	0
XM_022796951.1	11279	11042.1	0	0
XM_022796952.1	10770	10533.1	0	0
XM_022796953.1	10722	10485.1	0	0
XM_022796954.1	1985	1748.15	0	0
XM_022796955.1	10660	10423.1	0	0
XM_022796956.1	10612	10375.1	0	0
XM_022796957.1	2510	2273.15	0	0
XM_022796958.1	2594	2357.15	0	0
XM_022796959.1	2032	1795.15	0	0
XM_022796960.1	2320	2083.15	0	0
XM_022796961.1	2438	2201.15	0	0
XM_022796962.1	8539	8302.15	0	0
XM_022796963.1	2558	2321.15	0	0
XM_022796964.1	1417	1180.15	0	0
XM_022796965.1	2602	2365.15	0	0
XM_022796966.1	3148	2911.15	0	0
XM_022796967.1	2643	2406.15	0	0
XM_022796968.1	2674	2437.15	0	0
XM_022796969.1	2671	2434.15	0	0
XM_022796970.1	3327	3090.15	0	0
XM_022796971.1	4068	3831.15	0	0
XM_022796972.1	3594	3357.15	0	0
XM_022796973.1	2536	2299.15	0	0
XM_022796974.1	2450	2213.15	0	0
XM_022796975.1	3714	3477.15	0	0
XM_022796976.1	3068	2831.15	0	0
XM_022796977.1	3285	3048.15	0	0
XM_022796978.1	1676	1439.15	0	0
XM_022796979.1	2553	2316.15	0	0
XM_022796980.1	2458	2221.15	0	0
XM_022796981.1	4094	3857.15	0	0
XM_022796982.1	3860	3623.15	0	0
XM_022796983.1	1160	923.148	0	0
XM_022796984.1	703	468.472	0	0
XM_022796985.1	3982	3745.15	0	0
XM_022796986.1	3787	3550.15	0	0
XM_022796987.1	3975	3738.15	0	0
XM_022796988.1	2924	2687.15	0	0
XM_022796989.1	3106	2869.15	0	0
XM_022796990.1	3924	3687.15	0	0
XM_022796991.1	3431	3194.15	0	0
XM_022796992.1	1769	1532.15	0	0
XM_022796993.1	5630	5393.15	0	0
XM_022796994.1	5677	5440.15	0	0
XM_022796995.1	5621	5384.15	0	0
XM_022796996.1	4211	3974.15	0	0
XM_022796997.1	5201	4964.15	0	0
XM_022796998.1	4396	4159.15	0	0
XM_022796999.1	4401	4164.15	0	0
XM_022797000.1	4175	3938.15	0	0
XM_022797001.1	6579	6342.15	0	0
XM_022797002.1	6470	6233.15	0	0
XM_022797003.1	1833	1596.15	0	0
XM_022797004.1	6295	6058.15	0	0
XM_022797005.1	6189	5952.15	0	0
XM_022797006.1	6080	5843.15	0	0
XM_022797007.1	8258	8021.15	0	0
XM_022797008.1	8255	8018.15	0	0
XM_022797009.1	6850	6613.15	0	0
XM_022797010.1	6616	6379.15	3	0.0858826
XM_022797011.1	7119	6882.15	0	0
XM_022797012.1	6815	6578.15	0	0
XM_022797013.1	3085	2848.15	0	0
XM_022797014.1	7329	7092.15	0	0
XM_022797015.1	7327	7090.15	0	0
XM_022797016.1	10605	10368.1	0	0
XM_022797017.1	7164	6927.15	0	0
XM_022797018.1	3842	3605.15	0	0
XM_022797019.1	3842	3605.15	0	0
XM_022797020.1	6990	6753.15	0	0
XM_022797021.1	2401	2164.15	0	0
XM_022797022.1	2261	2024.15	0	0
XM_022797023.1	1970	1733.15	0	0
XM_022797024.1	2517	2280.15	0	0
XM_022797025.1	2502	2265.15	0	0
XM_022797026.1	2366	2129.15	0	0
XM_022797027.1	2680	2443.15	0	0
XM_022797028.1	2164	1927.15	0	0
XM_022797029.1	2390	2153.15	0	0
XM_022797030.1	1473	1236.15	0	0
XM_022797031.1	1464	1227.15	0	0
XM_022797032.1	3690	3453.15	0	0
XM_022797033.1	3575	3338.15	0	0
XM_022797034.1	3548	3311.15	0	0
XM_022797035.1	3384	3147.15	0	0
XM_022797036.1	2934	2697.15	0	0
XM_022797037.1	9708	9471.15	0	0
XM_022797038.1	3098	2861.15	0	0
XM_022797039.1	924	687.652	0	0
XM_022797040.1	916	679.72	0	0
XM_022797041.1	821	585.162	0	0
XM_022797042.1	3564	3327.15	0	0
XM_022797043.1	3432	3195.15	0	0
XM_022797044.1	4813	4576.15	0	0
XM_022797045.1	4016	3779.15	0	0
XM_022797046.1	3848	3611.15	0	0
XM_022797047.1	3796	3559.15	0	0
XM_022797048.1	1668	1431.15	0	0
XM_022797049.1	1321	1084.15	0	0
XM_022797050.1	1065	828.148	0	0
XM_022797051.1	1795	1558.15	0	0
XM_022797052.1	1784	1547.15	0	0
XM_022797053.1	2752	2515.15	0	0
XM_022797054.1	1696	1459.15	0	0
XM_022797055.1	1438	1201.15	0	0
XM_022797056.1	1456	1219.15	0	0
XM_022797057.1	786	550.388	0	0
XM_022797058.1	2640	2403.15	0	0
XM_022797059.1	2472	2235.15	0	0
XM_022797060.1	5080	4843.15	0	0
XM_022797061.1	5578	5341.15	0	0
XM_022797062.1	5312	5075.15	0	0
XM_022797063.1	3219	2982.15	0	0
XM_022797064.1	3066	2829.15	0	0
XM_022797065.1	3160	2923.15	0	0
XM_022797066.1	3007	2770.15	0	0
XM_022797067.1	2395	2158.15	0	0
XM_022797068.1	2354	2117.15	0	0
XM_022797069.1	5434	5197.15	0	0
XM_022797070.1	5139	4902.15	0	0
XM_022797071.1	5689	5452.15	0	0
XM_022797072.1	932	695.652	0	0
XM_022797073.1	4013	3776.15	0	0
XM_022797074.1	3791	3554.15	0	0
XM_022797075.1	3826	3589.15	0	0
XM_022797076.1	3342	3105.15	0	0
XM_022797077.1	3838	3601.15	0	0
XM_022797078.1	1209	972.148	0	0
XM_022797079.1	4713	4476.15	0	0
XM_022797080.1	2868	2631.15	0	0
XM_022797081.1	2865	2628.15	0	0
XM_022797082.1	2484	2247.15	0	0
XM_022797083.1	3513	3276.15	0	0
XM_022797084.1	2517	2280.15	0	0
XM_022797085.1	1745	1508.15	0	0
XM_022797086.1	1782	1545.15	0	0
XM_022797087.1	1968	1731.15	0	0
XM_022797088.1	4599	4362.15	0	0
XM_022797089.1	1863	1626.15	0	0
XM_022797090.1	2952	2715.15	0	0
XM_022797091.1	2904	2667.15	0	0
XM_022797092.1	2796	2559.15	0	0
XM_022797093.1	2231	1994.15	0	0
XM_022797094.1	2127	1890.15	0	0
XM_022797095.1	1691	1454.15	0	0
XM_022797096.1	1441	1204.15	0	0
XM_022797097.1	4910	4673.15	0	0
XM_022797098.1	1474	1237.15	0	0
XM_022797099.1	2801	2564.15	0	0
XM_022797100.1	2857	2620.15	0	0
XM_022797101.1	2791	2554.15	0	0
XM_022797102.1	2466	2229.15	0	0
XM_022797103.1	1790	1553.15	0	0
XM_022797104.1	1798	1561.15	0	0
XM_022797105.1	1669	1432.15	0	0
XM_022797106.1	1595	1358.15	0	0
XM_022797107.1	1771	1534.15	0	0
XM_022797108.1	1701	1464.15	0	0
XM_022797109.1	1707	1470.15	0	0
XM_022797110.1	786	550.388	0	0
XM_022797111.1	2469	2232.15	0	0
XM_022797112.1	1356	1119.15	0	0
XM_022797113.1	2278	2041.15	0	0
XM_022797114.1	605	373.341	0	0
XM_022797115.1	688	453.75	0	0
XM_022797116.1	3926	3689.15	0	0
XM_022797117.1	3808	3571.15	0	0
XM_022797118.1	2860	2623.15	0	0
XM_022797119.1	2570	2333.15	0	0
XM_022797120.1	1764	1527.15	0	0
XM_022797121.1	2655	2418.15	0	0
XM_022797122.1	2455	2218.15	0	0
XM_022797123.1	1407	1170.15	0	0
XM_022797124.1	1283	1046.15	0	0
XM_022797125.1	6287	6050.15	0	0
XM_022797126.1	5249	5012.15	0	0
XM_022797127.1	8001	7764.15	0	0
XM_022797128.1	6435	6198.15	0	0
XM_022797129.1	5249	5012.15	0	0
XM_022797130.1	5125	4888.15	0	0
XM_022797131.1	2579	2342.15	0	0
XM_022797132.1	2576	2339.15	0	0
XM_022797133.1	4280	4043.15	0	0
XM_022797134.1	2781	2544.15	0	0
XM_022797135.1	7080	6843.15	0	0
XM_022797136.1	6420	6183.15	0	0
XM_022797137.1	7077	6840.15	0	0
XM_022797138.1	5682	5445.15	0	0
XM_022797139.1	10831	10594.1	0	0
XM_022797140.1	11474	11237.1	0	0
XM_022797141.1	11416	11179.1	0	0
XM_022797142.1	11163	10926.1	0	0
XM_022797143.1	9947	9710.15	0	0
XM_022797144.1	9817	9580.15	0	0
XM_022797145.1	9554	9317.15	0	0
XM_022797146.1	11367	11130.1	0	0
XM_022797147.1	9424	9187.15	0	0
XM_022797148.1	11159	10922.1	0	0
XM_022797149.1	4328	4091.15	0	0
XM_022797150.1	9459	9222.15	0	0
XM_022797151.1	9447	9210.15	0	0
XM_022797152.1	8874	8637.15	0	0
XM_022797153.1	1669	1432.15	0	0
XM_022797154.1	1633	1396.15	0	0
XM_022797155.1	3537	3300.15	0	0
XM_022797156.1	2778	2541.15	0	0
XM_022797157.1	2115	1878.15	0	0
XM_022797158.1	3392	3155.15	0	0
XM_022797159.1	3544	3307.15	0	0
XM_022797160.1	3357	3120.15	0	0
XM_022797161.1	3226	2989.15	0	0
XM_022797162.1	2361	2124.15	0	0
XM_022797163.1	1932	1695.15	0	0
XM_022797164.1	2478	2241.15	0	0
XM_022797165.1	1969	1732.15	0	0
XM_022797166.1	1966	1729.15	0	0
XM_022797167.1	1841	1604.15	0	0
XM_022797168.1	2067	1830.15	0	0
XM_022797169.1	1964	1727.15	0	0
XM_022797170.1	1969	1732.15	0	0
XM_022797171.1	2021	1784.15	0	0
XM_022797172.1	2020	1783.15	0	0
XM_022797173.1	1051	814.148	0	0
XM_022797174.1	1770	1533.15	0	0
XM_022797175.1	1543	1306.15	0	0
XM_022797176.1	2111	1874.15	0	0
XM_022797177.1	1907	1670.15	0	0
XM_022797178.1	2125	1888.15	0	0
XM_022797179.1	1750	1513.15	0	0
XM_022797180.1	1691	1454.15	0	0
XM_022797181.1	1861	1624.15	0	0
XM_022797182.1	1505	1268.15	0	0
XM_022797183.1	1540	1303.15	0	0
XM_022797184.1	2895	2658.15	0	0
XM_022797185.1	942	705.582	0	0
XM_022797186.1	3464	3227.15	0	0
XM_022797187.1	3315	3078.15	0	0
XM_022797188.1	3979	3742.15	0	0
XM_022797189.1	5594	5357.15	0	0
XM_022797190.1	3722	3485.15	0	0
XM_022797191.1	5985	5748.15	0	0
XM_022797192.1	3346	3109.15	0	0
XM_022797193.1	3089	2852.15	0	0
XM_022797194.1	3404	3167.15	0	0
XM_022797195.1	6003	5766.15	0	0
XM_022797196.1	4821	4584.15	0	0
XM_022797197.1	2998	2761.15	0	0
XM_022797198.1	3568	3331.15	0	0
XM_022797199.1	3079	2842.15	0	0
XM_022797200.1	1287	1050.15	0	0
XM_022797201.1	3999	3762.15	0	0
XM_022797202.1	3974	3737.15	0	0
XM_022797203.1	3974	3737.15	0	0
XM_022797204.1	3509	3272.15	1	0.0558102
XM_022797205.1	1221	984.148	0	0
XM_022797206.1	794	558.277	0	0
XM_022797207.1	791	555.333	0	0
XM_022797208.1	1145	908.148	0	0
XM_022797209.1	1886	1649.15	0	0
XM_022797210.1	2131	1894.15	0	0
XM_022797211.1	1859	1622.15	0	0
XM_022797212.1	1732	1495.15	0	0
XM_022797213.1	4142	3905.15	0	0
XM_022797214.1	678	444.021	0	0
XM_022797215.1	624	391.496	0	0
XM_022797216.1	567	337.416	0	0
XM_022797217.1	3365	3128.15	0	0
XM_022797218.1	3757	3520.15	0	0
XM_022797219.1	2761	2524.15	0	0
XM_022797220.1	3046	2809.15	0	0
XM_022797221.1	5344	5107.15	0	0
XM_022797222.1	3080	2843.15	0	0
XM_022797223.1	2887	2650.15	0	0
XM_022797224.1	3006	2769.15	0	0
XM_022797225.1	776	540.607	0	0
XM_022797226.1	4278	4041.15	0	0
XM_022797227.1	3346	3109.15	0	0
XM_022797228.1	1144	907.148	0	0
XM_022797229.1	910	673.72	0	0
XM_022797230.1	937	700.582	0	0
XM_022797231.1	2898	2661.15	0	0
XM_022797232.1	3237	3000.15	0	0
XM_022797233.1	3167	2930.15	0	0
XM_022797234.1	3473	3236.15	0	0
XM_022797235.1	2467	2230.15	0	0
XM_022797236.1	3062	2825.15	0	0
XM_022797237.1	2402	2165.15	0	0
XM_022797238.1	2341	2104.15	0	0
XM_022797239.1	1628	1391.15	0	0
XM_022797240.1	2515	2278.15	0	0
XM_022797241.1	3578	3341.15	0	0
XM_022797242.1	5443	5206.15	0	0
XM_022797243.1	2542	2305.15	0	0
XM_022797244.1	5092	4855.15	0	0
XM_022797245.1	4831	4594.15	0	0
XM_022797246.1	4623	4386.15	0	0
XM_022797247.1	5077	4840.15	0	0
XM_022797248.1	9089	8852.15	0	0
XM_022797249.1	9011	8774.15	0	0
XM_022797250.1	7038	6801.15	0	0
XM_022797251.1	9152	8915.15	1.00004	0.0204849
XM_022797252.1	4818	4581.15	0	0
XM_022797253.1	6969	6732.15	0	0
XM_022797254.1	1506	1269.15	0	0
XM_022797255.1	6147	5910.15	0	0
XM_022797256.1	6897	6660.15	0	0
XM_022797257.1	4717	4480.15	0	0
XM_022797258.1	3237	3000.15	0	0
XM_022797259.1	3123	2886.15	0	0
XM_022797260.1	3074	2837.15	0	0
XM_022797261.1	2719	2482.15	0	0
XM_022797262.1	2780	2543.15	0	0
XM_022797263.1	4218	3981.15	0	0
XM_022797264.1	3826	3589.15	0	0
XM_022797265.1	3559	3322.15	0	0
XM_022797266.1	4216	3979.15	0	0
XM_022797267.1	1708	1471.15	0	0
XM_022797268.1	1176	939.148	0	0
XM_022797269.1	1105	868.148	0	0
XM_022797270.1	993	756.224	0	0
XM_022797271.1	916	679.72	0	0
XM_022797272.1	2715	2478.15	0	0
XM_022797273.1	2695	2458.15	0	0
XM_022797274.1	1185	948.148	0	0
XM_022797275.1	4799	4562.15	0	0
XM_022797276.1	4655	4418.15	0	0
XM_022797277.1	2433	2196.15	0	0
XM_022797278.1	2954	2717.15	0	0
XM_022797279.1	1311	1074.15	0	0
XM_022797280.1	2862	2625.15	0	0
XM_022797281.1	1268	1031.15	0	0
XM_022797282.1	1272	1035.15	0	0
XM_022797283.1	1193	956.148	0	0
XM_022797284.1	8959	8722.15	0	0
XM_022797285.1	8456	8219.15	0	0
XM_022797286.1	1890	1653.15	0	0
XM_022797287.1	1818	1581.15	0	0
XM_022797288.1	8338	8101.15	0	0
XM_022797289.1	7951	7714.15	0	0
XM_022797290.1	7359	7122.15	0	0
XM_022797291.1	1374	1137.15	0	0
XM_022797292.1	1354	1117.15	0	0
XM_022797293.1	3734	3497.15	0	0
XM_022797294.1	7019	6782.15	0	0
XM_022797295.1	824	588.162	0	0
XM_022797296.1	8192	7955.15	0	0
XM_022797297.1	8188	7951.15	0	0
XM_022797298.1	7799	7562.15	0	0
XM_022797299.1	8168	7931.15	0	0
XM_022797300.1	4390	4153.15	0	0
XM_022797301.1	3233	2996.15	0	0
XM_022797302.1	7382	7145.15	0	0
XM_022797303.1	6243	6006.15	0	0
XM_022797304.1	923	686.652	0	0
XM_022797305.1	886	649.786	0	0
XM_022797306.1	3375	3138.15	0	0
XM_022797307.1	3072	2835.15	0	0
XM_022797308.1	3281	3044.15	0	0
XM_022797309.1	2903	2666.15	0	0
XM_022797310.1	2886	2649.15	0	0
XM_022797311.1	6291	6054.15	0	0
XM_022797312.1	3555	3318.15	0	0
XM_022797313.1	1013	776.148	0	0
XM_022797314.1	444	229.732	0	0
XM_022797315.1	1213	976.148	0	0
XM_022797316.1	1747	1510.15	0	0
XM_022797317.1	1438	1201.15	0	0
XM_022797318.1	1897	1660.15	0	0
XM_022797319.1	2067	1830.15	0	0
XM_022797320.1	1878	1641.15	0	0
XM_022797321.1	3836	3599.15	0	0
XM_022797322.1	4155	3918.15	0	0
XM_022797323.1	1905	1668.15	0	0
XM_022797324.1	1760	1523.15	0	0
XM_022797325.1	1786	1549.15	0	0
XM_022797326.1	1763	1526.15	0	0
XM_022797327.1	1783	1546.15	0	0
XM_022797328.1	1760	1523.15	0	0
XM_022797329.1	4038	3801.15	0	0
XM_022797330.1	4035	3798.15	0	0
XM_022797331.1	3876	3639.15	0	0
XM_022797332.1	2322	2085.15	0	0
XM_022797333.1	2319	2082.15	0	0
XM_022797334.1	3958	3721.15	0	0
XM_022797335.1	2322	2085.15	0	0
XM_022797336.1	2217	1980.15	0	0
XM_022797337.1	5173	4936.15	0	0
XM_022797338.1	1958	1721.15	0	0
XM_022797339.1	1008	771.148	0	0
XM_022797340.1	965	728.297	0	0
XM_022797341.1	4700	4463.15	0	0
XM_022797342.1	4714	4477.15	0	0
XM_022797343.1	4487	4250.15	0	0
XM_022797344.1	4692	4455.15	0	0
XM_022797345.1	4697	4460.15	0	0
XM_022797346.1	1709	1472.15	0	0
XM_022797347.1	1841	1604.15	0	0
XM_022797348.1	1231	994.148	0	0
XM_022797349.1	3621	3384.15	0	0
XM_022797350.1	6874	6637.15	0	0
XM_022797351.1	7291	7054.15	0	0
XM_022797352.1	6926	6689.15	0	0
XM_022797353.1	6221	5984.15	0	0
XM_022797354.1	7197	6960.15	0	0
XM_022797355.1	7194	6957.15	0	0
XM_022797356.1	7104	6867.15	0	0
XM_022797357.1	5753	5516.15	0	0
XM_022797358.1	5538	5301.15	0	0
XM_022797359.1	3570	3333.15	0	0
XM_022797360.1	5410	5173.15	0	0
XM_022797361.1	8564	8327.15	0	0
XM_022797362.1	3332	3095.15	0	0
XM_022797363.1	14684	14447.1	0	0
XM_022797364.1	13442	13205.1	0	0
XM_022797365.1	4419	4182.15	0	0
XM_022797366.1	2678	2441.15	0	0
XM_022797367.1	2677	2440.15	0	0
XM_022797368.1	1957	1720.15	0	0
XM_022797369.1	2738	2501.15	0	0
XM_022797370.1	2754	2517.15	0	0
XM_022797371.1	2733	2496.15	0	0
XM_022797372.1	3486	3249.15	0	0
XM_022797373.1	2694	2457.15	0	0
XM_022797374.1	2689	2452.15	0	0
XM_022797375.1	8146	7909.15	0	0
XM_022797376.1	6020	5783.15	0	0
XM_022797377.1	8130	7893.15	0	0
XM_022797378.1	8124	7887.15	0	0
XM_022797379.1	8118	7881.15	0	0
XM_022797380.1	8100	7863.15	0	0
XM_022797381.1	3183	2946.15	0	0
XM_022797382.1	7999	7762.15	0	0
XM_022797383.1	7984	7747.15	0	0
XM_022797384.1	3307	3070.15	0	0
XM_022797385.1	4004	3767.15	0	0
XM_022797386.1	1410	1173.15	0	0
XM_022797387.1	1247	1010.15	0	0
XM_022797388.1	9540	9303.15	0	0
XM_022797389.1	3311	3074.15	0	0
XM_022797390.1	3096	2859.15	0	0
XM_022797391.1	3755	3518.15	0	0
XM_022797392.1	3469	3232.15	0	0
XM_022797393.1	3497	3260.15	0	0
XM_022797394.1	3331	3094.15	0	0
XM_022797395.1	6831	6594.15	0	0
XM_022797396.1	6213	5976.15	0	0
XM_022797397.1	6464	6227.15	0	0
XM_022797398.1	6461	6224.15	0	0
XM_022797399.1	6291	6054.15	0	0
XM_022797400.1	8214	7977.15	0	0
XM_022797401.1	5493	5256.15	0	0
XM_022797402.1	4270	4033.15	0	0
XM_022797403.1	4079	3842.15	0	0
XM_022797404.1	3702	3465.15	0	0
XM_022797405.1	3639	3402.15	0	0
XM_022797406.1	4030	3793.15	0	0
XM_022797407.1	1929	1692.15	0	0
XM_022797408.1	5935	5698.15	0	0
XM_022797409.1	5564	5327.15	0	0
XM_022797410.1	5967	5730.15	0	0
XM_022797411.1	6100	5863.15	0	0
XM_022797412.1	4537	4300.15	0	0
XM_022797413.1	4419	4182.15	0	0
XM_022797414.1	5839	5602.15	0	0
XM_022797415.1	5801	5564.15	0	0
XM_022797416.1	2613	2376.15	0	0
XM_022797417.1	2292	2055.15	0	0
XM_022797418.1	2477	2240.15	0	0
XM_022797419.1	1711	1474.15	0	0
XM_022797420.1	2059	1822.15	0	0
XM_022797421.1	2047	1810.15	0	0
XM_022797422.1	1558	1321.15	0	0
XM_022797423.1	1354	1117.15	0	0
XM_022797424.1	1995	1758.15	0	0
XM_022797425.1	4757	4520.15	0	0
XM_022797426.1	2835	2598.15	0	0
XM_022797427.1	2824	2587.15	0	0
XM_022797428.1	4967	4730.15	0	0
XM_022797429.1	3342	3105.15	0	0
XM_022797430.1	542	314.093	0	0
XM_022797431.1	3165	2928.15	0	0
XM_022797432.1	8114	7877.15	0	0
XM_022797433.1	7985	7748.15	0	0
XM_022797434.1	8268	8031.15	0	0
XM_022797435.1	5573	5336.15	0	0
XM_022797436.1	7930	7693.15	0	0
XM_022797437.1	1041	804.148	0	0
XM_022797438.1	846	610.102	0	0
XM_022797439.1	5707	5470.15	0	0
XM_022797440.1	6179	5942.15	0	0
XM_022797441.1	6234	5997.15	0	0
XM_022797442.1	3024	2787.15	0	0
XM_022797443.1	6238	6001.15	0	0
XM_022797444.1	3047	2810.15	0	0
XM_022797445.1	2007	1770.15	0	0
XM_022797446.1	7162	6925.15	0	0
XM_022797447.1	9102	8865.15	0	0
XM_022797448.1	7304	7067.15	0	0
XM_022797449.1	6104	5867.15	0	0
XM_022797450.1	6862	6625.15	0	0
XM_022797451.1	6407	6170.15	0	0
XM_022797452.1	5867	5630.15	0	0
XM_022797453.1	6862	6625.15	0	0
XM_022797454.1	5839	5602.15	0	0
XM_022797455.1	5881	5644.15	0	0
XM_022797456.1	5776	5539.15	0	0
XM_022797457.1	5835	5598.15	0	0
XM_022797458.1	5716	5479.15	0	0
XM_022797459.1	5759	5522.15	0	0
XM_022797460.1	7116	6879.15	0	0
XM_022797461.1	5160	4923.15	0	0
XM_022797462.1	5557	5320.15	4.10983	0.141074
XM_022797463.1	4203	3966.15	0	0
XM_022797464.1	5130	4893.15	0	0
XM_022797465.1	4763	4526.15	0	0
XM_022797466.1	4756	4519.15	0	0
XM_022797467.1	4283	4046.15	0	0
XM_022797468.1	2536	2299.15	0	0
XM_022797469.1	2536	2299.15	0	0
XM_022797470.1	2325	2088.15	0	0
XM_022797471.1	1663	1426.15	0	0
XM_022797472.1	1595	1358.15	0	0
XM_022797473.1	4973	4736.15	0	0
XM_022797474.1	4117	3880.15	0	0
XM_022797475.1	3380	3143.15	0	0
XM_022797476.1	1282	1045.15	0	0
XM_022797477.1	2192	1955.15	0	0
XM_022797478.1	605	373.341	0	0
XM_022797479.1	778	542.553	0	0
XM_022797480.1	2476	2239.15	0	0
XM_022797481.1	1794	1557.15	0	0
XM_022797482.1	1241	1004.15	0	0
XM_022797483.1	2165	1928.15	0	0
XM_022797484.1	15271	15034.1	0	0
XM_022797485.1	3434	3197.15	0	0
XM_022797486.1	2179	1942.15	0	0
XM_022797487.1	2176	1939.15	0	0
XM_022797488.1	1593	1356.15	0	0
XM_022797489.1	1582	1345.15	0	0
XM_022797490.1	3508	3271.15	0	0
XM_022797491.1	3033	2796.15	0	0
XM_022797492.1	2799	2562.15	0	0
XM_022797493.1	8399	8162.15	0	0
XM_022797494.1	776	540.607	0	0
XM_022797495.1	686	451.796	0	0
XM_022797496.1	2691	2454.15	0	0
XM_022797497.1	2401	2164.15	0	0
XM_022797498.1	2517	2280.15	0	0
XM_022797499.1	2249	2012.15	0	0
XM_022797500.1	4831	4594.15	0	0
XM_022797501.1	8587	8350.15	0	0
XM_022797502.1	4355	4118.15	0	0
XM_022797503.1	4268	4031.15	0	0
XM_022797504.1	1716	1479.15	0	0
XM_022797505.1	1713	1476.15	0	0
XM_022797506.1	1708	1471.15	0	0
XM_022797507.1	1583	1346.15	0	0
XM_022797508.1	2286	2049.15	0	0
XM_022797509.1	1008	771.148	0	0
XM_022797510.1	5171	4934.15	0	0
XM_022797511.1	15474	15237.1	0	0
XM_022797512.1	779	543.553	0	0
XM_022797513.1	759	523.871	0	0
XM_022797514.1	957	720.37	0	0
XM_022797515.1	4643	4406.15	0	0
XM_022797516.1	3278	3041.15	3.02841	0.181854
XM_022797517.1	15268	15031.1	0	0
XM_022797518.1	3682	3445.15	0	0
XM_022797519.1	4183	3946.15	0	0
XM_022797520.1	4134	3897.15	0	0
XM_022797521.1	3685	3448.15	0	0
XM_022797522.1	3556	3319.15	0	0
XM_022797523.1	2133	1896.15	0	0
XM_022797524.1	4992	4755.15	0	0
XM_022797525.1	4994	4757.15	0	0
XM_022797526.1	4957	4720.15	0	0
XM_022797527.1	14195	13958.1	0	0
XM_022797528.1	1284	1047.15	0	0
XM_022797529.1	1689	1452.15	0	0
XM_022797530.1	1678	1441.15	0	0
XM_022797531.1	2188	1951.15	0	0
XM_022797532.1	1201	964.148	0	0
XM_022797533.1	1294	1057.15	0	0
XM_022797534.1	979	742.224	0	0
XM_022797535.1	1139	902.148	0	0
XM_022797536.1	2908	2671.15	0	0
XM_022797537.1	3073	2836.15	0	0
XM_022797538.1	2031	1794.15	0	0
XM_022797539.1	3092	2855.15	0	0
XM_022797540.1	3033	2796.15	0	0
XM_022797541.1	760	524.818	0	0
XM_022797542.1	1903	1666.15	0	0
XM_022797543.1	4940	4703.15	0	0
XM_022797544.1	4059	3822.15	0	0
XM_022797545.1	1585	1348.15	0	0
XM_022797546.1	1003	766.148	0	0
XM_022797547.1	1770	1533.15	0	0
XM_022797548.1	1887	1650.15	0	0
XM_022797549.1	1872	1635.15	0	0
XM_022797550.1	1743	1506.15	0	0
XM_022797551.1	1512	1275.15	0	0
XM_022797552.1	1583	1346.15	0	0
XM_022797553.1	1291	1054.15	0	0
XM_022797554.1	4406	4169.15	0	0
XM_022797555.1	1055	818.148	0	0
XM_022797556.1	2520	2283.15	0	0
XM_022797557.1	9117	8880.15	0	0
XM_022797558.1	731	496.278	0	0
XM_022797559.1	695	460.658	0	0
XM_022797560.1	2631	2394.15	0	0
XM_022797561.1	2600	2363.15	0	0
XM_022797562.1	4611	4374.15	0	0
XM_022797563.1	3797	3560.15	0	0
XM_022797564.1	3875	3638.15	0	0
XM_022797565.1	3793	3556.15	0	0
XM_022797566.1	699	464.566	0	0
XM_022797567.1	4121	3884.15	0	0
XM_022797568.1	4458	4221.15	0	0
XM_022797569.1	4215	3978.15	0	0
XM_022797570.1	4364	4127.15	0	0
XM_022797571.1	3843	3606.15	0	0
XM_022797572.1	2732	2495.15	0	0
XM_022797573.1	5393	5156.15	0	0
XM_022797574.1	3211	2974.15	0	0
XM_022797575.1	1107	870.148	0	0
XM_022797576.1	1317	1080.15	0	0
XM_022797577.1	1050	813.148	0	0
XM_022797578.1	1036	799.148	0	0
XM_022797579.1	8034	7797.15	0	0
XM_022797580.1	6213	5976.15	0	0
XM_022797581.1	6702	6465.15	0	0
XM_022797582.1	6602	6365.15	0	0
XM_022797583.1	5831	5594.15	0	0
XM_022797584.1	5992	5755.15	0	0
XM_022797585.1	6449	6212.15	0	0
XM_022797586.1	5673	5436.15	0	0
XM_022797587.1	7891	7654.15	0	0
XM_022797588.1	8017	7780.15	0	0
XM_022797589.1	8911	8674.15	0	0
XM_022797590.1	7704	7467.15	0	0
XM_022797591.1	8651	8414.15	0	0
XM_022797592.1	7279	7042.15	0	0
XM_022797593.1	7674	7437.15	0	0
XM_022797594.1	3379	3142.15	0	0
XM_022797595.1	3344	3107.15	0	0
XM_022797596.1	8348	8111.15	0	0
XM_022797597.1	3696	3459.15	0	0
XM_022797598.1	876	639.915	0	0
XM_022797599.1	1031	794.148	0	0
XM_022797600.1	991	754.224	0	0
XM_022797601.1	774	538.607	0	0
XM_022797602.1	1644	1407.15	0	0
XM_022797603.1	3344	3107.15	0	0
XM_022797604.1	7639	7402.15	0	0
XM_022797605.1	3378	3141.15	0	0
XM_022797606.1	3274	3037.15	0	0
XM_022797607.1	3382	3145.15	0	0
XM_022797608.1	5381	5144.15	0	0
XM_022797609.1	948	711.441	0	0
XM_022797610.1	7880	7643.15	0	0
XM_022797611.1	996	759.148	0	0
XM_022797612.1	3253	3016.15	0	0
XM_022797613.1	1229	992.148	0	0
XM_022797614.1	1477	1240.15	0	0
XM_022797615.1	1946	1709.15	0	0
XM_022797616.1	1942	1705.15	0	0
XM_022797617.1	2398	2161.15	0	0
XM_022797618.1	4053	3816.15	0	0
XM_022797619.1	4013	3776.15	0	0
XM_022797620.1	3160	2923.15	0	0
XM_022797621.1	2918	2681.15	0	0
XM_022797622.1	727	492.327	0	0
XM_022797623.1	4450	4213.15	0	0
XM_022797624.1	3807	3570.15	0	0
XM_022797625.1	2134	1897.15	0	0
XM_022797626.1	4422	4185.15	0	0
XM_022797627.1	745	509.974	0	0
XM_022797628.1	2307	2070.15	0	0
XM_022797629.1	2211	1974.15	0	0
XM_022797630.1	717	482.425	0	0
XM_022797631.1	1766	1529.15	0	0
XM_022797632.1	1641	1404.15	0	0
XM_022797633.1	6058	5821.15	0	0
XM_022797634.1	2561	2324.15	0	0
XM_022797635.1	2628	2391.15	0	0
XM_022797636.1	2749	2512.15	0	0
XM_022797637.1	2284	2047.15	0	0
XM_022797638.1	1677	1440.15	0	0
XM_022797639.1	1236	999.148	0	0
XM_022797640.1	2992	2755.15	0	0
XM_022797641.1	1548	1311.15	0	0
XM_022797642.1	731	496.278	0	0
XM_022797643.1	3657	3420.15	0	0
XM_022797644.1	4457	4220.15	0	0
XM_022797645.1	3995	3758.15	0	0
XM_022797646.1	2254	2017.15	0	0
XM_022797647.1	1777	1540.15	0	0
XM_022797648.1	1959	1722.15	0	0
XM_022797649.1	1861	1624.15	0	0
XM_022797650.1	1901	1664.15	0	0
XM_022797651.1	2475	2238.15	0	0
XM_022797652.1	1873	1636.15	0	0
XM_022797653.1	1898	1661.15	0	0
XM_022797654.1	1866	1629.15	0	0
XM_022797655.1	1828	1591.15	0	0
XM_022797656.1	869	632.915	0	0
XM_022797657.1	4919	4682.15	0	0
XM_022797658.1	4735	4498.15	0	0
XM_022797659.1	4546	4309.15	0	0
XM_022797660.1	2285	2048.15	0	0
XM_022797661.1	2473	2236.15	0	0
XM_022797662.1	2458	2221.15	0	0
XM_022797663.1	2126	1889.15	0	0
XM_022797664.1	2307	2070.15	0	0
XM_022797665.1	2554	2317.15	0	0
XM_022797666.1	2173	1936.15	0	0
XM_022797667.1	1900	1663.15	0	0
XM_022797668.1	1607	1370.15	0	0
XM_022797669.1	1721	1484.15	0	0
XM_022797670.1	1613	1376.15	0	0
XM_022797671.1	2631	2394.15	0	0
XM_022797672.1	2216	1979.15	0	0
XM_022797673.1	795	559.277	0	0
XM_022797674.1	3992	3755.15	0	0
XM_022797675.1	3863	3626.15	0	0
XM_022797676.1	3988	3751.15	0	0
XM_022797677.1	3848	3611.15	0	0
XM_022797678.1	2526	2289.15	0	0
XM_022797679.1	5418	5181.15	0	0
XM_022797680.1	5190	4953.15	0	0
XM_022797681.1	5893	5656.15	0	0
XM_022797682.1	3361	3124.15	0	0
XM_022797683.1	1894	1657.15	0	0
XM_022797684.1	2425	2188.15	0	0
XM_022797685.1	2741	2504.15	0	0
XM_022797686.1	2897	2660.15	0	0
XM_022797687.1	1860	1623.15	0	0
XM_022797688.1	1517	1280.15	0	0
XM_022797689.1	3308	3071.15	0	0
XM_022797690.1	2896	2659.15	0	0
XM_022797691.1	2096	1859.15	0	0
XM_022797692.1	2108	1871.15	0	0
XM_022797693.1	4890	4653.15	0	0
XM_022797694.1	4887	4650.15	0	0
XM_022797695.1	4853	4616.15	0	0
XM_022797696.1	11668	11431.1	0	0
XM_022797697.1	6095	5858.15	0	0
XM_022797698.1	5812	5575.15	0	0
XM_022797699.1	5108	4871.15	0	0
XM_022797700.1	5937	5700.15	0	0
XM_022797701.1	588	357.074	0	0
XM_022797702.1	549	320.48	0	0
XM_022797703.1	2105	1868.15	0	0
XM_022797704.1	2087	1850.15	0	0
XM_022797705.1	1439	1202.15	0	0
XM_022797706.1	1318	1081.15	0	0
XM_022797707.1	1183	946.148	0	0
XM_022797708.1	1201	964.148	0	0
XM_022797709.1	1240	1003.15	0	0
XM_022797710.1	1260	1023.15	0	0
XM_022797711.1	1142	905.148	0	0
XM_022797712.1	5262	5025.15	0	0
XM_022797713.1	7242	7005.15	0	0
XM_022797714.1	7909	7672.15	0	0
XM_022797715.1	2625	2388.15	0	0
XM_022797716.1	1568	1331.15	0	0
XM_022797717.1	1450	1213.15	0	0
XM_022797718.1	7954	7717.15	0	0
XM_022797719.1	7951	7714.15	0	0
XM_022797720.1	2311	2074.15	0	0
XM_022797721.1	6532	6295.15	0	0
XM_022797722.1	1219	982.148	0	0
XM_022797723.1	1510	1273.15	0	0
XM_022797724.1	6091	5854.15	0	0
XM_022797725.1	5045	4808.15	0	0
XM_022797726.1	4799	4562.15	0	0
XM_022797727.1	9295	9058.15	0	0
XM_022797728.1	7193	6956.15	0	0
XM_022797729.1	6579	6342.15	0	0
XM_022797730.1	2520	2283.15	0	0
XM_022797731.1	2652	2415.15	0	0
XM_022797732.1	2723	2486.15	0	0
XM_022797733.1	2000	1763.15	0	0
XM_022797734.1	2335	2098.15	0	0
XM_022797735.1	2364	2127.15	0	0
XM_022797736.1	2241	2004.15	0	0
XM_022797737.1	2357	2120.15	0	0
XM_022797738.1	7094	6857.15	0	0
XM_022797739.1	1005	768.148	0	0
XM_022797740.1	3110	2873.15	0	0
XM_022797741.1	3062	2825.15	0	0
XM_022797742.1	2239	2002.15	0	0
XM_022797743.1	2295	2058.15	0	0
XM_022797744.1	3273	3036.15	0	0
XM_022797745.1	3265	3028.15	0	0
XM_022797746.1	2930	2693.15	0	0
XM_022797747.1	2754	2517.15	0	0
XM_022797748.1	5873	5636.15	0	0
XM_022797749.1	3064	2827.15	0	0
XM_022797750.1	5108	4871.15	0	0
XM_022797751.1	6446	6209.15	0	0
XM_022797752.1	6384	6147.15	0	0
XM_022797753.1	5775	5538.15	0	0
XM_022797754.1	5672	5435.15	0	0
XM_022797755.1	7737	7500.15	0	0
XM_022797756.1	4929	4692.15	0	0
XM_022797757.1	5881	5644.15	0	0
XM_022797758.1	10509	10272.1	0	0
XM_022797759.1	3591	3354.15	0	0
XM_022797760.1	1425	1188.15	0	0
XM_022797761.1	1633	1396.15	0	0
XM_022797762.1	3654	3417.15	0	0
XM_022797763.1	7558	7321.15	0	0
XM_022797764.1	1627	1390.15	0	0
XM_022797765.1	859	623.04	0	0
XM_022797766.1	744	509.025	0	0
XM_022797767.1	1378	1141.15	0	0
XM_022797768.1	1284	1047.15	0	0
XM_022797769.1	2708	2471.15	0	0
XM_022797770.1	5942	5705.15	0	0
XM_022797771.1	3765	3528.15	0	0
XM_022797772.1	3753	3516.15	0	0
XM_022797773.1	1234	997.148	0	0
XM_022797774.1	953	716.37	0	0
XM_022797775.1	813	577.22	0	0
XM_022797776.1	750	514.922	0	0
XM_022797777.1	4421	4184.15	0	0
XM_022797778.1	3192	2955.15	0	0
XM_022797779.1	5908	5671.15	0	0
XM_022797780.1	3389	3152.15	0	0
XM_022797781.1	3014	2777.15	0	0
XM_022797782.1	4282	4045.15	0	0
XM_022797783.1	1539	1302.15	0	0
XM_022797784.1	1543	1306.15	0	0
XM_022797785.1	1559	1322.15	0	0
XM_022797786.1	1556	1319.15	0	0
XM_022797787.1	1426	1189.15	0	0
XM_022797788.1	1460	1223.15	0	0
XM_022797789.1	5570	5333.15	0	0
XM_022797790.1	5108	4871.15	0	0
XM_022797791.1	5504	5267.15	0	0
XM_022797792.1	4863	4626.15	0	0
XM_022797793.1	2002	1765.15	0	0
XM_022797794.1	1283	1046.15	0	0
XM_022797795.1	2069	1832.15	0	0
XM_022797796.1	4327	4090.15	0	0
XM_022797797.1	3903	3666.15	0	0
XM_022797798.1	4254	4017.15	0	0
XM_022797799.1	3892	3655.15	0	0
XM_022797800.1	3751	3514.15	0	0
XM_022797801.1	3743	3506.15	0	0
XM_022797802.1	4837	4600.15	0	0
XM_022797803.1	3681	3444.15	0	0
XM_022797804.1	3782	3545.15	0	0
XM_022797805.1	3160	2923.15	0	0
XM_022797806.1	1998	1761.15	0	0
XM_022797807.1	2192	1955.15	0	0
XM_022797808.1	1853	1616.15	0	0
XM_022797809.1	1662	1425.15	0	0
XM_022797810.1	2212	1975.15	0	0
XM_022797811.1	4814	4577.15	0	0
XM_022797812.1	5109	4872.15	0	0
XM_022797813.1	1528	1291.15	0	0
XM_022797814.1	2050	1813.15	0	0
XM_022797815.1	828	592.102	0	0
XM_022797816.1	4713	4476.15	0	0
XM_022797817.1	1856	1619.15	0	0
XM_022797818.1	1773	1536.15	0	0
XM_022797819.1	1812	1575.15	0	0
XM_022797820.1	1222	985.148	0	0
XM_022797821.1	2353	2116.15	0	0
XM_022797822.1	5079	4842.15	0	0
XM_022797823.1	5074	4837.15	0	0
XM_022797824.1	4264	4027.15	0	0
XM_022797825.1	3881	3644.15	0	0
XM_022797826.1	3787	3550.15	0	0
XM_022797827.1	5059	4822.15	0	0
XM_022797828.1	1267	1030.15	0	0
XM_022797829.1	3892	3655.15	0	0
XM_022797830.1	2973	2736.15	0	0
XM_022797831.1	2881	2644.15	0	0
XM_022797832.1	4814	4577.15	0	0
XM_022797833.1	4807	4570.15	0	0
XM_022797834.1	4668	4431.15	0	0
XM_022797835.1	4795	4558.15	0	0
XM_022797836.1	4661	4424.15	0	0
XM_022797837.1	4811	4574.15	0	0
XM_022797838.1	4092	3855.15	0	0
XM_022797839.1	530	303.544	0	0
XM_022797840.1	1782	1545.15	0	0
XM_022797841.1	1643	1406.15	0	0
XM_022797842.1	4683	4446.15	0	0
XM_022797843.1	3480	3243.15	0	0
XM_022797844.1	3075	2838.15	0	0
XM_022797845.1	1774	1537.15	0	0
XM_022797846.1	1175	938.148	0	0
XM_022797847.1	1068	831.148	0	0
XM_022797848.1	2142	1905.15	0	0
XM_022797849.1	1482	1245.15	0	0
XM_022797850.1	1116	879.148	0	0
XM_022797851.1	6647	6410.15	0	0
XM_022797852.1	6368	6131.15	0	0
XM_022797853.1	4021	3784.15	0	0
XM_022797854.1	6771	6534.15	0	0
XM_022797855.1	6496	6259.15	0	0
XM_022797856.1	6166	5929.15	0	0
XM_022797857.1	5433	5196.15	0	0
XM_022797858.1	5710	5473.15	0	0
XM_022797859.1	2559	2322.15	0	0
XM_022797860.1	1265	1028.15	0	0
XM_022797861.1	1237	1000.15	0	0
XM_022797862.1	1372	1135.15	0	0
XM_022797863.1	1272	1035.15	0	0
XM_022797864.1	1158	921.148	0	0
XM_022797865.1	4127	3890.15	0	0
XM_022797866.1	3848	3611.15	0	0
XM_022797867.1	3883	3646.15	0	0
XM_022797868.1	3928	3691.15	0	0
XM_022797869.1	3533	3296.15	0	0
XM_022797870.1	1408	1171.15	0	0
XM_022797871.1	1329	1092.15	0	0
XM_022797872.1	7910	7673.15	0	0
XM_022797873.1	7585	7348.15	0	0
XM_022797874.1	7775	7538.15	0	0
XM_022797875.1	1821	1584.15	0	0
XM_022797876.1	3618	3381.15	0	0
XM_022797877.1	5517	5280.15	0	0
XM_022797878.1	1377	1140.15	0	0
XM_022797879.1	4227	3990.15	0	0
XM_022797880.1	854	618.102	0	0
XM_022797881.1	3179	2942.15	0	0
XM_022797882.1	1097	860.148	0	0
XM_022797883.1	2648	2411.15	0	0
XM_022797884.1	2729	2492.15	0	0
XM_022797885.1	4254	4017.15	0	0
XM_022797886.1	2308	2071.15	0	0
XM_022797887.1	2477	2240.15	0	0
XM_022797888.1	2290	2053.15	0	0
XM_022797889.1	1931	1694.15	0	0
XM_022797890.1	7025	6788.15	0	0
XM_022797891.1	3107	2870.15	0	0
XM_022797892.1	7762	7525.15	0	0
XM_022797893.1	6947	6710.15	0	0
XM_022797894.1	6997	6760.15	0	0
XM_022797895.1	1720	1483.15	0	0
XM_022797896.1	956	719.37	0	0
XM_022797897.1	2451	2214.15	0	0
XM_022797898.1	1830	1593.15	0	0
XM_022797899.1	1554	1317.15	0	0
XM_022797900.1	2115	1878.15	0	0
XM_022797901.1	1882	1645.15	0	0
XM_022797902.1	1408	1171.15	0	0
XM_022797903.1	832	596.102	0	0
XM_022797904.1	669	435.331	0	0
XM_022797905.1	1330	1093.15	0	0
XM_022797906.1	980	743.224	0	0
XM_022797907.1	4398	4161.15	0	0
XM_022797908.1	3042	2805.15	0	0
XM_022797909.1	1367	1130.15	0	0
XM_022797910.1	5320	5083.15	0	0
XM_022797911.1	1375	1138.15	0	0
XM_022797912.1	1541	1304.15	0	0
XM_022797913.1	5147	4910.15	0	0
XM_022797914.1	5606	5369.15	0	0
XM_022797915.1	5090	4853.15	0	0
XM_022797916.1	1202	965.148	0	0
XM_022797917.1	1012	775.148	0	0
XM_022797918.1	988	751.224	0	0
XM_022797919.1	7143	6906.15	0	0
XM_022797920.1	3179	2942.15	0	0
XM_022797921.1	7243	7006.15	0	0
XM_022797922.1	8250	8013.15	0	0
XM_022797923.1	2930	2693.15	0	0
XM_022797924.1	1423	1186.15	0	0
XM_022797925.1	3014	2777.15	0	0
XM_022797926.1	2707	2470.15	0	0
XM_022797927.1	2843	2606.15	0	0
XM_022797928.1	2689	2452.15	0	0
XM_022797929.1	2839	2602.15	0	0
XM_022797930.1	807	571.277	0	0
XM_022797931.1	5942	5705.15	0	0
XM_022797932.1	5939	5702.15	0	0
XM_022797933.1	5929	5692.15	0	0
XM_022797934.1	5931	5694.15	0	0
XM_022797935.1	3826	3589.15	0	0
XM_022797936.1	3913	3676.15	0	0
XM_022797937.1	4137	3900.15	1.08073	0.0506039
XM_022797938.1	3392	3155.15	0	0
XM_022797939.1	15055	14818.1	0	0
XM_022797940.1	15727	15490.1	0	0
XM_022797941.1	14704	14467.1	0	0
XM_022797942.1	14962	14725.1	0	0
XM_022797943.1	12678	12441.1	0	0
XM_022797944.1	14411	14174.1	0	0
XM_022797945.1	12737	12500.1	0	0
XM_022797946.1	15235	14998.1	0	0
XM_022797947.1	15074	14837.1	0	0
XM_022797948.1	11238	11001.1	0	0
XM_022797949.1	11298	11061.1	0	0
XM_022797950.1	11861	11624.1	0	0
XM_022797951.1	11418	11181.1	0	0
XM_022797952.1	1517	1280.15	0	0
XM_022797953.1	12223	11986.1	0	0
XM_022797954.1	12402	12165.1	0	0
XM_022797955.1	13590	13353.1	0	0
XM_022797956.1	12648	12411.1	0	0
XM_022797957.1	2104	1867.15	0	0
XM_022797958.1	4517	4280.15	0	0
XM_022797959.1	3010	2773.15	0	0
XM_022797960.1	4687	4450.15	0	0
XM_022797961.1	932	695.652	0	0
XM_022797962.1	4936	4699.15	0	0
XM_022797963.1	2494	2257.15	0	0
XM_022797964.1	4618	4381.15	0	0
XM_022797965.1	3607	3370.15	0	0
XM_022797966.1	2866	2629.15	0	0
XM_022797967.1	2688	2451.15	0	0
XM_022797968.1	4434	4197.15	0	0
XM_022797969.1	2861	2624.15	0	0
XM_022797970.1	2642	2405.15	0	0
XM_022797971.1	2351	2114.15	0	0
XM_022797972.1	2196	1959.15	0	0
XM_022797973.1	2220	1983.15	0	0
XM_022797974.1	1573	1336.15	0	0
XM_022797975.1	1895	1658.15	0	0
XM_022797976.1	1367	1130.15	0	0
XM_022797977.1	1872	1635.15	0	0
XM_022797978.1	3354	3117.15	0	0
XM_022797979.1	805	569.277	0	0
XM_022797980.1	2119	1882.15	0	0
XM_022797981.1	2158	1921.15	0	0
XM_022797982.1	2200	1963.15	0	0
XM_022797983.1	2258	2021.15	0	0
XM_022797984.1	6540	6303.15	0	0
XM_022797985.1	627	394.456	0	0
XM_022797986.1	704	469.425	0	0
XM_022797987.1	5806	5569.15	0	0
XM_022797988.1	645	411.887	0	0
XM_022797989.1	4555	4318.15	0	0
XM_022797990.1	4676	4439.15	0	0
XM_022797991.1	6452	6215.15	0	0
XM_022797992.1	1184	947.148	0	0
XM_022797993.1	1151	914.148	0	0
XM_022797994.1	8082	7845.15	0	0
XM_022797995.1	2494	2257.15	0	0
XM_022797996.1	6284	6047.15	0	0
XM_022797997.1	2276	2039.15	0	0
XM_022797998.1	2033	1796.15	0	0
XM_022797999.1	1955	1718.15	0	0
XM_022798000.1	1321	1084.15	0	0
XM_022798001.1	2992	2755.15	0	0
XM_022798002.1	2100	1863.15	0	0
XM_022798003.1	1144	907.148	0	0
XM_022798004.1	1960	1723.15	0	0
XM_022798005.1	6196	5959.15	0	0
XM_022798006.1	2022	1785.15	0	0
XM_022798007.1	1539	1302.15	0	0
XM_022798008.1	1051	814.148	0	0
XM_022798009.1	1035	798.148	0	0
XM_022798010.1	1027	790.148	0	0
XM_022798011.1	1276	1039.15	0	0
XM_022798012.1	9737	9500.15	0	0
XM_022798013.1	9657	9420.15	0	0
XM_022798014.1	6178	5941.15	0	0
XM_022798015.1	9239	9002.15	1	0.0202862
XM_022798016.1	5920	5683.15	0	0
XM_022798017.1	4420	4183.15	0	0
XM_022798018.1	4508	4271.15	0	0
XM_022798019.1	3300	3063.15	0	0
XM_022798020.1	2526	2289.15	0	0
XM_022798021.1	2561	2324.15	0	0
XM_022798022.1	3111	2874.15	0	0
XM_022798023.1	6090	5853.15	0	0
XM_022798024.1	2083	1846.15	0	0
XM_022798025.1	2026	1789.15	0	0
XM_022798026.1	1957	1720.15	0	0
XM_022798027.1	1124	887.148	0	0
XM_022798028.1	5773	5536.15	0	0
XM_022798029.1	5913	5676.15	0	0
XM_022798030.1	2928	2691.15	0	0
XM_022798031.1	2921	2684.15	0	0
XM_022798032.1	2984	2747.15	0	0
XM_022798033.1	2989	2752.15	0	0
XM_022798034.1	2332	2095.15	0	0
XM_022798035.1	5502	5265.15	0	0
XM_022798036.1	4749	4512.15	0	0
XM_022798037.1	4650	4413.15	0	0
XM_022798038.1	4687	4450.15	0	0
XM_022798039.1	618	385.73	0	0
XM_022798040.1	6370	6133.15	0	0
XM_022798041.1	6097	5860.15	0	0
XM_022798042.1	2820	2583.15	0	0
XM_022798043.1	5687	5450.15	0	0
XM_022798044.1	1822	1585.15	0	0
XM_022798045.1	1688	1451.15	0	0
XM_022798046.1	1819	1582.15	0	0
XM_022798047.1	1164	927.148	0	0
XM_022798048.1	8008	7771.15	0	0
XM_022798049.1	2004	1767.15	0	0
XM_022798050.1	2104	1867.15	0	0
XM_022798051.1	2794	2557.15	0	0
XM_022798052.1	3027	2790.15	0	0
XM_022798053.1	3403	3166.15	0	0
XM_022798054.1	2941	2704.15	0	0
XM_022798055.1	3015	2778.15	0	0
XM_022798056.1	2833	2596.15	0	0
XM_022798057.1	3764	3527.15	0	0
XM_022798058.1	3703	3466.15	0	0
XM_022798059.1	3167	2930.15	0	0
XM_022798060.1	2810	2573.15	0	0
XM_022798061.1	2809	2572.15	0	0
XM_022798062.1	2774	2537.15	0	0
XM_022798063.1	7940	7703.15	0	0
XM_022798064.1	7639	7402.15	0	0
XM_022798065.1	7103	6866.15	0	0
XM_022798066.1	6731	6494.15	0	0
XM_022798067.1	4662	4425.15	0	0
XM_022798068.1	6793	6556.15	0	0
XM_022798069.1	6722	6485.15	0	0
XM_022798070.1	4825	4588.15	0	0
XM_022798071.1	4653	4416.15	0	0
XM_022798072.1	2057	1820.15	0	0
XM_022798073.1	4816	4579.15	0	0
XM_022798074.1	7928	7691.15	0	0
XM_022798075.1	5081	4844.15	0	0
XM_022798076.1	5013	4776.15	0	0
XM_022798077.1	4923	4686.15	0	0
XM_022798078.1	4873	4636.15	0	0
XM_022798079.1	4042	3805.15	0	0
XM_022798080.1	3195	2958.15	0	0
XM_022798081.1	3219	2982.15	0	0
XM_022798082.1	1310	1073.15	0	0
XM_022798083.1	7853	7616.15	0	0
XM_022798084.1	7999	7762.15	0	0
XM_022798085.1	7852	7615.15	0	0
XM_022798086.1	3974	3737.15	0	0
XM_022798087.1	3144	2907.15	0	0
XM_022798088.1	6266	6029.15	0	0
XM_022798089.1	6135	5898.15	0	0
XM_022798090.1	6165	5928.15	0	0
XM_022798091.1	4513	4276.15	0	0
XM_022798092.1	5556	5319.15	0	0
XM_022798093.1	5886	5649.15	0	0
XM_022798094.1	5883	5646.15	0	0
XM_022798095.1	5845	5608.15	0	0
XM_022798096.1	4193	3956.15	0	0
XM_022798097.1	4052	3815.15	0	0
XM_022798098.1	4190	3953.15	0	0
XM_022798099.1	4069	3832.15	0	0
XM_022798100.1	6227	5990.15	0	0
XM_022798101.1	5231	4994.15	0	0
XM_022798102.1	6082	5845.15	0	0
XM_022798103.1	3722	3485.15	0	0
XM_022798104.1	1552	1315.15	0	0
XM_022798105.1	6050	5813.15	0	0
XM_022798106.1	3646	3409.15	0	0
XM_022798107.1	4331	4094.15	0	0
XM_022798108.1	4314	4077.15	0	0
XM_022798109.1	8239	8002.15	0	0
XM_022798110.1	6023	5786.15	0	0
XM_022798111.1	5441	5204.15	0	0
XM_022798112.1	5120	4883.15	0	0
XM_022798113.1	5709	5472.15	0	0
XM_022798114.1	1592	1355.15	0	0
XM_022798115.1	5067	4830.15	0	0
XM_022798116.1	2870	2633.15	0	0
XM_022798117.1	2841	2604.15	0	0
XM_022798118.1	2006	1769.15	0	0
XM_022798119.1	2229	1992.15	0	0
XM_022798120.1	2034	1797.15	0	0
XM_022798121.1	3191	2954.15	0	0
XM_022798122.1	1445	1208.15	0	0
XM_022798123.1	3192	2955.15	0	0
XM_022798124.1	1425	1188.15	0	0
XM_022798125.1	3117	2880.15	0	0
XM_022798126.1	5533	5296.15	0	0
XM_022798127.1	1687	1450.15	0	0
XM_022798128.1	7381	7144.15	0	0
XM_022798129.1	7378	7141.15	0	0
XM_022798130.1	7231	6994.15	0	0
XM_022798131.1	6822	6585.15	0	0
XM_022798132.1	7308	7071.15	0	0
XM_022798133.1	7185	6948.15	0	0
XM_022798134.1	2472	2235.15	0	0
XM_022798135.1	1528	1291.15	0	0
XM_022798136.1	2445	2208.15	0	0
XM_022798137.1	2346	2109.15	0	0
XM_022798138.1	2487	2250.15	0	0
XM_022798139.1	2346	2109.15	0	0
XM_022798140.1	710	475.425	0	0
XM_022798141.1	4968	4731.15	0	0
XM_022798142.1	4965	4728.15	0	0
XM_022798143.1	1370	1133.15	0	0
XM_022798144.1	4935	4698.15	0	0
XM_022798145.1	4839	4602.15	0	0
XM_022798146.1	8142	7905.15	0	0
XM_022798147.1	1446	1209.15	0	0
XM_022798148.1	5260	5023.15	0	0
XM_022798149.1	1578	1341.15	0	0
XM_022798150.1	2087	1850.15	0	0
XM_022798151.1	1127	890.148	0	0
XM_022798152.1	1118	881.148	0	0
XM_022798153.1	1123	886.148	0	0
XM_022798154.1	1461	1224.15	0	0
XM_022798155.1	2238	2001.15	0	0
XM_022798156.1	1900	1663.15	0	0
XM_022798157.1	650	416.804	0	0
XM_022798158.1	1700	1463.15	0	0
XM_022798159.1	826	590.162	0	0
XM_022798160.1	937	700.582	0	0
XM_022798161.1	2067	1830.15	0	0
XM_022798162.1	1948	1711.15	0	0
XM_022798163.1	2474	2237.15	0	0
XM_022798164.1	1016	779.148	0	0
XM_022798165.1	9936	9699.15	0	0
XM_022798166.1	2294	2057.15	0	0
XM_022798167.1	1169	932.148	0	0
XM_022798168.1	2214	1977.15	0	0
XM_022798169.1	1789	1552.15	0	0
XM_022798170.1	3585	3348.15	0	0
XM_022798171.1	2331	2094.15	0	0
XM_022798172.1	1920	1683.15	0	0
XM_022798173.1	440	226.42	0	0
XM_022798174.1	515	290.037	0	0
XM_022798175.1	1780	1543.15	0	0
XM_022798176.1	1152	915.148	0	0
XM_022798177.1	8410	8173.15	0	0
XM_022798178.1	5254	5017.15	0	0
XM_022798179.1	5116	4879.15	0	0
XM_022798180.1	4702	4465.15	0	0
XM_022798181.1	4267	4030.15	0	0
XM_022798182.1	1556	1319.15	0	0
XM_022798183.1	4393	4156.15	0	0
XM_022798184.1	4434	4197.15	0	0
XM_022798185.1	4417	4180.15	0	0
XM_022798186.1	4054	3817.15	0	0
XM_022798187.1	4180	3943.15	0	0
XM_022798188.1	1773	1536.15	0	0
XM_022798189.1	1534	1297.15	0	0
XM_022798190.1	1576	1339.15	0	0
XM_022798191.1	1461	1224.15	0	0
XM_022798192.1	1687	1450.15	0	0
XM_022798193.1	1517	1280.15	0	0
XM_022798194.1	1516	1279.15	0	0
XM_022798195.1	1615	1378.15	0	0
XM_022798196.1	2104	1867.15	0	0
XM_022798197.1	1930	1693.15	0	0
XM_022798198.1	1874	1637.15	0	0
XM_022798199.1	1808	1571.15	0	0
XM_022798200.1	1390	1153.15	0	0
XM_022798201.1	1501	1264.15	0	0
XM_022798202.1	1310	1073.15	0	0
XM_022798203.1	1495	1258.15	0	0
XM_022798204.1	807	571.277	0	0
XM_022798205.1	1270	1033.15	0	0
XM_022798206.1	1109	872.148	0	0
XM_022798207.1	6774	6537.15	0	0
XM_022798208.1	5574	5337.15	0	0
XM_022798209.1	3282	3045.15	0	0
XM_022798210.1	3245	3008.15	0	0
XM_022798211.1	4897	4660.15	0	0
XM_022798212.1	3592	3355.15	0	0
XM_022798213.1	3951	3714.15	0	0
XM_022798214.1	1135	898.148	0	0
XM_022798215.1	1850	1613.15	0	0
XM_022798216.1	1377	1140.15	0	0
XM_022798217.1	1305	1068.15	0	0
XM_022798218.1	1464	1227.15	0	0
XM_022798219.1	1824	1587.15	0	0
XM_022798220.1	1807	1570.15	0	0
XM_022798221.1	6289	6052.15	0	0
XM_022798222.1	5212	4975.15	0	0
XM_022798223.1	1028	791.148	0	0
XM_022798224.1	6689	6452.15	0	0
XM_022798225.1	2050	1813.15	0	0
XM_022798226.1	1005	768.148	0	0
XM_022798227.1	3673	3436.15	0	0
XM_022798228.1	2380	2143.15	0	0
XM_022798229.1	1566	1329.15	0	0
XM_022798230.1	1265	1028.15	0	0
XM_022798231.1	1052	815.148	0	0
XM_022798232.1	4557	4320.15	0	0
XM_022798233.1	4488	4251.15	0	0
XM_022798234.1	4699	4462.15	0	0
XM_022798235.1	3894	3657.15	0	0
XM_022798236.1	4173	3936.15	0	0
XM_022798237.1	3898	3661.15	0	0
XM_022798238.1	2789	2552.15	0	0
XM_022798239.1	2356	2119.15	0	0
XM_022798240.1	2935	2698.15	0	0
XM_022798241.1	2767	2530.15	0	0
XM_022798242.1	2954	2717.15	0	0
XM_022798243.1	2328	2091.15	0	0
XM_022798244.1	2337	2100.15	0	0
XM_022798245.1	1839	1602.15	0	0
XM_022798246.1	2204	1967.15	0	0
XM_022798247.1	1405	1168.15	0	0
XM_022798248.1	3218	2981.15	0	0
XM_022798249.1	2522	2285.15	0	0
XM_022798250.1	2456	2219.15	0	0
XM_022798251.1	3398	3161.15	0	0
XM_022798252.1	1567	1330.15	0	0
XM_022798253.1	3566	3329.15	0	0
XM_022798254.1	2580	2343.15	0	0
XM_022798255.1	4176	3939.15	0	0
XM_022798256.1	4230	3993.15	0	0
XM_022798257.1	4192	3955.15	0	0
XM_022798258.1	4091	3854.15	0	0
XM_022798259.1	4138	3901.15	0	0
XM_022798260.1	4167	3930.15	0	0
XM_022798261.1	549	320.48	0	0
XM_022798262.1	4107	3870.15	0	0
XM_022798263.1	4032	3795.15	0	0
XM_022798264.1	4079	3842.15	0	0
XM_022798265.1	3090	2853.15	0	0
XM_022798266.1	2105	1868.15	0	0
XM_022798267.1	1529	1292.15	0	0
XM_022798268.1	3015	2778.15	0	0
XM_022798269.1	2399	2162.15	0	0
XM_022798270.1	2727	2490.15	0	0
XM_022798271.1	9286	9049.15	0	0
XM_022798272.1	9281	9044.15	0	0
XM_022798273.1	7320	7083.15	0	0
XM_022798274.1	8586	8349.15	0	0
XM_022798275.1	6225	5988.15	0	0
XM_022798276.1	1539	1302.15	0	0
XM_022798277.1	7932	7695.15	0	0
XM_022798278.1	8052	7815.15	0	0
XM_022798279.1	7343	7106.15	0	0
XM_022798280.1	8255	8018.15	0	0
XM_022798281.1	7498	7261.15	0	0
XM_022798282.1	7401	7164.15	0	0
XM_022798283.1	7422	7185.15	0	0
XM_022798284.1	7929	7692.15	0	0
XM_022798285.1	7797	7560.15	0	0
XM_022798286.1	2618	2381.15	0	0
XM_022798287.1	2958	2721.15	0	0
XM_022798288.1	3157	2920.15	0	0
XM_022798289.1	3048	2811.15	0	0
XM_022798290.1	1862	1625.15	0	0
XM_022798291.1	8585	8348.15	0	0
XM_022798292.1	7274	7037.15	0	0
XM_022798293.1	7046	6809.15	0	0
XM_022798294.1	4973	4736.15	0	0
XM_022798295.1	4082	3845.15	0	0
XM_022798296.1	3117	2880.15	0	0
XM_022798297.1	4162	3925.15	0	0
XM_022798298.1	4158	3921.15	0	0
XM_022798299.1	4636	4399.15	0	0
XM_022798300.1	3983	3746.15	0	0
XM_022798301.1	4199	3962.15	0	0
XM_022798302.1	4152	3915.15	0	0
XM_022798303.1	4076	3839.15	0	0
XM_022798304.1	4068	3831.15	0	0
XM_022798305.1	2276	2039.15	0	0
XM_022798306.1	2292	2055.15	0	0
XM_022798307.1	3739	3502.15	0	0
XM_022798308.1	3204	2967.15	0	0
XM_022798309.1	3421	3184.15	0	0
XM_022798310.1	3974	3737.15	0	0
XM_022798311.1	819	583.162	0	0
XM_022798312.1	4612	4375.15	0	0
XM_022798313.1	4781	4544.15	0	0
XM_022798314.1	4679	4442.15	0	0
XM_022798315.1	4236	3999.15	0	0
XM_022798316.1	3938	3701.15	0	0
XM_022798317.1	4224	3987.15	0	0
XM_022798318.1	3839	3602.15	0	0
XM_022798319.1	4221	3984.15	0	0
XM_022798320.1	4173	3936.15	0	0
XM_022798321.1	4641	4404.15	0	0
XM_022798322.1	4058	3821.15	0	0
XM_022798323.1	4014	3777.15	0	0
XM_022798324.1	3857	3620.15	0	0
XM_022798325.1	1148	911.148	0	0
XM_022798326.1	1201	964.148	0	0
XM_022798327.1	1194	957.148	0	0
XM_022798328.1	938	701.582	0	0
XM_022798329.1	4277	4040.15	0	0
XM_022798330.1	1765	1528.15	0	0
XM_022798331.1	4131	3894.15	0	0
XM_022798332.1	2084	1847.15	0	0
XM_022798333.1	2080	1843.15	0	0
XM_022798334.1	7607	7370.15	0	0
XM_022798335.1	7830	7593.15	0	0
XM_022798336.1	7833	7596.15	0	0
XM_022798337.1	7865	7628.15	0	0
XM_022798338.1	7706	7469.15	0	0
XM_022798339.1	7732	7495.15	0	0
XM_022798340.1	4836	4599.15	0	0
XM_022798341.1	4526	4289.15	0	0
XM_022798342.1	6491	6254.15	0	0
XM_022798343.1	6412	6175.15	0	0
XM_022798344.1	7545	7308.15	0	0
XM_022798345.1	1321	1084.15	0	0
XM_022798346.1	1746	1509.15	0	0
XM_022798347.1	1243	1006.15	0	0
XM_022798348.1	5547	5310.15	0	0
XM_022798349.1	2957	2720.15	0	0
XM_022798350.1	2107	1870.15	0	0
XM_022798351.1	7518	7281.15	0	0
XM_022798352.1	1425	1188.15	0	0
XM_022798353.1	2450	2213.15	0	0
XM_022798354.1	2035	1798.15	0	0
XM_022798355.1	2889	2652.15	2	0.137714
XM_022798356.1	7964	7727.15	0	0
XM_022798357.1	8094	7857.15	0	0
XM_022798358.1	562	332.688	0	0
XM_022798359.1	5998	5761.15	0	0
XM_022798360.1	4200	3963.15	0	0
XM_022798361.1	4180	3943.15	0	0
XM_022798362.1	1336	1099.15	0	0
XM_022798363.1	6236	5999.15	0	0
XM_022798364.1	883	646.786	0	0
XM_022798365.1	5238	5001.15	0	0
XM_022798366.1	4917	4680.15	0	0
XM_022798367.1	6023	5786.15	0	0
XM_022798368.1	1929	1692.15	0	0
XM_022798369.1	1600	1363.15	0	0
XM_022798370.1	4743	4506.15	0	0
XM_022798371.1	4493	4256.15	0	0
XM_022798372.1	6401	6164.15	0	0
XM_022798373.1	7398	7161.15	0	0
XM_022798374.1	7393	7156.15	0	0
XM_022798375.1	6877	6640.15	0	0
XM_022798376.1	7359	7122.15	0	0
XM_022798377.1	7083	6846.15	0	0
XM_022798378.1	6950	6713.15	0	0
XM_022798379.1	6954	6717.15	0	0
XM_022798380.1	6608	6371.15	0	0
XM_022798381.1	7194	6957.15	0	0
XM_022798382.1	7191	6954.15	0	0
XM_022798383.1	7158	6921.15	0	0
XM_022798384.1	7128	6891.15	0	0
XM_022798385.1	7023	6786.15	0	0
XM_022798386.1	6183	5946.15	0	0
XM_022798387.1	10769	10532.1	0	0
XM_022798388.1	3522	3285.15	0	0
XM_022798389.1	5233	4996.15	0	0
XM_022798390.1	2407	2170.15	0	0
XM_022798391.1	3678	3441.15	0	0
XM_022798392.1	2321	2084.15	0	0
XM_022798393.1	2317	2080.15	0	0
XM_022798394.1	873	636.915	0	0
XM_022798395.1	776	540.607	0	0
XM_022798396.1	3684	3447.15	0	0
XM_022798397.1	4348	4111.15	0	0
XM_022798398.1	4318	4081.15	0	0
XM_022798399.1	4233	3996.15	0	0
XM_022798400.1	4221	3984.15	0	0
XM_022798401.1	4102	3865.15	0	0
XM_022798402.1	3791	3554.15	0	0
XM_022798403.1	2540	2303.15	0	0
XM_022798404.1	2557	2320.15	0	0
XM_022798405.1	1586	1349.15	0	0
XM_022798406.1	2358	2121.15	0	0
XM_022798407.1	1222	985.148	0	0
XM_022798408.1	1289	1052.15	0	0
XM_022798409.1	5023	4786.15	0	0
XM_022798410.1	4236	3999.15	0	0
XM_022798411.1	4043	3806.15	0	0
XM_022798412.1	3454	3217.15	0	0
XM_022798413.1	1297	1060.15	0	0
XM_022798414.1	4234	3997.15	0	0
XM_022798415.1	4685	4448.15	0	0
XM_022798416.1	5242	5005.15	0	0
XM_022798417.1	8474	8237.15	1.00136	0.0222003
XM_022798418.1	4231	3994.15	0	0
XM_022798419.1	4229	3992.15	0	0
XM_022798420.1	4152	3915.15	0	0
XM_022798421.1	4125	3888.15	0	0
XM_022798422.1	2328	2091.15	0	0
XM_022798423.1	3403	3166.15	0	0
XM_022798424.1	3152	2915.15	0	0
XM_022798425.1	3893	3656.15	0	0
XM_022798426.1	2870	2633.15	0	0
XM_022798427.1	3650	3413.15	0	0
XM_022798428.1	2690	2453.15	0	0
XM_022798429.1	2018	1781.15	0	0
XM_022798430.1	2362	2125.15	0	0
XM_022798431.1	2332	2095.15	0	0
XM_022798432.1	4879	4642.15	0	0
XM_022798433.1	2236	1999.15	0	0
XM_022798434.1	2288	2051.15	0	0
XM_022798435.1	4223	3986.15	0	0
XM_022798436.1	4082	3845.15	0	0
XM_022798437.1	1186	949.148	0	0
XM_022798438.1	2458	2221.15	0	0
XM_022798439.1	2897	2660.15	0	0
XM_022798440.1	2214	1977.15	0	0
XM_022798441.1	5550	5313.15	0	0
XM_022798442.1	1787	1550.15	0	0
XM_022798443.1	5547	5310.15	0	0
XM_022798444.1	5515	5278.15	0	0
XM_022798445.1	3808	3571.15	0	0
XM_022798446.1	2200	1963.15	0	0
XM_022798447.1	5026	4789.15	0	0
XM_022798448.1	2489	2252.15	0	0
XM_022798449.1	1452	1215.15	0	0
XM_022798450.1	1699	1462.15	0	0
XM_022798451.1	1636	1399.15	0	0
XM_022798452.1	1426	1189.15	0	0
XM_022798453.1	2540	2303.15	0	0
XM_022798454.1	2242	2005.15	0	0
XM_022798455.1	2039	1802.15	0	0
XM_022798456.1	561	331.688	0	0
XM_022798457.1	1232	995.148	0	0
XM_022798458.1	3681	3444.15	0	0
XM_022798459.1	2917	2680.15	0	0
XM_022798460.1	2859	2622.15	0	0
XM_022798461.1	2830	2593.15	0	0
XM_022798462.1	7667	7430.15	0	0
XM_022798463.1	2103	1866.15	0	0
XM_022798464.1	2469	2232.15	0	0
XM_022798465.1	2485	2248.15	0	0
XM_022798466.1	4919	4682.15	0.34692	0.013531
XM_022798467.1	4916	4679.15	0.65308	0.0254886
XM_022798468.1	1617	1380.15	0	0
XM_022798469.1	1408	1171.15	0	0
XM_022798470.1	2017	1780.15	0	0
XM_022798471.1	1933	1696.15	0	0
XM_022798472.1	10075	9838.15	0	0
XM_022798473.1	2034	1797.15	0	0
XM_022798474.1	4557	4320.15	0	0
XM_022798475.1	2244	2007.15	0	0
XM_022798476.1	1882	1645.15	0	0
XM_022798477.1	2439	2202.15	0	0
XM_022798478.1	2178	1941.15	0	0
XM_022798479.1	1909	1672.15	0	0
XM_022798480.1	1891	1654.15	0	0
XM_022798481.1	1483	1246.15	0	0
XM_022798482.1	2016	1779.15	0	0
XM_022798483.1	2421	2184.15	0	0
XM_022798484.1	2575	2338.15	0	0
XM_022798485.1	2474	2237.15	0	0
XM_022798486.1	2460	2223.15	0	0
XM_022798487.1	1944	1707.15	0	0
XM_022798488.1	5297	5060.15	0	0
XM_022798489.1	4878	4641.15	0	0
XM_022798490.1	5335	5098.15	0	0
XM_022798491.1	5084	4847.15	0	0
XM_022798492.1	1754	1517.15	0	0
XM_022798493.1	10293	10056.1	0	0
XM_022798494.1	2285	2048.15	0	0
XM_022798495.1	1746	1509.15	0	0
XM_022798496.1	1536	1299.15	0	0
XM_022798497.1	1669	1432.15	0	0
XM_022798498.1	1580	1343.15	0	0
XM_022798499.1	2716	2479.15	0	0
XM_022798500.1	2761	2524.15	0	0
XM_022798501.1	2584	2347.15	0	0
XM_022798502.1	3391	3154.15	0	0
XM_022798503.1	2854	2617.15	0	0
XM_022798504.1	1420	1183.15	0	0
XM_022798505.1	4392	4155.15	0	0
XM_022798506.1	1502	1265.15	0	0
XM_022798507.1	1592	1355.15	0	0
XM_022798508.1	937	700.582	0	0
XM_022798509.1	968	731.297	0	0
XM_022798510.1	981	744.224	0	0
XM_022798511.1	806	570.277	0	0
XM_022798512.1	3574	3337.15	0	0
XM_022798513.1	2548	2311.15	0	0
XM_022798514.1	4285	4048.15	0	0
XM_022798515.1	3480	3243.15	0	0
XM_022798516.1	4101	3864.15	0	0
XM_022798517.1	4014	3777.15	0	0
XM_022798518.1	4038	3801.15	0	0
XM_022798519.1	4083	3846.15	0	0
XM_022798520.1	3008	2771.15	0	0
XM_022798521.1	3951	3714.15	0	0
XM_022798522.1	4020	3783.15	0	0
XM_022798523.1	3886	3649.15	0	0
XM_022798524.1	3606	3369.15	0	0
XM_022798525.1	1801	1564.15	0	0
XM_022798526.1	1734	1497.15	0	0
XM_022798527.1	2800	2563.15	0	0
XM_022798528.1	1806	1569.15	0	0
XM_022798529.1	3797	3560.15	0	0
XM_022798530.1	7744	7507.15	0	0
XM_022798531.1	3143	2906.15	0	0
XM_022798532.1	3163	2926.15	0	0
XM_022798533.1	3238	3001.15	0	0
XM_022798534.1	3032	2795.15	0	0
XM_022798535.1	2931	2694.15	0	0
XM_022798536.1	3827	3590.15	0	0
XM_022798537.1	927	690.652	0	0
XM_022798538.1	1048	811.148	0	0
XM_022798539.1	5007	4770.15	0	0
XM_022798540.1	11203	10966.1	0	0
XM_022798541.1	4839	4602.15	0	0
XM_022798542.1	4904	4667.15	0	0
XM_022798543.1	3069	2832.15	0	0
XM_022798544.1	4374	4137.15	3.37682e-07	1.49057e-08
XM_022798545.1	4378	4141.15	1.30098e-07	5.73714e-09
XM_022798546.1	4306	4069.15	4.29054	0.192555
XM_022798547.1	4313	4076.15	0.786606	0.0352414
XM_022798548.1	5672	5435.15	0	0
XM_022798549.1	7616	7379.15	0	0
XM_022798550.1	5311	5074.15	0	0
XM_022798551.1	5422	5185.15	0	0
XM_022798552.1	4850	4613.15	0	0
XM_022798553.1	2422	2185.15	0	0
XM_022798554.1	1861	1624.15	0	0
XM_022798555.1	1218	981.148	0	0
XM_022798556.1	1094	857.148	0	0
XM_022798557.1	7124	6887.15	0	0
XM_022798558.1	2505	2268.15	0	0
XM_022798559.1	1981	1744.15	0	0
XM_022798560.1	3159	2922.15	0	0
XM_022798561.1	3349	3112.15	0	0
XM_022798562.1	5828	5591.15	0	0
XM_022798563.1	2809	2572.15	0	0
XM_022798564.1	7693	7456.15	0	0
XM_022798565.1	2968	2731.15	0	0
XM_022798566.1	2971	2734.15	0	0
XM_022798567.1	2757	2520.15	0	0
XM_022798568.1	4717	4480.15	0	0
XM_022798569.1	4506	4269.15	0	0
XM_022798570.1	2581	2344.15	0	0
XM_022798571.1	1971	1734.15	0	0
XM_022798572.1	1896	1659.15	0	0
XM_022798573.1	1818	1581.15	0	0
XM_022798574.1	2798	2561.15	0	0
XM_022798575.1	2857	2620.15	0	0
XM_022798576.1	2108	1871.15	0	0
XM_022798577.1	3940	3703.15	0	0
XM_022798578.1	968	731.297	0	0
XM_022798579.1	813	577.22	0	0
XM_022798580.1	809	573.277	0	0
XM_022798581.1	3309	3072.15	0	0
XM_022798582.1	3116	2879.15	0	0
XM_022798583.1	4120	3883.15	0	0
XM_022798584.1	3714	3477.15	0	0
XM_022798585.1	4038	3801.15	0	0
XM_022798586.1	3678	3441.15	0	0
XM_022798587.1	3681	3444.15	0	0
XM_022798588.1	1320	1083.15	0	0
XM_022798589.1	1396	1159.15	0	0
XM_022798590.1	1363	1126.15	0	0
XM_022798591.1	1263	1026.15	0	0
XM_022798592.1	1366	1129.15	0	0
XM_022798593.1	1208	971.148	0	0
XM_022798594.1	5628	5391.15	0	0
XM_022798595.1	3713	3476.15	0	0
XM_022798596.1	5910	5673.15	0	0
XM_022798597.1	1868	1631.15	0	0
XM_022798598.1	4178	3941.15	0	0
XM_022798599.1	2704	2467.15	0	0
XM_022798600.1	2699	2462.15	0	0
XM_022798601.1	7167	6930.15	0	0
XM_022798602.1	6356	6119.15	0	0
XM_022798603.1	7092	6855.15	0	0
XM_022798604.1	5462	5225.15	0	0
XM_022798605.1	3811	3574.15	0	0
XM_022798606.1	5435	5198.15	0	0
XM_022798607.1	1974	1737.15	0	0
XM_022798608.1	2234	1997.15	0	0
XM_022798609.1	2275	2038.15	0	0
XM_022798610.1	1492	1255.15	0	0
XM_022798611.1	2200	1963.15	0	0
XM_022798612.1	1963	1726.15	0	0
XM_022798613.1	3651	3414.15	0	0
XM_022798614.1	2045	1808.15	0	0
XM_022798615.1	2005	1768.15	0	0
XM_022798616.1	1891	1654.15	0	0
XM_022798617.1	1900	1663.15	0	0
XM_022798618.1	2488	2251.15	0	0
XM_022798619.1	2111	1874.15	0	0
XM_022798620.1	1809	1572.15	0	0
XM_022798621.1	677	443.11	0	0
XM_022798622.1	8657	8420.15	0	0
XM_022798623.1	8648	8411.15	0	0
XM_022798624.1	8757	8520.15	0	0
XM_022798625.1	7833	7596.15	0	0
XM_022798626.1	8291	8054.15	0	0
XM_022798627.1	2506	2269.15	0	0
XM_022798628.1	4401	4164.15	0	0
XM_022798629.1	5517	5280.15	0	0
XM_022798630.1	5298	5061.15	0	0
XM_022798631.1	5457	5220.15	0	0
XM_022798632.1	5404	5167.15	0	0
XM_022798633.1	5457	5220.15	0	0
XM_022798634.1	3938	3701.15	0	0
XM_022798635.1	1411	1174.15	0	0
XM_022798636.1	1778	1541.15	0	0
XM_022798637.1	2492	2255.15	0	0
XM_022798638.1	1536	1299.15	0	0
XM_022798639.1	1361	1124.15	0	0
XM_022798640.1	1287	1050.15	0	0
XM_022798641.1	1564	1327.15	0	0
XM_022798642.1	2686	2449.15	0	0
XM_022798643.1	3033	2796.15	0	0
XM_022798644.1	3237	3000.15	0	0
XM_022798645.1	2450	2213.15	0	0
XM_022798646.1	2505	2268.15	0	0
XM_022798647.1	2681	2444.15	0	0
XM_022798648.1	9245	9008.15	0	0
XM_022798649.1	9239	9002.15	0	0
XM_022798650.1	4794	4557.15	0	0
XM_022798651.1	4793	4556.15	0	0
XM_022798652.1	1236	999.148	0	0
XM_022798653.1	1232	995.148	0	0
XM_022798654.1	1294	1057.15	0	0
XM_022798655.1	7505	7268.15	0	0
XM_022798656.1	1401	1164.15	0	0
XM_022798657.1	1473	1236.15	0	0
XM_022798658.1	2455	2218.15	0	0
XM_022798659.1	2338	2101.15	0	0
XM_022798660.1	2301	2064.15	0	0
XM_022798661.1	692	457.704	0	0
XM_022798662.1	3794	3557.15	0	0
XM_022798663.1	2365	2128.15	0	0
XM_022798664.1	2408	2171.15	0	0
XM_022798665.1	1807	1570.15	0	0
XM_022798666.1	1584	1347.15	0	0
XM_022798667.1	904	667.72	0	0
XM_022798668.1	2135	1898.15	0	0
XM_022798669.1	5032	4795.15	0	0
XM_022798670.1	5029	4792.15	0	0
XM_022798671.1	5005	4768.15	0	0
XM_022798672.1	4924	4687.15	0	0
XM_022798673.1	1079	842.148	0	0
XM_022798674.1	3490	3253.15	0	0
XM_022798675.1	4013	3776.15	0	0
XM_022798676.1	3226	2989.15	0	0
XM_022798677.1	1732	1495.15	0	0
XM_022798678.1	4515	4278.15	0	0
XM_022798679.1	4512	4275.15	0	0
XM_022798680.1	4488	4251.15	0	0
XM_022798681.1	4461	4224.15	0	0
XM_022798682.1	4434	4197.15	0	0
XM_022798683.1	4091	3854.15	0	0
XM_022798684.1	4380	4143.15	0	0
XM_022798685.1	3771	3534.15	0	0
XM_022798686.1	1435	1198.15	0	0
XM_022798687.1	1725	1488.15	0	0
XM_022798688.1	1907	1670.15	0	0
XM_022798689.1	1784	1547.15	0	0
XM_022798690.1	1174	937.148	0	0
XM_022798691.1	1045	808.148	0	0
XM_022798692.1	1711	1474.15	0	0
XM_022798693.1	3404	3167.15	0	0
XM_022798694.1	3660	3423.15	0	0
XM_022798695.1	2473	2236.15	0	0
XM_022798696.1	2645	2408.15	0	0
XM_022798697.1	2640	2403.15	0	0
XM_022798698.1	4537	4300.15	0	0
XM_022798699.1	4611	4374.15	0	0
XM_022798700.1	4431	4194.15	0	0
XM_022798701.1	9118	8881.15	0	0
XM_022798702.1	736	501.227	0	0
XM_022798703.1	3083	2846.15	0	0
XM_022798704.1	2928	2691.15	0	0
XM_022798705.1	2913	2676.15	0	0
XM_022798706.1	2812	2575.15	0	0
XM_022798707.1	2804	2567.15	0	0
XM_022798708.1	7347	7110.15	0	0
XM_022798709.1	2937	2700.15	0	0
XM_022798710.1	2904	2667.15	0	0
XM_022798711.1	2892	2655.15	0	0
XM_022798712.1	2841	2604.15	0	0
XM_022798713.1	2808	2571.15	0	0
XM_022798714.1	2796	2559.15	0	0
XM_022798715.1	2681	2444.15	0	0
XM_022798716.1	2290	2053.15	0	0
XM_022798717.1	1046	809.148	0	0
XM_022798718.1	4125	3888.15	0	0
XM_022798719.1	3766	3529.15	0	0
XM_022798720.1	4276	4039.15	0	0
XM_022798721.1	3709	3472.15	0	0
XM_022798722.1	3814	3577.15	0	0
XM_022798723.1	3602	3365.15	0	0
XM_022798724.1	1899	1662.15	0	0
XM_022798725.1	1876	1639.15	0	0
XM_022798726.1	4068	3831.15	0	0
XM_022798727.1	1701	1464.15	0	0
XM_022798728.1	5606	5369.15	0	0
XM_022798729.1	6404	6167.15	0	0
XM_022798730.1	3409	3172.15	0	0
XM_022798731.1	4491	4254.15	0	0
XM_022798732.1	3535	3298.15	0	0
XM_022798733.1	3608	3371.15	0	0
XM_022798734.1	10616	10379.1	0	0
XM_022798735.1	3512	3275.15	0	0
XM_022798736.1	4599	4362.15	0	0
XM_022798737.1	4602	4365.15	0	0
XM_022798738.1	4141	3904.15	0	0
XM_022798739.1	3310	3073.15	0	0
XM_022798740.1	1914	1677.15	0	0
XM_022798741.1	3115	2878.15	0	0
XM_022798742.1	3112	2875.15	0	0
XM_022798743.1	3003	2766.15	0	0
XM_022798744.1	3032	2795.15	0	0
XM_022798745.1	2995	2758.15	0	0
XM_022798746.1	3233	2996.15	0	0
XM_022798747.1	3211	2974.15	0	0
XM_022798748.1	1987	1750.15	0	0
XM_022798749.1	2639	2402.15	1	0.0760233
XM_022798750.1	1731	1494.15	0	0
XM_022798751.1	1961	1724.15	0	0
XM_022798752.1	1769	1532.15	0	0
XM_022798753.1	1751	1514.15	0	0
XM_022798754.1	1699	1462.15	0	0
XM_022798755.1	1727	1490.15	0	0
XM_022798756.1	1946	1709.15	0	0
XM_022798757.1	1698	1461.15	0	0
XM_022798758.1	1618	1381.15	0	0
XM_022798759.1	1799	1562.15	0	0
XM_022798760.1	1807	1570.15	0	0
XM_022798761.1	1633	1396.15	0	0
XM_022798762.1	1537	1300.15	0	0
XM_022798763.1	1536	1299.15	0	0
XM_022798764.1	9470	9233.15	0	0
XM_022798765.1	7072	6835.15	0	0
XM_022798766.1	8152	7915.15	0	0
XM_022798767.1	3166	2929.15	0	0
XM_022798768.1	6945	6708.15	0	0
XM_022798769.1	6756	6519.15	0	0
XM_022798770.1	6503	6266.15	0	0
XM_022798771.1	7899	7662.15	0	0
XM_022798772.1	7639	7402.15	0	0
XM_022798773.1	7476	7239.15	0	0
XM_022798774.1	5739	5502.15	0	0
XM_022798775.1	5753	5516.15	0	0
XM_022798776.1	4607	4370.15	0	0
XM_022798777.1	3623	3386.15	0	0
XM_022798778.1	2532	2295.15	0	0
XM_022798779.1	1860	1623.15	0	0
XM_022798780.1	1841	1604.15	0	0
XM_022798781.1	1811	1574.15	0	0
XM_022798782.1	2146	1909.15	0	0
XM_022798783.1	1779	1542.15	0	0
XM_022798784.1	1130	893.148	0	0
XM_022798785.1	1518	1281.15	0	0
XM_022798786.1	4140	3903.15	0	0
XM_022798787.1	1893	1656.15	0	0
XM_022798788.1	4626	4389.15	0	0
XM_022798789.1	4144	3907.15	0	0
XM_022798790.1	4125	3888.15	0	0
XM_022798791.1	4334	4097.15	0	0
XM_022798792.1	3715	3478.15	0	0
XM_022798793.1	3632	3395.15	0	0
XM_022798794.1	3974	3737.15	0	0
XM_022798795.1	2915	2678.15	0	0
XM_022798796.1	3616	3379.15	0	0
XM_022798797.1	3169	2932.15	0	0
XM_022798798.1	1788	1551.15	0	0
XM_022798799.1	3875	3638.15	0	0
XM_022798800.1	3928	3691.15	0	0
XM_022798801.1	3470	3233.15	0	0
XM_022798802.1	2925	2688.15	0	0
XM_022798803.1	835	599.102	0	0
XM_022798804.1	543	314.965	0	0
XM_022798805.1	595	363.638	0	0
XM_022798806.1	3813	3576.15	0	0
XM_022798807.1	3372	3135.15	0	0
XM_022798808.1	4510	4273.15	0	0
XM_022798809.1	4663	4426.15	0	0
XM_022798810.1	5266	5029.15	0	0
XM_022798811.1	1712	1475.15	0	0
XM_022798812.1	7258	7021.15	0	0
XM_022798813.1	6995	6758.15	0	0
XM_022798814.1	661	427.591	0	0
XM_022798815.1	7921	7684.15	0	0
XM_022798816.1	1707	1470.15	0	0
XM_022798817.1	7845	7608.15	0	0
XM_022798818.1	7643	7406.15	0	0
XM_022798819.1	7741	7504.15	0	0
XM_022798820.1	7876	7639.15	0	0
XM_022798821.1	7870	7633.15	0	0
XM_022798822.1	7223	6986.15	0	0
XM_022798823.1	6957	6720.15	0	0
XM_022798824.1	6812	6575.15	0	0
XM_022798825.1	7022	6785.15	0	0
XM_022798826.1	10553	10316.1	0	0
XM_022798827.1	1771	1534.15	0	0
XM_022798828.1	7873	7636.15	0	0
XM_022798829.1	7693	7456.15	0	0
XM_022798830.1	5546	5309.15	0	0
XM_022798831.1	2252	2015.15	0	0
XM_022798832.1	3660	3423.15	7	0.373438
XM_022798833.1	1458	1221.15	0	0
XM_022798834.1	1748	1511.15	0	0
XM_022798835.1	3778	3541.15	0	0
XM_022798836.1	3748	3511.15	0	0
XM_022798837.1	14047	13810.1	0	0
XM_022798838.1	11687	11450.1	0	0
XM_022798839.1	11611	11374.1	0	0
XM_022798840.1	10627	10390.1	0	0
XM_022798841.1	10627	10390.1	0	0
XM_022798842.1	13710	13473.1	0	0
XM_022798843.1	14003	13766.1	0	0
XM_022798844.1	13629	13392.1	0	0
XM_022798845.1	2480	2243.15	0	0
XM_022798846.1	2160	1923.15	0	0
XM_022798847.1	1396	1159.15	0	0
XM_022798848.1	1551	1314.15	0	0
XM_022798849.1	1342	1105.15	0	0
XM_022798850.1	1218	981.148	0	0
XM_022798851.1	1174	937.148	0	0
XM_022798852.1	1673	1436.15	0	0
XM_022798853.1	1092	855.148	0	0
XM_022798854.1	2346	2109.15	0	0
XM_022798855.1	846	610.102	0	0
XM_022798856.1	6486	6249.15	0	0
XM_022798857.1	3887	3650.15	0	0
XM_022798858.1	903	666.72	0	0
XM_022798859.1	787	551.388	0	0
XM_022798860.1	481	260.402	0	0
XM_022798861.1	631	398.336	0	0
XM_022798862.1	601	369.416	0	0
XM_022798863.1	6288	6051.15	0	0
XM_022798864.1	6277	6040.15	0	0
XM_022798865.1	3562	3325.15	0	0
XM_022798866.1	6167	5930.15	0	0
XM_022798867.1	5391	5154.15	0	0
XM_022798868.1	3621	3384.15	0	0
XM_022798869.1	3600	3363.15	0	0
XM_022798870.1	3531	3294.15	0	0
XM_022798871.1	3472	3235.15	0	0
XM_022798872.1	3404	3167.15	0	0
XM_022798873.1	3535	3298.15	0	0
XM_022798874.1	3490	3253.15	0	0
XM_022798875.1	3407	3170.15	0	0
XM_022798876.1	3503	3266.15	0	0
XM_022798877.1	3633	3396.15	0	0
XM_022798878.1	3725	3488.15	0	0
XM_022798879.1	4173	3936.15	0	0
XM_022798880.1	3695	3458.15	0	0
XM_022798881.1	1827	1590.15	0	0
XM_022798882.1	2125	1888.15	0	0
XM_022798883.1	3030	2793.15	0	0
XM_022798884.1	2991	2754.15	0	0
XM_022798885.1	2845	2608.15	0	0
XM_022798886.1	2208	1971.15	0	0
XM_022798887.1	2302	2065.15	0	0
XM_022798888.1	2771	2534.15	0	0
XM_022798889.1	2177	1940.15	0	0
XM_022798890.1	2125	1888.15	0	0
XM_022798891.1	2098	1861.15	0	0
XM_022798892.1	1875	1638.15	0	0
XM_022798893.1	1721	1484.15	0	0
XM_022798894.1	1575	1338.15	0	0
XM_022798895.1	3311	3074.15	0	0
XM_022798896.1	4305	4068.15	0	0
XM_022798897.1	3622	3385.15	0	0
XM_022798898.1	4197	3960.15	0	0
XM_022798899.1	5353	5116.15	0	0
XM_022798900.1	3891	3654.15	0	0
XM_022798901.1	3443	3206.15	0	0
XM_022798902.1	3305	3068.15	0	0
XM_022798903.1	1656	1419.15	0	0
XM_022798904.1	2889	2652.15	0	0
XM_022798905.1	494	271.68	0	0
XM_022798906.1	491	269.045	0	0
XM_022798907.1	475	255.24	0	0
XM_022798908.1	4912	4675.15	0	0
XM_022798909.1	4448	4211.15	0	0
XM_022798910.1	2873	2636.15	0	0
XM_022798911.1	4497	4260.15	0	0
XM_022798912.1	4540	4303.15	0	0
XM_022798913.1	4393	4156.15	0	0
XM_022798914.1	3252	3015.15	0	0
XM_022798915.1	3248	3011.15	0	0
XM_022798916.1	3236	2999.15	0	0
XM_022798917.1	3133	2896.15	0	0
XM_022798918.1	5938	5701.15	0	0
XM_022798919.1	864	627.915	0	0
XM_022798920.1	4023	3786.15	0	0
XM_022798921.1	4070	3833.15	0	0
XM_022798922.1	4002	3765.15	0	0
XM_022798923.1	2086	1849.15	0	0
XM_022798924.1	3992	3755.15	0	0
XM_022798925.1	3842	3605.15	0	0
XM_022798926.1	4574	4337.15	0	0
XM_022798927.1	2840	2603.15	0	0
XM_022798928.1	2829	2592.15	0	0
XM_022798929.1	2250	2013.15	0	0
XM_022798930.1	2079	1842.15	0	0
XM_022798931.1	3192	2955.15	0	0
XM_022798932.1	3155	2918.15	0	0
XM_022798933.1	3125	2888.15	0	0
XM_022798934.1	2464	2227.15	0	0
XM_022798935.1	3995	3758.15	0	0
XM_022798936.1	3813	3576.15	0	0
XM_022798937.1	1595	1358.15	0	0
XM_022798938.1	3271	3034.15	0	0
XM_022798939.1	2803	2566.15	0	0
XM_022798940.1	4276	4039.15	0	0
XM_022798941.1	2986	2749.15	0	0
XM_022798942.1	2991	2754.15	0	0
XM_022798943.1	4229	3992.15	0	0
XM_022798944.1	2664	2427.15	0	0
XM_022798945.1	3117	2880.15	0	0
XM_022798946.1	11084	10847.1	0	0
XM_022798947.1	10603	10366.1	0	0
XM_022798948.1	11535	11298.1	0	0
XM_022798949.1	10691	10454.1	0	0
XM_022798950.1	4889	4652.15	0	0
XM_022798951.1	2970	2733.15	0	0
XM_022798952.1	3940	3703.15	2.00018	0.0986379
XM_022798953.1	558	328.755	0	0
XM_022798954.1	3382	3145.15	0	0
XM_022798955.1	537	309.666	0	0
XM_022798956.1	2678	2441.15	0	0
XM_022798957.1	1446	1209.15	0	0
XM_022798958.1	2756	2519.15	0	0
XM_022798959.1	2405	2168.15	0	0
XM_022798960.1	3123	2886.15	0	0
XM_022798961.1	2242	2005.15	0	0
XM_022798962.1	2540	2303.15	0	0
XM_022798963.1	3894	3657.15	0	0
XM_022798964.1	3747	3510.15	0	0
XM_022798965.1	4709	4472.15	0	0
XM_022798966.1	5274	5037.15	0	0
XM_022798967.1	2538	2301.15	0	0
XM_022798968.1	4190	3953.15	0	0
XM_022798969.1	2505	2268.15	0	0
XM_022798970.1	2430	2193.15	0	0
XM_022798971.1	3011	2774.15	0	0
XM_022798972.1	2156	1919.15	0	0
XM_022798973.1	2196	1959.15	0	0
XM_022798974.1	2149	1912.15	0	0
XM_022798975.1	2151	1914.15	0	0
XM_022798976.1	2127	1890.15	0	0
XM_022798977.1	2124	1887.15	0	0
XM_022798978.1	1962	1725.15	0	0
XM_022798979.1	4314	4077.15	0	0
XM_022798980.1	628	395.416	0	0
XM_022798981.1	3014	2777.15	2.20784	0.145183
XM_022798982.1	1529	1292.15	0	0
XM_022798983.1	1772	1535.15	0	0
XM_022798984.1	1646	1409.15	0	0
XM_022798985.1	1556	1319.15	0	0
XM_022798986.1	6624	6387.15	0	0
XM_022798987.1	2257	2020.15	0	0
XM_022798988.1	5873	5636.15	0	0
XM_022798989.1	7972	7735.15	1	0.023609
XM_022798990.1	5249	5012.15	0	0
XM_022798991.1	5089	4852.15	0	0
XM_022798992.1	2536	2299.15	0	0
XM_022798993.1	3688	3451.15	0	0
XM_022798994.1	1707	1470.15	0	0
XM_022798995.1	1557	1320.15	0	0
XM_022798996.1	2473	2236.15	0	0
XM_022798997.1	1584	1347.15	0	0
XM_022798998.1	1966	1729.15	0	0
XM_022798999.1	6225	5988.15	0	0
XM_022799000.1	3803	3566.15	0	0
XM_022799001.1	6074	5837.15	0	0
XM_022799002.1	5222	4985.15	0	0
XM_022799003.1	5361	5124.15	0	0
XM_022799004.1	4264	4027.15	0	0
XM_022799005.1	4285	4048.15	0	0
XM_022799006.1	3938	3701.15	0	0
XM_022799007.1	1432	1195.15	0	0
XM_022799008.1	2711	2474.15	0	0
XM_022799009.1	3040	2803.15	0	0
XM_022799010.1	3007	2770.15	0	0
XM_022799011.1	3047	2810.15	0	0
XM_022799012.1	2566	2329.15	0	0
XM_022799013.1	1644	1407.15	0	0
XM_022799014.1	2009	1772.15	0	0
XM_022799015.1	1906	1669.15	0	0
XM_022799016.1	847	611.102	0	0
XM_022799017.1	2269	2032.15	0	0
XM_022799018.1	1012	775.148	0	0
XM_022799019.1	4862	4625.15	0	0
XM_022799020.1	2947	2710.15	0	0
XM_022799021.1	3445	3208.15	0	0
XM_022799022.1	2871	2634.15	0	0
XM_022799023.1	3699	3462.15	0	0
XM_022799024.1	3524	3287.15	0	0
XM_022799025.1	3385	3148.15	0	0
XM_022799026.1	3683	3446.15	0	0
XM_022799027.1	3344	3107.15	0	0
XM_022799028.1	1355	1118.15	0	0
XM_022799029.1	1024	787.148	0	0
XM_022799030.1	4117	3880.15	0	0
XM_022799031.1	3931	3694.15	0	0
XM_022799032.1	2884	2647.15	0	0
XM_022799033.1	4044	3807.15	0	0
XM_022799034.1	2608	2371.15	0	0
XM_022799035.1	2430	2193.15	0	0
XM_022799036.1	3435	3198.15	0	0
XM_022799037.1	4339	4102.15	0	0
XM_022799038.1	5021	4784.15	0	0
XM_022799039.1	3836	3599.15	0	0
XM_022799040.1	4267	4030.15	0	0
XM_022799041.1	4293	4056.15	0	0
XM_022799042.1	4119	3882.15	0	0
XM_022799043.1	1582	1345.15	0	0
XM_022799044.1	4053	3816.15	0	0
XM_022799045.1	3962	3725.15	0	0
XM_022799046.1	3332	3095.15	0	0
XM_022799047.1	6386	6149.15	0	0
XM_022799048.1	6563	6326.15	0	0
XM_022799049.1	6180	5943.15	0	0
XM_022799050.1	3593	3356.15	0	0
XM_022799051.1	3581	3344.15	0	0
XM_022799052.1	3209	2972.15	0	0
XM_022799053.1	3013	2776.15	0	0
XM_022799054.1	4499	4262.15	0	0
XM_022799055.1	4494	4257.15	0	0
XM_022799056.1	5563	5326.15	0	0
XM_022799057.1	3511	3274.15	0	0
XM_022799058.1	5366	5129.15	0	0
XM_022799059.1	3648	3411.15	0	0
XM_022799060.1	4116	3879.15	0	0
XM_022799061.1	3269	3032.15	0	0
XM_022799062.1	3135	2898.15	0	0
XM_022799063.1	3128	2891.15	0	0
XM_022799064.1	4223	3986.15	0	0
XM_022799065.1	3039	2802.15	0	0
XM_022799066.1	1720	1483.15	0	0
XM_022799067.1	2086	1849.15	0	0
XM_022799068.1	2042	1805.15	0	0
XM_022799069.1	1438	1201.15	0	0
XM_022799070.1	1630	1393.15	0	0
XM_022799071.1	4665	4428.15	0	0
XM_022799072.1	4530	4293.15	0	0
XM_022799073.1	4473	4236.15	0	0
XM_022799074.1	3601	3364.15	0	0
XM_022799075.1	2844	2607.15	0	0
XM_022799076.1	3132	2895.15	0	0
XM_022799077.1	4406	4169.15	0	0
XM_022799078.1	2691	2454.15	0	0
XM_022799079.1	5352	5115.15	0	0
XM_022799080.1	3907	3670.15	0	0
XM_022799081.1	3682	3445.15	0	0
XM_022799082.1	3841	3604.15	0	0
XM_022799083.1	10633	10396.1	0	0
XM_022799084.1	10531	10294.1	0	0
XM_022799085.1	2548	2311.15	0	0
XM_022799086.1	2390	2153.15	0	0
XM_022799087.1	2646	2409.15	0	0
XM_022799088.1	1976	1739.15	0	0
XM_022799089.1	2314	2077.15	0	0
XM_022799090.1	1756	1519.15	0	0
XM_022799091.1	950	713.441	0	0
XM_022799092.1	868	631.915	0	0
XM_022799093.1	1713	1476.15	0	0
XM_022799094.1	949	712.441	0	0
XM_022799095.1	623	390.575	0	0
XM_022799096.1	5288	5051.15	0	0
XM_022799097.1	5414	5177.15	0	0
XM_022799098.1	1178	941.148	0	0
XM_022799099.1	2417	2180.15	0	0
XM_022799100.1	2412	2175.15	0	0
XM_022799101.1	2642	2405.15	0	0
XM_022799102.1	2719	2482.15	0	0
XM_022799103.1	4487	4250.15	0	0
XM_022799104.1	1750	1513.15	0	0
XM_022799105.1	2433	2196.15	0	0
XM_022799106.1	2402	2165.15	0	0
XM_022799107.1	3745	3508.15	0	0
XM_022799108.1	2342	2105.15	0	0
XM_022799109.1	5006	4769.15	0	0
XM_022799110.1	5128	4891.15	0	0
XM_022799111.1	5142	4905.15	0	0
XM_022799112.1	4110	3873.15	0	0
XM_022799113.1	2846	2609.15	0	0
XM_022799114.1	3091	2854.15	0	0
XM_022799115.1	4076	3839.15	0	0
XM_022799116.1	4097	3860.15	0	0
XM_022799117.1	5047	4810.15	0	0
XM_022799118.1	2539	2302.15	0	0
XM_022799119.1	994	757.224	0	0
XM_022799120.1	950	713.441	0	0
XM_022799121.1	6781	6544.15	0	0
XM_022799122.1	5285	5048.15	0	0
XM_022799123.1	2897	2660.15	0	0
XM_022799124.1	2974	2737.15	0	0
XM_022799125.1	2854	2617.15	0	0
XM_022799126.1	5122	4885.15	0	0
XM_022799127.1	2820	2583.15	0	0
XM_022799128.1	2733	2496.15	0	0
XM_022799129.1	2677	2440.15	0	0
XM_022799130.1	2684	2447.15	0	0
XM_022799131.1	2699	2462.15	0	0
XM_022799132.1	1370	1133.15	0	0
XM_022799133.1	1571	1334.15	0	0
XM_022799134.1	1405	1168.15	0	0
XM_022799135.1	4869	4632.15	0	0
XM_022799136.1	5501	5264.15	0	0
XM_022799137.1	5654	5417.15	0	0
XM_022799138.1	4634	4397.15	0	0
XM_022799139.1	5371	5134.15	0	0
XM_022799140.1	4728	4491.15	0	0
XM_022799141.1	4716	4479.15	0	0
XM_022799142.1	5350	5113.15	0	0
XM_022799143.1	2005	1768.15	0	0
XM_022799144.1	1975	1738.15	0	0
XM_022799145.1	1909	1672.15	0	0
XM_022799146.1	2052	1815.15	0	0
XM_022799147.1	2393	2156.15	0	0
XM_022799148.1	2179	1942.15	0	0
XM_022799149.1	7584	7347.15	0	0
XM_022799150.1	2022	1785.15	0	0
XM_022799151.1	1795	1558.15	0	0
XM_022799152.1	1807	1570.15	0	0
XM_022799153.1	1760	1523.15	0	0
XM_022799154.1	2005	1768.15	0	0
XM_022799155.1	1998	1761.15	0	0
XM_022799156.1	2222	1985.15	0	0
XM_022799157.1	1827	1590.15	0	0
XM_022799158.1	1956	1719.15	0	0
XM_022799159.1	1789	1552.15	0	0
XM_022799160.1	7334	7097.15	0	0
XM_022799161.1	1877	1640.15	0	0
XM_022799162.1	9441	9204.15	0	0
XM_022799163.1	8225	7988.15	0	0
XM_022799164.1	8098	7861.15	0	0
XM_022799165.1	9437	9200.15	0	0
XM_022799166.1	3282	3045.15	0	0
XM_022799167.1	9107	8870.15	0	0
XM_022799168.1	9261	9024.15	0	0
XM_022799169.1	9284	9047.15	0	0
XM_022799170.1	9281	9044.15	0	0
XM_022799171.1	7413	7176.15	0	0
XM_022799172.1	8801	8564.15	0	0
XM_022799173.1	9262	9025.15	0	0
XM_022799174.1	9351	9114.15	0	0
XM_022799175.1	9494	9257.15	0	0
XM_022799176.1	9371	9134.15	0	0
XM_022799177.1	9347	9110.15	0	0
XM_022799178.1	9108	8871.15	0	0
XM_022799179.1	9401	9164.15	0	0
XM_022799180.1	9288	9051.15	0	0
XM_022799181.1	7213	6976.15	0	0
XM_022799182.1	3143	2906.15	0	0
XM_022799183.1	3021	2784.15	1.01607	0.0666466
XM_022799184.1	1498	1261.15	0	0
XM_022799185.1	2647	2410.15	0	0
XM_022799186.1	2642	2405.15	0	0
XM_022799187.1	2651	2414.15	0	0
XM_022799188.1	2647	2410.15	0	0
XM_022799189.1	2655	2418.15	0	0
XM_022799190.1	2651	2414.15	0	0
XM_022799191.1	6617	6380.15	0	0
XM_022799192.1	2455	2218.15	0	0
XM_022799193.1	2050	1813.15	0	0
XM_022799194.1	1961	1724.15	0	0
XM_022799195.1	1798	1561.15	0	0
XM_022799196.1	1522	1285.15	0	0
XM_022799197.1	1787	1550.15	0	0
XM_022799198.1	1708	1471.15	0	0
XM_022799199.1	1678	1441.15	0	0
XM_022799200.1	1672	1435.15	0	0
XM_022799201.1	4419	4182.15	0	0
XM_022799202.1	654	420.762	0	0
XM_022799203.1	2168	1931.15	0	0
XM_022799204.1	2037	1800.15	0	0
XM_022799205.1	3553	3316.15	0	0
XM_022799206.1	3468	3231.15	0	0
XM_022799207.1	3541	3304.15	0	0
XM_022799208.1	3202	2965.15	0	0
XM_022799209.1	3517	3280.15	0	0
XM_022799210.1	3418	3181.15	0	0
XM_022799211.1	2703	2466.15	0	0
XM_022799212.1	3570	3333.15	0	0
XM_022799213.1	3443	3206.15	0	0
XM_022799214.1	3485	3248.15	0	0
XM_022799215.1	2065	1828.15	0	0
XM_022799216.1	1724	1487.15	0	0
XM_022799217.1	1477	1240.15	0	0
XM_022799218.1	1654	1417.15	0	0
XM_022799219.1	1167	930.148	0	0
XM_022799220.1	1175	938.148	0	0
XM_022799221.1	657	423.677	0	0
XM_022799222.1	427	215.941	0	0
XM_022799223.1	570	340.278	0	0
XM_022799224.1	2905	2668.15	0	0
XM_022799225.1	2781	2544.15	0	0
XM_022799226.1	2817	2580.15	0	0
XM_022799227.1	2758	2521.15	0	0
XM_022799228.1	3021	2784.15	0	0
XM_022799229.1	2789	2552.15	0	0
XM_022799230.1	2630	2393.15	0	0
XM_022799231.1	2666	2429.15	0	0
XM_022799232.1	1738	1501.15	0	0
XM_022799233.1	1784	1547.15	0	0
XM_022799234.1	1020	783.148	0	0
XM_022799235.1	1230	993.148	0	0
XM_022799236.1	880	643.851	0	0
XM_022799237.1	700	465.519	0	0
XM_022799238.1	7704	7467.15	0	0
XM_022799239.1	7443	7206.15	0	0
XM_022799240.1	7431	7194.15	0	0
XM_022799241.1	7428	7191.15	0	0
XM_022799242.1	6897	6660.15	8.93148e-06	2.44898e-07
XM_022799243.1	6819	6582.15	1.0015	0.0277861
XM_022799244.1	7115	6878.15	0	0
XM_022799245.1	6299	6062.15	0	0
XM_022799246.1	1375	1138.15	0	0
XM_022799247.1	1168	931.148	0	0
XM_022799248.1	1280	1043.15	0	0
XM_022799249.1	846	610.102	0	0
XM_022799250.1	1987	1750.15	0	0
XM_022799251.1	2659	2422.15	0	0
XM_022799252.1	4217	3980.15	0	0
XM_022799253.1	6295	6058.15	0	0
XM_022799254.1	2738	2501.15	0	0
XM_022799255.1	2323	2086.15	0	0
XM_022799256.1	2209	1972.15	0	0
XM_022799257.1	11253	11016.1	0	0
XM_022799258.1	10987	10750.1	0	0
XM_022799259.1	4198	3961.15	0	0
XM_022799260.1	6636	6399.15	0	0
XM_022799261.1	3994	3757.15	0	0
XM_022799262.1	2335	2098.15	0	0
XM_022799263.1	2270	2033.15	0	0
XM_022799264.1	4210	3973.15	0	0
XM_022799265.1	580	349.788	0	0
XM_022799266.1	1500	1263.15	0	0
XM_022799267.1	6640	6403.15	0	0
XM_022799268.1	1468	1231.15	0	0
XM_022799269.1	685	450.886	0	0
XM_022799270.1	661	427.591	0	0
XM_022799271.1	4541	4304.15	0	0
XM_022799272.1	5927	5690.15	0	0
XM_022799273.1	12847	12610.1	0	0
XM_022799274.1	6428	6191.15	0	0
XM_022799275.1	10202	9965.15	0	0
XM_022799276.1	10123	9886.15	0	0
XM_022799277.1	9935	9698.15	0	0
XM_022799278.1	12712	12475.1	0	0
XM_022799279.1	4340	4103.15	0	0
XM_022799280.1	2342	2105.15	0	0
XM_022799281.1	1893	1656.15	0	0
XM_022799282.1	3160	2923.15	0	0
XM_022799283.1	1780	1543.15	0	0
XM_022799284.1	1839	1602.15	0	0
XM_022799285.1	6248	6011.15	0	0
XM_022799286.1	1826	1589.15	0	0
XM_022799287.1	1407	1170.15	0	0
XM_022799288.1	1363	1126.15	0	0
XM_022799289.1	1294	1057.15	0	0
XM_022799290.1	1206	969.148	0	0
XM_022799291.1	1270	1033.15	0	0
XM_022799292.1	1249	1012.15	0	0
XM_022799293.1	2188	1951.15	0	0
XM_022799294.1	2036	1799.15	0	0
XM_022799295.1	2046	1809.15	0	0
XM_022799296.1	1140	903.148	0	0
XM_022799297.1	1983	1746.15	0	0
XM_022799298.1	5151	4914.15	0	0
XM_022799299.1	3220	2983.15	0	0
XM_022799300.1	3217	2980.15	0	0
XM_022799301.1	5147	4910.15	0	0
XM_022799302.1	2657	2420.15	0	0
XM_022799303.1	2626	2389.15	0	0
XM_022799304.1	2413	2176.15	0	0
XM_022799305.1	1183	946.148	0	0
XM_022799306.1	2186	1949.15	0	0
XM_022799307.1	2625	2388.15	0	0
XM_022799308.1	2593	2356.15	0	0
XM_022799309.1	2163	1926.15	0	0
XM_022799310.1	2449	2212.15	0	0
XM_022799311.1	5093	4856.15	0	0
XM_022799312.1	4855	4618.15	0	0
XM_022799313.1	2779	2542.15	0	0
XM_022799314.1	2524	2287.15	0	0
XM_022799315.1	2608	2371.15	0	0
XM_022799316.1	2529	2292.15	0	0
XM_022799317.1	2257	2020.15	0	0
XM_022799318.1	6157	5920.15	0	0
XM_022799319.1	2271	2034.15	0	0
XM_022799320.1	1219	982.148	0	0
XM_022799321.1	2814	2577.15	0	0
XM_022799322.1	2488	2251.15	0	0
XM_022799323.1	2683	2446.15	0	0
XM_022799324.1	2806	2569.15	0	0
XM_022799325.1	12093	11856.1	0	0
XM_022799326.1	2370	2133.15	0	0
XM_022799327.1	6344	6107.15	0	0
XM_022799328.1	4977	4740.15	0	0
XM_022799329.1	5207	4970.15	0	0
XM_022799330.1	2386	2149.15	0	0
XM_022799331.1	2525	2288.15	0	0
XM_022799332.1	2507	2270.15	0	0
XM_022799333.1	2492	2255.15	0	0
XM_022799334.1	2473	2236.15	0	0
XM_022799335.1	1345	1108.15	0	0
XM_022799336.1	2310	2073.15	0	0
XM_022799337.1	1730	1493.15	0	0
XM_022799338.1	2652	2415.15	0	0
XM_022799339.1	1680	1443.15	0	0
XM_022799340.1	1830	1593.15	0	0
XM_022799341.1	1791	1554.15	0	0
XM_022799342.1	2298	2061.15	0	0
XM_022799343.1	1222	985.148	0	0
XM_022799344.1	2451	2214.15	0	0
XM_022799345.1	2754	2517.15	0	0
XM_022799346.1	2524	2287.15	0	0
XM_022799347.1	2385	2148.15	0	0
XM_022799348.1	2589	2352.15	0	0
XM_022799349.1	4654	4417.15	0	0
XM_022799350.1	2158	1921.15	0	0
XM_022799351.1	5071	4834.15	0	0
XM_022799352.1	1194	957.148	0	0
XM_022799353.1	5087	4850.15	0	0
XM_022799354.1	5479	5242.15	0	0
XM_022799355.1	6788	6551.15	0	0
XM_022799356.1	4349	4112.15	0	0
XM_022799357.1	6598	6361.15	0	0
XM_022799358.1	4806	4569.15	0	0
XM_022799359.1	3788	3551.15	0	0
XM_022799360.1	3931	3694.15	0	0
XM_022799361.1	1930	1693.15	0	0
XM_022799362.1	2061	1824.15	0	0
XM_022799363.1	2407	2170.15	0	0
XM_022799364.1	2088	1851.15	0	0
XM_022799365.1	1659	1422.15	0	0
XM_022799366.1	4260	4023.15	0	0
XM_022799367.1	2253	2016.15	0	0
XM_022799368.1	1752	1515.15	0	0
XM_022799369.1	1787	1550.15	0	0
XM_022799370.1	1808	1571.15	0	0
XM_022799371.1	5088	4851.15	0	0
XM_022799372.1	4947	4710.15	0	0
XM_022799373.1	3914	3677.15	0	0
XM_022799374.1	4000	3763.15	0	0
XM_022799375.1	3869	3632.15	0	0
XM_022799376.1	2196	1959.15	0	0
XM_022799377.1	3139	2902.15	0	0
XM_022799378.1	3102	2865.15	0	0
XM_022799379.1	3156	2919.15	0	0
XM_022799380.1	3559	3322.15	0	0
XM_022799381.1	4609	4372.15	0	0
XM_022799382.1	1563	1326.15	0	0
XM_022799383.1	1393	1156.15	0	0
XM_022799384.1	1466	1229.15	0	0
XM_022799385.1	1512	1275.15	0	0
XM_022799386.1	2127	1890.15	0	0
XM_022799387.1	711	476.425	0	0
XM_022799388.1	2269	2032.15	0	0
XM_022799389.1	3808	3571.15	0	0
XM_022799390.1	5277	5040.15	0	0
XM_022799391.1	4019	3782.15	0	0
XM_022799392.1	2971	2734.15	0	0
XM_022799393.1	1475	1238.15	0	0
XM_022799394.1	2176	1939.15	0	0
XM_022799395.1	1504	1267.15	0	0
XM_022799396.1	1778	1541.15	0	0
XM_022799397.1	2658	2421.15	0	0
XM_022799398.1	1744	1507.15	0	0
XM_022799399.1	3381	3144.15	0	0
XM_022799400.1	5712	5475.15	0	0
XM_022799401.1	1992	1755.15	0	0
XM_022799402.1	634	401.216	0	0
XM_022799403.1	609	377.075	0	0
XM_022799404.1	1752	1515.15	0	0
XM_022799405.1	1614	1377.15	0	0
XM_022799406.1	1593	1356.15	0	0
XM_022799407.1	3009	2772.15	0	0
XM_022799408.1	2375	2138.15	0	0
XM_022799409.1	2992	2755.15	0	0
XM_022799410.1	3026	2789.15	0	0
XM_022799411.1	2744	2507.15	0	0
XM_022799412.1	1696	1459.15	0	0
XM_022799413.1	1022	785.148	0	0
XM_022799414.1	2875	2638.15	0	0
XM_022799415.1	2964	2727.15	0	0
XM_022799416.1	3083	2846.15	0	0
XM_022799417.1	2702	2465.15	0	0
XM_022799418.1	2156	1919.15	0	0
XM_022799419.1	1769	1532.15	0	0
XM_022799420.1	1862	1625.15	0	0
XM_022799421.1	832	596.102	0	0
XM_022799422.1	827	591.162	0	0
XM_022799423.1	700	465.519	0	0
XM_022799424.1	694	459.658	0	0
XM_022799425.1	697	462.612	0	0
XM_022799426.1	3889	3652.15	0	0
XM_022799427.1	1902	1665.15	0	0
XM_022799428.1	8027	7790.15	0	0
XM_022799429.1	5867	5630.15	0	0
XM_022799430.1	5840	5603.15	0	0
XM_022799431.1	5738	5501.15	0	0
XM_022799432.1	2843	2606.15	0	0
XM_022799433.1	4577	4340.15	0	0
XM_022799434.1	1175	938.148	0	0
XM_022799435.1	3847	3610.15	0	0
XM_022799436.1	1145	908.148	0	0
XM_022799437.1	882	645.786	0	0
XM_022799438.1	2336	2099.15	0	0
XM_022799439.1	2049	1812.15	0	0
XM_022799440.1	2419	2182.15	0	0
XM_022799441.1	2344	2107.15	0	0
XM_022799442.1	2585	2348.15	0	0
XM_022799443.1	2366	2129.15	0	0
XM_022799444.1	4909	4672.15	0	0
XM_022799445.1	4666	4429.15	0	0
XM_022799446.1	6954	6717.15	0	0
XM_022799447.1	4663	4426.15	0	0
XM_022799448.1	4660	4423.15	0	0
XM_022799449.1	4687	4450.15	0	0
XM_022799450.1	5541	5304.15	0	0
XM_022799451.1	5519	5282.15	0	0
XM_022799452.1	4261	4024.15	0	0
XM_022799453.1	1227	990.148	0	0
XM_022799454.1	1315	1078.15	0	0
XM_022799455.1	1248	1011.15	0	0
XM_022799456.1	1292	1055.15	0	0
XM_022799457.1	6759	6522.15	0	0
XM_022799458.1	1205	968.148	0	0
XM_022799459.1	1477	1240.15	0	0
XM_022799460.1	2093	1856.15	0	0
XM_022799461.1	2584	2347.15	0	0
XM_022799462.1	2296	2059.15	0	0
XM_022799463.1	2171	1934.15	0	0
XM_022799464.1	1605	1368.15	0	0
XM_022799465.1	3331	3094.15	0	0
XM_022799466.1	3426	3189.15	0	0
XM_022799467.1	941	704.582	0	0
XM_022799468.1	862	625.978	0	0
XM_022799469.1	859	623.04	0	0
XM_022799470.1	935	698.582	0	0
XM_022799471.1	2996	2759.15	0	0
XM_022799472.1	3249	3012.15	0	0
XM_022799473.1	3234	2997.15	0	0
XM_022799474.1	3134	2897.15	0	0
XM_022799475.1	3113	2876.15	0	0
XM_022799476.1	1860	1623.15	0	0
XM_022799477.1	1074	837.148	0	0
XM_022799478.1	1017	780.148	0	0
XM_022799479.1	877	640.915	0	0
XM_022799480.1	2684	2447.15	0	0
XM_022799481.1	2447	2210.15	0	0
XM_022799482.1	2646	2409.15	0	0
XM_022799483.1	1935	1698.15	0	0
XM_022799484.1	2228	1991.15	0	0
XM_022799485.1	2214	1977.15	0	0
XM_022799486.1	5919	5682.15	0	0
XM_022799487.1	5886	5649.15	0	0
XM_022799488.1	2865	2628.15	0	0
XM_022799489.1	5803	5566.15	0	0
XM_022799490.1	2767	2530.15	0	0
XM_022799491.1	2712	2475.15	0	0
XM_022799492.1	2726	2489.15	0	0
XM_022799493.1	2489	2252.15	0	0
XM_022799494.1	3840	3603.15	0	0
XM_022799495.1	3684	3447.15	0	0
XM_022799496.1	3688	3451.15	0	0
XM_022799497.1	3665	3428.15	0	0
XM_022799498.1	2710	2473.15	0	0
XM_022799499.1	3678	3441.15	0	0
XM_022799500.1	2191	1954.15	0	0
XM_022799501.1	1951	1714.15	0	0
XM_022799502.1	2407	2170.15	0	0
XM_022799503.1	2378	2141.15	0	0
XM_022799504.1	2326	2089.15	0	0
XM_022799505.1	2226	1989.15	0	0
XM_022799506.1	5624	5387.15	0	0
XM_022799507.1	2486	2249.15	0	0
XM_022799508.1	2171	1934.15	0	0
XM_022799509.1	2121	1884.15	0	0
XM_022799510.1	1550	1313.15	0	0
XM_022799511.1	6027	5790.15	0	0
XM_022799512.1	5951	5714.15	0	0
XM_022799513.1	8453	8216.15	0	0
XM_022799514.1	15102	14865.1	0	0
XM_022799515.1	15301	15064.1	0	0
XM_022799516.1	13462	13225.1	0	0
XM_022799517.1	13359	13122.1	0	0
XM_022799518.1	15099	14862.1	0	0
XM_022799519.1	15096	14859.1	0	0
XM_022799520.1	11545	11308.1	0	0
XM_022799521.1	15524	15287.1	0	0
XM_022799522.1	13310	13073.1	0	0
XM_022799523.1	8401	8164.15	0	0
XM_022799524.1	12903	12666.1	0	0
XM_022799525.1	12906	12669.1	0	0
XM_022799526.1	12899	12662.1	0	0
XM_022799527.1	14848	14611.1	0	0
XM_022799528.1	14644	14407.1	0	0
XM_022799529.1	4620	4383.15	0	0
XM_022799530.1	4136	3899.15	0	0
XM_022799531.1	2302	2065.15	0	0
XM_022799532.1	2307	2070.15	0	0
XM_022799533.1	7760	7523.15	0	0
XM_022799534.1	1653	1416.15	0	0
XM_022799535.1	3687	3450.15	0	0
XM_022799536.1	3796	3559.15	0	0
XM_022799537.1	3767	3530.15	0	0
XM_022799538.1	2536	2299.15	0	0
XM_022799539.1	1917	1680.15	0	0
XM_022799540.1	4185	3948.15	0	0
XM_022799541.1	13153	12916.1	0	0
XM_022799542.1	501	277.795	0	0
XM_022799543.1	1246	1009.15	0	0
XM_022799544.1	4382	4145.15	0	0
XM_022799545.1	4173	3936.15	0	0
XM_022799546.1	4293	4056.15	0	0
XM_022799547.1	4379	4142.15	0	0
XM_022799548.1	4328	4091.15	0	0
XM_022799549.1	8250	8013.15	0	0
XM_022799550.1	4187	3950.15	0	0
XM_022799551.1	4226	3989.15	0	0
XM_022799552.1	3991	3754.15	0	0
XM_022799553.1	3233	2996.15	0	0
XM_022799554.1	3159	2922.15	0	0
XM_022799555.1	3170	2933.15	0	0
XM_022799556.1	4035	3798.15	0	0
XM_022799557.1	3021	2784.15	0	0
XM_022799558.1	2814	2577.15	0	0
XM_022799559.1	7812	7575.15	0	0
XM_022799560.1	1367	1130.15	0	0
XM_022799561.1	7292	7055.15	0	0
XM_022799562.1	3650	3413.15	0	0
XM_022799563.1	3684	3447.15	0	0
XM_022799564.1	3735	3498.15	0	0
XM_022799565.1	1798	1561.15	0	0
XM_022799566.1	517	291.827	0	0
XM_022799567.1	1811	1574.15	0	0
XM_022799568.1	7240	7003.15	0	0
XM_022799569.1	883	646.786	0	0
XM_022799570.1	2309	2072.15	0	0
XM_022799571.1	1888	1651.15	0	0
XM_022799572.1	3544	3307.15	0	0
XM_022799573.1	3318	3081.15	0	0
XM_022799574.1	3324	3087.15	0	0
XM_022799575.1	3863	3626.15	0	0
XM_022799576.1	2261	2024.15	0	0
XM_022799577.1	8266	8029.15	0	0
XM_022799578.1	2352	2115.15	0	0
XM_022799579.1	4440	4203.15	0	0
XM_022799580.1	2626	2389.15	0	0
XM_022799581.1	3531	3294.15	0	0
XM_022799582.1	4670	4433.15	0	0
XM_022799583.1	4499	4262.15	0	0
XM_022799584.1	4487	4250.15	0	0
XM_022799585.1	3844	3607.15	0	0
XM_022799586.1	3718	3481.15	0	0
XM_022799587.1	4120	3883.15	0	0
XM_022799588.1	3810	3573.15	0	0
XM_022799589.1	3797	3560.15	0	0
XM_022799590.1	1991	1754.15	0	0
XM_022799591.1	3926	3689.15	0	0
XM_022799592.1	4265	4028.15	0	0
XM_022799593.1	4722	4485.15	0	0
XM_022799594.1	4111	3874.15	0	0
XM_022799595.1	3899	3662.15	0	0
XM_022799596.1	3820	3583.15	0	0
XM_022799597.1	3738	3501.15	0	0
XM_022799598.1	4047	3810.15	0	0
XM_022799599.1	3787	3550.15	0	0
XM_022799600.1	3995	3758.15	0	0
XM_022799601.1	3954	3717.15	0	0
XM_022799602.1	5554	5317.15	0	0
XM_022799603.1	3584	3347.15	0	0
XM_022799604.1	3426	3189.15	0	0
XM_022799605.1	3428	3191.15	0	0
XM_022799606.1	719	484.425	0	0
XM_022799607.1	3429	3192.15	0	0
XM_022799608.1	3254	3017.15	0	0
XM_022799609.1	1202	965.148	0	0
XM_022799610.1	2908	2671.15	0	0
XM_022799611.1	3362	3125.15	0	0
XM_022799612.1	2876	2639.15	0	0
XM_022799613.1	2254	2017.15	0	0
XM_022799614.1	1027	790.148	0	0
XM_022799615.1	4456	4219.15	0	0
XM_022799616.1	1614	1377.15	0	0
XM_022799617.1	1849	1612.15	0	0
XM_022799618.1	1804	1567.15	0	0
XM_022799619.1	1678	1441.15	0	0
XM_022799620.1	1596	1359.15	0	0
XM_022799621.1	2439	2202.15	0	0
XM_022799622.1	4383	4146.15	0	0
XM_022799623.1	2529	2292.15	0	0
XM_022799624.1	955	718.37	0	0
XM_022799625.1	10286	10049.1	0	0
XM_022799626.1	10250	10013.1	0	0
XM_022799627.1	10243	10006.1	0	0
XM_022799628.1	9422	9185.15	0	0
XM_022799629.1	9227	8990.15	0	0
XM_022799630.1	9227	8990.15	0	0
XM_022799631.1	3274	3037.15	0	0
XM_022799632.1	2243	2006.15	0	0
XM_022799633.1	954	717.37	0	0
XM_022799634.1	607	375.303	0	0
XM_022799635.1	2897	2660.15	0	0
XM_022799636.1	2282	2045.15	0	0
XM_022799637.1	1378	1141.15	0	0
XM_022799638.1	1505	1268.15	0	0
XM_022799639.1	679	445.021	0	0
XM_022799640.1	4530	4293.15	0	0
XM_022799641.1	993	756.224	0	0
XM_022799642.1	4353	4116.15	0	0
XM_022799643.1	4238	4001.15	0	0
XM_022799644.1	4127	3890.15	0	0
XM_022799645.1	3842	3605.15	0	0
XM_022799646.1	1371	1134.15	0	0
XM_022799647.1	1348	1111.15	0	0
XM_022799648.1	1983	1746.15	0	0
XM_022799649.1	1702	1465.15	0	0
XM_022799650.1	1734	1497.15	0	0
XM_022799651.1	1137	900.148	0	0
XM_022799652.1	1499	1262.15	0	0
XM_022799653.1	1283	1046.15	0	0
XM_022799654.1	5602	5365.15	0	0
XM_022799655.1	1245	1008.15	0	0
XM_022799656.1	1134	897.148	0	0
XM_022799657.1	1085	848.148	0	0
XM_022799658.1	1032	795.148	0	0
XM_022799659.1	2791	2554.15	0	0
XM_022799660.1	2764	2527.15	0	0
XM_022799661.1	3476	3239.15	0	0
XM_022799662.1	6991	6754.15	0	0
XM_022799663.1	2540	2303.15	0	0
XM_022799664.1	1679	1442.15	0	0
XM_022799665.1	4151	3914.15	0	0
XM_022799666.1	14232	13995.1	0	0
XM_022799667.1	4383	4146.15	0	0
XM_022799668.1	2239	2002.15	0	0
XM_022799669.1	3419	3182.15	0	0
XM_022799670.1	3416	3179.15	0	0
XM_022799671.1	1170	933.148	0	0
XM_022799672.1	14144	13907.1	0	0
XM_022799673.1	2725	2488.15	0	0
XM_022799674.1	2784	2547.15	0	0
XM_022799675.1	2969	2732.15	0	0
XM_022799676.1	10936	10699.1	0	0
XM_022799677.1	6017	5780.15	0	0
XM_022799678.1	6195	5958.15	0	0
XM_022799679.1	5871	5634.15	6.23212	0.202001
XM_022799680.1	2124	1887.15	0	0
XM_022799681.1	1883	1646.15	0	0
XM_022799682.1	3844	3607.15	0	0
XM_022799683.1	4795	4558.15	0	0
XM_022799684.1	4499	4262.15	0	0
XM_022799685.1	4503	4266.15	0	0
XM_022799686.1	4474	4237.15	0	0
XM_022799687.1	11085	10848.1	0	0
XM_022799688.1	4772	4535.15	0	0
XM_022799689.1	4620	4383.15	0	0
XM_022799690.1	1852	1615.15	0	0
XM_022799691.1	886	649.786	0	0
XM_022799692.1	1801	1564.15	0	0
XM_022799693.1	2458	2221.15	0	0
XM_022799694.1	4328	4091.15	0	0
XM_022799695.1	2542	2305.15	0	0
XM_022799696.1	2711	2474.15	0	0
XM_022799697.1	2705	2468.15	0	0
XM_022799698.1	2539	2302.15	0	0
XM_022799699.1	2662	2425.15	0	0
XM_022799700.1	4670	4433.15	0	0
XM_022799701.1	10701	10464.1	0	0
XM_022799702.1	720	485.425	0	0
XM_022799703.1	2662	2425.15	0	0
XM_022799704.1	2666	2429.15	0	0
XM_022799705.1	2777	2540.15	0	0
XM_022799706.1	2607	2370.15	0	0
XM_022799707.1	2722	2485.15	0	0
XM_022799708.1	2611	2374.15	0	0
XM_022799709.1	14208	13971.1	0	0
XM_022799710.1	2045	1808.15	0	0
XM_022799711.1	3929	3692.15	0	0
XM_022799712.1	1921	1684.15	0	0
XM_022799713.1	1669	1432.15	0	0
XM_022799714.1	2854	2617.15	0	0
XM_022799715.1	4961	4724.15	0	0
XM_022799716.1	13754	13517.1	0	0
XM_022799717.1	3353	3116.15	0	0
XM_022799718.1	5026	4789.15	0	0
XM_022799719.1	4767	4530.15	0	0
XM_022799720.1	4035	3798.15	0	0
XM_022799721.1	2238	2001.15	0	0
XM_022799722.1	5074	4837.15	0	0
XM_022799723.1	1693	1456.15	0	0
XM_022799724.1	12589	12352.1	1.56806	0.0231828
XM_022799725.1	9202	8965.15	0	0
XM_022799726.1	1333	1096.15	0	0
XM_022799727.1	827	591.162	0	0
XM_022799728.1	775	539.607	0	0
XM_022799729.1	885	648.786	0	0
XM_022799730.1	2890	2653.15	0	0
XM_022799731.1	3252	3015.15	0	0
XM_022799732.1	3246	3009.15	0	0
XM_022799733.1	3243	3006.15	0	0
XM_022799734.1	4374	4137.15	0	0
XM_022799735.1	3233	2996.15	0	0
XM_022799736.1	3201	2964.15	0	0
XM_022799737.1	1565	1328.15	0	0
XM_022799738.1	774	538.607	0	0
XM_022799739.1	2586	2349.15	0	0
XM_022799740.1	2583	2346.15	0	0
XM_022799741.1	2553	2316.15	0	0
XM_022799742.1	2658	2421.15	0	0
XM_022799743.1	2494	2257.15	0	0
XM_022799744.1	4528	4291.15	0	0
XM_022799745.1	1934	1697.15	0	0
XM_022799746.1	1841	1604.15	0	0
XM_022799747.1	1865	1628.15	0	0
XM_022799748.1	1738	1501.15	0	0
XM_022799749.1	2881	2644.15	0	0
XM_022799750.1	2902	2665.15	0	0
XM_022799751.1	2298	2061.15	0	0
XM_022799752.1	2034	1797.15	0	0
XM_022799753.1	4396	4159.15	0	0
XM_022799754.1	1835	1598.15	0	0
XM_022799755.1	1767	1530.15	0	0
XM_022799756.1	3125	2888.15	0	0
XM_022799757.1	3004	2767.15	0	0
XM_022799758.1	904	667.72	0	0
XM_022799759.1	845	609.102	0	0
XM_022799760.1	2753	2516.15	0	0
XM_022799761.1	1097	860.148	0	0
XM_022799762.1	4376	4139.15	0	0
XM_022799763.1	832	596.102	0	0
XM_022799764.1	1315	1078.15	0	0
XM_022799765.1	1314	1077.15	0	0
XM_022799766.1	1289	1052.15	0	0
XM_022799767.1	3014	2777.15	0	0
XM_022799768.1	3440	3203.15	0	0
XM_022799769.1	4484	4247.15	0	0
XM_022799770.1	2913	2676.15	0	0
XM_022799771.1	3672	3435.15	0	0
XM_022799772.1	2947	2710.15	0	0
XM_022799773.1	2934	2697.15	0	0
XM_022799774.1	2487	2250.15	0	0
XM_022799775.1	2469	2232.15	0	0
XM_022799776.1	3422	3185.15	0	0
XM_022799777.1	912	675.72	0	0
XM_022799778.1	3225	2988.15	0	0
XM_022799779.1	836	600.102	0	0
XM_022799780.1	4346	4109.15	0	0
XM_022799781.1	5403	5166.15	0	0
XM_022799782.1	3527	3290.15	0	0
XM_022799783.1	4044	3807.15	0	0
XM_022799784.1	2008	1771.15	0	0
XM_022799785.1	1882	1645.15	0	0
XM_022799786.1	1867	1630.15	0	0
XM_022799787.1	1849	1612.15	0	0
XM_022799788.1	1693	1456.15	0	0
XM_022799789.1	3650	3413.15	0	0
XM_022799790.1	1758	1521.15	0	0
XM_022799791.1	927	690.652	0	0
XM_022799792.1	1636	1399.15	0	0
XM_022799793.1	14035	13798.1	0	0
XM_022799794.1	13867	13630.1	0	0
XM_022799795.1	4326	4089.15	0	0
XM_022799796.1	14383	14146.1	0	0
XM_022799797.1	5536	5299.15	0	0
XM_022799798.1	2189	1952.15	0	0
XM_022799799.1	2223	1986.15	0	0
XM_022799800.1	2196	1959.15	0	0
XM_022799801.1	2179	1942.15	0	0
XM_022799802.1	3214	2977.15	0	0
XM_022799803.1	3471	3234.15	0	0
XM_022799804.1	3630	3393.15	0	0
XM_022799805.1	3177	2940.15	0	0
XM_022799806.1	3193	2956.15	0	0
XM_022799807.1	3093	2856.15	0	0
XM_022799808.1	3162	2925.15	0	0
XM_022799809.1	1105	868.148	0	0
XM_022799810.1	817	581.162	0	0
XM_022799811.1	2687	2450.15	0	0
XM_022799812.1	2842	2605.15	0	0
XM_022799813.1	4222	3985.15	0	0
XM_022799814.1	1078	841.148	0	0
XM_022799815.1	5698	5461.15	0	0
XM_022799816.1	5695	5458.15	0	0
XM_022799817.1	5870	5633.15	0	0
XM_022799818.1	7324	7087.15	0	0
XM_022799819.1	7416	7179.15	0	0
XM_022799820.1	7495	7258.15	0	0
XM_022799821.1	7144	6907.15	0	0
XM_022799822.1	3530	3293.15	0	0
XM_022799823.1	5962	5725.15	0	0
XM_022799824.1	5779	5542.15	0	0
XM_022799825.1	6523	6286.15	0	0
XM_022799826.1	5222	4985.15	0	0
XM_022799827.1	5487	5250.15	0	0
XM_022799828.1	4684	4447.15	0	0
XM_022799829.1	4584	4347.15	0	0
XM_022799830.1	4683	4446.15	0	0
XM_022799831.1	4836	4599.15	0	0
XM_022799832.1	4515	4278.15	0	0
XM_022799833.1	747	511.974	0	0
XM_022799834.1	707	472.425	0	0
XM_022799835.1	434	221.728	0	0
XM_022799836.1	1101	864.148	0	0
XM_022799837.1	3354	3117.15	0	0
XM_022799838.1	3376	3139.15	0	0
XM_022799839.1	4047	3810.15	0	0
XM_022799840.1	3321	3084.15	0	0
XM_022799841.1	3158	2921.15	0	0
XM_022799842.1	1168	931.148	0	0
XM_022799843.1	2407	2170.15	0	0
XM_022799844.1	2338	2101.15	0	0
XM_022799845.1	3997	3760.15	0	0
XM_022799846.1	1748	1511.15	0	0
XM_022799847.1	1999	1762.15	0	0
XM_022799848.1	3921	3684.15	0	0
XM_022799849.1	3867	3630.15	0	0
XM_022799850.1	3769	3532.15	0	0
XM_022799851.1	3912	3675.15	0	0
XM_022799852.1	3684	3447.15	0	0
XM_022799853.1	3673	3436.15	0	0
XM_022799854.1	997	760.148	0	0
XM_022799855.1	4128	3891.15	0	0
XM_022799856.1	1053	816.148	0	0
XM_022799857.1	4522	4285.15	0	0
XM_022799858.1	3025	2788.15	0	0
XM_022799859.1	1372	1135.15	0	0
XM_022799860.1	6969	6732.15	0	0
XM_022799861.1	8689	8452.15	0	0
XM_022799862.1	5956	5719.15	0	0
XM_022799863.1	3402	3165.15	0	0
XM_022799864.1	6781	6544.15	0	0
XM_022799865.1	2482	2245.15	0	0
XM_022799866.1	2479	2242.15	0	0
XM_022799867.1	1774	1537.15	0	0
XM_022799868.1	4066	3829.15	0	0
XM_022799869.1	1494	1257.15	0	0
XM_022799870.1	1289	1052.15	0	0
XM_022799871.1	3484	3247.15	0	0
XM_022799872.1	3410	3173.15	0	0
XM_022799873.1	3254	3017.15	0	0
XM_022799874.1	1398	1161.15	0	0
XM_022799875.1	1423	1186.15	0	0
XM_022799876.1	1465	1228.15	0	0
XM_022799877.1	2026	1789.15	0	0
XM_022799878.1	2180	1943.15	0	0
XM_022799879.1	2139	1902.15	0	0
XM_022799880.1	2265	2028.15	0	0
XM_022799881.1	1998	1761.15	0	0
XM_022799882.1	2939	2702.15	0	0
XM_022799883.1	1062	825.148	0	0
XM_022799884.1	3456	3219.15	0	0
XM_022799885.1	2306	2069.15	0	0
XM_022799886.1	950	713.441	0	0
XM_022799887.1	2740	2503.15	0	0
XM_022799888.1	2737	2500.15	0	0
XM_022799889.1	2153	1916.15	0	0
XM_022799890.1	1531	1294.15	0	0
XM_022799891.1	981	744.224	0	0
XM_022799892.1	978	741.224	0	0
XM_022799893.1	861	624.978	0	0
XM_022799894.1	1510	1273.15	0	0
XM_022799895.1	1447	1210.15	0	0
XM_022799896.1	1337	1100.15	0	0
XM_022799897.1	1911	1674.15	0	0
XM_022799898.1	3795	3558.15	0	0
XM_022799899.1	3792	3555.15	0	0
XM_022799900.1	1353	1116.15	0	0
XM_022799901.1	1364	1127.15	0	0
XM_022799902.1	577	346.929	0	0
XM_022799903.1	624	391.496	0	0
XM_022799904.1	15183	14946.1	0	0
XM_022799905.1	1908	1671.15	0	0
XM_022799906.1	15086	14849.1	0	0
XM_022799907.1	15954	15717.1	0	0
XM_022799908.1	14596	14359.1	0	0
XM_022799909.1	16123	15886.1	0	0
XM_022799910.1	16119	15882.1	0	0
XM_022799911.1	13781	13544.1	0	0
XM_022799912.1	16116	15879.1	0	0
XM_022799913.1	16092	15855.1	0	0
XM_022799914.1	16080	15843.1	0	0
XM_022799915.1	11600	11363.1	0	0
XM_022799916.1	1779	1542.15	0	0
XM_022799917.1	3989	3752.15	0	0
XM_022799918.1	1240	1003.15	0	0
XM_022799919.1	1239	1002.15	0	0
XM_022799920.1	1926	1689.15	0	0
XM_022799921.1	2791	2554.15	0	0
XM_022799922.1	2764	2527.15	0	0
XM_022799923.1	2295	2058.15	0	0
XM_022799924.1	2283	2046.15	0	0
XM_022799925.1	1469	1232.15	0	0
XM_022799926.1	1458	1221.15	0	0
XM_022799927.1	3195	2958.15	0	0
XM_022799928.1	3357	3120.15	0	0
XM_022799929.1	2189	1952.15	0	0
XM_022799930.1	3326	3089.15	0	0
XM_022799931.1	3174	2937.15	0	0
XM_022799932.1	1763	1526.15	0	0
XM_022799933.1	2080	1843.15	0	0
XM_022799934.1	1428	1191.15	0	0
XM_022799935.1	1234	997.148	0	0
XM_022799936.1	952	715.37	0	0
XM_022799937.1	2852	2615.15	0	0
XM_022799938.1	2799	2562.15	0	0
XM_022799939.1	2566	2329.15	0	0
XM_022799940.1	2779	2542.15	0	0
XM_022799941.1	1283	1046.15	0	0
XM_022799942.1	8574	8337.15	0	0
XM_022799943.1	8282	8045.15	0	0
XM_022799944.1	9604	9367.15	0	0
XM_022799945.1	1334	1097.15	0	0
XM_022799946.1	7849	7612.15	0	0
XM_022799947.1	2768	2531.15	0	0
XM_022799948.1	2746	2509.15	0	0
XM_022799949.1	2606	2369.15	0	0
XM_022799950.1	2585	2348.15	0	0
XM_022799951.1	2591	2354.15	0	0
XM_022799952.1	2704	2467.15	0	0
XM_022799953.1	1876	1639.15	0	0
XM_022799954.1	1245	1008.15	0	0
XM_022799955.1	1149	912.148	0	0
XM_022799956.1	1789	1552.15	0	0
XM_022799957.1	1699	1462.15	0	0
XM_022799958.1	3219	2982.15	0	0
XM_022799959.1	3177	2940.15	0	0
XM_022799960.1	2749	2512.15	0	0
XM_022799961.1	2728	2491.15	0	0
XM_022799962.1	2617	2380.15	0	0
XM_022799963.1	1612	1375.15	0	0
XM_022799964.1	3017	2780.15	0	0
XM_022799965.1	3016	2779.15	0	0
XM_022799966.1	2939	2702.15	0	0
XM_022799967.1	3014	2777.15	0	0
XM_022799968.1	2118	1881.15	0	0
XM_022799969.1	2641	2404.15	0	0
XM_022799970.1	1934	1697.15	0	0
XM_022799971.1	1687	1450.15	0	0
XM_022799972.1	1695	1458.15	0	0
XM_022799973.1	1211	974.148	0	0
XM_022799974.1	1478	1241.15	0	0
XM_022799975.1	3800	3563.15	0	0
XM_022799976.1	4337	4100.15	0	0
XM_022799977.1	3886	3649.15	0	0
XM_022799978.1	3877	3640.15	0	0
XM_022799979.1	4557	4320.15	0	0
XM_022799980.1	4447	4210.15	0	0
XM_022799981.1	4052	3815.15	0	0
XM_022799982.1	1205	968.148	0	0
XM_022799983.1	3778	3541.15	0	0
XM_022799984.1	2238	2001.15	0	0
XM_022799985.1	2192	1955.15	0	0
XM_022799986.1	2182	1945.15	0	0
XM_022799987.1	2342	2105.15	0	0
XM_022799988.1	1986	1749.15	0	0
XM_022799989.1	2339	2102.15	0	0
XM_022799990.1	2388	2151.15	0	0
XM_022799991.1	2251	2014.15	0	0
XM_022799992.1	2121	1884.15	0	0
XM_022799993.1	1277	1040.15	0	0
XM_022799994.1	1404	1167.15	0	0
XM_022799995.1	1372	1135.15	0	0
XM_022799996.1	2031	1794.15	0	0
XM_022799997.1	6387	6150.15	0	0
XM_022799998.1	1475	1238.15	0	0
XM_022799999.1	1603	1366.15	0	0
XM_022800000.1	1541	1304.15	0	0
XM_022800001.1	1125	888.148	0	0
XM_022800002.1	3150	2913.15	0	0
XM_022800003.1	5396	5159.15	0	0
XM_022800004.1	6809	6572.15	0	0
XM_022800005.1	6339	6102.15	0	0
XM_022800006.1	2821	2584.15	0	0
XM_022800007.1	817	581.162	0	0
XM_022800008.1	845	609.102	0	0
XM_022800009.1	837	601.102	0	0
XM_022800010.1	962	725.297	0	0
XM_022800011.1	876	639.915	0	0
XM_022800012.1	1529	1292.15	0	0
XM_022800013.1	4207	3970.15	0	0
XM_022800014.1	1068	831.148	0	0
XM_022800015.1	6164	5927.15	0	0
XM_022800016.1	3380	3143.15	0	0
XM_022800017.1	6066	5829.15	0	0
XM_022800018.1	5955	5718.15	0	0
XM_022800019.1	5976	5739.15	0	0
XM_022800020.1	5557	5320.15	0	0
XM_022800021.1	4372	4135.15	8.59243	0.379465
XM_022800022.1	6262	6025.15	0	0
XM_022800023.1	2653	2416.15	0	0
XM_022800024.1	2343	2106.15	0	0
XM_022800025.1	1477	1240.15	0	0
XM_022800026.1	809	573.277	0	0
XM_022800027.1	3618	3381.15	0	0
XM_022800028.1	1313	1076.15	0	0
XM_022800029.1	877	640.915	0	0
XM_022800030.1	820	584.162	0	0
XM_022800031.1	8565	8328.15	0	0
XM_022800032.1	8457	8220.15	0	0
XM_022800033.1	8751	8514.15	0	0
XM_022800034.1	9020	8783.15	0	0
XM_022800035.1	9014	8777.15	0	0
XM_022800036.1	9018	8781.15	0	0
XM_022800037.1	4936	4699.15	0	0
XM_022800038.1	2071	1834.15	0	0
XM_022800039.1	2965	2728.15	0	0
XM_022800040.1	2781	2544.15	0	0
XM_022800041.1	3192	2955.15	0	0
XM_022800042.1	3290	3053.15	0	0
XM_022800043.1	2978	2741.15	0	0
XM_022800044.1	3138	2901.15	0	0
XM_022800045.1	2978	2741.15	0	0
XM_022800046.1	481	260.402	0	0
XM_022800047.1	521	295.404	0	0
XM_022800048.1	626	393.456	0	0
XM_022800049.1	561	331.688	0	0
XM_022800050.1	2153	1916.15	0	0
XM_022800051.1	2063	1826.15	0	0
XM_022800052.1	11368	11131.1	0	0
XM_022800053.1	11326	11089.1	0	0
XM_022800054.1	11320	11083.1	0	0
XM_022800055.1	11190	10953.1	0	0
XM_022800056.1	11170	10933.1	0	0
XM_022800057.1	9384	9147.15	0	0
XM_022800058.1	8860	8623.15	0	0
XM_022800059.1	4666	4429.15	0	0
XM_022800060.1	4525	4288.15	0	0
XM_022800061.1	4340	4103.15	0	0
XM_022800062.1	4596	4359.15	0	0
XM_022800063.1	4484	4247.15	0	0
XM_022800064.1	4131	3894.15	0	0
XM_022800065.1	4403	4166.15	0	0
XM_022800066.1	9275	9038.15	0	0
XM_022800067.1	11106	10869.1	0	0
XM_022800068.1	6910	6673.15	0	0
XM_022800069.1	3875	3638.15	0	0
XM_022800070.1	3723	3486.15	0	0
XM_022800071.1	2045	1808.15	0	0
XM_022800072.1	2167	1930.15	0	0
XM_022800073.1	3232	2995.15	0	0
XM_022800074.1	1338	1101.15	0	0
XM_022800075.1	1458	1221.15	0	0
XM_022800076.1	2023	1786.15	0	0
XM_022800077.1	3764	3527.15	0	0
XM_022800078.1	2075	1838.15	0	0
XM_022800079.1	4855	4618.15	0	0
XM_022800080.1	8780	8543.15	0	0
XM_022800081.1	8774	8537.15	0	0
XM_022800082.1	8765	8528.15	0	0
XM_022800083.1	6787	6550.15	0	0
XM_022800084.1	5974	5737.15	0	0
XM_022800085.1	5957	5720.15	0	0
XM_022800086.1	6766	6529.15	0	0
XM_022800087.1	5387	5150.15	0	0
XM_022800088.1	5663	5426.15	0	0
XM_022800089.1	3696	3459.15	0	0
XM_022800090.1	4512	4275.15	0	0
XM_022800091.1	4624	4387.15	0	0
XM_022800092.1	5366	5129.15	0	0
XM_022800093.1	1308	1071.15	0	0
XM_022800094.1	1448	1211.15	0	0
XM_022800095.1	1353	1116.15	0	0
XM_022800096.1	1303	1066.15	0	0
XM_022800097.1	1214	977.148	0	0
XM_022800098.1	1198	961.148	0	0
XM_022800099.1	1160	923.148	0	0
XM_022800100.1	844	608.102	0	0
XM_022800101.1	2015	1778.15	0	0
XM_022800102.1	1964	1727.15	0	0
XM_022800103.1	635	402.216	0	0
XM_022800104.1	4841	4604.15	0	0
XM_022800105.1	5334	5097.15	0	0
XM_022800106.1	4785	4548.15	0	0
XM_022800107.1	4797	4560.15	0	0
XM_022800108.1	4789	4552.15	0	0
XM_022800109.1	5235	4998.15	0	0
XM_022800110.1	4690	4453.15	0	0
XM_022800111.1	2195	1958.15	0	0
XM_022800112.1	4575	4338.15	0	0
XM_022800113.1	4730	4493.15	0	0
XM_022800114.1	4384	4147.15	0	0
XM_022800115.1	4230	3993.15	0	0
XM_022800116.1	4590	4353.15	0	0
XM_022800117.1	2021	1784.15	0	0
XM_022800118.1	13379	13142.1	0	0
XM_022800119.1	7406	7169.15	0	0
XM_022800120.1	13225	12988.1	0	0
XM_022800121.1	6389	6152.15	0	0
XM_022800122.1	11536	11299.1	0	0
XM_022800123.1	11524	11287.1	0	0
XM_022800124.1	13376	13139.1	0	0
XM_022800125.1	7630	7393.15	0	0
XM_022800126.1	5563	5326.15	0	0
XM_022800127.1	6571	6334.15	0	0
XM_022800128.1	7635	7398.15	0	0
XM_022800129.1	5923	5686.15	0	0
XM_022800130.1	19683	19446.1	0	0
XM_022800131.1	17168	16931.1	0	0
XM_022800132.1	2026	1789.15	0	0
XM_022800133.1	1417	1180.15	0	0
XM_022800134.1	1366	1129.15	0	0
XM_022800135.1	2474	2237.15	0	0
XM_022800136.1	1937	1700.15	0	0
XM_022800137.1	1929	1692.15	0	0
XM_022800138.1	1637	1400.15	0	0
XM_022800139.1	1646	1409.15	0	0
XM_022800140.1	1629	1392.15	0	0
XM_022800141.1	7107	6870.15	0	0
XM_022800142.1	3267	3030.15	0	0
XM_022800143.1	4057	3820.15	0	0
XM_022800144.1	3816	3579.15	0	0
XM_022800145.1	1679	1442.15	0	0
XM_022800146.1	1693	1456.15	0	0
XM_022800147.1	1213	976.148	0	0
XM_022800148.1	1225	988.148	0	0
XM_022800149.1	1149	912.148	0	0
XM_022800150.1	1086	849.148	0	0
XM_022800151.1	1102	865.148	0	0
XM_022800152.1	3186	2949.15	0	0
XM_022800153.1	1168	931.148	0	0
XM_022800154.1	1116	879.148	0	0
XM_022800155.1	1041	804.148	0	0
XM_022800156.1	880	643.851	0	0
XM_022800157.1	1936	1699.15	0	0
XM_022800158.1	6510	6273.15	1.85296	0.0539418
XM_022800159.1	5012	4775.15	0	0
XM_022800160.1	3983	3746.15	0	0
XM_022800161.1	3241	3004.15	0	0
XM_022800162.1	4779	4542.15	0	0
XM_022800163.1	4226	3989.15	0	0
XM_022800164.1	3988	3751.15	0	0
XM_022800165.1	4122	3885.15	0	0
XM_022800166.1	4438	4201.15	0	0
XM_022800167.1	3050	2813.15	0	0
XM_022800168.1	3460	3223.15	0	0
XM_022800169.1	3147	2910.15	0	0
XM_022800170.1	3076	2839.15	0	0
XM_022800171.1	2704	2467.15	0	0
XM_022800172.1	4559	4322.15	0	0
XM_022800173.1	4352	4115.15	0	0
XM_022800174.1	4330	4093.15	0	0
XM_022800175.1	4125	3888.15	0	0
XM_022800176.1	4131	3894.15	0	0
XM_022800177.1	11744	11507.1	0	0
XM_022800178.1	11596	11359.1	0	0
XM_022800179.1	3201	2964.15	0	0
XM_022800180.1	9152	8915.15	0	0
XM_022800181.1	9199	8962.15	0	0
XM_022800182.1	8171	7934.15	0	0
XM_022800183.1	8153	7916.15	0	0
XM_022800184.1	7825	7588.15	0	0
XM_022800185.1	3496	3259.15	0	0
XM_022800186.1	3326	3089.15	0	0
XM_022800187.1	3423	3186.15	0	0
XM_022800188.1	2652	2415.15	0	0
XM_022800189.1	2663	2426.15	0	0
XM_022800190.1	2981	2744.15	0	0
XM_022800191.1	1985	1748.15	0	0
XM_022800192.1	2212	1975.15	0	0
XM_022800193.1	2359	2122.15	0	0
XM_022800194.1	2221	1984.15	0	0
XM_022800195.1	1944	1707.15	0	0
XM_022800196.1	1889	1652.15	0	0
XM_022800197.1	1850	1613.15	0	0
XM_022800198.1	1868	1631.15	0	0
XM_022800199.1	3210	2973.15	0	0
XM_022800200.1	1841	1604.15	0	0
XM_022800201.1	1835	1598.15	0	0
XM_022800202.1	1149	912.148	0	0
XM_022800203.1	4010	3773.15	0	0
XM_022800204.1	3532	3295.15	0	0
XM_022800205.1	3508	3271.15	0	0
XM_022800206.1	1565	1328.15	0	0
XM_022800207.1	1591	1354.15	0	0
XM_022800208.1	1549	1312.15	0	0
XM_022800209.1	689	454.75	0	0
XM_022800210.1	862	625.978	0	0
XM_022800211.1	676	442.199	0	0
XM_022800212.1	1668	1431.15	0	0
XM_022800213.1	12266	12029.1	0	0
XM_022800214.1	8835	8598.15	0	0
XM_022800215.1	3395	3158.15	0	0
XM_022800216.1	3919	3682.15	0	0
XM_022800217.1	4677	4440.15	0	0
XM_022800218.1	4664	4427.15	0	0
XM_022800219.1	2120	1883.15	0	0
XM_022800220.1	3012	2775.15	0	0
XM_022800221.1	2687	2450.15	0	0
XM_022800222.1	2590	2353.15	0	0
XM_022800223.1	2662	2425.15	0	0
XM_022800224.1	2845	2608.15	0	0
XM_022800225.1	2547	2310.15	0	0
XM_022800226.1	2559	2322.15	0	0
XM_022800227.1	3172	2935.15	0	0
XM_022800228.1	2997	2760.15	0	0
XM_022800229.1	2999	2762.15	0	0
XM_022800230.1	2872	2635.15	0	0
XM_022800231.1	2870	2633.15	0	0
XM_022800232.1	3742	3505.15	0	0
XM_022800233.1	3125	2888.15	0	0
XM_022800234.1	2747	2510.15	0	0
XM_022800235.1	2691	2454.15	0	0
XM_022800236.1	31403	31166.1	0	0
XM_022800237.1	2662	2425.15	0	0
XM_022800238.1	2561	2324.15	0	0
XM_022800239.1	3089	2852.15	0	0
XM_022800240.1	3052	2815.15	0	0
XM_022800241.1	2802	2565.15	0	0
XM_022800242.1	2975	2738.15	0	0
XM_022800243.1	2938	2701.15	0	0
XM_022800244.1	1908	1671.15	0	0
XM_022800245.1	31325	31088.1	0	0
XM_022800246.1	3323	3086.15	0	0
XM_022800247.1	3480	3243.15	0	0
XM_022800248.1	3290	3053.15	0	0
XM_022800249.1	3275	3038.15	0	0
XM_022800250.1	3357	3120.15	0	0
XM_022800251.1	2025	1788.15	0	0
XM_022800252.1	3671	3434.15	0	0
XM_022800253.1	3496	3259.15	0	0
XM_022800254.1	3280	3043.15	0	0
XM_022800255.1	3263	3026.15	0	0
XM_022800256.1	3230	2993.15	0	0
XM_022800257.1	31313	31076.1	0	0
XM_022800258.1	2354	2117.15	0	0
XM_022800259.1	2357	2120.15	0	0
XM_022800260.1	2298	2061.15	0	0
XM_022800261.1	4018	3781.15	0	0
XM_022800262.1	2356	2119.15	0	0
XM_022800263.1	2037	1800.15	0	0
XM_022800264.1	2358	2121.15	0	0
XM_022800265.1	892	655.786	0	0
XM_022800266.1	31315	31078.1	0	0
XM_022800267.1	839	603.102	0	0
XM_022800268.1	830	594.102	0	0
XM_022800269.1	779	543.553	0	0
XM_022800270.1	638	405.175	0	0
XM_022800271.1	620	387.575	0	0
XM_022800272.1	4140	3903.15	0	0
XM_022800273.1	4264	4027.15	0	0
XM_022800274.1	5057	4820.15	0	0
XM_022800275.1	3990	3753.15	0	0
XM_022800276.1	3969	3732.15	0	0
XM_022800277.1	3618	3381.15	0	0
XM_022800278.1	4959	4722.15	0	0
XM_022800279.1	6334	6097.15	0	0
XM_022800280.1	3199	2962.15	0	0
XM_022800281.1	5741	5504.15	0	0
XM_022800282.1	5695	5458.15	0	0
XM_022800283.1	2291	2054.15	0	0
XM_022800284.1	1924	1687.15	0	0
XM_022800285.1	4036	3799.15	0	0
XM_022800286.1	1989	1752.15	0	0
XM_022800287.1	4303	4066.15	0	0
XM_022800288.1	6655	6418.15	0	0
XM_022800289.1	4052	3815.15	0	0
XM_022800290.1	1302	1065.15	0	0
XM_022800291.1	1365	1128.15	0	0
XM_022800292.1	3744	3507.15	0	0
XM_022800293.1	6355	6118.15	0	0
XM_022800294.1	4165	3928.15	0	0
XM_022800295.1	6685	6448.15	0	0
XM_022800296.1	5080	4843.15	0	0
XM_022800297.1	2312	2075.15	0	0
XM_022800298.1	4997	4760.15	0	0
XM_022800299.1	5365	5128.15	0	0
XM_022800300.1	2144	1907.15	0	0
XM_022800301.1	2250	2013.15	0	0
XM_022800302.1	5277	5040.15	0	0
XM_022800303.1	5274	5037.15	0	0
XM_022800304.1	5046	4809.15	0	0
XM_022800305.1	4897	4660.15	0	0
XM_022800306.1	4870	4633.15	0	0
XM_022800307.1	4953	4716.15	0	0
XM_022800308.1	4895	4658.15	0	0
XM_022800309.1	5066	4829.15	0	0
XM_022800310.1	4926	4689.15	0	0
XM_022800311.1	5122	4885.15	0	0
XM_022800312.1	1997	1760.15	0	0
XM_022800313.1	4868	4631.15	0	0
XM_022800314.1	4864	4627.15	0	0
XM_022800315.1	5064	4827.15	0	0
XM_022800316.1	4909	4672.15	0	0
XM_022800317.1	4958	4721.15	0	0
XM_022800318.1	4932	4695.15	0	0
XM_022800319.1	4682	4445.15	0	0
XM_022800320.1	1393	1156.15	0	0
XM_022800321.1	956	719.37	0	0
XM_022800322.1	4692	4455.15	0	0
XM_022800323.1	4793	4556.15	0	0
XM_022800324.1	4448	4211.15	0	0
XM_022800325.1	4040	3803.15	0	0
XM_022800326.1	3757	3520.15	0	0
XM_022800327.1	1832	1595.15	0	0
XM_022800328.1	1794	1557.15	0	0
XM_022800329.1	1620	1383.15	0	0
XM_022800330.1	1505	1268.15	0	0
XM_022800331.1	3056	2819.15	0	0
XM_022800332.1	1791	1554.15	0	0
XM_022800333.1	1590	1353.15	0	0
XM_022800334.1	1702	1465.15	0	0
XM_022800335.1	1507	1270.15	0	0
XM_022800336.1	5882	5645.15	0	0
XM_022800337.1	4710	4473.15	0	0
XM_022800338.1	4471	4234.15	0	0
XM_022800339.1	3661	3424.15	0	0
XM_022800340.1	9682	9445.15	0	0
XM_022800341.1	2891	2654.15	0	0
XM_022800342.1	970	733.297	0	0
XM_022800343.1	1277	1040.15	0	0
XM_022800344.1	1910	1673.15	0	0
XM_022800345.1	1284	1047.15	0	0
XM_022800346.1	2247	2010.15	0	0
XM_022800347.1	1299	1062.15	0	0
XM_022800348.1	955	718.37	0	0
XM_022800349.1	1711	1474.15	0	0
XM_022800350.1	4297	4060.15	0	0
XM_022800351.1	6438	6201.15	0	0
XM_022800352.1	3740	3503.15	0	0
XM_022800353.1	3927	3690.15	0	0
XM_022800354.1	4771	4534.15	0	0
XM_022800355.1	4979	4742.15	0	0
XM_022800356.1	4570	4333.15	0	0
XM_022800357.1	4557	4320.15	0	0
XM_022800358.1	4560	4323.15	0	0
XM_022800359.1	4450	4213.15	0	0
XM_022800360.1	4686	4449.15	0	0
XM_022800361.1	2346	2109.15	0	0
XM_022800362.1	1668	1431.15	0	0
XM_022800363.1	3827	3590.15	0	0
XM_022800364.1	5422	5185.15	0	0
XM_022800365.1	5416	5179.15	0	0
XM_022800366.1	1410	1173.15	0	0
XM_022800367.1	3790	3553.15	0	0
XM_022800368.1	3756	3519.15	0	0
XM_022800369.1	3794	3557.15	0	0
XM_022800370.1	3666	3429.15	0	0
XM_022800371.1	3760	3523.15	0	0
XM_022800372.1	3724	3487.15	0	0
XM_022800373.1	4403	4166.15	0	0
XM_022800374.1	4413	4176.15	0	0
XM_022800375.1	2572	2335.15	0	0
XM_022800376.1	2159	1922.15	0	0
XM_022800377.1	2695	2458.15	0	0
XM_022800378.1	4530	4293.15	0	0
XM_022800379.1	4609	4372.15	0	0
XM_022800380.1	4465	4228.15	0	0
XM_022800381.1	4157	3920.15	0	0
XM_022800382.1	11691	11454.1	0	0
XM_022800383.1	11623	11386.1	0	0
XM_022800384.1	10357	10120.1	0	0
XM_022800385.1	2380	2143.15	0	0
XM_022800386.1	10853	10616.1	0	0
XM_022800387.1	10261	10024.1	0	0
XM_022800388.1	10871	10634.1	0	0
XM_022800389.1	10375	10138.1	0	0
XM_022800390.1	5591	5354.15	0	0
XM_022800391.1	5533	5296.15	0	0
XM_022800392.1	10615	10378.1	0	0
XM_022800393.1	10242	10005.1	0	0
XM_022800394.1	2244	2007.15	0	0
XM_022800395.1	1900	1663.15	0	0
XM_022800396.1	1746	1509.15	0	0
XM_022800397.1	2020	1783.15	0	0
XM_022800398.1	2015	1778.15	0	0
XM_022800399.1	4435	4198.15	0	0
XM_022800400.1	1983	1746.15	0	0
XM_022800401.1	2006	1769.15	0	0
XM_022800402.1	1803	1566.15	0	0
XM_022800403.1	1671	1434.15	0	0
XM_022800404.1	1752	1515.15	0	0
XM_022800405.1	1931	1694.15	0	0
XM_022800406.1	1739	1502.15	0	0
XM_022800407.1	1705	1468.15	0	0
XM_022800408.1	1480	1243.15	0	0
XM_022800409.1	5493	5256.15	0	0
XM_022800410.1	4561	4324.15	0	0
XM_022800411.1	2785	2548.15	0	0
XM_022800412.1	4473	4236.15	0	0
XM_022800413.1	5630	5393.15	0	0
XM_022800414.1	3966	3729.15	0	0
XM_022800415.1	2406	2169.15	0	0
XM_022800416.1	2513	2276.15	0	0
XM_022800417.1	1180	943.148	0	0
XM_022800418.1	1313	1076.15	0	0
XM_022800419.1	1970	1733.15	0	0
XM_022800420.1	3705	3468.15	0	0
XM_022800421.1	1334	1097.15	0	0
XM_022800422.1	3218	2981.15	0	0
XM_022800423.1	3398	3161.15	0	0
XM_022800424.1	1637	1400.15	0	0
XM_022800425.1	1821	1584.15	0	0
XM_022800426.1	2085	1848.15	0	0
XM_022800427.1	1894	1657.15	0	0
XM_022800428.1	2112	1875.15	0	0
XM_022800429.1	1865	1628.15	0	0
XM_022800430.1	1161	924.148	0	0
XM_022800431.1	7168	6931.15	0	0
XM_022800432.1	1327	1090.15	0	0
XM_022800433.1	3788	3551.15	0	0
XM_022800434.1	3593	3356.15	0	0
XM_022800435.1	6609	6372.15	0	0
XM_022800436.1	4736	4499.15	0	0
XM_022800437.1	2647	2410.15	0	0
XM_022800438.1	5022	4785.15	0	0
XM_022800439.1	8009	7772.15	0	0
XM_022800440.1	7904	7667.15	0	0
XM_022800441.1	7636	7399.15	0	0
XM_022800442.1	10290	10053.1	0	0
XM_022800443.1	9963	9726.15	0	0
XM_022800444.1	7980	7743.15	0	0
XM_022800445.1	5277	5040.15	0	0
XM_022800446.1	7992	7755.15	0	0
XM_022800447.1	5033	4796.15	0	0
XM_022800448.1	6139	5902.15	0	0
XM_022800449.1	5129	4892.15	0	0
XM_022800450.1	5274	5037.15	0	0
XM_022800451.1	4559	4322.15	0	0
XM_022800452.1	3650	3413.15	0	0
XM_022800453.1	3868	3631.15	0	0
XM_022800454.1	3800	3563.15	0	0
XM_022800455.1	4971	4734.15	0	0
XM_022800456.1	2785	2548.15	0	0
XM_022800457.1	2789	2552.15	0	0
XM_022800458.1	4906	4669.15	0	0
XM_022800459.1	4284	4047.15	0	0
XM_022800460.1	3903	3666.15	0	0
XM_022800461.1	4779	4542.15	0	0
XM_022800462.1	3251	3014.15	0	0
XM_022800463.1	3015	2778.15	0	0
XM_022800464.1	2970	2733.15	0	0
XM_022800465.1	2934	2697.15	0	0
XM_022800466.1	2715	2478.15	0	0
XM_022800467.1	1304	1067.15	0	0
XM_022800468.1	1268	1031.15	0	0
XM_022800469.1	4871	4634.15	0	0
XM_022800470.1	3038	2801.15	0	0
XM_022800471.1	4132	3895.15	0	0
XM_022800472.1	3848	3611.15	0	0
XM_022800473.1	4160	3923.15	0	0
XM_022800474.1	3791	3554.15	0.00164585	8.45673e-05
XM_022800475.1	1496	1259.15	0	0
XM_022800476.1	8690	8453.15	0	0
XM_022800477.1	2543	2306.15	0	0
XM_022800478.1	2251	2014.15	0	0
XM_022800479.1	1656	1419.15	0	0
XM_022800480.1	1757	1520.15	0	0
XM_022800481.1	1762	1525.15	0	0
XM_022800482.1	1733	1496.15	0	0
XM_022800483.1	1757	1520.15	0	0
XM_022800484.1	1793	1556.15	0	0
XM_022800485.1	1643	1406.15	0	0
XM_022800486.1	1752	1515.15	0	0
XM_022800487.1	3024	2787.15	0	0
XM_022800488.1	933	696.652	0	0
XM_022800489.1	973	736.297	0	0
XM_022800490.1	1528	1291.15	0	0
XM_022800491.1	1406	1169.15	0	0
XM_022800492.1	1148	911.148	0	0
XM_022800493.1	820	584.162	0	0
XM_022800494.1	677	443.11	0	0
XM_022800495.1	1056	819.148	0	0
XM_022800496.1	2866	2629.15	0	0
XM_022800497.1	2695	2458.15	0	0
XM_022800498.1	5440	5203.15	0	0
XM_022800499.1	5437	5200.15	0	0
XM_022800500.1	5428	5191.15	0	0
XM_022800501.1	5240	5003.15	0	0
XM_022800502.1	5044	4807.15	0	0
XM_022800503.1	7343	7106.15	0	0
XM_022800504.1	6737	6500.15	0	0
XM_022800505.1	7340	7103.15	0	0
XM_022800506.1	6314	6077.15	0	0
XM_022800507.1	4924	4687.15	0	0
XM_022800508.1	2995	2758.15	0	0
XM_022800509.1	5161	4924.15	0	0
XM_022800510.1	1651	1414.15	0	0
XM_022800511.1	4898	4661.15	0	0
XM_022800512.1	2583	2346.15	0	0
XM_022800513.1	2467	2230.15	0	0
XM_022800514.1	5193	4956.15	0	0
XM_022800515.1	5312	5075.15	0	0
XM_022800516.1	5102	4865.15	0	0
XM_022800517.1	4853	4616.15	0	0
XM_022800518.1	5614	5377.15	0	0
XM_022800519.1	5043	4806.15	0	0
XM_022800520.1	4820	4583.15	0	0
XM_022800521.1	3118	2881.15	0	0
XM_022800522.1	3173	2936.15	0	0
XM_022800523.1	7524	7287.15	0	0
XM_022800524.1	2167	1930.15	0	0
XM_022800525.1	4972	4735.15	0	0
XM_022800526.1	3082	2845.15	0	0
XM_022800527.1	9967	9730.15	0	0
XM_022800528.1	9956	9719.15	0	0
XM_022800529.1	9946	9709.15	0	0
XM_022800530.1	6365	6128.15	0	0
XM_022800531.1	5650	5413.15	0	0
XM_022800532.1	2113	1876.15	0	0
XM_022800533.1	2134	1897.15	0	0
XM_022800534.1	1651	1414.15	0	0
XM_022800535.1	3569	3332.15	0	0
XM_022800536.1	3392	3155.15	0	0
XM_022800537.1	4117	3880.15	0	0
XM_022800538.1	2794	2557.15	0	0
XM_022800539.1	3242	3005.15	0	0
XM_022800540.1	2105	1868.15	0	0
XM_022800541.1	2134	1897.15	0	0
XM_022800542.1	2165	1928.15	0	0
XM_022800543.1	2282	2045.15	0	0
XM_022800544.1	2279	2042.15	0	0
XM_022800545.1	1914	1677.15	0	0
XM_022800546.1	2597	2360.15	0	0
XM_022800547.1	2538	2301.15	0	0
XM_022800548.1	2488	2251.15	0	0
XM_022800549.1	2134	1897.15	0	0
XM_022800550.1	2655	2418.15	0	0
XM_022800551.1	859	623.04	0	0
XM_022800552.1	794	558.277	0	0
XM_022800553.1	634	401.216	0	0
XM_022800554.1	7327	7090.15	0	0
XM_022800555.1	7214	6977.15	0	0
XM_022800556.1	3987	3750.15	0	0
XM_022800557.1	1482	1245.15	0	0
XM_022800558.1	4854	4617.15	0	0
XM_022800559.1	2195	1958.15	0	0
XM_022800560.1	6431	6194.15	0	0
XM_022800561.1	6272	6035.15	0	0
XM_022800562.1	3622	3385.15	0	0
XM_022800563.1	3124	2887.15	0	0
XM_022800564.1	3085	2848.15	0	0
XM_022800565.1	2944	2707.15	0	0
XM_022800566.1	2979	2742.15	0	0
XM_022800567.1	1380	1143.15	0	0
XM_022800568.1	1088	851.148	0	0
XM_022800569.1	2095	1858.15	0	0
XM_022800570.1	842	606.102	0	0
XM_022800571.1	9614	9377.15	0	0
XM_022800572.1	9611	9374.15	0	0
XM_022800573.1	9431	9194.15	0	0
XM_022800574.1	5486	5249.15	0	0
XM_022800575.1	4486	4249.15	0	0
XM_022800576.1	4228	3991.15	0	0
XM_022800577.1	4255	4018.15	0	0
XM_022800578.1	4094	3857.15	0	0
XM_022800579.1	6444	6207.15	0	0
XM_022800580.1	767	531.607	0	0
XM_022800581.1	3499	3262.15	0	0
XM_022800582.1	6252	6015.15	0	0
XM_022800583.1	6372	6135.15	0	0
XM_022800584.1	6095	5858.15	0	0
XM_022800585.1	6156	5919.15	0	0
XM_022800586.1	6571	6334.15	0	0
XM_022800587.1	6564	6327.15	0	0
XM_022800588.1	2741	2504.15	0	0
XM_022800589.1	6429	6192.15	0	0
XM_022800590.1	5512	5275.15	0	0
XM_022800591.1	4992	4755.15	0	0
XM_022800592.1	5445	5208.15	0	0
XM_022800593.1	5442	5205.15	0	0
XM_022800594.1	5002	4765.15	0	0
XM_022800595.1	5118	4881.15	0	0
XM_022800596.1	4775	4538.15	0	0
XM_022800597.1	768	532.607	0	0
XM_022800598.1	3161	2924.15	0	0
XM_022800599.1	3119	2882.15	0	0
XM_022800600.1	2820	2583.15	0	0
XM_022800601.1	2608	2371.15	0	0
XM_022800602.1	2508	2271.15	0	0
XM_022800603.1	3276	3039.15	0	0
XM_022800604.1	3331	3094.15	0	0
XM_022800605.1	1803	1566.15	0	0
XM_022800606.1	1768	1531.15	0	0
XM_022800607.1	1543	1306.15	0	0
XM_022800608.1	14454	14217.1	0	0
XM_022800609.1	9509	9272.15	0	0
XM_022800610.1	13969	13732.1	0	0
XM_022800611.1	13954	13717.1	0	0
XM_022800612.1	14125	13888.1	0	0
XM_022800613.1	14110	13873.1	0	0
XM_022800614.1	13899	13662.1	0	0
XM_022800615.1	14245	14008.1	0	0
XM_022800616.1	12183	11946.1	0	0
XM_022800617.1	6498	6261.15	0	0
XM_022800618.1	5178	4941.15	0	0
XM_022800619.1	8560	8323.15	0	0
XM_022800620.1	4712	4475.15	0	0
XM_022800621.1	4325	4088.15	0	0
XM_022800622.1	2805	2568.15	0	0
XM_022800623.1	3263	3026.15	0	0
XM_022800624.1	2808	2571.15	0	0
XM_022800625.1	2773	2536.15	0	0
XM_022800626.1	2133	1896.15	0	0
XM_022800627.1	1963	1726.15	0	0
XM_022800628.1	8912	8675.15	0	0
XM_022800629.1	8461	8224.15	0	0
XM_022800630.1	7830	7593.15	0	0
XM_022800631.1	6042	5805.15	0	0
XM_022800632.1	5318	5081.15	0	0
XM_022800633.1	5539	5302.15	0	0
XM_022800634.1	5453	5216.15	0	0
XM_022800635.1	5807	5570.15	0	0
XM_022800636.1	4788	4551.15	0	0
XM_022800637.1	4605	4368.15	0	0
XM_022800638.1	4554	4317.15	0	0
XM_022800639.1	8501	8264.15	0	0
XM_022800640.1	4608	4371.15	0	0
XM_022800641.1	4148	3911.15	0	0
XM_022800642.1	4173	3936.15	0	0
XM_022800643.1	3949	3712.15	0	0
XM_022800644.1	1501	1264.15	0	0
XM_022800645.1	594	362.675	0	0
XM_022800646.1	915	678.72	0	0
XM_022800647.1	7377	7140.15	0	0
XM_022800648.1	4843	4606.15	0	0
XM_022800649.1	7551	7314.15	0	0
XM_022800650.1	7800	7563.15	0	0
XM_022800651.1	7498	7261.15	0	0
XM_022800652.1	7453	7216.15	0	0
XM_022800653.1	7302	7065.15	0	0
XM_022800654.1	7423	7186.15	0	0
XM_022800655.1	4435	4198.15	0	0
XM_022800656.1	4282	4045.15	0	0
XM_022800657.1	4364	4127.15	0	0
XM_022800658.1	1688	1451.15	0	0
XM_022800659.1	7452	7215.15	0	0
XM_022800660.1	2867	2630.15	0	0
XM_022800661.1	2414	2177.15	0	0
XM_022800662.1	3164	2927.15	0	0
XM_022800663.1	3163	2926.15	0	0
XM_022800664.1	3146	2909.15	0	0
XM_022800665.1	3208	2971.15	0	0
XM_022800666.1	3151	2914.15	0	0
XM_022800667.1	3200	2963.15	0	0
XM_022800668.1	3156	2919.15	0	0
XM_022800669.1	7351	7114.15	0	0
XM_022800670.1	3495	3258.15	0	0
XM_022800671.1	3029	2792.15	0	0
XM_022800672.1	3028	2791.15	0	0
XM_022800673.1	3068	2831.15	0	0
XM_022800674.1	2972	2735.15	0	0
XM_022800675.1	1302	1065.15	0	0
XM_022800676.1	1393	1156.15	0	0
XM_022800677.1	1258	1021.15	0	0
XM_022800678.1	4490	4253.15	0	0
XM_022800679.1	4495	4258.15	0	0
XM_022800680.1	4446	4209.15	0	0
XM_022800681.1	4487	4250.15	0	0
XM_022800682.1	1990	1753.15	0	0
XM_022800683.1	3043	2806.15	0	0
XM_022800684.1	1258	1021.15	0	0
XM_022800685.1	1255	1018.15	0	0
XM_022800686.1	1228	991.148	0	0
XM_022800687.1	2003	1766.15	0	0
XM_022800688.1	1714	1477.15	0	0
XM_022800689.1	1677	1440.15	0	0
XM_022800690.1	2054	1817.15	0	0
XM_022800691.1	2991	2754.15	0	0
XM_022800692.1	1039	802.148	0	0
XM_022800693.1	1022	785.148	0	0
XM_022800694.1	2683	2446.15	0	0
XM_022800695.1	3427	3190.15	0	0
XM_022800696.1	3274	3037.15	0	0
XM_022800697.1	3247	3010.15	0	0
XM_022800698.1	3170	2933.15	0	0
XM_022800699.1	2889	2652.15	0	0
XM_022800700.1	2836	2599.15	0	0
XM_022800701.1	2834	2597.15	0	0
XM_022800702.1	2791	2554.15	0	0
XM_022800703.1	3529	3292.15	0	0
XM_022800704.1	2246	2009.15	0	0
XM_022800705.1	2010	1773.15	0	0
XM_022800706.1	852	616.102	0	0
XM_022800707.1	3800	3563.15	0	0
XM_022800708.1	9579	9342.15	0	0
XM_022800709.1	9358	9121.15	0	0
XM_022800710.1	7827	7590.15	0	0
XM_022800711.1	4417	4180.15	0	0
XM_022800712.1	7310	7073.15	0	0
XM_022800713.1	9576	9339.15	0	0
XM_022800714.1	4562	4325.15	0	0
XM_022800715.1	3637	3400.15	0	0
XM_022800716.1	8023	7786.15	0	0
XM_022800717.1	5690	5453.15	0	0
XM_022800718.1	583	352.361	0	0
XM_022800719.1	3619	3382.15	0	0
XM_022800720.1	5412	5175.15	0	0
XM_022800721.1	4783	4546.15	0	0
XM_022800722.1	3934	3697.15	0	0
XM_022800723.1	3805	3568.15	0	0
XM_022800724.1	3705	3468.15	0	0
XM_022800725.1	6264	6027.15	0	0
XM_022800726.1	3746	3509.15	0	0
XM_022800727.1	3756	3519.15	0	0
XM_022800728.1	3136	2899.15	0	0
XM_022800729.1	3055	2818.15	0	0
XM_022800730.1	2975	2738.15	0	0
XM_022800731.1	2461	2224.15	0	0
XM_022800732.1	2246	2009.15	0	0
XM_022800733.1	1728	1491.15	0	0
XM_022800734.1	1057	820.148	0	0
XM_022800735.1	5768	5531.15	0	0
XM_022800736.1	3855	3618.15	0	0
XM_022800737.1	4479	4242.15	0	0
XM_022800738.1	3774	3537.15	0	0
XM_022800739.1	6237	6000.15	0	0
XM_022800740.1	3062	2825.15	0	0
XM_022800741.1	3051	2814.15	0	0
XM_022800742.1	2846	2609.15	0	0
XM_022800743.1	5834	5597.15	0	0
XM_022800744.1	2790	2553.15	0	0
XM_022800745.1	2670	2433.15	0	0
XM_022800746.1	1631	1394.15	0	0
XM_022800747.1	1954	1717.15	0	0
XM_022800748.1	8112	7875.15	0	0
XM_022800749.1	1965	1728.15	0	0
XM_022800750.1	6161	5924.15	0	0
XM_022800751.1	7378	7141.15	0	0
XM_022800752.1	7720	7483.15	0	0
XM_022800753.1	5755	5518.15	0	0
XM_022800754.1	5817	5580.15	0	0
XM_022800755.1	5235	4998.15	0	0
XM_022800756.1	4772	4535.15	0	0
XM_022800757.1	7039	6802.15	0	0
XM_022800758.1	6979	6742.15	0	0
XM_022800759.1	6988	6751.15	0	0
XM_022800760.1	6451	6214.15	0	0
XM_022800761.1	6402	6165.15	0	0
XM_022800762.1	5813	5576.15	0	0
XM_022800763.1	1831	1594.15	0	0
XM_022800764.1	1705	1468.15	0	0
XM_022800765.1	1605	1368.15	0	0
XM_022800766.1	941	704.582	0	0
XM_022800767.1	1824	1587.15	0	0
XM_022800768.1	1435	1198.15	0	0
XM_022800769.1	4668	4431.15	0	0
XM_022800770.1	4539	4302.15	0	0
XM_022800771.1	4382	4145.15	0	0
XM_022800772.1	3213	2976.15	0	0
XM_022800773.1	3306	3069.15	0	0
XM_022800774.1	3093	2856.15	0	0
XM_022800775.1	2717	2480.15	0	0
XM_022800776.1	6273	6036.15	0	0
XM_022800777.1	3855	3618.15	0	0
XM_022800778.1	3615	3378.15	0	0
XM_022800779.1	2708	2471.15	0	0
XM_022800780.1	13356	13119.1	5.03318	0.0700621
XM_022800781.1	3930	3693.15	0	0
XM_022800782.1	3706	3469.15	0	0
XM_022800783.1	4324	4087.15	0	0
XM_022800784.1	3775	3538.15	0	0
XM_022800785.1	5139	4902.15	0	0
XM_022800786.1	2822	2585.15	0	0
XM_022800787.1	3736	3499.15	0	0
XM_022800788.1	1625	1388.15	0	0
XM_022800789.1	1511	1274.15	0	0
XM_022800790.1	5321	5084.15	0	0
XM_022800791.1	4958	4721.15	0	0
XM_022800792.1	4579	4342.15	0	0
XM_022800793.1	4524	4287.15	0	0
XM_022800794.1	5291	5054.15	0	0
XM_022800795.1	2125	1888.15	0	0
XM_022800796.1	1809	1572.15	0	0
XM_022800797.1	3123	2886.15	0	0
XM_022800798.1	9127	8890.15	0	0
XM_022800799.1	9124	8887.15	0	0
XM_022800800.1	8776	8539.15	0	0
XM_022800801.1	9118	8881.15	0	0
XM_022800802.1	8853	8616.15	0	0
XM_022800803.1	9037	8800.15	0	0
XM_022800804.1	14191	13954.1	0	0
XM_022800805.1	13794	13557.1	0	0
XM_022800806.1	1470	1233.15	0	0
XM_022800807.1	13121	12884.1	0	0
XM_022800808.1	12660	12423.1	0	0
XM_022800809.1	9723	9486.15	0	0
XM_022800810.1	8490	8253.15	0	0
XM_022800811.1	8489	8252.15	0	0
XM_022800812.1	2699	2462.15	0	0
XM_022800813.1	1590	1353.15	0	0
XM_022800814.1	2463	2226.15	0	0
XM_022800815.1	4917	4680.15	0	0
XM_022800816.1	6079	5842.15	0	0
XM_022800817.1	5809	5572.15	0	0
XM_022800818.1	1728	1491.15	0	0
XM_022800819.1	2930	2693.15	0	0
XM_022800820.1	2739	2502.15	0	0
XM_022800821.1	3193	2956.15	0	0
XM_022800822.1	2868	2631.15	0	0
XM_022800823.1	2848	2611.15	0	0
XM_022800824.1	1459	1222.15	0	0
XM_022800825.1	2728	2491.15	0	0
XM_022800826.1	3341	3104.15	0	0
XM_022800827.1	2622	2385.15	0	0
XM_022800828.1	3104	2867.15	0	0
XM_022800829.1	2668	2431.15	0	0
XM_022800830.1	2812	2575.15	0	0
XM_022800831.1	5241	5004.15	0	0
XM_022800832.1	2584	2347.15	0	0
XM_022800833.1	3047	2810.15	0	0
XM_022800834.1	2737	2500.15	0	0
XM_022800835.1	5813	5576.15	0	0
XM_022800836.1	2435	2198.15	0	0
XM_022800837.1	3839	3602.15	0	0
XM_022800838.1	3760	3523.15	0	0
XM_022800839.1	3681	3444.15	0	0
XM_022800840.1	3295	3058.15	0	0
XM_022800841.1	3124	2887.15	0	0
XM_022800842.1	2734	2497.15	0	0
XM_022800843.1	3228	2991.15	0	0
XM_022800844.1	3263	3026.15	0	0
XM_022800845.1	3329	3092.15	0	0
XM_022800846.1	3148	2911.15	0	0
XM_022800847.1	3152	2915.15	0	0
XM_022800848.1	3204	2967.15	0	0
XM_022800849.1	2820	2583.15	0	0
XM_022800850.1	2806	2569.15	0	0
XM_022800851.1	4122	3885.15	0	0
XM_022800852.1	4309	4072.15	0	0
XM_022800853.1	3336	3099.15	0	0
XM_022800854.1	4379	4142.15	0	0
XM_022800855.1	5262	5025.15	1.48301	0.0538942
XM_022800856.1	4378	4141.15	0	0
XM_022800857.1	3122	2885.15	0	0
XM_022800858.1	2702	2465.15	0	0
XM_022800859.1	2743	2506.15	0	0
XM_022800860.1	2573	2336.15	0	0
XM_022800861.1	1610	1373.15	0	0
XM_022800862.1	1609	1372.15	0	0
XM_022800863.1	1780	1543.15	0	0
XM_022800864.1	1768	1531.15	0	0
XM_022800865.1	2701	2464.15	0	0
XM_022800866.1	532	305.232	0	0
XM_022800867.1	6032	5795.15	0	0
XM_022800868.1	6145	5908.15	0	0
XM_022800869.1	5749	5512.15	0	0
XM_022800870.1	5894	5657.15	0	0
XM_022800871.1	5842	5605.15	0	0
XM_022800872.1	5561	5324.15	0	0
XM_022800873.1	5174	4937.15	0	0
XM_022800874.1	5483	5246.15	0	0
XM_022800875.1	5090	4853.15	0	0
XM_022800876.1	2747	2510.15	0	0
XM_022800877.1	4495	4258.15	0	0
XM_022800878.1	4597	4360.15	0	0
XM_022800879.1	3882	3645.15	0	0
XM_022800880.1	1795	1558.15	0	0
XM_022800881.1	1111	874.148	0	0
XM_022800882.1	2973	2736.15	0	0
XM_022800883.1	3022	2785.15	0	0
XM_022800884.1	2946	2709.15	0	0
XM_022800885.1	3723	3486.15	0	0
XM_022800886.1	2874	2637.15	0	0
XM_022800887.1	2805	2568.15	0	0
XM_022800888.1	2160	1923.15	0	0
XM_022800889.1	1861	1624.15	0	0
XM_022800890.1	2301	2064.15	0	0
XM_022800891.1	7983	7746.15	0	0
XM_022800892.1	1756	1519.15	0	0
XM_022800893.1	1563	1326.15	0	0
XM_022800894.1	2472	2235.15	0	0
XM_022800895.1	1998	1761.15	0	0
XM_022800896.1	4657	4420.15	0	0
XM_022800897.1	3162	2925.15	0	0
XM_022800898.1	4037	3800.15	0	0
XM_022800899.1	267	101.144	0	0
XM_022800900.1	4156	3919.15	0	0
XM_022800901.1	4638	4401.15	0	0
XM_022800902.1	4597	4360.15	0	0
XM_022800903.1	3721	3484.15	0	0
XM_022800904.1	3720	3483.15	0	0
XM_022800905.1	4553	4316.15	0	0
XM_022800906.1	4233	3996.15	0	0
XM_022800907.1	4384	4147.15	0	0
XM_022800908.1	769	533.607	0	0
XM_022800909.1	8152	7915.15	0	0
XM_022800910.1	4027	3790.15	0	0
XM_022800911.1	4704	4467.15	0	0
XM_022800912.1	4700	4463.15	0	0
XM_022800913.1	7249	7012.15	0	0
XM_022800914.1	7410	7173.15	0	0
XM_022800915.1	7078	6841.15	0	0
XM_022800916.1	7057	6820.15	0	0
XM_022800917.1	4007	3770.15	0	0
XM_022800918.1	3640	3403.15	0	0
XM_022800919.1	3904	3667.15	0	0
XM_022800920.1	3347	3110.15	0	0
XM_022800921.1	3020	2783.15	0	0
XM_022800922.1	3631	3394.15	0	0
XM_022800923.1	3300	3063.15	0	0
XM_022800924.1	6051	5814.15	0	0
XM_022800925.1	3336	3099.15	0	0
XM_022800926.1	4494	4257.15	0	0
XM_022800927.1	3188	2951.15	0	0
XM_022800928.1	10464	10227.1	0	0
XM_022800929.1	9611	9374.15	0	0
XM_022800930.1	8184	7947.15	0	0
XM_022800931.1	7925	7688.15	0	0
XM_022800932.1	3146	2909.15	0	0
XM_022800933.1	1940	1703.15	0	0
XM_022800934.1	6317	6080.15	0	0
XM_022800935.1	6058	5821.15	0	0
XM_022800936.1	5974	5737.15	0	0
XM_022800937.1	5963	5726.15	0	0
XM_022800938.1	5770	5533.15	0	0
XM_022800939.1	5413	5176.15	0	0
XM_022800940.1	5691	5454.15	0	0
XM_022800941.1	9585	9348.15	0	0
XM_022800942.1	9078	8841.15	0	0
XM_022800943.1	9237	9000.15	0	0
XM_022800944.1	9276	9039.15	0	0
XM_022800945.1	3949	3712.15	0	0
XM_022800946.1	5410	5173.15	0	0
XM_022800947.1	3768	3531.15	0	0
XM_022800948.1	4637	4400.15	0	0
XM_022800949.1	4986	4749.15	0	0
XM_022800950.1	5580	5343.15	0	0
XM_022800951.1	4324	4087.15	0	0
XM_022800952.1	1888	1651.15	0	0
XM_022800953.1	2922	2685.15	0	0
XM_022800954.1	5329	5092.15	0	0
XM_022800955.1	1657	1420.15	0	0
XM_022800956.1	1654	1417.15	0	0
XM_022800957.1	1701	1464.15	0	0
XM_022800958.1	5260	5023.15	0	0
XM_022800959.1	6821	6584.15	0	0
XM_022800960.1	3281	3044.15	0	0
XM_022800961.1	3175	2938.15	0	0
XM_022800962.1	3075	2838.15	0	0
XM_022800963.1	3176	2939.15	0	0
XM_022800964.1	3173	2936.15	0	0
XM_022800965.1	2990	2753.15	0	0
XM_022800966.1	5248	5011.15	0	0
XM_022800967.1	1412	1175.15	0	0
XM_022800968.1	1552	1315.15	0	0
XM_022800969.1	1238	1001.15	0	0
XM_022800970.1	1259	1022.15	0	0
XM_022800971.1	1253	1016.15	0	0
XM_022800972.1	1393	1156.15	0	0
XM_022800973.1	3449	3212.15	0	0
XM_022800974.1	3547	3310.15	0	0
XM_022800975.1	3260	3023.15	0	0
XM_022800976.1	3193	2956.15	0	0
XM_022800977.1	2649	2412.15	0	0
XM_022800978.1	2856	2619.15	0	0
XM_022800979.1	3579	3342.15	0	0
XM_022800980.1	5236	4999.15	0	0
XM_022800981.1	4946	4709.15	0	0
XM_022800982.1	4638	4401.15	0	0
XM_022800983.1	4410	4173.15	0	0
XM_022800984.1	4287	4050.15	0	0
XM_022800985.1	3881	3644.15	0	0
XM_022800986.1	4231	3994.15	0	0
XM_022800987.1	3552	3315.15	0	0
XM_022800988.1	3779	3542.15	0	0
XM_022800989.1	1727	1490.15	0	0
XM_022800990.1	3396	3159.15	0	0
XM_022800991.1	723	488.376	0	0
XM_022800992.1	584	353.218	0	0
XM_022800993.1	1762	1525.15	0	0
XM_022800994.1	5633	5396.15	0	0
XM_022800995.1	1869	1632.15	0	0
XM_022800996.1	1247	1010.15	0	0
XM_022800997.1	3653	3416.15	0	0
XM_022800998.1	2248	2011.15	0	0
XM_022800999.1	2245	2008.15	0	0
XM_022801000.1	2299	2062.15	0	0
XM_022801001.1	2329	2092.15	0	0
XM_022801002.1	2316	2079.15	0	0
XM_022801003.1	2647	2410.15	0	0
XM_022801004.1	1314	1077.15	0	0
XM_022801005.1	1296	1059.15	0	0
XM_022801006.1	1318	1081.15	0	0
XM_022801007.1	1190	953.148	0	0
XM_022801008.1	1149	912.148	0	0
XM_022801009.1	2169	1932.15	0	0
XM_022801010.1	3525	3288.15	0	0
XM_022801011.1	3449	3212.15	0	0
XM_022801012.1	2402	2165.15	0	0
XM_022801013.1	2769	2532.15	0	0
XM_022801014.1	2221	1984.15	0	0
XM_022801015.1	2366	2129.15	0	0
XM_022801016.1	1989	1752.15	0	0
XM_022801017.1	2035	1798.15	0	0
XM_022801018.1	3716	3479.15	0	0
XM_022801019.1	2380	2143.15	0	0
XM_022801020.1	2965	2728.15	0	0
XM_022801021.1	3261	3024.15	0	0
XM_022801022.1	2181	1944.15	0	0
XM_022801023.1	2058	1821.15	0	0
XM_022801024.1	2145	1908.15	0	0
XM_022801025.1	2045	1808.15	0	0
XM_022801026.1	3582	3345.15	0	0
XM_022801027.1	3531	3294.15	0	0
XM_022801028.1	1075	838.148	0	0
XM_022801029.1	6619	6382.15	0	0
XM_022801030.1	6457	6220.15	0	0
XM_022801031.1	6420	6183.15	0	0
XM_022801032.1	6052	5815.15	0	0
XM_022801033.1	5835	5598.15	0	0
XM_022801034.1	4731	4494.15	0	0
XM_022801035.1	5853	5616.15	0	0
XM_022801036.1	4688	4451.15	0	0
XM_022801037.1	3086	2849.15	0	0
XM_022801038.1	2912	2675.15	0	0
XM_022801039.1	3272	3035.15	0	0
XM_022801040.1	3482	3245.15	0	0
XM_022801041.1	3304	3067.15	0	0
XM_022801042.1	7164	6927.15	0	0
XM_022801043.1	3252	3015.15	0	0
XM_022801044.1	2887	2650.15	0	0
XM_022801045.1	3602	3365.15	0	0
XM_022801046.1	3950	3713.15	0	0
XM_022801047.1	3974	3737.15	0	0
XM_022801048.1	2497	2260.15	0	0
XM_022801049.1	1598	1361.15	0	0
XM_022801050.1	1602	1365.15	0	0
XM_022801051.1	1641	1404.15	0	0
XM_022801052.1	3927	3690.15	0	0
XM_022801053.1	3716	3479.15	0	0
XM_022801054.1	3700	3463.15	0	0
XM_022801055.1	3684	3447.15	0	0
XM_022801056.1	3962	3725.15	0	0
XM_022801057.1	3680	3443.15	0	0
XM_022801058.1	731	496.278	0	0
XM_022801059.1	2287	2050.15	0	0
XM_022801060.1	2390	2153.15	0	0
XM_022801061.1	1996	1759.15	0	0
XM_022801062.1	2005	1768.15	0	0
XM_022801063.1	2505	2268.15	0	0
XM_022801064.1	2594	2357.15	0	0
XM_022801065.1	5472	5235.15	0	0
XM_022801066.1	2927	2690.15	0	0
XM_022801067.1	7307	7070.15	0	0
XM_022801068.1	5303	5066.15	0	0
XM_022801069.1	3266	3029.15	0	0
XM_022801070.1	1942	1705.15	0	0
XM_022801071.1	1933	1696.15	0	0
XM_022801072.1	1892	1655.15	0	0
XM_022801073.1	1883	1646.15	0	0
XM_022801074.1	3227	2990.15	0	0
XM_022801075.1	1179	942.148	0	0
XM_022801076.1	1851	1614.15	0	0
XM_022801077.1	1769	1532.15	0	0
XM_022801078.1	3995	3758.15	0	0
XM_022801079.1	11823	11586.1	0	0
XM_022801080.1	3401	3164.15	0	0
XM_022801081.1	4446	4209.15	0	0
XM_022801082.1	3896	3659.15	0	0
XM_022801083.1	4299	4062.15	0	0
XM_022801084.1	6251	6014.15	0	0
XM_022801085.1	3217	2980.15	0	0
XM_022801086.1	3358	3121.15	0	0
XM_022801087.1	3150	2913.15	0	0
XM_022801088.1	3533	3296.15	0	0
XM_022801089.1	3263	3026.15	0	0
XM_022801090.1	2935	2698.15	0	0
XM_022801091.1	2880	2643.15	0	0
XM_022801092.1	2696	2459.15	0	0
XM_022801093.1	2637	2400.15	0	0
XM_022801094.1	874	637.915	0	0
XM_022801095.1	1537	1300.15	0	0
XM_022801096.1	1129	892.148	0	0
XM_022801097.1	2875	2638.15	0	0
XM_022801098.1	2857	2620.15	0	0
XM_022801099.1	5971	5734.15	0	0
XM_022801100.1	5962	5725.15	0	0
XM_022801101.1	3851	3614.15	0	0
XM_022801102.1	5911	5674.15	0	0
XM_022801103.1	5857	5620.15	0	0
XM_022801104.1	3343	3106.15	0	0
XM_022801105.1	3714	3477.15	0	0
XM_022801106.1	3824	3587.15	0	0
XM_022801107.1	3162	2925.15	0	0
XM_022801108.1	2482	2245.15	0	0
XM_022801109.1	2618	2381.15	0.226598	0.0173787
XM_022801110.1	9433	9196.15	0	0
XM_022801111.1	8798	8561.15	0	0
XM_022801112.1	9175	8938.15	0	0
XM_022801113.1	2931	2694.15	0	0
XM_022801114.1	1734	1497.15	0	0
XM_022801115.1	1834	1597.15	0	0
XM_022801116.1	1508	1271.15	0	0
XM_022801117.1	1560	1323.15	0	0
XM_022801118.1	2749	2512.15	0	0
XM_022801119.1	1631	1394.15	0	0
XM_022801120.1	5614	5377.15	0	0
XM_022801121.1	5691	5454.15	0	0
XM_022801122.1	693	458.704	0	0
XM_022801123.1	529	302.575	0	0
XM_022801124.1	552	323.12	0	0
XM_022801125.1	1656	1419.15	0	0
XM_022801126.1	2615	2378.15	0.786413	0.060389
XM_022801127.1	4104	3867.15	0	0
XM_022801128.1	4061	3824.15	0	0
XM_022801129.1	1973	1736.15	0	0
XM_022801130.1	1438	1201.15	0	0
XM_022801131.1	4446	4209.15	0	0
XM_022801132.1	4393	4156.15	0	0
XM_022801133.1	4358	4121.15	0	0
XM_022801134.1	4190	3953.15	0	0
XM_022801135.1	3513	3276.15	0	0
XM_022801136.1	5663	5426.15	0	0
XM_022801137.1	5272	5035.15	0	0
XM_022801138.1	4305	4068.15	0	0
XM_022801139.1	4102	3865.15	0	0
XM_022801140.1	4936	4699.15	0	0
XM_022801141.1	3591	3354.15	0	0
XM_022801142.1	7655	7418.15	0	0
XM_022801143.1	7629	7392.15	0	0
XM_022801144.1	5047	4810.15	0	0
XM_022801145.1	4316	4079.15	0	0
XM_022801146.1	7320	7083.15	0	0
XM_022801147.1	5604	5367.15	0	0
XM_022801148.1	2735	2498.15	1	0.0731018
XM_022801149.1	4668	4431.15	0	0
XM_022801150.1	5351	5114.15	0	0
XM_022801151.1	3337	3100.15	0	0
XM_022801152.1	3523	3286.15	0	0
XM_022801153.1	3311	3074.15	0	0
XM_022801154.1	3278	3041.15	0	0
XM_022801155.1	3331	3094.15	0	0
XM_022801156.1	4366	4129.15	0	0
XM_022801157.1	499	275.881	0	0
XM_022801158.1	6030	5793.15	0	0
XM_022801159.1	462	244.394	0	0
XM_022801160.1	2106	1869.15	0	0
XM_022801161.1	2321	2084.15	0	0
XM_022801162.1	2043	1806.15	0	0
XM_022801163.1	5091	4854.15	0	0
XM_022801164.1	1998	1761.15	0	0
XM_022801165.1	2810	2573.15	0	0
XM_022801166.1	2684	2447.15	0	0
XM_022801167.1	1470	1233.15	0	0
XM_022801168.1	2973	2736.15	0	0
XM_022801169.1	2972	2735.15	0	0
XM_022801170.1	2934	2697.15	0	0
XM_022801171.1	6742	6505.15	0	0
XM_022801172.1	5903	5666.15	0	0
XM_022801173.1	6707	6470.15	0	0
XM_022801174.1	8774	8537.15	0	0
XM_022801175.1	8761	8524.15	0	0
XM_022801176.1	4299	4062.15	0	0
XM_022801177.1	6838	6601.15	0	0
XM_022801178.1	5204	4967.15	0	0
XM_022801179.1	5023	4786.15	0	0
XM_022801180.1	5048	4811.15	0	0
XM_022801181.1	12848	12611.1	0	0
XM_022801182.1	12136	11899.1	0	0
XM_022801183.1	13091	12854.1	0	0
XM_022801184.1	5350	5113.15	0	0
XM_022801185.1	12067	11830.1	0	0
XM_022801186.1	4004	3767.15	0	0
XM_022801187.1	4937	4700.15	0	0
XM_022801188.1	4548	4311.15	0	0
XM_022801189.1	4500	4263.15	0	0
XM_022801190.1	4918	4681.15	0	0
XM_022801191.1	4888	4651.15	0	0
XM_022801192.1	3170	2933.15	0	0
XM_022801193.1	3571	3334.15	0	0
XM_022801194.1	3564	3327.15	0	0
XM_022801195.1	3818	3581.15	0	0
XM_022801196.1	5652	5415.15	0	0
XM_022801197.1	2513	2276.15	0	0
XM_022801198.1	2181	1944.15	0	0
XM_022801199.1	2075	1838.15	0	0
XM_022801200.1	2235	1998.15	0	0
XM_022801201.1	1738	1501.15	0	0
XM_022801202.1	1383	1146.15	0	0
XM_022801203.1	1128	891.148	0	0
XM_022801204.1	5657	5420.15	0	0
XM_022801205.1	5148	4911.15	0	0
XM_022801206.1	1119	882.148	0	0
XM_022801207.1	1288	1051.15	0	0
XM_022801208.1	1127	890.148	0	0
XM_022801209.1	21430	21193.1	0	0
XM_022801210.1	21418	21181.1	0	0
XM_022801211.1	4980	4743.15	0	0
XM_022801212.1	21373	21136.1	0	0
XM_022801213.1	21277	21040.1	0	0
XM_022801214.1	21229	20992.1	0	0
XM_022801215.1	21151	20914.1	0	0
XM_022801216.1	10592	10355.1	0	0
XM_022801217.1	10125	9888.15	0	0
XM_022801218.1	10386	10149.1	0	0
XM_022801219.1	9671	9434.15	0	0
XM_022801220.1	9193	8956.15	0	0
XM_022801221.1	10591	10354.1	0	0
XM_022801222.1	8069	7832.15	0	0
XM_022801223.1	1902	1665.15	0	0
XM_022801224.1	2159	1922.15	0	0
XM_022801225.1	2675	2438.15	0	0
XM_022801226.1	7168	6931.15	0	0
XM_022801227.1	3420	3183.15	0	0
XM_022801228.1	3500	3263.15	0	0
XM_022801229.1	1296	1059.15	0	0
XM_022801230.1	7335	7098.15	0	0
XM_022801231.1	7237	7000.15	0	0
XM_022801232.1	7134	6897.15	0	0
XM_022801233.1	7169	6932.15	0	0
XM_022801234.1	6968	6731.15	0	0
XM_022801235.1	6825	6588.15	0	0
XM_022801236.1	3320	3083.15	0	0
XM_022801237.1	3220	2983.15	0	0
XM_022801238.1	2004	1767.15	0	0
XM_022801239.1	1978	1741.15	0	0
XM_022801240.1	8037	7800.15	0	0
XM_022801241.1	9220	8983.15	0	0
XM_022801242.1	9343	9106.15	0	0
XM_022801243.1	8596	8359.15	0	0
XM_022801244.1	8475	8238.15	0	0
XM_022801245.1	8316	8079.15	0	0
XM_022801246.1	8232	7995.15	0	0
XM_022801247.1	8679	8442.15	0	0
XM_022801248.1	4203	3966.15	0	0
XM_022801249.1	1914	1677.15	0	0
XM_022801250.1	9181	8944.15	0	0
XM_022801251.1	8931	8694.15	0	0
XM_022801252.1	8089	7852.15	0	0
XM_022801253.1	3707	3470.15	0	0
XM_022801254.1	7773	7536.15	0	0
XM_022801255.1	7768	7531.15	0	0
XM_022801256.1	6123	5886.15	0	0
XM_022801257.1	7730	7493.15	0	0
XM_022801258.1	6118	5881.15	0	0
XM_022801259.1	1812	1575.15	0	0
XM_022801260.1	5863	5626.15	0	0
XM_022801261.1	5868	5631.15	0	0
XM_022801262.1	5796	5559.15	0	0
XM_022801263.1	5696	5459.15	0	0
XM_022801264.1	3898	3661.15	0	0
XM_022801265.1	3490	3253.15	0	0
XM_022801266.1	3276	3039.15	0	0
XM_022801267.1	3247	3010.15	0	0
XM_022801268.1	3327	3090.15	0	0
XM_022801269.1	1993	1756.15	0	0
XM_022801270.1	8219	7982.15	0	0
XM_022801271.1	8243	8006.15	0	0
XM_022801272.1	8186	7949.15	0	0
XM_022801273.1	7849	7612.15	0	0
XM_022801274.1	7946	7709.15	0	0
XM_022801275.1	7744	7507.15	0	0
XM_022801276.1	8081	7844.15	0	0
XM_022801277.1	2100	1863.15	0	0
XM_022801278.1	10547	10310.1	0	0
XM_022801279.1	10571	10334.1	0	0
XM_022801280.1	9133	8896.15	0	0
XM_022801281.1	8989	8752.15	0	0
XM_022801282.1	10352	10115.1	0	0
XM_022801283.1	1006	769.148	0	0
XM_022801284.1	3984	3747.15	0	0
XM_022801285.1	3012	2775.15	0	0
XM_022801286.1	3012	2775.15	0	0
XM_022801287.1	5309	5072.15	0	0
XM_022801288.1	5075	4838.15	0	0
XM_022801289.1	10602	10365.1	0	0
XM_022801290.1	10596	10359.1	0	0
XM_022801291.1	7462	7225.15	0	0
XM_022801292.1	4513	4276.15	0	0
XM_022801293.1	7560	7323.15	0	0
XM_022801294.1	6879	6642.15	0	0
XM_022801295.1	6723	6486.15	0	0
XM_022801296.1	6469	6232.15	0	0
XM_022801297.1	6955	6718.15	0	0
XM_022801298.1	5469	5232.15	0	0
XM_022801299.1	5458	5221.15	0	0
XM_022801300.1	5248	5011.15	0	0
XM_022801301.1	4742	4505.15	0	0
XM_022801302.1	4827	4590.15	0	0
XM_022801303.1	3552	3315.15	0	0
XM_022801304.1	3460	3223.15	0	0
XM_022801305.1	1839	1602.15	0	0
XM_022801306.1	1631	1394.15	0	0
XM_022801307.1	7609	7372.15	0	0
XM_022801308.1	1205	968.148	0	0
XM_022801309.1	13632	13395.1	0	0
XM_022801310.1	6460	6223.15	0	0
XM_022801311.1	5793	5556.15	0	0
XM_022801312.1	5657	5420.15	0	0
XM_022801313.1	2046	1809.15	0	0
XM_022801314.1	1433	1196.15	0	0
XM_022801315.1	2114	1877.15	0	0
XM_022801316.1	1626	1389.15	0	0
XM_022801317.1	2371	2134.15	0	0
XM_022801318.1	3791	3554.15	0	0
XM_022801319.1	1858	1621.15	0	0
XM_022801320.1	577	346.929	0	0
XM_022801321.1	644	411.011	0	0
XM_022801322.1	2536	2299.15	0	0
XM_022801323.1	1750	1513.15	0	0
XM_022801324.1	1606	1369.15	0	0
XM_022801325.1	1068	831.148	0	0
XM_022801326.1	2322	2085.15	0	0
XM_022801327.1	3745	3508.15	0	0
XM_022801328.1	2205	1968.15	0	0
XM_022801329.1	2226	1989.15	0	0
XM_022801330.1	2257	2020.15	0	0
XM_022801331.1	1131	894.148	0	0
XM_022801332.1	1133	896.148	0	0
XM_022801333.1	1134	897.148	0	0
XM_022801334.1	1152	915.148	0	0
XM_022801335.1	1139	902.148	0	0
XM_022801336.1	1137	900.148	0	0
XM_022801337.1	4404	4167.15	0	0
XM_022801338.1	4079	3842.15	0	0
XM_022801339.1	1046	809.148	0	0
XM_022801340.1	1241	1004.15	0	0
XM_022801341.1	1549	1312.15	0	0
XM_022801342.1	6836	6599.15	0	0
XM_022801343.1	6818	6581.15	0	0
XM_022801344.1	6740	6503.15	0	0
XM_022801345.1	3727	3490.15	0	0
XM_022801346.1	2782	2545.15	0	0
XM_022801347.1	1738	1501.15	0	0
XM_022801348.1	1612	1375.15	0	0
XM_022801349.1	1778	1541.15	0	0
XM_022801350.1	1600	1363.15	0	0
XM_022801351.1	4199	3962.15	0	0
XM_022801352.1	6870	6633.15	0	0
XM_022801353.1	7925	7688.15	0	0
XM_022801354.1	8453	8216.15	0	0
XM_022801355.1	4428	4191.15	0	0
XM_022801356.1	8111	7874.15	0	0
XM_022801357.1	8251	8014.15	0	0
XM_022801358.1	1921	1684.15	0	0
XM_022801359.1	2033	1796.15	0	0
XM_022801360.1	1901	1664.15	0	0
XM_022801361.1	2026	1789.15	0	0
XM_022801362.1	2053	1816.15	0	0
XM_022801363.1	1876	1639.15	0	0
XM_022801364.1	3905	3668.15	0	0
XM_022801365.1	1662	1425.15	0	0
XM_022801366.1	1714	1477.15	0	0
XM_022801367.1	1678	1441.15	0	0
XM_022801368.1	1279	1042.15	0	0
XM_022801369.1	2199	1962.15	0	0
XM_022801370.1	2234	1997.15	0	0
XM_022801371.1	1117	880.148	0	0
XM_022801372.1	1214	977.148	0	0
XM_022801373.1	597	365.527	0	0
XM_022801374.1	894	657.786	0	0
XM_022801375.1	549	320.48	0	0
XM_022801376.1	589	357.929	0	0
XM_022801377.1	889	652.786	0	0
XM_022801378.1	1873	1636.15	0	0
XM_022801379.1	684	449.977	0	0
XM_022801380.1	911	674.72	0	0
XM_022801381.1	589	357.929	0	0
XM_022801382.1	705	470.425	0	0
XM_022801383.1	7858	7621.15	0	0
XM_022801384.1	8017	7780.15	0	0
XM_022801385.1	12978	12741.1	0	0
XM_022801386.1	12806	12569.1	0	0
XM_022801387.1	6258	6021.15	0	0
XM_022801388.1	3302	3065.15	0	0
XM_022801389.1	7192	6955.15	0	0
XM_022801390.1	10375	10138.1	0	0
XM_022801391.1	5362	5125.15	0	0
XM_022801392.1	7210	6973.15	0	0
XM_022801393.1	6994	6757.15	0	0
XM_022801394.1	5362	5125.15	0	0
XM_022801395.1	1642	1405.15	0	0
XM_022801396.1	10252	10015.1	0	0
XM_022801397.1	573	343.139	0	0
XM_022801398.1	681	446.977	0	0
XM_022801399.1	697	462.612	0	0
XM_022801400.1	944	707.441	0	0
XM_022801401.1	6704	6467.15	0	0
XM_022801402.1	8846	8609.15	0	0
XM_022801403.1	6356	6119.15	0	0
XM_022801404.1	5646	5409.15	0	0
XM_022801405.1	3391	3154.15	0	0
XM_022801406.1	2544	2307.15	0	0
XM_022801407.1	3066	2829.15	0	0
XM_022801408.1	6686	6449.15	0	0
XM_022801409.1	8154	7917.15	0	0
XM_022801410.1	8739	8502.15	0	0
XM_022801411.1	9437	9200.15	0	0
XM_022801412.1	11118	10881.1	0	0
XM_022801413.1	9251	9014.15	0	0
XM_022801414.1	3158	2921.15	0	0
XM_022801415.1	3346	3109.15	0	0
XM_022801416.1	5372	5135.15	0	0
XM_022801417.1	6583	6346.15	0	0
XM_022801418.1	6528	6291.15	0	0
XM_022801419.1	6674	6437.15	0	0
XM_022801420.1	927	690.652	0	0
XM_022801421.1	4940	4703.15	0	0
XM_022801422.1	13136	12899.1	0	0
XM_022801423.1	8147	7910.15	0	0
XM_022801424.1	7245	7008.15	0	0
XM_022801425.1	12788	12551.1	0	0
XM_022801426.1	12587	12350.1	0	0
XM_022801427.1	6535	6298.15	0	0
XM_022801428.1	12659	12422.1	0	0
XM_022801429.1	4986	4749.15	0	0
XM_022801430.1	5130	4893.15	0	0
XM_022801431.1	3546	3309.15	0	0
XM_022801432.1	4616	4379.15	0	0
XM_022801433.1	3392	3155.15	0	0
XM_022801434.1	4350	4113.15	0	0
XM_022801435.1	5488	5251.15	0	0
XM_022801436.1	4143	3906.15	0	0
XM_022801437.1	5855	5618.15	0	0
XM_022801438.1	4119	3882.15	0	0
XM_022801439.1	3954	3717.15	0	0
XM_022801440.1	5086	4849.15	0	0
XM_022801441.1	4571	4334.15	0	0
XM_022801442.1	4928	4691.15	0	0
XM_022801443.1	4186	3949.15	0	0
XM_022801444.1	16349	16112.1	0	0
XM_022801445.1	4295	4058.15	0	0
XM_022801446.1	3980	3743.15	0	0
XM_022801447.1	3793	3556.15	0	0
XM_022801448.1	4932	4695.15	0	0
XM_022801449.1	3982	3745.15	0	0
XM_022801450.1	3719	3482.15	0	0
XM_022801451.1	3839	3602.15	0	0
XM_022801452.1	3741	3504.15	0	0
XM_022801453.1	3778	3541.15	0	0
XM_022801454.1	3777	3540.15	0	0
XM_022801455.1	4326	4089.15	0	0
XM_022801456.1	1629	1392.15	0	0
XM_022801457.1	3726	3489.15	0	0
XM_022801458.1	4519	4282.15	0	0
XM_022801459.1	5404	5167.15	0	0
XM_022801460.1	4947	4710.15	0	0
XM_022801461.1	5071	4834.15	0	0
XM_022801462.1	3572	3335.15	0	0
XM_022801463.1	9286	9049.15	0	0
XM_022801464.1	4121	3884.15	0	0
XM_022801465.1	3266	3029.15	0	0
XM_022801466.1	3457	3220.15	0	0
XM_022801467.1	2571	2334.15	0	0
XM_022801468.1	3589	3352.15	0	0
XM_022801469.1	4653	4416.15	0	0
XM_022801470.1	2993	2756.15	0	0
XM_022801471.1	3272	3035.15	0	0
XM_022801472.1	3028	2791.15	0	0
XM_022801473.1	2838	2601.15	0	0
XM_022801474.1	2130	1893.15	0	0
XM_022801475.1	2885	2648.15	0	0
XM_022801476.1	2411	2174.15	0	0
XM_022801477.1	2610	2373.15	0	0
XM_022801478.1	4042	3805.15	0	0
XM_022801479.1	2479	2242.15	0	0
XM_022801480.1	2422	2185.15	0	0
XM_022801481.1	2303	2066.15	0	0
XM_022801482.1	2324	2087.15	0	0
XM_022801483.1	2156	1919.15	0	0
XM_022801484.1	3452	3215.15	0	0
XM_022801485.1	4071	3834.15	0	0
XM_022801486.1	2466	2229.15	0	0
XM_022801487.1	3592	3355.15	0	0
XM_022801488.1	3042	2805.15	0	0
XM_022801489.1	2573	2336.15	0	0
XM_022801490.1	2478	2241.15	0	0
XM_022801491.1	2279	2042.15	0	0
XM_022801492.1	2406	2169.15	0	0
XM_022801493.1	2314	2077.15	0	0
XM_022801494.1	2119	1882.15	0	0
XM_022801495.1	2081	1844.15	0	0
XM_022801496.1	2291	2054.15	0	0
XM_022801497.1	2463	2226.15	0	0
XM_022801498.1	3539	3302.15	0	0
XM_022801499.1	4475	4238.15	0	0
XM_022801500.1	2401	2164.15	0	0
XM_022801501.1	1903	1666.15	0	0
XM_022801502.1	1622	1385.15	0	0
XM_022801503.1	1656	1419.15	0	0
XM_022801504.1	1354	1117.15	0	0
XM_022801505.1	3869	3632.15	0	0
XM_022801506.1	10295	10058.1	0	0
XM_022801507.1	2226	1989.15	0	0
XM_022801508.1	2172	1935.15	0	0
XM_022801509.1	2045	1808.15	0	0
XM_022801510.1	3108	2871.15	0	0
XM_022801511.1	2618	2381.15	0	0
XM_022801512.1	1647	1410.15	0	0
XM_022801513.1	4386	4149.15	0	0
XM_022801514.1	4454	4217.15	0	0
XM_022801515.1	1601	1364.15	0	0
XM_022801516.1	384	182.393	0	0
XM_022801517.1	2456	2219.15	0	0
XM_022801518.1	2304	2067.15	0	0
XM_022801519.1	3136	2899.15	0	0
XM_022801520.1	2427	2190.15	0	0
XM_022801521.1	2021	1784.15	0	0
XM_022801522.1	4456	4219.15	0	0
XM_022801523.1	5964	5727.15	0	0
XM_022801524.1	7206	6969.15	0	0
XM_022801525.1	6398	6161.15	0	0
XM_022801526.1	5651	5414.15	0	0
XM_022801527.1	3843	3606.15	0	0
XM_022801528.1	3101	2864.15	0	0
XM_022801529.1	5748	5511.15	0	0
XM_022801530.1	3667	3430.15	0	0
XM_022801531.1	1930	1693.15	0	0
XM_022801532.1	1369	1132.15	0	0
XM_022801533.1	1309	1072.15	0	0
XM_022801534.1	1036	799.148	0	0
XM_022801535.1	851	615.102	0	0
XM_022801536.1	4000	3763.15	0	0
XM_022801537.1	7544	7307.15	0	0
XM_022801538.1	3026	2789.15	0	0
XM_022801539.1	4321	4084.15	0	0
XM_022801540.1	5222	4985.15	0	0
XM_022801541.1	3018	2781.15	0	0
XM_022801542.1	4989	4752.15	0	0
XM_022801543.1	5239	5002.15	0	0
XM_022801544.1	4955	4718.15	0	0
XM_022801545.1	5204	4967.15	0	0
XM_022801546.1	3422	3185.15	0	0
XM_022801547.1	4727	4490.15	0	0
XM_022801548.1	3588	3351.15	0	0
XM_022801549.1	8967	8730.15	0	0
XM_022801550.1	2846	2609.15	0	0
XM_022801551.1	1730	1493.15	0	0
XM_022801552.1	1771	1534.15	0	0
XM_022801553.1	1740	1503.15	0	0
XM_022801554.1	1628	1391.15	0	0
XM_022801555.1	6050	5813.15	0	0
XM_022801556.1	7797	7560.15	0	0
XM_022801557.1	7461	7224.15	0	0
XM_022801558.1	5447	5210.15	0	0
XM_022801559.1	7196	6959.15	0	0
XM_022801560.1	6335	6098.15	0	0
XM_022801561.1	2588	2351.15	0	0
XM_022801562.1	5944	5707.15	0	0
XM_022801563.1	4080	3843.15	0	0
XM_022801564.1	4273	4036.15	0	0
XM_022801565.1	4498	4261.15	0	0
XM_022801566.1	2315	2078.15	0	0
XM_022801567.1	2514	2277.15	0	0
XM_022801568.1	16621	16384.1	0	0
XM_022801569.1	2154	1917.15	0	0
XM_022801570.1	5781	5544.15	0	0
XM_022801571.1	5764	5527.15	0	0
XM_022801572.1	5850	5613.15	0	0
XM_022801573.1	3610	3373.15	0	0
XM_022801574.1	3830	3593.15	0	0
XM_022801575.1	5415	5178.15	0	0
XM_022801576.1	8917	8680.15	0	0
XM_022801577.1	5519	5282.15	0	0
XM_022801578.1	3490	3253.15	0	0
XM_022801579.1	3516	3279.15	0	0
XM_022801580.1	2044	1807.15	0	0
XM_022801581.1	3763	3526.15	0	0
XM_022801582.1	5529	5292.15	0	0
XM_022801583.1	5319	5082.15	0	0
XM_022801584.1	3121	2884.15	0	0
XM_022801585.1	3322	3085.15	0	0
XM_022801586.1	3318	3081.15	0	0
XM_022801587.1	3646	3409.15	0	0
XM_022801588.1	3486	3249.15	0	0
XM_022801589.1	3356	3119.15	0	0
XM_022801590.1	3363	3126.15	0	0
XM_022801591.1	3337	3100.15	0	0
XM_022801592.1	4391	4154.15	0	0
XM_022801593.1	3316	3079.15	0	0
XM_022801594.1	3148	2911.15	0	0
XM_022801595.1	1917	1680.15	0	0
XM_022801596.1	1459	1222.15	0	0
XM_022801597.1	10410	10173.1	0	0
XM_022801598.1	10374	10137.1	0	0
XM_022801599.1	5678	5441.15	0	0
XM_022801600.1	728	493.327	0	0
XM_022801601.1	768	532.607	0	0
XM_022801602.1	2512	2275.15	0	0
XM_022801603.1	711	476.425	0	0
XM_022801604.1	4781	4544.15	0	0
XM_022801605.1	737	502.227	0	0
XM_022801606.1	1604	1367.15	0	0
XM_022801607.1	2008	1771.15	0	0
XM_022801608.1	3947	3710.15	0	0
XM_022801609.1	3472	3235.15	0	0
XM_022801610.1	3489	3252.15	0	0
XM_022801611.1	4349	4112.15	0	0
XM_022801612.1	2409	2172.15	0	0
XM_022801613.1	6447	6210.15	0	0
XM_022801614.1	6342	6105.15	0	0
XM_022801615.1	6859	6622.15	0	0
XM_022801616.1	3480	3243.15	0	0
XM_022801617.1	1894	1657.15	0	0
XM_022801618.1	1708	1471.15	0	0
XM_022801619.1	1793	1556.15	0	0
XM_022801620.1	1854	1617.15	0	0
XM_022801621.1	1230	993.148	0	0
XM_022801622.1	6946	6709.15	0	0
XM_022801623.1	2979	2742.15	0	0
XM_022801624.1	1179	942.148	0	0
XM_022801625.1	945	708.441	0	0
XM_022801626.1	4872	4635.15	0	0
XM_022801627.1	4143	3906.15	0	0
XM_022801628.1	3815	3578.15	0	0
XM_022801629.1	1294	1057.15	0	0
XM_022801630.1	4420	4183.15	0	0
XM_022801631.1	3407	3170.15	0	0
XM_022801632.1	2485	2248.15	0	0
XM_022801633.1	3158	2921.15	0	0
XM_022801634.1	2136	1899.15	0	0
XM_022801635.1	2886	2649.15	0	0
XM_022801636.1	2629	2392.15	0	0
XM_022801637.1	1166	929.148	0	0
XM_022801638.1	6551	6314.15	0	0
XM_022801639.1	6114	5877.15	0	0
XM_022801640.1	5946	5709.15	0	0
XM_022801641.1	5889	5652.15	0	0
XM_022801642.1	2979	2742.15	0	0
XM_022801643.1	2742	2505.15	0	0
XM_022801644.1	2881	2644.15	0	0
XM_022801645.1	4406	4169.15	0	0
XM_022801646.1	1190	953.148	0	0
XM_022801647.1	4278	4041.15	0	0
XM_022801648.1	3492	3255.15	0	0
XM_022801649.1	3590	3353.15	0	0
XM_022801650.1	4154	3917.15	0	0
XM_022801651.1	1201	964.148	0	0
XM_022801652.1	4891	4654.15	0	0
XM_022801653.1	4888	4651.15	0	0
XM_022801654.1	4650	4413.15	0	0
XM_022801655.1	3249	3012.15	0	0
XM_022801656.1	1120	883.148	0	0
XM_022801657.1	3246	3009.15	0	0
XM_022801658.1	3279	3042.15	0	0
XM_022801659.1	3539	3302.15	0	0
XM_022801660.1	4736	4499.15	0	0
XM_022801661.1	3256	3019.15	0	0
XM_022801662.1	4733	4496.15	0	0
XM_022801663.1	3804	3567.15	0	0
XM_022801664.1	3613	3376.15	0	0
XM_022801665.1	5071	4834.15	0	0
XM_022801666.1	2103	1866.15	0	0
XM_022801667.1	2544	2307.15	0	0
XM_022801668.1	1194	957.148	0	0
XM_022801669.1	2345	2108.15	0	0
XM_022801670.1	939	702.582	0	0
XM_022801671.1	1245	1008.15	0	0
XM_022801672.1	1006	769.148	0	0
XM_022801673.1	2468	2231.15	0	0
XM_022801674.1	14777	14540.1	0	0
XM_022801675.1	14774	14537.1	0	0
XM_022801676.1	926	689.652	0	0
XM_022801677.1	11916	11679.1	0	0
XM_022801678.1	11821	11584.1	0	0
XM_022801679.1	2467	2230.15	0	0
XM_022801680.1	2130	1893.15	0	0
XM_022801681.1	6479	6242.15	0	0
XM_022801682.1	4059	3822.15	0	0
XM_022801683.1	6359	6122.15	0	0
XM_022801684.1	4166	3929.15	0	0
XM_022801685.1	2122	1885.15	0	0
XM_022801686.1	10947	10710.1	0	0
XM_022801687.1	11232	10995.1	0	0
XM_022801688.1	4031	3794.15	0	0
XM_022801689.1	16899	16662.1	0	0
XM_022801690.1	10755	10518.1	0	0
XM_022801691.1	14172	13935.1	0	0
XM_022801692.1	6181	5944.15	0	0
XM_022801693.1	5427	5190.15	0	0
XM_022801694.1	5480	5243.15	2.97852	0.103742
XM_022801695.1	3119	2882.15	0	0
XM_022801696.1	3052	2815.15	0	0
XM_022801697.1	3673	3436.15	0	0
XM_022801698.1	3003	2766.15	0	0
XM_022801699.1	2968	2731.15	0	0
XM_022801700.1	1699	1462.15	0	0
XM_022801701.1	1677	1440.15	0	0
XM_022801702.1	1925	1688.15	0	0
XM_022801703.1	1920	1683.15	0	0
XM_022801704.1	1790	1553.15	0	0
XM_022801705.1	7675	7438.15	0	0
XM_022801706.1	7542	7305.15	0	0
XM_022801707.1	7572	7335.15	0	0
XM_022801708.1	10187	9950.15	1.03901	0.0190694
XM_022801709.1	3943	3706.15	0	0
XM_022801710.1	4382	4145.15	0	0
XM_022801711.1	8195	7958.15	0	0
XM_022801712.1	3970	3733.15	0	0
XM_022801713.1	9085	8848.15	0	0
XM_022801714.1	612	379.885	0	0
XM_022801715.1	6752	6515.15	0	0
XM_022801716.1	7057	6820.15	0	0
XM_022801717.1	7030	6793.15	0	0
XM_022801718.1	6647	6410.15	0	0
XM_022801719.1	6559	6322.15	0	0
XM_022801720.1	7085	6848.15	0	0
XM_022801721.1	6366	6129.15	0	0
XM_022801722.1	6278	6041.15	0	0
XM_022801723.1	6116	5879.15	0	0
XM_022801724.1	6743	6506.15	0	0
XM_022801725.1	3176	2939.15	0	0
XM_022801726.1	6432	6195.15	0	0
XM_022801727.1	8204	7967.15	0	0
XM_022801728.1	7284	7047.15	0	0
XM_022801729.1	7279	7042.15	0	0
XM_022801730.1	3729	3492.15	0	0
XM_022801731.1	3746	3509.15	0	0
XM_022801732.1	6417	6180.15	0	0
XM_022801733.1	6320	6083.15	0	0
XM_022801734.1	1197	960.148	0	0
XM_022801735.1	4938	4701.15	0	0
XM_022801736.1	4686	4449.15	0	0
XM_022801737.1	2685	2448.15	0	0
XM_022801738.1	2682	2445.15	0	0
XM_022801739.1	2576	2339.15	0	0
XM_022801740.1	1154	917.148	0	0
XM_022801741.1	1045	808.148	0	0
XM_022801742.1	3990	3753.15	0	0
XM_022801743.1	4709	4472.15	0	0
XM_022801744.1	3059	2822.15	0	0
XM_022801745.1	3048	2811.15	0	0
XM_022801746.1	3947	3710.15	0	0
XM_022801747.1	4007	3770.15	0	0
XM_022801748.1	4992	4755.15	0	0
XM_022801749.1	11163	10926.1	0	0
XM_022801750.1	11132	10895.1	0	0
XM_022801751.1	11064	10827.1	0	0
XM_022801752.1	11115	10878.1	0	0
XM_022801753.1	11025	10788.1	0	0
XM_022801754.1	6126	5889.15	0	0
XM_022801755.1	8993	8756.15	0	0
XM_022801756.1	10965	10728.1	0	0
XM_022801757.1	10109	9872.15	0	0
XM_022801758.1	4400	4163.15	0	0
XM_022801759.1	4156	3919.15	0	0
XM_022801760.1	2889	2652.15	0	0
XM_022801761.1	5150	4913.15	0	0
XM_022801762.1	6421	6184.15	0	0
XM_022801763.1	6172	5935.15	0	0
XM_022801764.1	9152	8915.15	0	0
XM_022801765.1	9000	8763.15	0	0
XM_022801766.1	8068	7831.15	0	0
XM_022801767.1	7263	7026.15	0	0
XM_022801768.1	7441	7204.15	0	0
XM_022801769.1	7260	7023.15	0	0
XM_022801770.1	9272	9035.15	0	0
XM_022801771.1	1834	1597.15	0	0
XM_022801772.1	1801	1564.15	0	0
XM_022801773.1	602	370.378	0	0
XM_022801774.1	6129	5892.15	0	0
XM_022801775.1	12205	11968.1	0	0
XM_022801776.1	12171	11934.1	0	0
XM_022801777.1	12140	11903.1	0	0
XM_022801778.1	12131	11894.1	0	0
XM_022801779.1	7601	7364.15	0	0
XM_022801780.1	1302	1065.15	0	0
XM_022801781.1	4354	4117.15	0	0
XM_022801782.1	6152	5915.15	0	0
XM_022801783.1	4437	4200.15	0	0
XM_022801784.1	3989	3752.15	0	0
XM_022801785.1	4311	4074.15	0	0
XM_022801786.1	4140	3903.15	0	0
XM_022801787.1	4043	3806.15	0	0
XM_022801788.1	4136	3899.15	0	0
XM_022801789.1	3345	3108.15	0	0
XM_022801790.1	3138	2901.15	0	0
XM_022801791.1	1948	1711.15	0	0
XM_022801792.1	1822	1585.15	0	0
XM_022801793.1	3028	2791.15	0	0
XM_022801794.1	1271	1034.15	0	0
XM_022801795.1	1295	1058.15	0	0
XM_022801796.1	973	736.297	0	0
XM_022801797.1	14063	13826.1	0	0
XM_022801798.1	14157	13920.1	0	0
XM_022801799.1	11861	11624.1	0	0
XM_022801800.1	14281	14044.1	0	0
XM_022801801.1	14415	14178.1	0	0
XM_022801802.1	12209	11972.1	0	0
XM_022801803.1	16201	15964.1	0	0
XM_022801804.1	11807	11570.1	0	0
XM_022801805.1	13275	13038.1	0	0
XM_022801806.1	13933	13696.1	0	0
XM_022801807.1	11407	11170.1	0	0
XM_022801808.1	14054	13817.1	0	0
XM_022801809.1	13976	13739.1	0	0
XM_022801810.1	11605	11368.1	0	0
XM_022801811.1	5113	4876.15	0	0
XM_022801812.1	1915	1678.15	0	0
XM_022801813.1	9616	9379.15	0	0
XM_022801814.1	1901	1664.15	0	0
XM_022801815.1	1448	1211.15	0	0
XM_022801816.1	600	368.453	0	0
XM_022801817.1	1795	1558.15	0	0
XM_022801818.1	3354	3117.15	0	0
XM_022801819.1	5528	5291.15	0	0
XM_022801820.1	11966	11729.1	0	0
XM_022801821.1	16509	16272.1	0	0
XM_022801822.1	775	539.607	0	0
XM_022801823.1	717	482.425	0	0
XM_022801824.1	990	753.224	3.7698	0.913988
XM_022801825.1	5162	4925.15	0	0
XM_022801826.1	3701	3464.15	0	0
XM_022801827.1	2391	2154.15	0	0
XM_022801828.1	9771	9534.15	0	0
XM_022801829.1	1851	1614.15	0	0
XM_022801830.1	1872	1635.15	0	0
XM_022801831.1	2011	1774.15	0	0
XM_022801832.1	2570	2333.15	0	0
XM_022801833.1	1284	1047.15	0	0
XM_022801834.1	804	568.277	0	0
XM_022801835.1	20311	20074.1	0	0
XM_022801836.1	4270	4033.15	0	0
XM_022801837.1	4245	4008.15	0	0
XM_022801838.1	3516	3279.15	0	0
XM_022801839.1	3329	3092.15	0	0
XM_022801840.1	2906	2669.15	0	0
XM_022801841.1	610	377.961	0	0
XM_022801842.1	614	381.808	0	0
XM_022801843.1	2855	2618.15	0	0
XM_022801844.1	2868	2631.15	0	0
XM_022801845.1	2819	2582.15	0	0
XM_022801846.1	1665	1428.15	0	0
XM_022801847.1	500	276.853	0	0
XM_022801848.1	545	316.675	0	0
XM_022801849.1	426	215.129	0	0
XM_022801850.1	3968	3731.15	0	0
XM_022801851.1	2236	1999.15	0	0
XM_022801852.1	3494	3257.15	0	0
XM_022801853.1	6382	6145.15	0	0
XM_022801854.1	591	359.748	0	0
XM_022801855.1	579	348.788	0	0
XM_022801856.1	526	299.977	0	0
XM_022801857.1	2690	2453.15	0	0
XM_022801858.1	3233	2996.15	0	0
XM_022801859.1	5624	5387.15	0	0
XM_022801860.1	4098	3861.15	0	0
XM_022801861.1	4095	3858.15	0	0
XM_022801862.1	4041	3804.15	0	0
XM_022801863.1	4353	4116.15	0	0
XM_022801864.1	4602	4365.15	0	0
XM_022801865.1	4896	4659.15	0	0
XM_022801866.1	4930	4693.15	0	0
XM_022801867.1	4497	4260.15	0	0
XM_022801868.1	3185	2948.15	0	0
XM_022801869.1	5454	5217.15	0	0
XM_022801870.1	8556	8319.15	0	0
XM_022801871.1	5501	5264.15	0	0
XM_022801872.1	2282	2045.15	0	0
XM_022801873.1	2045	1808.15	0	0
XM_022801874.1	4337	4100.15	0	0
XM_022801875.1	3449	3212.15	0	0
XM_022801876.1	40389	40152.1	0	0
XM_022801877.1	3599	3362.15	0	0
XM_022801878.1	813	577.22	0	0
XM_022801879.1	826	590.162	0	0
XM_022801880.1	1732	1495.15	0	0
XM_022801881.1	3302	3065.15	0	0
XM_022801882.1	2543	2306.15	0	0
XM_022801883.1	2002	1765.15	0	0
XM_022801884.1	1704	1467.15	0	0
XM_022801885.1	3483	3246.15	0	0
XM_022801886.1	7184	6947.15	0	0
XM_022801887.1	7448	7211.15	0	0
XM_022801888.1	3931	3694.15	0	0
XM_022801889.1	3990	3753.15	0	0
XM_022801890.1	4350	4113.15	0	0
XM_022801891.1	3928	3691.15	0	0
XM_022801892.1	3817	3580.15	0	0
XM_022801893.1	3919	3682.15	0	0
XM_022801894.1	3234	2997.15	0	0
XM_022801895.1	7075	6838.15	0	0
XM_022801896.1	7082	6845.15	0	0
XM_022801897.1	5974	5737.15	0	0
XM_022801898.1	5500	5263.15	0	0
XM_022801899.1	8469	8232.15	0	0
XM_022801900.1	11511	11274.1	0	0
XM_022801901.1	7321	7084.15	0	0
XM_022801902.1	10421	10184.1	0	0
XM_022801903.1	6510	6273.15	0	0
XM_022801904.1	6989	6752.15	0	0
XM_022801905.1	3170	2933.15	0	0
XM_022801906.1	9809	9572.15	0	0
XM_022801907.1	3174	2937.15	0	0
XM_022801908.1	3177	2940.15	0	0
XM_022801909.1	2584	2347.15	0	0
XM_022801910.1	2016	1779.15	0	0
XM_022801911.1	2343	2106.15	0	0
XM_022801912.1	747	511.974	0	0
XM_022801913.1	7169	6932.15	0	0
XM_022801914.1	7526	7289.15	0	0
XM_022801915.1	6972	6735.15	0	0
XM_022801916.1	7371	7134.15	0	0
XM_022801917.1	7166	6929.15	0	0
XM_022801918.1	1512	1275.15	0	0
XM_022801919.1	2764	2527.15	0	0
XM_022801920.1	6505	6268.15	0	0
XM_022801921.1	6437	6200.15	0	0
XM_022801922.1	7019	6782.15	0	0
XM_022801923.1	6951	6714.15	0	0
XM_022801924.1	6532	6295.15	0	0
XM_022801925.1	6222	5985.15	0	0
XM_022801926.1	6463	6226.15	0	0
XM_022801927.1	6421	6184.15	0	0
XM_022801928.1	5922	5685.15	0	0
XM_022801929.1	3584	3347.15	0	0
XM_022801930.1	3152	2915.15	0	0
XM_022801931.1	1009	772.148	0	0
XM_022801932.1	3051	2814.15	0	0
XM_022801933.1	2171	1934.15	0	0
XM_022801934.1	2100	1863.15	0	0
XM_022801935.1	2082	1845.15	0	0
XM_022801936.1	2103	1866.15	0	0
XM_022801937.1	2013	1776.15	0	0
XM_022801938.1	1951	1714.15	0	0
XM_022801939.1	2099	1862.15	0	0
XM_022801940.1	2031	1794.15	0	0
XM_022801941.1	1937	1700.15	0	0
XM_022801942.1	1950	1713.15	0	0
XM_022801943.1	5470	5233.15	0	0
XM_022801944.1	5785	5548.15	0	0
XM_022801945.1	1537	1300.15	0	0
XM_022801946.1	5552	5315.15	0	0
XM_022801947.1	5445	5208.15	0	0
XM_022801948.1	5339	5102.15	0	0
XM_022801949.1	2761	2524.15	0	0
XM_022801950.1	2761	2524.15	0	0
XM_022801951.1	1656	1419.15	0	0
XM_022801952.1	1545	1308.15	0	0
XM_022801953.1	2844	2607.15	0	0
XM_022801954.1	1275	1038.15	0	0
XM_022801955.1	2842	2605.15	0	0
XM_022801956.1	573	343.139	0	0
XM_022801957.1	6327	6090.15	0	0
XM_022801958.1	3048	2811.15	0	0
XM_022801959.1	3032	2795.15	0	0
XM_022801960.1	2561	2324.15	0	0
XM_022801961.1	3364	3127.15	0	0
XM_022801962.1	1022	785.148	0	0
XM_022801963.1	664	430.548	0	0
XM_022801964.1	1347	1110.15	0	0
XM_022801965.1	5777	5540.15	0	0
XM_022801966.1	9711	9474.15	0	0
XM_022801967.1	2956	2719.15	0	0
XM_022801968.1	6016	5779.15	0	0
XM_022801969.1	2126	1889.15	0	0
XM_022801970.1	2072	1835.15	0	0
XM_022801971.1	2048	1811.15	0	0
XM_022801972.1	2361	2124.15	0	0
XM_022801973.1	1910	1673.15	0	0
XM_022801974.1	2348	2111.15	0	0
XM_022801975.1	1958	1721.15	0	0
XM_022801976.1	2358	2121.15	0	0
XM_022801977.1	1963	1726.15	0	0
XM_022801978.1	2231	1994.15	0	0
XM_022801979.1	2599	2362.15	0	0
XM_022801980.1	1966	1729.15	0	0
XM_022801981.1	2178	1941.15	0	0
XM_022801982.1	3208	2971.15	0	0
XM_022801983.1	1906	1669.15	0	0
XM_022801984.1	2821	2584.15	0	0
XM_022801985.1	2807	2570.15	0	0
XM_022801986.1	2813	2576.15	0	0
XM_022801987.1	3919	3682.15	0	0
XM_022801988.1	4519	4282.15	0	0
XM_022801989.1	5489	5252.15	0	0
XM_022801990.1	2983	2746.15	0	0
XM_022801991.1	4096	3859.15	0	0
XM_022801992.1	3012	2775.15	0	0
XM_022801993.1	891	654.786	0	0
XM_022801994.1	9580	9343.15	0	0
XM_022801995.1	4934	4697.15	0	0
XM_022801996.1	6771	6534.15	0	0
XM_022801997.1	1105	868.148	0	0
XM_022801998.1	1434	1197.15	0	0
XM_022801999.1	6382	6145.15	0	0
XM_022802000.1	2568	2331.15	0	0
XM_022802001.1	5881	5644.15	0	0
XM_022802002.1	3724	3487.15	0	0
XM_022802003.1	3342	3105.15	0	0
XM_022802004.1	3676	3439.15	0	0
XM_022802005.1	3538	3301.15	0	0
XM_022802006.1	3320	3083.15	0	0
XM_022802007.1	3446	3209.15	0	0
XM_022802008.1	3028	2791.15	0	0
XM_022802009.1	3117	2880.15	0	0
XM_022802010.1	3239	3002.15	0	0
XM_022802011.1	3618	3381.15	0	0
XM_022802012.1	3254	3017.15	0	0
XM_022802013.1	3265	3028.15	0	0
XM_022802014.1	3180	2943.15	0	0
XM_022802015.1	2590	2353.15	0	0
XM_022802016.1	1176	939.148	0	0
XM_022802017.1	948	711.441	0	0
XM_022802018.1	12738	12501.1	14.0211	0.204823
XM_022802019.1	7156	6919.15	0	0
XM_022802020.1	5962	5725.15	0	0
XM_022802021.1	5174	4937.15	0	0
XM_022802022.1	5925	5688.15	0	0
XM_022802023.1	5981	5744.15	0	0
XM_022802024.1	3623	3386.15	0	0
XM_022802025.1	5396	5159.15	0	0
XM_022802026.1	5387	5150.15	0	0
XM_022802027.1	1629	1392.15	0	0
XM_022802028.1	1509	1272.15	0	0
XM_022802029.1	1475	1238.15	0	0
XM_022802030.1	1125	888.148	0	0
XM_022802031.1	1029	792.148	0	0
XM_022802032.1	1059	822.148	0	0
XM_022802033.1	1020	783.148	0	0
XM_022802034.1	3003	2766.15	0	0
XM_022802035.1	1985	1748.15	0	0
XM_022802036.1	1778	1541.15	0	0
XM_022802037.1	2890	2653.15	0	0
XM_022802038.1	1724	1487.15	0	0
XM_022802039.1	1517	1280.15	0	0
XM_022802040.1	7869	7632.15	0	0
XM_022802041.1	8630	8393.15	0	0
XM_022802042.1	3877	3640.15	0	0
XM_022802043.1	2492	2255.15	0	0
XM_022802044.1	3629	3392.15	0	0
XM_022802045.1	3541	3304.15	0	0
XM_022802046.1	2732	2495.15	0	0
XM_022802047.1	3493	3256.15	0	0
XM_022802048.1	3838	3601.15	0	0
XM_022802049.1	6474	6237.15	0	0
XM_022802050.1	2520	2283.15	0	0
XM_022802051.1	6441	6204.15	0	0
XM_022802052.1	2849	2612.15	0	0
XM_022802053.1	2318	2081.15	0	0
XM_022802054.1	4109	3872.15	0	0
XM_022802055.1	5826	5589.15	0	0
XM_022802056.1	3668	3431.15	0	0
XM_022802057.1	3846	3609.15	0	0
XM_022802058.1	3333	3096.15	0	0
XM_022802059.1	2736	2499.15	0	0
XM_022802060.1	2732	2495.15	0	0
XM_022802061.1	1381	1144.15	0	0
XM_022802062.1	2591	2354.15	0	0
XM_022802063.1	839	603.102	0	0
XM_022802064.1	6015	5778.15	0	0
XM_022802065.1	4585	4348.15	0	0
XM_022802066.1	3751	3514.15	0	0
XM_022802067.1	1174	937.148	0	0
XM_022802068.1	2494	2257.15	0	0
XM_022802069.1	3354	3117.15	0	0
XM_022802070.1	5908	5671.15	0	0
XM_022802071.1	6928	6691.15	0	0
XM_022802072.1	6298	6061.15	0	0
XM_022802073.1	5532	5295.15	2	0.068976
XM_022802074.1	2884	2647.15	0	0
XM_022802075.1	2610	2373.15	0	0
XM_022802076.1	3164	2927.15	0	0
XM_022802077.1	2094	1857.15	0	0
XM_022802078.1	2098	1861.15	0	0
XM_022802079.1	2034	1797.15	0	0
XM_022802080.1	2007	1770.15	0	0
XM_022802081.1	2238	2001.15	0	0
XM_022802082.1	2002	1765.15	0	0
XM_022802083.1	1903	1666.15	0	0
XM_022802084.1	1562	1325.15	0	0
XM_022802085.1	5032	4795.15	0	0
XM_022802086.1	8383	8146.15	0	0
XM_022802087.1	936	699.582	0	0
XM_022802088.1	2362	2125.15	0	0
XM_022802089.1	1567	1330.15	0	0
XM_022802090.1	2615	2378.15	0	0
XM_022802091.1	2597	2360.15	0	0
XM_022802092.1	7663	7426.15	0	0
XM_022802093.1	7541	7304.15	0	0
XM_022802094.1	2014	1777.15	0	0
XM_022802095.1	7939	7702.15	0	0
XM_022802096.1	8021	7784.15	0	0
XM_022802097.1	7927	7690.15	0	0
XM_022802098.1	7891	7654.15	0	0
XM_022802099.1	7657	7420.15	0	0
XM_022802100.1	6727	6490.15	0	0
XM_022802101.1	3565	3328.15	0	0
XM_022802102.1	6284	6047.15	0	0
XM_022802103.1	6390	6153.15	0	0
XM_022802104.1	4099	3862.15	0	0
XM_022802105.1	7753	7516.15	0	0
XM_022802106.1	7358	7121.15	0	0
XM_022802107.1	1114	877.148	0	0
XM_022802108.1	5230	4993.15	0	0
XM_022802109.1	6095	5858.15	0	0
XM_022802110.1	5986	5749.15	0	0
XM_022802111.1	6216	5979.15	0	0
XM_022802112.1	6057	5820.15	0	0
XM_022802113.1	3169	2932.15	0	0
XM_022802114.1	2189	1952.15	0	0
XM_022802115.1	3138	2901.15	0	0
XM_022802116.1	2135	1898.15	0	0
XM_022802117.1	1766	1529.15	0	0
XM_022802118.1	750	514.922	0	0
XM_022802119.1	1040	803.148	0	0
XM_022802120.1	1241	1004.15	0	0
XM_022802121.1	564	334.587	0	0
XM_022802122.1	1952	1715.15	0	0
XM_022802123.1	1944	1707.15	0	0
XM_022802124.1	1887	1650.15	0	0
XM_022802125.1	1868	1631.15	0	0
XM_022802126.1	1879	1642.15	0	0
XM_022802127.1	1782	1545.15	0	0
XM_022802128.1	1860	1623.15	0	0
XM_022802129.1	1258	1021.15	0	0
XM_022802130.1	1005	768.148	0	0
XM_022802131.1	1774	1537.15	0	0
XM_022802132.1	1155	918.148	0	0
XM_022802133.1	1159	922.148	0	0
XM_022802134.1	1174	937.148	0	0
XM_022802135.1	1105	868.148	0	0
XM_022802136.1	5315	5078.15	0	0
XM_022802137.1	1317	1080.15	0	0
XM_022802138.1	1128	891.148	0	0
XM_022802139.1	6335	6098.15	0	0
XM_022802140.1	3454	3217.15	0	0
XM_022802141.1	3272	3035.15	0	0
XM_022802142.1	3269	3032.15	0	0
XM_022802143.1	1061	824.148	0	0
XM_022802144.1	2715	2478.15	0	0
XM_022802145.1	3319	3082.15	0	0
XM_022802146.1	3193	2956.15	0	0
XM_022802147.1	3308	3071.15	0	0
XM_022802148.1	3876	3639.15	0	0
XM_022802149.1	3391	3154.15	0	0
XM_022802150.1	3137	2900.15	0	0
XM_022802151.1	2748	2511.15	0	0
XM_022802152.1	2455	2218.15	0	0
XM_022802153.1	1431	1194.15	0	0
XM_022802154.1	1739	1502.15	0	0
XM_022802155.1	1682	1445.15	0	0
XM_022802156.1	1713	1476.15	0	0
XM_022802157.1	5700	5463.15	0	0
XM_022802158.1	5669	5432.15	0	0
XM_022802159.1	5636	5399.15	0	0
XM_022802160.1	563	333.621	0	0
XM_022802161.1	3043	2806.15	0	0
XM_022802162.1	3283	3046.15	0	0
XM_022802163.1	1025	788.148	0	0
XM_022802164.1	2763	2526.15	0	0
XM_022802165.1	4242	4005.15	0	0
XM_022802166.1	2902	2665.15	0	0
XM_022802167.1	2785	2548.15	0	0
XM_022802168.1	2734	2497.15	0	0
XM_022802169.1	2953	2716.15	0	0
XM_022802170.1	3663	3426.15	0	0
XM_022802171.1	3157	2920.15	0	0
XM_022802172.1	3081	2844.15	0	0
XM_022802173.1	1501	1264.15	0	0
XM_022802174.1	2953	2716.15	0	0
XM_022802175.1	3057	2820.15	0	0
XM_022802176.1	7490	7253.15	0	0
XM_022802177.1	7756	7519.15	0	0
XM_022802178.1	7726	7489.15	0	0
XM_022802179.1	6485	6248.15	0	0
XM_022802180.1	5909	5672.15	0	0
XM_022802181.1	996	759.148	0	0
XM_022802182.1	5830	5593.15	0	0
XM_022802183.1	8150	7913.15	0	0
XM_022802184.1	5826	5589.15	0	0
XM_022802185.1	5560	5323.15	0	0
XM_022802186.1	5606	5369.15	0	0
XM_022802187.1	7405	7168.15	0	0
XM_022802188.1	2566	2329.15	0	0
XM_022802189.1	2424	2187.15	0	0
XM_022802190.1	342	150.555	0	0
XM_022802191.1	1377	1140.15	0	0
XM_022802192.1	1230	993.148	0	0
XM_022802193.1	7790	7553.15	0	0
XM_022802194.1	8607	8370.15	0	0
XM_022802195.1	6301	6064.15	0	0
XM_022802196.1	6538	6301.15	0	0
XM_022802197.1	8428	8191.15	0	0
XM_022802198.1	8329	8092.15	0	0
XM_022802199.1	6667	6430.15	0	0
XM_022802200.1	6235	5998.15	0	0
XM_022802201.1	6182	5945.15	0	0
XM_022802202.1	8150	7913.15	0	0
XM_022802203.1	5577	5340.15	0	0
XM_022802204.1	5559	5322.15	0	0
XM_022802205.1	4815	4578.15	0	0
XM_022802206.1	6974	6737.15	0	0
XM_022802207.1	6473	6236.15	0	0
XM_022802208.1	4170	3933.15	0	0
XM_022802209.1	3337	3100.15	0	0
XM_022802210.1	15951	15714.1	0	0
XM_022802211.1	3374	3137.15	0	0
XM_022802212.1	7114	6877.15	0	0
XM_022802213.1	4707	4470.15	0	0
XM_022802214.1	3679	3442.15	0	0
XM_022802215.1	3568	3331.15	0	0
XM_022802216.1	3895	3658.15	0	0
XM_022802217.1	4706	4469.15	0	0
XM_022802218.1	5944	5707.15	0	0
XM_022802219.1	2738	2501.15	0	0
XM_022802220.1	2114	1877.15	0	0
XM_022802221.1	3326	3089.15	0	0
XM_022802222.1	2980	2743.15	0	0
XM_022802223.1	2541	2304.15	0	0
XM_022802224.1	3474	3237.15	0	0
XM_022802225.1	2595	2358.15	0	0
XM_022802226.1	3090	2853.15	0	0
XM_022802227.1	2696	2459.15	0	0
XM_022802228.1	2588	2351.15	0	0
XM_022802229.1	2696	2459.15	0	0
XM_022802230.1	2913	2676.15	0	0
XM_022802231.1	3095	2858.15	0	0
XM_022802232.1	1216	979.148	0	0
XM_022802233.1	3467	3230.15	0	0
XM_022802234.1	670	436.243	0	0
XM_022802235.1	840	604.102	0	0
XM_022802236.1	1889	1652.15	0	0
XM_022802237.1	2928	2691.15	0	0
XM_022802238.1	2425	2188.15	0	0
XM_022802239.1	2148	1911.15	0	0
XM_022802240.1	2239	2002.15	0	0
XM_022802241.1	11603	11366.1	0	0
XM_022802242.1	6091	5854.15	0	0
XM_022802243.1	11377	11140.1	0	0
XM_022802244.1	11582	11345.1	0	0
XM_022802245.1	10973	10736.1	3.71829	0.0632472
XM_022802246.1	5241	5004.15	0	0
XM_022802247.1	1844	1607.15	0	0
XM_022802248.1	1835	1598.15	0	0
XM_022802249.1	863	626.978	0	0
XM_022802250.1	2378	2141.15	0	0
XM_022802251.1	6088	5851.15	0	0
XM_022802252.1	2228	1991.15	0	0
XM_022802253.1	2914	2677.15	0	0
XM_022802254.1	2891	2654.15	0	0
XM_022802255.1	2175	1938.15	0	0
XM_022802256.1	539	311.285	0	0
XM_022802257.1	2163	1926.15	0	0
XM_022802258.1	2164	1927.15	0	0
XM_022802259.1	2135	1898.15	0	0
XM_022802260.1	1719	1482.15	0	0
XM_022802261.1	1910	1673.15	0	0
XM_022802262.1	7402	7165.15	0	0
XM_022802263.1	822	586.162	0	0
XM_022802264.1	1066	829.148	0	0
XM_022802265.1	1244	1007.15	0	0
XM_022802266.1	2521	2284.15	0	0
XM_022802267.1	1517	1280.15	0	0
XM_022802268.1	1488	1251.15	0	0
XM_022802269.1	2068	1831.15	0	0
XM_022802270.1	6043	5806.15	0	0
XM_022802271.1	2600	2363.15	0	0
XM_022802272.1	3050	2813.15	0	0
XM_022802273.1	6859	6622.15	0	0
XM_022802274.1	3294	3057.15	0	0
XM_022802275.1	4677	4440.15	0	0
XM_022802276.1	4514	4277.15	0	0
XM_022802277.1	2644	2407.15	0	0
XM_022802278.1	2620	2383.15	0	0
XM_022802279.1	2495	2258.15	0	0
XM_022802280.1	6239	6002.15	0	0
XM_022802281.1	4704	4467.15	0	0
XM_022802282.1	2481	2244.15	0	0
XM_022802283.1	5038	4801.15	0	0
XM_022802284.1	2676	2439.15	0	0
XM_022802285.1	5048	4811.15	0	0
XM_022802286.1	4256	4019.15	0	0
XM_022802287.1	2975	2738.15	0	0
XM_022802288.1	2824	2587.15	0	0
XM_022802289.1	2840	2603.15	0	0
XM_022802290.1	3190	2953.15	0	0
XM_022802291.1	6377	6140.15	0	0
XM_022802292.1	6610	6373.15	0	0
XM_022802293.1	2978	2741.15	0	0
XM_022802294.1	3042	2805.15	0	0
XM_022802295.1	3211	2974.15	0	0
XM_022802296.1	3808	3571.15	0	0
XM_022802297.1	3252	3015.15	0	0
XM_022802298.1	3263	3026.15	0	0
XM_022802299.1	1764	1527.15	0	0
XM_022802300.1	942	705.582	0	0
XM_022802301.1	6743	6506.15	0	0
XM_022802302.1	7475	7238.15	0	0
XM_022802303.1	7472	7235.15	0	0
XM_022802304.1	7469	7232.15	0	0
XM_022802305.1	7346	7109.15	0	0
XM_022802306.1	2728	2491.15	0	0
XM_022802307.1	2420	2183.15	0	0
XM_022802308.1	2623	2386.15	0	0
XM_022802309.1	2380	2143.15	0	0
XM_022802310.1	6615	6378.15	0	0
XM_022802311.1	2283	2046.15	0	0
XM_022802312.1	2596	2359.15	0	0
XM_022802313.1	3567	3330.15	0	0
XM_022802314.1	3259	3022.15	0	0
XM_022802315.1	3149	2912.15	0	0
XM_022802316.1	2887	2650.15	0	0
XM_022802317.1	3347	3110.15	0	0
XM_022802318.1	2931	2694.15	0	0
XM_022802319.1	2364	2127.15	0	0
XM_022802320.1	6145	5908.15	0	0
XM_022802321.1	3153	2916.15	0	0
XM_022802322.1	2605	2368.15	0	0
XM_022802323.1	1367	1130.15	0	0
XM_022802324.1	1346	1109.15	0	0
XM_022802325.1	1117	880.148	0	0
XM_022802326.1	3088	2851.15	0	0
XM_022802327.1	3234	2997.15	0	0
XM_022802328.1	6268	6031.15	0	0
XM_022802329.1	1057	820.148	0	0
XM_022802330.1	1451	1214.15	0	0
XM_022802331.1	3798	3561.15	0	0
XM_022802332.1	2204	1967.15	0	0
XM_022802333.1	2450	2213.15	0	0
XM_022802334.1	2377	2140.15	0	0
XM_022802335.1	2035	1798.15	0	0
XM_022802336.1	2064	1827.15	0	0
XM_022802337.1	2381	2144.15	0	0
XM_022802338.1	2258	2021.15	0	0
XM_022802339.1	1743	1506.15	0	0
XM_022802340.1	2953	2716.15	0	0
XM_022802341.1	1019	782.148	0	0
XM_022802342.1	1273	1036.15	0	0
XM_022802343.1	1329	1092.15	0	0
XM_022802344.1	992	755.224	0	0
XM_022802345.1	1181	944.148	0	0
XM_022802346.1	2237	2000.15	0	0
XM_022802347.1	10154	9917.15	0	0
XM_022802348.1	10737	10500.1	0	0
XM_022802349.1	6553	6316.15	0	0
XM_022802350.1	7763	7526.15	0	0
XM_022802351.1	11058	10821.1	0	0
XM_022802352.1	6343	6106.15	0	0
XM_022802353.1	6815	6578.15	0	0
XM_022802354.1	6714	6477.15	0	0
XM_022802355.1	6039	5802.15	0	0
XM_022802356.1	6337	6100.15	0	0
XM_022802357.1	6714	6477.15	0	0
XM_022802358.1	6722	6485.15	0	0
XM_022802359.1	6174	5937.15	0	0
XM_022802360.1	6707	6470.15	0	0
XM_022802361.1	6525	6288.15	0	0
XM_022802362.1	6522	6285.15	0	0
XM_022802363.1	6149	5912.15	0	0
XM_022802364.1	4797	4560.15	0	0
XM_022802365.1	4982	4745.15	0	0
XM_022802366.1	4713	4476.15	0	0
XM_022802367.1	6485	6248.15	0	0
XM_022802368.1	1742	1505.15	0	0
XM_022802369.1	6021	5784.15	0	0
XM_022802370.1	8751	8514.15	0	0
XM_022802371.1	8545	8308.15	0	0
XM_022802372.1	6974	6737.15	0	0
XM_022802373.1	8682	8445.15	0	0
XM_022802374.1	8794	8557.15	0	0
XM_022802375.1	8596	8359.15	0	0
XM_022802376.1	3412	3175.15	0	0
XM_022802377.1	3684	3447.15	0	0
XM_022802378.1	3402	3165.15	0	0
XM_022802379.1	1977	1740.15	0	0
XM_022802380.1	927	690.652	0	0
XM_022802381.1	2151	1914.15	0	0
XM_022802382.1	2070	1833.15	0	0
XM_022802383.1	1272	1035.15	0	0
XM_022802384.1	1159	922.148	0	0
XM_022802385.1	5723	5486.15	0	0
XM_022802386.1	5832	5595.15	0	0
XM_022802387.1	4352	4115.15	0	0
XM_022802388.1	4044	3807.15	0	0
XM_022802389.1	3993	3756.15	0	0
XM_022802390.1	4349	4112.15	0	0
XM_022802391.1	2979	2742.15	0	0
XM_022802392.1	13665	13428.1	0	0
XM_022802393.1	13641	13404.1	0	0
XM_022802394.1	13605	13368.1	0	0
XM_022802395.1	13426	13189.1	0	0
XM_022802396.1	1628	1391.15	0	0
XM_022802397.1	10934	10697.1	0	0
XM_022802398.1	1904	1667.15	0	0
XM_022802399.1	1484	1247.15	0	0
XM_022802400.1	1464	1227.15	0	0
XM_022802401.1	556	326.888	0	0
XM_022802402.1	2518	2281.15	0	0
XM_022802403.1	558	328.755	0	0
XM_022802404.1	1621	1384.15	0	0
XM_022802405.1	3635	3398.15	0	0
XM_022802406.1	3580	3343.15	0	0
XM_022802407.1	2895	2658.15	0	0
XM_022802408.1	2567	2330.15	0	0
XM_022802409.1	3252	3015.15	0	0
XM_022802410.1	2231	1994.15	0	0
XM_022802411.1	1946	1709.15	0	0
XM_022802412.1	1466	1229.15	0	0
XM_022802413.1	2165	1928.15	0	0
XM_022802414.1	1618	1381.15	0	0
XM_022802415.1	1475	1238.15	0	0
XM_022802416.1	312	129.046	0	0
XM_022802417.1	4052	3815.15	0	0
XM_022802418.1	4049	3812.15	0	0
XM_022802419.1	3180	2943.15	0	0
XM_022802420.1	3899	3662.15	0	0
XM_022802421.1	3392	3155.15	0	0
XM_022802422.1	3340	3103.15	0	0
XM_022802423.1	11658	11421.1	0	0
XM_022802424.1	1710	1473.15	0	0
XM_022802425.1	1706	1469.15	0	0
XM_022802426.1	1209	972.148	0	0
XM_022802427.1	2020	1783.15	0	0
XM_022802428.1	1848	1611.15	0	0
XM_022802429.1	1845	1608.15	0	0
XM_022802430.1	1592	1355.15	0	0
XM_022802431.1	1570	1333.15	0	0
XM_022802432.1	1341	1104.15	0	0
XM_022802433.1	5578	5341.15	0	0
XM_022802434.1	4642	4405.15	0	0
XM_022802435.1	2196	1959.15	0	0
XM_022802436.1	2640	2403.15	0	0
XM_022802437.1	978	741.224	0	0
XM_022802438.1	873	636.915	0	0
XM_022802439.1	4438	4201.15	0	0
XM_022802440.1	4585	4348.15	0	0
XM_022802441.1	4600	4363.15	0	0
XM_022802442.1	4588	4351.15	0	0
XM_022802443.1	4542	4305.15	0	0
XM_022802444.1	3164	2927.15	0	0
XM_022802445.1	2873	2636.15	0	0
XM_022802446.1	2737	2500.15	0	0
XM_022802447.1	2770	2533.15	0	0
XM_022802448.1	2577	2340.15	0	0
XM_022802449.1	2610	2373.15	0	0
XM_022802450.1	1145	908.148	0	0
XM_022802451.1	625	392.496	0	0
XM_022802452.1	750	514.922	0	0
XM_022802453.1	586	355.218	0	0
XM_022802454.1	810	574.277	0	0
XM_022802455.1	7867	7630.15	0	0
XM_022802456.1	3948	3711.15	0	0
XM_022802457.1	4362	4125.15	0	0
XM_022802458.1	3936	3699.15	0	0
XM_022802459.1	4006	3769.15	0	0
XM_022802460.1	3792	3555.15	0	0
XM_022802461.1	1182	945.148	0	0
XM_022802462.1	1059	822.148	0	0
XM_022802463.1	1047	810.148	0	0
XM_022802464.1	1001	764.148	0	0
XM_022802465.1	4843	4606.15	0	0
XM_022802466.1	2334	2097.15	0	0
XM_022802467.1	2849	2612.15	0	0
XM_022802468.1	10081	9844.15	0	0
XM_022802469.1	2830	2593.15	0	0
XM_022802470.1	2487	2250.15	0	0
XM_022802471.1	5216	4979.15	0	0
XM_022802472.1	6180	5943.15	0	0
XM_022802473.1	5150	4913.15	0	0
XM_022802474.1	4791	4554.15	0	0
XM_022802475.1	5854	5617.15	0	0
XM_022802476.1	6600	6363.15	0	0
XM_022802477.1	5832	5595.15	0	0
XM_022802478.1	4785	4548.15	0	0
XM_022802479.1	5632	5395.15	0	0
XM_022802480.1	5564	5327.15	0	0
XM_022802481.1	4723	4486.15	0	0
XM_022802482.1	4720	4483.15	0	0
XM_022802483.1	5189	4952.15	0	0
XM_022802484.1	5089	4852.15	0	0
XM_022802485.1	4335	4098.15	0	0
XM_022802486.1	399	193.785	0	0
XM_022802487.1	6278	6041.15	0	0
XM_022802488.1	1628	1391.15	0	0
XM_022802489.1	6799	6562.15	0	0
XM_022802490.1	4590	4353.15	0	0
XM_022802491.1	4542	4305.15	0	0
XM_022802492.1	3861	3624.15	0	0
XM_022802493.1	1499	1262.15	0	0
XM_022802494.1	3024	2787.15	0	0
XM_022802495.1	3219	2982.15	0	0
XM_022802496.1	3246	3009.15	0	0
XM_022802497.1	3092	2855.15	0	0
XM_022802498.1	1042	805.148	0	0
XM_022802499.1	6455	6218.15	0	0
XM_022802500.1	6360	6123.15	0	0
XM_022802501.1	6002	5765.15	0	0
XM_022802502.1	7237	7000.15	0	0
XM_022802503.1	5907	5670.15	0	0
XM_022802504.1	5810	5573.15	0	0
XM_022802505.1	5715	5478.15	0	0
XM_022802506.1	7171	6934.15	0	0
XM_022802507.1	3525	3288.15	0	0
XM_022802508.1	3457	3220.15	0	0
XM_022802509.1	1086	849.148	0	0
XM_022802510.1	5020	4783.15	0	0
XM_022802511.1	5436	5199.15	0	0
XM_022802512.1	5431	5194.15	0	0
XM_022802513.1	5434	5197.15	0	0
XM_022802514.1	6568	6331.15	0	0
XM_022802515.1	6565	6328.15	0	0
XM_022802516.1	1090	853.148	0	0
XM_022802517.1	1113	876.148	0	0
XM_022802518.1	1029	792.148	0	0
XM_022802519.1	1073	836.148	0	0
XM_022802520.1	19035	18798.1	0	0
XM_022802521.1	4425	4188.15	0	0
XM_022802522.1	14461	14224.1	0	0
XM_022802523.1	5492	5255.15	0	0
XM_022802524.1	5129	4892.15	0	0
XM_022802525.1	5321	5084.15	0	0
XM_022802526.1	1037	800.148	0	0
XM_022802527.1	3959	3722.15	0	0
XM_022802528.1	751	515.871	0	0
XM_022802529.1	8828	8591.15	0	0
XM_022802530.1	8815	8578.15	0	0
XM_022802531.1	8525	8288.15	0	0
XM_022802532.1	4516	4279.15	0	0
XM_022802533.1	882	645.786	0	0
XM_022802534.1	3162	2925.15	0	0
XM_022802535.1	9699	9462.15	0.0114818	0.000221598
XM_022802536.1	4089	3852.15	0	0
XM_022802537.1	9663	9426.15	0.494277	0.00957596
XM_022802538.1	9663	9426.15	0.494277	0.00957596
XM_022802539.1	963	726.297	0	0
XM_022802540.1	1823	1586.15	0	0
XM_022802541.1	1618	1381.15	0	0
XM_022802542.1	7809	7572.15	0	0
XM_022802543.1	7818	7581.15	0	0
XM_022802544.1	4474	4237.15	0	0
XM_022802545.1	4417	4180.15	0	0
XM_022802546.1	4451	4214.15	0	0
XM_022802547.1	2117	1880.15	0	0
XM_022802548.1	2111	1874.15	0	0
XM_022802549.1	847	611.102	2.775	0.82927
XM_022802550.1	2038	1801.15	0	0
XM_022802551.1	2114	1877.15	0	0
XM_022802552.1	2088	1851.15	0	0
XM_022802553.1	2009	1772.15	0	0
XM_022802554.1	2058	1821.15	0	0
XM_022802555.1	3356	3119.15	0	0
XM_022802556.1	2340	2103.15	0	0
XM_022802557.1	2172	1935.15	0	0
XM_022802558.1	2268	2031.15	0	0
XM_022802559.1	976	739.224	0	0
XM_022802560.1	3502	3265.15	0	0
XM_022802561.1	3645	3408.15	0	0
XM_022802562.1	2892	2655.15	0	0
XM_022802563.1	4649	4412.15	0	0
XM_022802564.1	5056	4819.15	0	0
XM_022802565.1	5044	4807.15	0	0
XM_022802566.1	4712	4475.15	0	0
XM_022802567.1	5067	4830.15	0	0
XM_022802568.1	4905	4668.15	0	0
XM_022802569.1	3521	3284.15	0	0
XM_022802570.1	3084	2847.15	0	0
XM_022802571.1	6131	5894.15	0	0
XM_022802572.1	2879	2642.15	0	0
XM_022802573.1	6660	6423.15	0	0
XM_022802574.1	3383	3146.15	0	0
XM_022802575.1	3724	3487.15	0	0
XM_022802576.1	5943	5706.15	0	0
XM_022802577.1	3009	2772.15	0	0
XM_022802578.1	4111	3874.15	0	0
XM_022802579.1	3338	3101.15	0	0
XM_022802580.1	3534	3297.15	0	0
XM_022802581.1	3127	2890.15	0	0
XM_022802582.1	4009	3772.15	0	0
XM_022802583.1	3290	3053.15	0	0
XM_022802584.1	4604	4367.15	0	0
XM_022802585.1	3598	3361.15	0	0
XM_022802586.1	1778	1541.15	0	0
XM_022802587.1	1633	1396.15	0	0
XM_022802588.1	8767	8530.15	0	0
XM_022802589.1	7570	7333.15	0	0
XM_022802590.1	4624	4387.15	0	0
XM_022802591.1	2839	2602.15	0	0
XM_022802592.1	2376	2139.15	0	0
XM_022802593.1	2691	2454.15	0	0
XM_022802594.1	2672	2435.15	0	0
XM_022802595.1	2590	2353.15	0	0
XM_022802596.1	3272	3035.15	0	0
XM_022802597.1	7106	6869.15	0	0
XM_022802598.1	2924	2687.15	0	0
XM_022802599.1	2828	2591.15	0	0
XM_022802600.1	11294	11057.1	0	0
XM_022802601.1	11163	10926.1	0	0
XM_022802602.1	10624	10387.1	1	0.0175813
XM_022802603.1	662	428.548	0	0
XM_022802604.1	8105	7868.15	0	0
XM_022802605.1	8066	7829.15	0	0
XM_022802606.1	4471	4234.15	0	0
XM_022802607.1	2815	2578.15	0	0
XM_022802608.1	8049	7812.15	0	0
XM_022802609.1	8036	7799.15	0	0
XM_022802610.1	13349	13112.1	0	0
XM_022802611.1	13120	12883.1	0	0
XM_022802612.1	13001	12764.1	0	0
XM_022802613.1	8080	7843.15	0	0
XM_022802614.1	7980	7743.15	0	0
XM_022802615.1	7981	7744.15	0	0
XM_022802616.1	7979	7742.15	0	0
XM_022802617.1	7924	7687.15	0	0
XM_022802618.1	3940	3703.15	0	0
XM_022802619.1	7915	7678.15	0	0
XM_022802620.1	7828	7591.15	0	0
XM_022802621.1	7788	7551.15	0	0
XM_022802622.1	6915	6678.15	0	0
XM_022802623.1	6806	6569.15	0	0
XM_022802624.1	6799	6562.15	0	0
XM_022802625.1	9549	9312.15	0	0
XM_022802626.1	9171	8934.15	0	0
XM_022802627.1	7502	7265.15	0	0
XM_022802628.1	2889	2652.15	0	0
XM_022802629.1	9135	8898.15	0	0
XM_022802630.1	8607	8370.15	0	0
XM_022802631.1	6638	6401.15	0	0
XM_022802632.1	6836	6599.15	0	0
XM_022802633.1	6621	6384.15	0	0
XM_022802634.1	6606	6369.15	0	0
XM_022802635.1	8583	8346.15	0	0
XM_022802636.1	8107	7870.15	0	0
XM_022802637.1	8480	8243.15	0	0
XM_022802638.1	7511	7274.15	0	0
XM_022802639.1	7508	7271.15	0	0
XM_022802640.1	7140	6903.15	0	0
XM_022802641.1	1095	858.148	0	0
XM_022802642.1	3231	2994.15	0	0
XM_022802643.1	8558	8321.15	0	0
XM_022802644.1	7908	7671.15	0	0
XM_022802645.1	8338	8101.15	0	0
XM_022802646.1	729	494.327	0	0
XM_022802647.1	1057	820.148	0	0
XM_022802648.1	2612	2375.15	0	0
XM_022802649.1	1170	933.148	0	0
XM_022802650.1	2607	2370.15	0	0
XM_022802651.1	2517	2280.15	0	0
XM_022802652.1	689	454.75	0	0
XM_022802653.1	7726	7489.15	0	0
XM_022802654.1	7654	7417.15	0	0
XM_022802655.1	7618	7381.15	0	0
XM_022802656.1	3814	3577.15	0	0
XM_022802657.1	3321	3084.15	0	0
XM_022802658.1	1166	929.148	0	0
XM_022802659.1	2670	2433.15	0	0
XM_022802660.1	2655	2418.15	0	0
XM_022802661.1	2447	2210.15	0	0
XM_022802662.1	4686	4449.15	0	0
XM_022802663.1	4711	4474.15	0	0
XM_022802664.1	2523	2286.15	0	0
XM_022802665.1	2798	2561.15	0	0
XM_022802666.1	1016	779.148	0	0
XM_022802667.1	2846	2609.15	0	0
XM_022802668.1	2860	2623.15	0	0
XM_022802669.1	2442	2205.15	0	0
XM_022802670.1	2342	2105.15	0	0
XM_022802671.1	1946	1709.15	0	0
XM_022802672.1	1563	1326.15	0	0
XM_022802673.1	1525	1288.15	0	0
XM_022802674.1	1681	1444.15	0	0
XM_022802675.1	2580	2343.15	0	0
XM_022802676.1	3301	3064.15	0	0
XM_022802677.1	3714	3477.15	0	0
XM_022802678.1	3013	2776.15	0	0
XM_022802679.1	2250	2013.15	0	0
XM_022802680.1	3302	3065.15	0	0
XM_022802681.1	2368	2131.15	0	0
XM_022802682.1	15881	15644.1	0	0
XM_022802683.1	15653	15416.1	0	0
XM_022802684.1	15640	15403.1	0	0
XM_022802685.1	14889	14652.1	0	0
XM_022802686.1	15539	15302.1	0	0
XM_022802687.1	15498	15261.1	0	0
XM_022802688.1	8953	8716.15	0	0
XM_022802689.1	9524	9287.15	0	0
XM_022802690.1	3300	3063.15	0	0
XM_022802691.1	9439	9202.15	0	0
XM_022802692.1	9296	9059.15	0	0
XM_022802693.1	9038	8801.15	0	0
XM_022802694.1	9181	8944.15	0	0
XM_022802695.1	5570	5333.15	0	0
XM_022802696.1	5778	5541.15	0	0
XM_022802697.1	7961	7724.15	0	0
XM_022802698.1	8080	7843.15	0	0
XM_022802699.1	4708	4471.15	0	0
XM_022802700.1	6447	6210.15	0	0
XM_022802701.1	8075	7838.15	0	0
XM_022802702.1	7929	7692.15	0	0
XM_022802703.1	8103	7866.15	0	0
XM_022802704.1	8071	7834.15	0	0
XM_022802705.1	2941	2704.15	0	0
XM_022802706.1	6360	6123.15	0	0
XM_022802707.1	5996	5759.15	0	0
XM_022802708.1	12081	11844.1	0	0
XM_022802709.1	12232	11995.1	0	0
XM_022802710.1	12048	11811.1	0	0
XM_022802711.1	750	514.922	0	0
XM_022802712.1	880	643.851	0	0
XM_022802713.1	720	485.425	0	0
XM_022802714.1	2904	2667.15	0	0
XM_022802715.1	3676	3439.15	0	0
XM_022802716.1	3245	3008.15	0	0
XM_022802717.1	3242	3005.15	0	0
XM_022802718.1	4369	4132.15	0	0
XM_022802719.1	4184	3947.15	0	0
XM_022802720.1	4319	4082.15	0	0
XM_022802721.1	3440	3203.15	0	0
XM_022802722.1	3459	3222.15	0	0
XM_022802723.1	3330	3093.15	0	0
XM_022802724.1	1403	1166.15	0	0
XM_022802725.1	4353	4116.15	0	0
XM_022802726.1	6781	6544.15	0	0
XM_022802727.1	6697	6460.15	0	0
XM_022802728.1	2005	1768.15	0	0
XM_022802729.1	4615	4378.15	0	0
XM_022802730.1	4433	4196.15	0	0
XM_022802731.1	4453	4216.15	0	0
XM_022802732.1	4296	4059.15	0	0
XM_022802733.1	3767	3530.15	0	0
XM_022802734.1	3401	3164.15	0	0
XM_022802735.1	1057	820.148	0	0
XM_022802736.1	756	520.871	0	0
XM_022802737.1	9756	9519.15	0	0
XM_022802738.1	8839	8602.15	0	0
XM_022802739.1	8771	8534.15	0	0
XM_022802740.1	8671	8434.15	0	0
XM_022802741.1	8781	8544.15	0	0
XM_022802742.1	8671	8434.15	0	0
XM_022802743.1	9753	9516.15	0	0
XM_022802744.1	8568	8331.15	0	0
XM_022802745.1	8625	8388.15	0	0
XM_022802746.1	8344	8107.15	0	0
XM_022802747.1	4202	3965.15	0	0
XM_022802748.1	4348	4111.15	0	0
XM_022802749.1	1087	850.148	0	0
XM_022802750.1	1328	1091.15	0	0
XM_022802751.1	1327	1090.15	0	0
XM_022802752.1	893	656.786	0	0
XM_022802753.1	6190	5953.15	0	0
XM_022802754.1	1928	1691.15	0	0
XM_022802755.1	2596	2359.15	0	0
XM_022802756.1	2545	2308.15	0	0
XM_022802757.1	2100	1863.15	0	0
XM_022802758.1	3182	2945.15	0	0
XM_022802759.1	2457	2220.15	0	0
XM_022802760.1	2470	2233.15	0	0
XM_022802761.1	1878	1641.15	0	0
XM_022802762.1	6098	5861.15	0	0
XM_022802763.1	1869	1632.15	0	0
XM_022802764.1	1804	1567.15	0	0
XM_022802765.1	1704	1467.15	0	0
XM_022802766.1	1338	1101.15	0	0
XM_022802767.1	5323	5086.15	0	0
XM_022802768.1	2433	2196.15	0	0
XM_022802769.1	481	260.402	0	0
XM_022802770.1	1245	1008.15	0	0
XM_022802771.1	5603	5366.15	0	0
XM_022802772.1	6895	6658.15	0	0
XM_022802773.1	2663	2426.15	0	0
XM_022802774.1	3104	2867.15	0	0
XM_022802775.1	5069	4832.15	0	0
XM_022802776.1	3434	3197.15	0	0
XM_022802777.1	622	389.575	0	0
XM_022802778.1	3025	2788.15	0	0
XM_022802779.1	8451	8214.15	0	0
XM_022802780.1	1152	915.148	0	0
XM_022802781.1	1986	1749.15	0	0
XM_022802782.1	6685	6448.15	0	0
XM_022802783.1	8775	8538.15	0	0
XM_022802784.1	6466	6229.15	0	0
XM_022802785.1	6676	6439.15	0	0
XM_022802786.1	6635	6398.15	0	0
XM_022802787.1	5634	5397.15	0	0
XM_022802788.1	4829	4592.15	0	0
XM_022802789.1	5930	5693.15	0	0
XM_022802790.1	6043	5806.15	0	0
XM_022802791.1	2511	2274.15	0	0
XM_022802792.1	4678	4441.15	0	0
XM_022802793.1	8573	8336.15	0	0
XM_022802794.1	4425	4188.15	0	0
XM_022802795.1	4602	4365.15	0	0
XM_022802796.1	3573	3336.15	0	0
XM_022802797.1	3738	3501.15	0	0
XM_022802798.1	2467	2230.15	0	0
XM_022802799.1	7226	6989.15	0	0
XM_022802800.1	7503	7266.15	0	0
XM_022802801.1	5348	5111.15	0	0
XM_022802802.1	8262	8025.15	0	0
XM_022802803.1	1162	925.148	0	0
XM_022802804.1	1138	901.148	0	0
XM_022802805.1	1181	944.148	0	0
XM_022802806.1	3143	2906.15	0	0
XM_022802807.1	3101	2864.15	0	0
XM_022802808.1	2948	2711.15	0	0
XM_022802809.1	1786	1549.15	0	0
XM_022802810.1	6831	6594.15	0	0
XM_022802811.1	3187	2950.15	0	0
XM_022802812.1	3624	3387.15	0	0
XM_022802813.1	3233	2996.15	0	0
XM_022802814.1	2010	1773.15	0	0
XM_022802815.1	1206	969.148	0	0
XM_022802816.1	1243	1006.15	0	0
XM_022802817.1	1394	1157.15	0	0
XM_022802818.1	1246	1009.15	0	0
XM_022802819.1	1250	1013.15	0	0
XM_022802820.1	4404	4167.15	0	0
XM_022802821.1	7022	6785.15	0	0
XM_022802822.1	1155	918.148	0	0
XM_022802823.1	1896	1659.15	0	0
XM_022802824.1	2485	2248.15	0	0
XM_022802825.1	1480	1243.15	0	0
XM_022802826.1	2434	2197.15	0	0
XM_022802827.1	1672	1435.15	0	0
XM_022802828.1	1617	1380.15	0	0
XM_022802829.1	1486	1249.15	0	0
XM_022802830.1	6052	5815.15	0	0
XM_022802831.1	6939	6702.15	0	0
XM_022802832.1	6049	5812.15	0	0
XM_022802833.1	2328	2091.15	0	0
XM_022802834.1	5442	5205.15	0	0
XM_022802835.1	1717	1480.15	0	0
XM_022802836.1	855	619.102	0	0
XM_022802837.1	712	477.425	0	0
XM_022802838.1	712	477.425	0	0
XM_022802839.1	8665	8428.15	0	0
XM_022802840.1	1410	1173.15	0	0
XM_022802841.1	1178	941.148	0	0
XM_022802842.1	1142	905.148	0	0
XM_022802843.1	1311	1074.15	0	0
XM_022802844.1	2769	2532.15	0	0
XM_022802845.1	2739	2502.15	0	0
XM_022802846.1	10104	9867.15	0	0
XM_022802847.1	9620	9383.15	0	0
XM_022802848.1	6771	6534.15	0	0
XM_022802849.1	1544	1307.15	0	0
XM_022802850.1	898	661.72	0	0
XM_022802851.1	686	451.796	0	0
XM_022802852.1	628	395.416	0	0
XM_022802853.1	677	443.11	0	0
XM_022802854.1	1001	764.148	0	0
XM_022802855.1	792	556.333	0	0
XM_022802856.1	6779	6542.15	0	0
XM_022802857.1	3987	3750.15	0	0
XM_022802858.1	2931	2694.15	0	0
XM_022802859.1	2803	2566.15	0	0
XM_022802860.1	2071	1834.15	0	0
XM_022802861.1	2061	1824.15	0	0
XM_022802862.1	1886	1649.15	0	0
XM_022802863.1	1445	1208.15	0	0
XM_022802864.1	2780	2543.15	0	0
XM_022802865.1	2616	2379.15	0	0
XM_022802866.1	2198	1961.15	0	0
XM_022802867.1	4972	4735.15	0	0
XM_022802868.1	1286	1049.15	0	0
XM_022802869.1	1733	1496.15	0	0
XM_022802870.1	8134	7897.15	0	0
XM_022802871.1	8121	7884.15	0	0
XM_022802872.1	8073	7836.15	0	0
XM_022802873.1	2442	2205.15	0	0
XM_022802874.1	2541	2304.15	0	0
XM_022802875.1	2442	2205.15	0	0
XM_022802876.1	2322	2085.15	0	0
XM_022802877.1	2928	2691.15	0	0
XM_022802878.1	2653	2416.15	0	0
XM_022802879.1	1629	1392.15	0	0
XM_022802880.1	1680	1443.15	0	0
XM_022802881.1	1446	1209.15	0	0
XM_022802882.1	1401	1164.15	0	0
XM_022802883.1	2038	1801.15	0	0
XM_022802884.1	1987	1750.15	0	0
XM_022802885.1	8200	7963.15	0	0
XM_022802886.1	8203	7966.15	0	0
XM_022802887.1	2032	1795.15	0	0
XM_022802888.1	1981	1744.15	0	0
XM_022802889.1	3088	2851.15	0	0
XM_022802890.1	3049	2812.15	0	0
XM_022802891.1	2375	2138.15	0	0
XM_022802892.1	2337	2100.15	0	0
XM_022802893.1	3127	2890.15	0	0
XM_022802894.1	2999	2762.15	0	0
XM_022802895.1	1787	1550.15	0	0
XM_022802896.1	1221	984.148	0	0
XM_022802897.1	1411	1174.15	0	0
XM_022802898.1	1865	1628.15	0	0
XM_022802899.1	3492	3255.15	0	0
XM_022802900.1	4130	3893.15	0	0
XM_022802901.1	2957	2720.15	0	0
XM_022802902.1	4112	3875.15	0	0
XM_022802903.1	1708	1471.15	0	0
XM_022802904.1	3989	3752.15	0	0
XM_022802905.1	2807	2570.15	0	0
XM_022802906.1	2713	2476.15	0	0
XM_022802907.1	2974	2737.15	0	0
XM_022802908.1	2773	2536.15	0	0
XM_022802909.1	2148	1911.15	0	0
XM_022802910.1	2138	1901.15	0	0
XM_022802911.1	4859	4622.15	0	0
XM_022802912.1	3411	3174.15	0	0
XM_022802913.1	2814	2577.15	0	0
XM_022802914.1	3190	2953.15	0	0
XM_022802915.1	2543	2306.15	0	0
XM_022802916.1	1685	1448.15	0	0
XM_022802917.1	2036	1799.15	0	0
XM_022802918.1	1733	1496.15	0	0
XM_022802919.1	1521	1284.15	0	0
XM_022802920.1	1120	883.148	0	0
XM_022802921.1	3962	3725.15	0	0
XM_022802922.1	3686	3449.15	0	0
XM_022802923.1	3614	3377.15	0	0
XM_022802924.1	3528	3291.15	0	0
XM_022802925.1	2959	2722.15	0	0
XM_022802926.1	1547	1310.15	0	0
XM_022802927.1	1461	1224.15	0	0
XM_022802928.1	1555	1318.15	0	0
XM_022802929.1	799	563.277	0	0
XM_022802930.1	1458	1221.15	0	0
XM_022802931.1	1365	1128.15	0	0
XM_022802932.1	943	706.512	0	0
XM_022802933.1	4122	3885.15	0	0
XM_022802934.1	4473	4236.15	0	0
XM_022802935.1	4584	4347.15	0	0
XM_022802936.1	3628	3391.15	0	0
XM_022802937.1	4119	3882.15	0	0
XM_022802938.1	4112	3875.15	0	0
XM_022802939.1	4069	3832.15	0	0
XM_022802940.1	3019	2782.15	0	0
XM_022802941.1	3398	3161.15	0	0
XM_022802942.1	7043	6806.15	0	0
XM_022802943.1	4168	3931.15	0	0
XM_022802944.1	5216	4979.15	0	0
XM_022802945.1	4498	4261.15	0	0
XM_022802946.1	4266	4029.15	0	0
XM_022802947.1	4984	4747.15	0	0
XM_022802948.1	4283	4046.15	0	0
XM_022802949.1	3391	3154.15	0	0
XM_022802950.1	4972	4735.15	0	0
XM_022802951.1	4254	4017.15	0	0
XM_022802952.1	2092	1855.15	0	0
XM_022802953.1	2924	2687.15	0	0
XM_022802954.1	3906	3669.15	0	0
XM_022802955.1	2918	2681.15	0	0
XM_022802956.1	2086	1849.15	0	0
XM_022802957.1	7395	7158.15	0	0
XM_022802958.1	7195	6958.15	0	0
XM_022802959.1	7072	6835.15	0	0
XM_022802960.1	6937	6700.15	0	0
XM_022802961.1	6154	5917.15	0	0
XM_022802962.1	6151	5914.15	0	0
XM_022802963.1	6142	5905.15	0	0
XM_022802964.1	6099	5862.15	0	0
XM_022802965.1	1967	1730.15	0	0
XM_022802966.1	706	471.425	0	0
XM_022802967.1	3205	2968.15	0	0
XM_022802968.1	3149	2912.15	0	0
XM_022802969.1	3607	3370.15	0	0
XM_022802970.1	3487	3250.15	0	0
XM_022802971.1	2694	2457.15	0	0
XM_022802972.1	1885	1648.15	0	0
XM_022802973.1	1937	1700.15	0	0
XM_022802974.1	1624	1387.15	0	0
XM_022802975.1	1627	1390.15	0	0
XM_022802976.1	1581	1344.15	0	0
XM_022802977.1	7174	6937.15	0	0
XM_022802978.1	5236	4999.15	0	0
XM_022802979.1	2420	2183.15	0	0
XM_022802980.1	2796	2559.15	0	0
XM_022802981.1	1970	1733.15	0	0
XM_022802982.1	1570	1333.15	0	0
XM_022802983.1	2248	2011.15	0	0
XM_022802984.1	2167	1930.15	0	0
XM_022802985.1	2224	1987.15	0	0
XM_022802986.1	2182	1945.15	0	0
XM_022802987.1	2085	1848.15	0	0
XM_022802988.1	1834	1597.15	0	0
XM_022802989.1	2461	2224.15	0	0
XM_022802990.1	1958	1721.15	0	0
XM_022802991.1	2527	2290.15	0	0
XM_022802992.1	1741	1504.15	0	0
XM_022802993.1	1842	1605.15	0	0
XM_022802994.1	1555	1318.15	0	0
XM_022802995.1	1513	1276.15	0	0
XM_022802996.1	1395	1158.15	0	0
XM_022802997.1	2052	1815.15	0	0
XM_022802998.1	1824	1587.15	0	0
XM_022802999.1	1146	909.148	0	0
XM_022803000.1	846	610.102	0	0
XM_022803001.1	819	583.162	0	0
XM_022803002.1	784	548.388	0	0
XM_022803003.1	601	369.416	0	0
XM_022803004.1	612	379.885	0	0
XM_022803005.1	5370	5133.15	0	0
XM_022803006.1	5367	5130.15	0	0
XM_022803007.1	4493	4256.15	3.37209e-06	1.44687e-07
XM_022803008.1	4439	4202.15	1.00274	0.0435775
XM_022803009.1	5244	5007.15	0	0
XM_022803010.1	3873	3636.15	0	0
XM_022803011.1	3728	3491.15	0	0
XM_022803012.1	2746	2509.15	0	0
XM_022803013.1	3012	2775.15	0	0
XM_022803014.1	2899	2662.15	0	0
XM_022803015.1	711	476.425	0	0
XM_022803016.1	1421	1184.15	0	0
XM_022803017.1	1415	1178.15	0	0
XM_022803018.1	1836	1599.15	0	0
XM_022803019.1	7308	7071.15	0	0
XM_022803020.1	7345	7108.15	0	0
XM_022803021.1	7614	7377.15	0	0
XM_022803022.1	1572	1335.15	0	0
XM_022803023.1	6226	5989.15	0	0
XM_022803024.1	6247	6010.15	0	0
XM_022803025.1	850	614.102	0	0
XM_022803026.1	849	613.102	0	0
XM_022803027.1	980	743.224	0	0
XM_022803028.1	1232	995.148	0	0
XM_022803029.1	1208	971.148	0	0
XM_022803030.1	1685	1448.15	0	0
XM_022803031.1	1547	1310.15	0	0
XM_022803032.1	1681	1444.15	0	0
XM_022803033.1	2695	2458.15	0	0
XM_022803034.1	2930	2693.15	0	0
XM_022803035.1	2593	2356.15	0	0
XM_022803036.1	2816	2579.15	0	0
XM_022803037.1	2589	2352.15	0	0
XM_022803038.1	2750	2513.15	0	0
XM_022803039.1	2509	2272.15	0	0
XM_022803040.1	8664	8427.15	0	0
XM_022803041.1	6250	6013.15	0	0
XM_022803042.1	6035	5798.15	0	0
XM_022803043.1	8580	8343.15	0	0
XM_022803044.1	7245	7008.15	0	0
XM_022803045.1	6494	6257.15	0	0
XM_022803046.1	5949	5712.15	0	0
XM_022803047.1	4283	4046.15	0	0
XM_022803048.1	4185	3948.15	0	0
XM_022803049.1	4156	3919.15	0	0
XM_022803050.1	6545	6308.15	0	0
XM_022803051.1	3940	3703.15	0	0
XM_022803052.1	3699	3462.15	0	0
XM_022803053.1	4251	4014.15	0	0
XM_022803054.1	2378	2141.15	0	0
XM_022803055.1	2302	2065.15	0	0
XM_022803056.1	2979	2742.15	0	0
XM_022803057.1	4846	4609.15	0	0
XM_022803058.1	4854	4617.15	0	0
XM_022803059.1	3623	3386.15	0	0
XM_022803060.1	2863	2626.15	0	0
XM_022803061.1	5654	5417.15	0	0
XM_022803062.1	3912	3675.15	0	0
XM_022803063.1	3816	3579.15	0	0
XM_022803064.1	1727	1490.15	0	0
XM_022803065.1	11635	11398.1	0	0
XM_022803066.1	7875	7638.15	0	0
XM_022803067.1	5437	5200.15	0	0
XM_022803068.1	1033	796.148	0	0
XM_022803069.1	5368	5131.15	0	0
XM_022803070.1	5577	5340.15	0	0
XM_022803071.1	5163	4926.15	0	0
XM_022803072.1	8984	8747.15	0	0
XM_022803073.1	8972	8735.15	0	0
XM_022803074.1	8951	8714.15	0	0
XM_022803075.1	8888	8651.15	0	0
XM_022803076.1	3224	2987.15	0	0
XM_022803077.1	3023	2786.15	0	0
XM_022803078.1	3125	2888.15	0	0
XM_022803079.1	3194	2957.15	0	0
XM_022803080.1	6247	6010.15	0	0
XM_022803081.1	1495	1258.15	0	0
XM_022803082.1	1492	1255.15	0	0
XM_022803083.1	1507	1270.15	0	0
XM_022803084.1	1058	821.148	0	0
XM_022803085.1	1048	811.148	0	0
XM_022803086.1	1026	789.148	0	0
XM_022803087.1	1016	779.148	0	0
XM_022803088.1	1055	818.148	0	0
XM_022803089.1	897	660.786	0	0
XM_022803090.1	2368	2131.15	0	0
XM_022803091.1	2265	2028.15	0	0
XM_022803092.1	5566	5329.15	0	0
XM_022803093.1	1793	1556.15	0	0
XM_022803094.1	2889	2652.15	0	0
XM_022803095.1	3882	3645.15	0	0
XM_022803096.1	3694	3457.15	0	0
XM_022803097.1	3747	3510.15	0	0
XM_022803098.1	5923	5686.15	0	0
XM_022803099.1	5240	5003.15	0	0
XM_022803100.1	6819	6582.15	0	0
XM_022803101.1	6508	6271.15	0	0
XM_022803102.1	1679	1442.15	0	0
XM_022803103.1	2211	1974.15	0	0
XM_022803104.1	9619	9382.15	0	0
XM_022803105.1	9523	9286.15	0	0
XM_022803106.1	1934	1697.15	0	0
XM_022803107.1	2058	1821.15	0	0
XM_022803108.1	2194	1957.15	0	0
XM_022803109.1	2015	1778.15	0	0
XM_022803110.1	1690	1453.15	0	0
XM_022803111.1	1860	1623.15	0	0
XM_022803112.1	1596	1359.15	0	0
XM_022803113.1	3067	2830.15	0	0
XM_022803114.1	2207	1970.15	0	0
XM_022803115.1	2020	1783.15	0	0
XM_022803116.1	1648	1411.15	0	0
XM_022803117.1	7529	7292.15	0	0
XM_022803118.1	5934	5697.15	0	0
XM_022803119.1	1661	1424.15	0	0
XM_022803120.1	4927	4690.15	0	0
XM_022803121.1	4725	4488.15	0	0
XM_022803122.1	4811	4574.15	0	0
XM_022803123.1	3500	3263.15	0	0
XM_022803124.1	3389	3152.15	0	0
XM_022803125.1	3277	3040.15	0	0
XM_022803126.1	3166	2929.15	0	0
XM_022803127.1	3099	2862.15	0	0
XM_022803128.1	3061	2824.15	0	0
XM_022803129.1	2444	2207.15	0	0
XM_022803130.1	1977	1740.15	0	0
XM_022803131.1	3287	3050.15	0	0
XM_022803132.1	4151	3914.15	0	0
XM_022803133.1	4147	3910.15	0	0
XM_022803134.1	4069	3832.15	0	0
XM_022803135.1	2123	1886.15	0	0
XM_022803136.1	3799	3562.15	0	0
XM_022803137.1	2375	2138.15	0	0
XM_022803138.1	1774	1537.15	0	0
XM_022803139.1	1986	1749.15	0	0
XM_022803140.1	3337	3100.15	0	0
XM_022803141.1	1945	1708.15	0	0
XM_022803142.1	10056	9819.15	0	0
XM_022803143.1	3665	3428.15	0	0
XM_022803144.1	4326	4089.15	0	0
XM_022803145.1	3615	3378.15	0	0
XM_022803146.1	5391	5154.15	0	0
XM_022803147.1	4971	4734.15	0	0
XM_022803148.1	5295	5058.15	0	0
XM_022803149.1	5304	5067.15	0	0
XM_022803150.1	4763	4526.15	0	0
XM_022803151.1	5921	5684.15	0	0
XM_022803152.1	5138	4901.15	0	0
XM_022803153.1	5047	4810.15	0	0
XM_022803154.1	4471	4234.15	0	0
XM_022803155.1	4380	4143.15	0	0
XM_022803156.1	5398	5161.15	0	0
XM_022803157.1	1508	1271.15	0	0
XM_022803158.1	978	741.224	0	0
XM_022803159.1	1293	1056.15	0	0
XM_022803160.1	5164	4927.15	0	0
XM_022803161.1	3668	3431.15	0	0
XM_022803162.1	1274	1037.15	0	0
XM_022803163.1	839	603.102	0	0
XM_022803164.1	689	454.75	0	0
XM_022803165.1	1737	1500.15	0	0
XM_022803166.1	2313	2076.15	0	0
XM_022803167.1	5048	4811.15	0	0
XM_022803168.1	2310	2073.15	0	0
XM_022803169.1	2007	1770.15	0	0
XM_022803170.1	5479	5242.15	0	0
XM_022803171.1	5476	5239.15	0	0
XM_022803172.1	5036	4799.15	0	0
XM_022803173.1	5410	5173.15	0	0
XM_022803174.1	6968	6731.15	0	0
XM_022803175.1	5536	5299.15	0	0
XM_022803176.1	2190	1953.15	0	0
XM_022803177.1	4943	4706.15	0	0
XM_022803178.1	718	483.425	0	0
XM_022803179.1	4879	4642.15	0	0
XM_022803180.1	4852	4615.15	0	0
XM_022803181.1	5554	5317.15	0	0
XM_022803182.1	5443	5206.15	0	0
XM_022803183.1	4846	4609.15	0	0
XM_022803184.1	4151	3914.15	0	0
XM_022803185.1	2832	2595.15	0	0
XM_022803186.1	2841	2604.15	0	0
XM_022803187.1	2858	2621.15	0	0
XM_022803188.1	756	520.871	0	0
XM_022803189.1	2802	2565.15	0	0
XM_022803190.1	1751	1514.15	0	0
XM_022803191.1	2276	2039.15	0	0
XM_022803192.1	1104	867.148	0	0
XM_022803193.1	1599	1362.15	0	0
XM_022803194.1	1124	887.148	0	0
XM_022803195.1	1976	1739.15	0	0
XM_022803196.1	1992	1755.15	0	0
XM_022803197.1	1690	1453.15	0	0
XM_022803198.1	1532	1295.15	0	0
XM_022803199.1	3264	3027.15	0	0
XM_022803200.1	1551	1314.15	0	0
XM_022803201.1	1484	1247.15	0	0
XM_022803202.1	2334	2097.15	0	0
XM_022803203.1	2156	1919.15	0	0
XM_022803204.1	2152	1915.15	0	0
XM_022803205.1	2149	1912.15	0	0
XM_022803206.1	4317	4080.15	0	0
XM_022803207.1	3252	3015.15	0	0
XM_022803208.1	1718	1481.15	0	0
XM_022803209.1	748	512.922	0	0
XM_022803210.1	1915	1678.15	0	0
XM_022803211.1	554	324.955	0	0
XM_022803212.1	2601	2364.15	0	0
XM_022803213.1	8216	7979.15	0	0
XM_022803214.1	7562	7325.15	0	0
XM_022803215.1	7110	6873.15	0	0
XM_022803216.1	7105	6868.15	0	0
XM_022803217.1	7913	7676.15	0	0
XM_022803218.1	8130	7893.15	0	0
XM_022803219.1	8135	7898.15	0	0
XM_022803220.1	8002	7765.15	0	0
XM_022803221.1	4462	4225.15	0	0
XM_022803222.1	2682	2445.15	0	0
XM_022803223.1	3969	3732.15	0	0
XM_022803224.1	4581	4344.15	0	0
XM_022803225.1	4533	4296.15	0	0
XM_022803226.1	4426	4189.15	0	0
XM_022803227.1	2776	2539.15	0	0
XM_022803228.1	2604	2367.15	0	0
XM_022803229.1	3795	3558.15	0	0
XM_022803230.1	3045	2808.15	0	0
XM_022803231.1	1933	1696.15	0	0
XM_022803232.1	2060	1823.15	0	0
XM_022803233.1	1931	1694.15	0	0
XM_022803234.1	2346	2109.15	0	0
XM_022803235.1	4468	4231.15	0	0
XM_022803236.1	4736	4499.15	0	0
XM_022803237.1	4585	4348.15	0	0
XM_022803238.1	4466	4229.15	0	0
XM_022803239.1	4447	4210.15	0	0
XM_022803240.1	4663	4426.15	0	0
XM_022803241.1	4556	4319.15	0	0
XM_022803242.1	5309	5072.15	0	0
XM_022803243.1	5305	5068.15	0	0
XM_022803244.1	2285	2048.15	0	0
XM_022803245.1	4893	4656.15	0	0
XM_022803246.1	4872	4635.15	0	0
XM_022803247.1	3961	3724.15	0	0
XM_022803248.1	4208	3971.15	0	0
XM_022803249.1	3816	3579.15	0	0
XM_022803250.1	3687	3450.15	0	0
XM_022803251.1	3486	3249.15	0	0
XM_022803252.1	4192	3955.15	0	0
XM_022803253.1	4169	3932.15	0	0
XM_022803254.1	4102	3865.15	0	0
XM_022803255.1	2976	2739.15	0	0
XM_022803256.1	1252	1015.15	0	0
XM_022803257.1	7807	7570.15	0	0
XM_022803258.1	2395	2158.15	0	0
XM_022803259.1	4776	4539.15	0	0
XM_022803260.1	930	693.652	0	0
XM_022803261.1	927	690.652	0	0
XM_022803262.1	1139	902.148	0	0
XM_022803263.1	1136	899.148	0	0
XM_022803264.1	892	655.786	0	0
XM_022803265.1	1135	898.148	0	0
XM_022803266.1	1949	1712.15	0	0
XM_022803267.1	1011	774.148	0	0
XM_022803268.1	1224	987.148	0	0
XM_022803269.1	1071	834.148	0	0
XM_022803270.1	5756	5519.15	0	0
XM_022803271.1	5720	5483.15	0	0
XM_022803272.1	1088	851.148	0	0
XM_022803273.1	8586	8349.15	0	0
XM_022803274.1	6965	6728.15	0	0
XM_022803275.1	1858	1621.15	0	0
XM_022803276.1	7818	7581.15	0	0
XM_022803277.1	7186	6949.15	0	0
XM_022803278.1	6776	6539.15	0	0
XM_022803279.1	6598	6361.15	0	0
XM_022803280.1	6447	6210.15	0	0
XM_022803281.1	6808	6571.15	0	0
XM_022803282.1	6280	6043.15	0	0
XM_022803283.1	2544	2307.15	0	0
XM_022803284.1	2263	2026.15	0	0
XM_022803285.1	2243	2006.15	0	0
XM_022803286.1	1061	824.148	0	0
XM_022803287.1	1798	1561.15	0	0
XM_022803288.1	7175	6938.15	0	0
XM_022803289.1	2542	2305.15	0	0
XM_022803290.1	5355	5118.15	0	0
XM_022803291.1	5608	5371.15	0	0
XM_022803292.1	8139	7902.15	0	0
XM_022803293.1	7049	6812.15	0	0
XM_022803294.1	5017	4780.15	0	0
XM_022803295.1	4843	4606.15	0	0
XM_022803296.1	4875	4638.15	0	0
XM_022803297.1	5195	4958.15	0	0
XM_022803298.1	4944	4707.15	0	0
XM_022803299.1	2491	2254.15	0	0
XM_022803300.1	4778	4541.15	0	0
XM_022803301.1	4016	3779.15	0	0
XM_022803302.1	4049	3812.15	0	0
XM_022803303.1	817	581.162	0	0
XM_022803304.1	2394	2157.15	0	0
XM_022803305.1	1461	1224.15	0	0
XM_022803306.1	6569	6332.15	0	0
XM_022803307.1	4014	3777.15	0	0
XM_022803308.1	5078	4841.15	0	0
XM_022803309.1	5687	5450.15	0	0
XM_022803310.1	1549	1312.15	0	0
XM_022803311.1	1558	1321.15	0	0
XM_022803312.1	1287	1050.15	0	0
XM_022803313.1	1265	1028.15	0	0
XM_022803314.1	1034	797.148	0	0
XM_022803315.1	1045	808.148	0	0
XM_022803316.1	3329	3092.15	0	0
XM_022803317.1	3165	2928.15	0	0
XM_022803318.1	3676	3439.15	0	0
XM_022803319.1	2551	2314.15	0	0
XM_022803320.1	4224	3987.15	0	0
XM_022803321.1	3385	3148.15	0	0
XM_022803322.1	4703	4466.15	0	0
XM_022803323.1	2805	2568.15	0	0
XM_022803324.1	2593	2356.15	0	0
XM_022803325.1	2519	2282.15	0	0
XM_022803326.1	3131	2894.15	0	0
XM_022803327.1	3016	2779.15	0	0
XM_022803328.1	3013	2776.15	0	0
XM_022803329.1	2953	2716.15	0	0
XM_022803330.1	7149	6912.15	0	0
XM_022803331.1	6986	6749.15	0	0
XM_022803332.1	6998	6761.15	0	0
XM_022803333.1	2565	2328.15	0	0
XM_022803334.1	2740	2503.15	0	0
XM_022803335.1	1797	1560.15	0	0
XM_022803336.1	2996	2759.15	0	0
XM_022803337.1	1152	915.148	0	0
XM_022803338.1	3302	3065.15	0	0
XM_022803339.1	3299	3062.15	0	0
XM_022803340.1	2437	2200.15	0	0
XM_022803341.1	2254	2017.15	0	0
XM_022803342.1	2412	2175.15	0	0
XM_022803343.1	6297	6060.15	0	0
XM_022803344.1	5224	4987.15	0	0
XM_022803345.1	1137	900.148	0	0
XM_022803346.1	2049	1812.15	0	0
XM_022803347.1	6416	6179.15	0	0
XM_022803348.1	2448	2211.15	0	0
XM_022803349.1	2445	2208.15	0	0
XM_022803350.1	1554	1317.15	0	0
XM_022803351.1	1586	1349.15	0	0
XM_022803352.1	1348	1111.15	0	0
XM_022803353.1	1681	1444.15	0	0
XM_022803354.1	1649	1412.15	0	0
XM_022803355.1	1221	984.148	0	0
XM_022803356.1	1410	1173.15	0	0
XM_022803357.1	1341	1104.15	0	0
XM_022803358.1	1229	992.148	0	0
XM_022803359.1	1923	1686.15	0	0
XM_022803360.1	1933	1696.15	0	0
XM_022803361.1	2034	1797.15	0	0
XM_022803362.1	2303	2066.15	0	0
XM_022803363.1	1863	1626.15	0	0
XM_022803364.1	1754	1517.15	0	0
XM_022803365.1	611	378.923	0	0
XM_022803366.1	608	376.189	0	0
XM_022803367.1	2690	2453.15	0	0
XM_022803368.1	2759	2522.15	0	0
XM_022803369.1	2953	2716.15	0	0
XM_022803370.1	3099	2862.15	0	0
XM_022803371.1	3052	2815.15	0	0
XM_022803372.1	2488	2251.15	0	0
XM_022803373.1	2533	2296.15	0	0
XM_022803374.1	2677	2440.15	0	0
XM_022803375.1	1409	1172.15	0	0
XM_022803376.1	2570	2333.15	0	0
XM_022803377.1	1101	864.148	0	0
XM_022803378.1	964	727.297	0	0
XM_022803379.1	3417	3180.15	0	0
XM_022803380.1	1032	795.148	0	0
XM_022803381.1	8636	8399.15	0	0
XM_022803382.1	8630	8393.15	0	0
XM_022803383.1	7169	6932.15	0	0
XM_022803384.1	3202	2965.15	0	0
XM_022803385.1	1233	996.148	0	0
XM_022803386.1	1256	1019.15	0	0
XM_022803387.1	1212	975.148	0	0
XM_022803388.1	1198	961.148	0	0
XM_022803389.1	3065	2828.15	0	0
XM_022803390.1	3870	3633.15	0	0
XM_022803391.1	3591	3354.15	0	0
XM_022803392.1	3282	3045.15	0	0
XM_022803393.1	859	623.04	0	0
XM_022803394.1	2269	2032.15	0	0
XM_022803395.1	4757	4520.15	0	0
XM_022803396.1	2347	2110.15	0	0
XM_022803397.1	2278	2041.15	0	0
XM_022803398.1	2388	2151.15	0	0
XM_022803399.1	4971	4734.15	0	0
XM_022803400.1	4264	4027.15	0	0
XM_022803401.1	4042	3805.15	0	0
XM_022803402.1	1285	1048.15	0	0
XM_022803403.1	15476	15239.1	0	0
XM_022803404.1	5287	5050.15	0	0
XM_022803405.1	5036	4799.15	0	0
XM_022803406.1	4956	4719.15	0	0
XM_022803407.1	5033	4796.15	0	0
XM_022803408.1	4409	4172.15	0	0
XM_022803409.1	4192	3955.15	0	0
XM_022803410.1	1146	909.148	0	0
XM_022803411.1	4155	3918.15	0	0
XM_022803412.1	3941	3704.15	0	0
XM_022803413.1	5194	4957.15	0	0
XM_022803414.1	5164	4927.15	0	0
XM_022803415.1	5128	4891.15	0	0
XM_022803416.1	3248	3011.15	0	0
XM_022803417.1	1386	1149.15	0	0
XM_022803418.1	1402	1165.15	0	0
XM_022803419.1	1523	1286.15	0	0
XM_022803420.1	1468	1231.15	0	0
XM_022803421.1	1479	1242.15	0	0
XM_022803422.1	10355	10118.1	0	0
XM_022803423.1	10019	9782.15	0	0
XM_022803424.1	3048	2811.15	0	0
XM_022803425.1	4082	3845.15	0	0
XM_022803426.1	3926	3689.15	0	0
XM_022803427.1	3856	3619.15	0	0
XM_022803428.1	4514	4277.15	0	0
XM_022803429.1	3073	2836.15	0	0
XM_022803430.1	4061	3824.15	0	0
XM_022803431.1	1256	1019.15	0	0
XM_022803432.1	1192	955.148	0	0
XM_022803433.1	3718	3481.15	0	0
XM_022803434.1	2045	1808.15	0	0
XM_022803435.1	4970	4733.15	0	0
XM_022803436.1	5202	4965.15	0	0
XM_022803437.1	5093	4856.15	0	0
XM_022803438.1	4644	4407.15	0	0
XM_022803439.1	1485	1248.15	0	0
XM_022803440.1	3878	3641.15	0	0
XM_022803441.1	3815	3578.15	0	0
XM_022803442.1	3741	3504.15	0	0
XM_022803443.1	4950	4713.15	0	0
XM_022803444.1	4718	4481.15	0	0
XM_022803445.1	4520	4283.15	0	0
XM_022803446.1	1392	1155.15	0	0
XM_022803447.1	3756	3519.15	0	0
XM_022803448.1	2127	1890.15	0	0
XM_022803449.1	1979	1742.15	0	0
XM_022803450.1	3750	3513.15	0	0
XM_022803451.1	3711	3474.15	0	0
XM_022803452.1	3271	3034.15	0	0
XM_022803453.1	5916	5679.15	0	0
XM_022803454.1	2126	1889.15	0	0
XM_022803455.1	1984	1747.15	0	0
XM_022803456.1	1683	1446.15	0	0
XM_022803457.1	1665	1428.15	0	0
XM_022803458.1	1686	1449.15	0	0
XM_022803459.1	1693	1456.15	0	0
XM_022803460.1	1609	1372.15	0	0
XM_022803461.1	1687	1450.15	0	0
XM_022803462.1	5913	5676.15	0	0
XM_022803463.1	1578	1341.15	0	0
XM_022803464.1	1588	1351.15	0	0
XM_022803465.1	1516	1279.15	0	0
XM_022803466.1	1388	1151.15	0	0
XM_022803467.1	3927	3690.15	0	0
XM_022803468.1	5353	5116.15	0	0
XM_022803469.1	3967	3730.15	0	0
XM_022803470.1	3905	3668.15	0	0
XM_022803471.1	6001	5764.15	0	0
XM_022803472.1	5900	5663.15	0	0
XM_022803473.1	3629	3392.15	0	0
XM_022803474.1	3486	3249.15	0	0
XM_022803475.1	3585	3348.15	0	0
XM_022803476.1	3395	3158.15	0	0
XM_022803477.1	3238	3001.15	0	0
XM_022803478.1	3093	2856.15	0	0
XM_022803479.1	6061	5824.15	0	0
XM_022803480.1	5858	5621.15	0	0
XM_022803481.1	5217	4980.15	0	0
XM_022803482.1	6085	5848.15	0	0
XM_022803483.1	5330	5093.15	0	0
XM_022803484.1	5066	4829.15	0	0
XM_022803485.1	5068	4831.15	0	0
XM_022803486.1	5069	4832.15	0	0
XM_022803487.1	5069	4832.15	0	0
XM_022803488.1	3564	3327.15	0	0
XM_022803489.1	3479	3242.15	0	0
XM_022803490.1	6367	6130.15	0	0
XM_022803491.1	6144	5907.15	0	0
XM_022803492.1	5919	5682.15	0	0
XM_022803493.1	6083	5846.15	0	0
XM_022803494.1	6228	5991.15	0	0
XM_022803495.1	5316	5079.15	0	0
XM_022803496.1	5849	5612.15	0	0
XM_022803497.1	5908	5671.15	0	0
XM_022803498.1	5537	5300.15	0	0
XM_022803499.1	5233	4996.15	0	0
XM_022803500.1	4996	4759.15	0	0
XM_022803501.1	4704	4467.15	0	0
XM_022803502.1	3764	3527.15	0	0
XM_022803503.1	676	442.199	0	0
XM_022803504.1	995	758.224	0	0
XM_022803505.1	4964	4727.15	0	0
XM_022803506.1	910	673.72	0	0
XM_022803507.1	992	755.224	0	0
XM_022803508.1	3872	3635.15	0	0
XM_022803509.1	3869	3632.15	0	0
XM_022803510.1	4677	4440.15	0	0
XM_022803511.1	5004	4767.15	0	0
XM_022803512.1	5182	4945.15	0	0
XM_022803513.1	4931	4694.15	0	0
XM_022803514.1	5083	4846.15	0	0
XM_022803515.1	4636	4399.15	0	0
XM_022803516.1	4111	3874.15	0	0
XM_022803517.1	5861	5624.15	0	0
XM_022803518.1	5106	4869.15	0	0
XM_022803519.1	5028	4791.15	0	0
XM_022803520.1	4989	4752.15	0	0
XM_022803521.1	680	445.977	0	0
XM_022803522.1	3067	2830.15	0	0
XM_022803523.1	3630	3393.15	0	0
XM_022803524.1	3655	3418.15	0	0
XM_022803525.1	2076	1839.15	0	0
XM_022803526.1	2031	1794.15	0	0
XM_022803527.1	10010	9773.15	0	0
XM_022803528.1	1018	781.148	0	0
XM_022803529.1	12267	12030.1	0	0
XM_022803530.1	12184	11947.1	0	0
XM_022803531.1	12359	12122.1	0	0
XM_022803532.1	12218	11981.1	0	0
XM_022803533.1	1697	1460.15	0	0
XM_022803534.1	3667	3430.15	0	0
XM_022803535.1	4054	3817.15	0	0
XM_022803536.1	3652	3415.15	0	0
XM_022803537.1	5598	5361.15	0	0
XM_022803538.1	3335	3098.15	0	0
XM_022803539.1	3557	3320.15	0	0
XM_022803540.1	2959	2722.15	0	0
XM_022803541.1	2890	2653.15	0	0
XM_022803542.1	3039	2802.15	0	0
XM_022803543.1	3133	2896.15	0	0
XM_022803544.1	846	610.102	0	0
XM_022803545.1	843	607.102	0	0
XM_022803546.1	422	212.039	0	0
XM_022803547.1	2491	2254.15	0	0
XM_022803548.1	2413	2176.15	0	0
XM_022803549.1	2491	2254.15	0	0
XM_022803550.1	1812	1575.15	0	0
XM_022803551.1	2032	1795.15	0	0
XM_022803552.1	2512	2275.15	0	0
XM_022803553.1	3441	3204.15	0	0
XM_022803554.1	4011	3774.15	0	0
XM_022803555.1	2885	2648.15	0	0
XM_022803556.1	4123	3886.15	0	0
XM_022803557.1	1619	1382.15	0	0
XM_022803558.1	716	481.425	0	0
XM_022803559.1	2863	2626.15	0	0
XM_022803560.1	2558	2321.15	0	0
XM_022803561.1	2633	2396.15	0	0
XM_022803562.1	1084	847.148	0	0
XM_022803563.1	1607	1370.15	0	0
XM_022803564.1	2874	2637.15	0	0
XM_022803565.1	1075	838.148	0	0
XM_022803566.1	3241	3004.15	0	0
XM_022803567.1	3258	3021.15	0	0
XM_022803568.1	2994	2757.15	0	0
XM_022803569.1	2969	2732.15	0	0
XM_022803570.1	5337	5100.15	0	0
XM_022803571.1	6415	6178.15	0	0
XM_022803572.1	6127	5890.15	0	0
XM_022803573.1	6082	5845.15	0	0
XM_022803574.1	6516	6279.15	0	0
XM_022803575.1	5870	5633.15	0	0
XM_022803576.1	6237	6000.15	0	0
XM_022803577.1	5769	5532.15	0	0
XM_022803578.1	6247	6010.15	0	0
XM_022803579.1	1160	923.148	0	0
XM_022803580.1	5997	5760.15	0	0
XM_022803581.1	5892	5655.15	0	0
XM_022803582.1	2649	2412.15	0	0
XM_022803583.1	5484	5247.15	0	0
XM_022803584.1	5131	4894.15	0	0
XM_022803585.1	1894	1657.15	0	0
XM_022803586.1	5757	5520.15	0	0
XM_022803587.1	539	311.285	0	0
XM_022803588.1	3734	3497.15	0	0
XM_022803589.1	1821	1584.15	0	0
XM_022803590.1	5565	5328.15	0	0
XM_022803591.1	1165	928.148	0	0
XM_022803592.1	10063	9826.15	0	0
XM_022803593.1	10012	9775.15	0	0
XM_022803594.1	5897	5660.15	0	0
XM_022803595.1	4141	3904.15	0	0
XM_022803596.1	5851	5614.15	0	0
XM_022803597.1	597	365.527	0	0
XM_022803598.1	596	364.638	0	0
XM_022803599.1	2774	2537.15	0	0
XM_022803600.1	3289	3052.15	0	0
XM_022803601.1	1813	1576.15	0	0
XM_022803602.1	4448	4211.15	0	0
XM_022803603.1	1805	1568.15	0	0
XM_022803604.1	2283	2046.15	0	0
XM_022803605.1	2280	2043.15	0	0
XM_022803606.1	2421	2184.15	0	0
XM_022803607.1	1669	1432.15	0	0
XM_022803608.1	2595	2358.15	0	0
XM_022803609.1	2931	2694.15	0	0
XM_022803610.1	2501	2264.15	0	0
XM_022803611.1	2854	2617.15	0	0
XM_022803612.1	2412	2175.15	0	0
XM_022803613.1	2368	2131.15	0	0
XM_022803614.1	2596	2359.15	0	0
XM_022803615.1	2269	2032.15	0	0
XM_022803616.1	2519	2282.15	0	0
XM_022803617.1	2088	1851.15	0	0
XM_022803618.1	2114	1877.15	0	0
XM_022803619.1	2415	2178.15	0	0
XM_022803620.1	2160	1923.15	0	0
XM_022803621.1	2497	2260.15	0	0
XM_022803622.1	3146	2909.15	0	0
XM_022803623.1	2613	2376.15	0	0
XM_022803624.1	8859	8622.15	0	0
XM_022803625.1	6788	6551.15	0	0
XM_022803626.1	4224	3987.15	0	0
XM_022803627.1	1793	1556.15	0	0
XM_022803628.1	1809	1572.15	0	0
XM_022803629.1	4123	3886.15	0	0
XM_022803630.1	2853	2616.15	0	0
XM_022803631.1	1739	1502.15	0	0
XM_022803632.1	3795	3558.15	0	0
XM_022803633.1	3792	3555.15	0	0
XM_022803634.1	3712	3475.15	0	0
XM_022803635.1	3643	3406.15	0	0
XM_022803636.1	3684	3447.15	0	0
XM_022803637.1	2617	2380.15	0	0
XM_022803638.1	2930	2693.15	0	0
XM_022803639.1	4113	3876.15	0	0
XM_022803640.1	7907	7670.15	0	0
XM_022803641.1	7515	7278.15	0	0
XM_022803642.1	7901	7664.15	0	0
XM_022803643.1	7796	7559.15	0	0
XM_022803644.1	7727	7490.15	0	0
XM_022803645.1	4397	4160.15	0	0
XM_022803646.1	4159	3922.15	0	0
XM_022803647.1	4119	3882.15	0	0
XM_022803648.1	3781	3544.15	0.957116	0.0493173
XM_022803649.1	4919	4682.15	0	0
XM_022803650.1	4582	4345.15	0	0
XM_022803651.1	4357	4120.15	0	0
XM_022803652.1	7483	7246.15	0	0
XM_022803653.1	3200	2963.15	0	0
XM_022803654.1	3943	3706.15	0	0
XM_022803655.1	2359	2122.15	0	0
XM_022803656.1	2328	2091.15	0	0
XM_022803657.1	2360	2123.15	0	0
XM_022803658.1	2806	2569.15	0	0
XM_022803659.1	2451	2214.15	0	0
XM_022803660.1	2480	2243.15	0	0
XM_022803661.1	2417	2180.15	0	0
XM_022803662.1	2100	1863.15	0	0
XM_022803663.1	2454	2217.15	0	0
XM_022803664.1	2101	1864.15	0	0
XM_022803665.1	9055	8818.15	3.00011	0.0621307
XM_022803666.1	2538	2301.15	0	0
XM_022803667.1	2554	2317.15	0	0
XM_022803668.1	6286	6049.15	0	0
XM_022803669.1	2345	2108.15	0	0
XM_022803670.1	2303	2066.15	0	0
XM_022803671.1	2331	2094.15	0	0
XM_022803672.1	1966	1729.15	0	0
XM_022803673.1	1440	1203.15	0	0
XM_022803674.1	6054	5817.15	0	0
XM_022803675.1	5994	5757.15	0	0
XM_022803676.1	5599	5362.15	0	0
XM_022803677.1	4392	4155.15	0	0
XM_022803678.1	4522	4285.15	0	0
XM_022803679.1	1998	1761.15	0	0
XM_022803680.1	801	565.277	0	0
XM_022803681.1	5242	5005.15	1.0022	0.0365665
XM_022803682.1	7955	7718.15	0	0
XM_022803683.1	4169	3932.15	0	0
XM_022803684.1	2248	2011.15	0	0
XM_022803685.1	4458	4221.15	0	0
XM_022803686.1	4024	3787.15	0	0
XM_022803687.1	4006	3769.15	0	0
XM_022803688.1	3991	3754.15	0	0
XM_022803689.1	2110	1873.15	0	0
XM_022803690.1	2108	1871.15	0	0
XM_022803691.1	9677	9440.15	0	0
XM_022803692.1	10908	10671.1	0	0
XM_022803693.1	10786	10549.1	0	0
XM_022803694.1	10818	10581.1	0	0
XM_022803695.1	9754	9517.15	0	0
XM_022803696.1	9407	9170.15	0	0
XM_022803697.1	9824	9587.15	0	0
XM_022803698.1	2538	2301.15	0	0
XM_022803699.1	9282	9045.15	0	0
XM_022803700.1	9514	9277.15	0	0
XM_022803701.1	9219	8982.15	0	0
XM_022803702.1	9048	8811.15	0	0
XM_022803703.1	1444	1207.15	0	0
XM_022803704.1	1237	1000.15	0	0
XM_022803705.1	1206	969.148	0	0
XM_022803706.1	2519	2282.15	0	0
XM_022803707.1	5235	4998.15	0	0
XM_022803708.1	4170	3933.15	0	0
XM_022803709.1	1760	1523.15	0	0
XM_022803710.1	1710	1473.15	0	0
XM_022803711.1	1742	1505.15	0	0
XM_022803712.1	2172	1935.15	0	0
XM_022803713.1	1671	1434.15	0	0
XM_022803714.1	1621	1384.15	0	0
XM_022803715.1	2503	2266.15	0	0
XM_022803716.1	1653	1416.15	0	0
XM_022803717.1	3624	3387.15	0	0
XM_022803718.1	3130	2893.15	0	0
XM_022803719.1	2740	2503.15	0	0
XM_022803720.1	2413	2176.15	0	0
XM_022803721.1	12876	12639.1	0	0
XM_022803722.1	16740	16503.1	0	0
XM_022803723.1	12732	12495.1	0	0
XM_022803724.1	12647	12410.1	0	0
XM_022803725.1	12762	12525.1	0	0
XM_022803726.1	12663	12426.1	0	0
XM_022803727.1	12615	12378.1	0	0
XM_022803728.1	12612	12375.1	0	0
XM_022803729.1	12402	12165.1	0	0
XM_022803730.1	2171	1934.15	0	0
XM_022803731.1	1929	1692.15	0	0
XM_022803732.1	2650	2413.15	0	0
XM_022803733.1	2540	2303.15	0	0
XM_022803734.1	2061	1824.15	0	0
XM_022803735.1	1515	1278.15	0	0
XM_022803736.1	1428	1191.15	0	0
XM_022803737.1	3371	3134.15	0	0
XM_022803738.1	1447	1210.15	0	0
XM_022803739.1	3332	3095.15	0	0
XM_022803740.1	2147	1910.15	0	0
XM_022803741.1	1873	1636.15	0	0
XM_022803742.1	1737	1500.15	0	0
XM_022803743.1	1593	1356.15	0	0
XM_022803744.1	2849	2612.15	0	0
XM_022803745.1	2179	1942.15	0	0
XM_022803746.1	2178	1941.15	0	0
XM_022803747.1	2156	1919.15	0	0
XM_022803748.1	2763	2526.15	0	0
XM_022803749.1	1300	1063.15	0	0
XM_022803750.1	1491	1254.15	0	0
XM_022803751.1	1188	951.148	0	0
XM_022803752.1	7298	7061.15	0	0
XM_022803753.1	6145	5908.15	0	0
XM_022803754.1	1137	900.148	0	0
XM_022803755.1	5693	5456.15	0	0
XM_022803756.1	600	368.453	0	0
XM_022803757.1	564	334.587	0	0
XM_022803758.1	4104	3867.15	0	0
XM_022803759.1	3884	3647.15	0	0
XM_022803760.1	3691	3454.15	0	0
XM_022803761.1	3712	3475.15	0	0
XM_022803762.1	3841	3604.15	0	0
XM_022803763.1	1126	889.148	0	0
XM_022803764.1	3835	3598.15	0	0
XM_022803765.1	3380	3143.15	0	0
XM_022803766.1	2031	1794.15	0	0
XM_022803767.1	3329	3092.15	0	0
XM_022803768.1	1979	1742.15	0	0
XM_022803769.1	3686	3449.15	0	0
XM_022803770.1	4884	4647.15	0	0
XM_022803771.1	3072	2835.15	0	0
XM_022803772.1	2912	2675.15	0	0
XM_022803773.1	3227	2990.15	0	0
XM_022803774.1	3203	2966.15	0	0
XM_022803775.1	3008	2771.15	0	0
XM_022803776.1	2609	2372.15	0	0
XM_022803777.1	5004	4767.15	0	0
XM_022803778.1	3605	3368.15	0	0
XM_022803779.1	1324	1087.15	0	0
XM_022803780.1	3295	3058.15	0	0
XM_022803781.1	4937	4700.15	0	0
XM_022803782.1	4878	4641.15	0	0
XM_022803783.1	4703	4466.15	0	0
XM_022803784.1	4194	3957.15	0	0
XM_022803785.1	4135	3898.15	0	0
XM_022803786.1	5331	5094.15	0	0
XM_022803787.1	1641	1404.15	0	0
XM_022803788.1	5158	4921.15	0	0
XM_022803789.1	5482	5245.15	0	0
XM_022803790.1	5298	5061.15	0	0
XM_022803791.1	4944	4707.15	0	0
XM_022803792.1	7736	7499.15	0	0
XM_022803793.1	5287	5050.15	0	0
XM_022803794.1	4762	4525.15	0	0
XM_022803795.1	5103	4866.15	0	0
XM_022803796.1	1117	880.148	0	0
XM_022803797.1	7552	7315.15	0	0
XM_022803798.1	4862	4625.15	0	0
XM_022803799.1	5751	5514.15	0	0
XM_022803800.1	5723	5486.15	0	0
XM_022803801.1	2913	2676.15	0	0
XM_022803802.1	2740	2503.15	0	0
XM_022803803.1	2021	1784.15	0	0
XM_022803804.1	2224	1987.15	0	0
XM_022803805.1	2201	1964.15	0	0
XM_022803806.1	1234	997.148	0	0
XM_022803807.1	2888	2651.15	0	0
XM_022803808.1	2016	1779.15	0	0
XM_022803809.1	2007	1770.15	0	0
XM_022803810.1	2168	1931.15	0	0
XM_022803811.1	2048	1811.15	0	0
XM_022803812.1	2022	1785.15	0	0
XM_022803813.1	2122	1885.15	0	0
XM_022803814.1	6136	5899.15	0	0
XM_022803815.1	3099	2862.15	0	0
XM_022803816.1	6132	5895.15	0	0
XM_022803817.1	1234	997.148	0	0
XM_022803818.1	4318	4081.15	0	0
XM_022803819.1	4347	4110.15	0	0
XM_022803820.1	1703	1466.15	0	0
XM_022803821.1	1683	1446.15	0	0
XM_022803822.1	1971	1734.15	0	0
XM_022803823.1	1183	946.148	0	0
XM_022803824.1	1495	1258.15	0	0
XM_022803825.1	1155	918.148	0	0
XM_022803826.1	4159	3922.15	0	0
XM_022803827.1	4292	4055.15	0	0
XM_022803828.1	4693	4456.15	0	0
XM_022803829.1	4547	4310.15	0	0
XM_022803830.1	4038	3801.15	0	0
XM_022803831.1	3945	3708.15	0	0
XM_022803832.1	1851	1614.15	0	0
XM_022803833.1	1169	932.148	0	0
XM_022803834.1	3109	2872.15	0	0
XM_022803835.1	3106	2869.15	0	0
XM_022803836.1	2783	2546.15	0	0
XM_022803837.1	4631	4394.15	0	0
XM_022803838.1	4299	4062.15	0	0
XM_022803839.1	4098	3861.15	0	0
XM_022803840.1	4078	3841.15	0	0
XM_022803841.1	4018	3781.15	0	0
XM_022803842.1	3967	3730.15	0	0
XM_022803843.1	4088	3851.15	0	0
XM_022803844.1	1777	1540.15	0	0
XM_022803845.1	3968	3731.15	0	0
XM_022803846.1	3603	3366.15	0	0
XM_022803847.1	3785	3548.15	0	0
XM_022803848.1	3713	3476.15	0	0
XM_022803849.1	3708	3471.15	0	0
XM_022803850.1	3773	3536.15	0	0
XM_022803851.1	3757	3520.15	0	0
XM_022803852.1	3606	3369.15	0	0
XM_022803853.1	3561	3324.15	0	0
XM_022803854.1	3681	3444.15	0	0
XM_022803855.1	5955	5718.15	0	0
XM_022803856.1	5703	5466.15	0	0
XM_022803857.1	5801	5564.15	0	0
XM_022803858.1	2161	1924.15	0	0
XM_022803859.1	3876	3639.15	0	0
XM_022803860.1	7944	7707.15	0	0
XM_022803861.1	1276	1039.15	0	0
XM_022803862.1	1420	1183.15	0	0
XM_022803863.1	1831	1594.15	0	0
XM_022803864.1	1747	1510.15	0	0
XM_022803865.1	2293	2056.15	0	0
XM_022803866.1	1253	1016.15	0	0
XM_022803867.1	2068	1831.15	0	0
XM_022803868.1	1715	1478.15	0	0
XM_022803869.1	2163	1926.15	0	0
XM_022803870.1	2108	1871.15	0	0
XM_022803871.1	2918	2681.15	0	0
XM_022803872.1	1327	1090.15	0	0
XM_022803873.1	1157	920.148	0	0
XM_022803874.1	5090	4853.15	0	0
XM_022803875.1	2073	1836.15	0	0
XM_022803876.1	4961	4724.15	0	0
XM_022803877.1	5068	4831.15	0	0
XM_022803878.1	8354	8117.15	0	0
XM_022803879.1	7758	7521.15	0	0
XM_022803880.1	2688	2451.15	0	0
XM_022803881.1	2694	2457.15	0	0
XM_022803882.1	2617	2380.15	0	0
XM_022803883.1	3848	3611.15	0	0
XM_022803884.1	1474	1237.15	0	0
XM_022803885.1	2105	1868.15	0	0
XM_022803886.1	2575	2338.15	0	0
XM_022803887.1	9796	9559.15	0	0
XM_022803888.1	10214	9977.15	0	0
XM_022803889.1	9619	9382.15	0	0
XM_022803890.1	2479	2242.15	0	0
XM_022803891.1	7382	7145.15	0	0
XM_022803892.1	9352	9115.15	0	0
XM_022803893.1	9217	8980.15	0	0
XM_022803894.1	9416	9179.15	0	0
XM_022803895.1	10038	9801.15	0	0
XM_022803896.1	9298	9061.15	0	0
XM_022803897.1	2843	2606.15	0	0
XM_022803898.1	1114	877.148	0	0
XM_022803899.1	4321	4084.15	0	0
XM_022803900.1	4318	4081.15	0	0
XM_022803901.1	3372	3135.15	0	0
XM_022803902.1	3010	2773.15	0	0
XM_022803903.1	2997	2760.15	0	0
XM_022803904.1	2943	2706.15	0	0
XM_022803905.1	887	650.786	0	0
XM_022803906.1	929	692.652	0	0
XM_022803907.1	875	638.915	0	0
XM_022803908.1	872	635.915	0	0
XM_022803909.1	1245	1008.15	0	0
XM_022803910.1	2059	1822.15	0	0
XM_022803911.1	1230	993.148	0	0
XM_022803912.1	1229	992.148	0	0
XM_022803913.1	1214	977.148	0	0
XM_022803914.1	746	510.974	0	0
XM_022803915.1	1168	931.148	0	0
XM_022803916.1	9580	9343.15	0	0
XM_022803917.1	2742	2505.15	0	0
XM_022803918.1	9564	9327.15	0	0
XM_022803919.1	9547	9310.15	0	0
XM_022803920.1	6074	5837.15	0	0
XM_022803921.1	4695	4458.15	0	0
XM_022803922.1	2826	2589.15	0	0
XM_022803923.1	2713	2476.15	0	0
XM_022803924.1	2695	2458.15	0	0
XM_022803925.1	2766	2529.15	0	0
XM_022803926.1	1866	1629.15	0	0
XM_022803927.1	1877	1640.15	0	0
XM_022803928.1	1732	1495.15	0	0
XM_022803929.1	3849	3612.15	0	0
XM_022803930.1	3214	2977.15	0	0
XM_022803931.1	3291	3054.15	0	0
XM_022803932.1	5755	5518.15	0	0
XM_022803933.1	3180	2943.15	0	0
XM_022803934.1	3668	3431.15	0	0
XM_022803935.1	7648	7411.15	0	0
XM_022803936.1	7111	6874.15	0	0
XM_022803937.1	14548	14311.1	0	0
XM_022803938.1	14506	14269.1	0	0
XM_022803939.1	5159	4922.15	0	0
XM_022803940.1	1723	1486.15	0	0
XM_022803941.1	3417	3180.15	0	0
XM_022803942.1	888	651.786	0	0
XM_022803943.1	562	332.688	0	0
XM_022803944.1	7925	7688.15	0	0
XM_022803945.1	3135	2898.15	0	0
XM_022803946.1	3124	2887.15	0	0
XM_022803947.1	4087	3850.15	0	0
XM_022803948.1	1382	1145.15	0	0
XM_022803949.1	3169	2932.15	0	0
XM_022803950.1	3165	2928.15	0	0
XM_022803951.1	3028	2791.15	0	0
XM_022803952.1	2941	2704.15	0	0
XM_022803953.1	5695	5458.15	0	0
XM_022803954.1	4992	4755.15	0	0
XM_022803955.1	5308	5071.15	0	0
XM_022803956.1	2857	2620.15	0	0
XM_022803957.1	4038	3801.15	0	0
XM_022803958.1	3720	3483.15	0	0
XM_022803959.1	2707	2470.15	0	0
XM_022803960.1	2962	2725.15	0	0
XM_022803961.1	4785	4548.15	0	0
XM_022803962.1	2937	2700.15	0	0
XM_022803963.1	3024	2787.15	0	0
XM_022803964.1	4791	4554.15	0	0
XM_022803965.1	1254	1017.15	0	0
XM_022803966.1	1393	1156.15	0	0
XM_022803967.1	959	722.37	0	0
XM_022803968.1	886	649.786	0	0
XM_022803969.1	4200	3963.15	0	0
XM_022803970.1	4980	4743.15	0	0
XM_022803971.1	4123	3886.15	0	0
XM_022803972.1	3776	3539.15	0	0
XM_022803973.1	6493	6256.15	0	0
XM_022803974.1	6708	6471.15	0	0
XM_022803975.1	9527	9290.15	0	0
XM_022803976.1	12269	12032.1	0	0
XM_022803977.1	7733	7496.15	0	0
XM_022803978.1	7757	7520.15	0	0
XM_022803979.1	7899	7662.15	0	0
XM_022803980.1	8547	8310.15	0	0
XM_022803981.1	7640	7403.15	0	0
XM_022803982.1	7197	6960.15	0	0
XM_022803983.1	2348	2111.15	0	0
XM_022803984.1	1349	1112.15	0	0
XM_022803985.1	1177	940.148	0	0
XM_022803986.1	1117	880.148	0	0
XM_022803987.1	1136	899.148	0	0
XM_022803988.1	6029	5792.15	0	0
XM_022803989.1	5350	5113.15	0	0
XM_022803990.1	1310	1073.15	0	0
XM_022803991.1	5909	5672.15	0	0
XM_022803992.1	5035	4798.15	0	0
XM_022803993.1	1397	1160.15	0	0
XM_022803994.1	1987	1750.15	0	0
XM_022803995.1	1991	1754.15	0	0
XM_022803996.1	1913	1676.15	0	0
XM_022803997.1	1891	1654.15	0	0
XM_022803998.1	2135	1898.15	0	0
XM_022803999.1	2442	2205.15	0	0
XM_022804000.1	3587	3350.15	0	0
XM_022804001.1	1514	1277.15	0	0
XM_022804002.1	1699	1462.15	0	0
XM_022804003.1	1907	1670.15	0	0
XM_022804004.1	4347	4110.15	0	0
XM_022804005.1	1475	1238.15	0	0
XM_022804006.1	1620	1383.15	0	0
XM_022804007.1	6249	6012.15	0	0
XM_022804008.1	8025	7788.15	0	0
XM_022804009.1	4941	4704.15	0	0
XM_022804010.1	1305	1068.15	0	0
XM_022804011.1	4287	4050.15	0	0
XM_022804012.1	1889	1652.15	0	0
XM_022804013.1	1837	1600.15	0	0
XM_022804014.1	4417	4180.15	0	0
XM_022804015.1	7374	7137.15	0	0
XM_022804016.1	6171	5934.15	0	0
XM_022804017.1	5376	5139.15	0	0
XM_022804018.1	6057	5820.15	0	0
XM_022804019.1	7359	7122.15	0	0
XM_022804020.1	1269	1032.15	0	0
XM_022804021.1	5361	5124.15	0	0
XM_022804022.1	6042	5805.15	0	0
XM_022804023.1	6441	6204.15	0	0
XM_022804024.1	6784	6547.15	0	0
XM_022804025.1	1880	1643.15	0	0
XM_022804026.1	1312	1075.15	0	0
XM_022804027.1	2235	1998.15	0	0
XM_022804028.1	2454	2217.15	0	0
XM_022804029.1	2293	2056.15	0	0
XM_022804030.1	1625	1388.15	0	0
XM_022804031.1	768	532.607	0	0
XM_022804032.1	1424	1187.15	0	0
XM_022804033.1	7480	7243.15	0	0
XM_022804034.1	1622	1385.15	0	0
XM_022804035.1	1897	1660.15	0	0
XM_022804036.1	1703	1466.15	0	0
XM_022804037.1	1812	1575.15	0	0
XM_022804038.1	1443	1206.15	0	0
XM_022804039.1	4158	3921.15	0	0
XM_022804040.1	3970	3733.15	0	0
XM_022804041.1	3947	3710.15	0	0
XM_022804042.1	3704	3467.15	0	0
XM_022804043.1	3877	3640.15	0	0
XM_022804044.1	3854	3617.15	0	0
XM_022804045.1	4213	3976.15	0	0
XM_022804046.1	3559	3322.15	0	0
XM_022804047.1	3452	3215.15	0	0
XM_022804048.1	4899	4662.15	0	0
XM_022804049.1	2610	2373.15	0	0
XM_022804050.1	2009	1772.15	0	0
XM_022804051.1	1978	1741.15	0	0
XM_022804052.1	1483	1246.15	0	0
XM_022804053.1	2697	2460.15	0	0
XM_022804054.1	5323	5086.15	0	0
XM_022804055.1	4441	4204.15	0	0
XM_022804056.1	2728	2491.15	0	0
XM_022804057.1	5919	5682.15	0	0
XM_022804058.1	6281	6044.15	0	0
XM_022804059.1	7223	6986.15	0	0
XM_022804060.1	6094	5857.15	0	0
XM_022804061.1	6904	6667.15	0	0
XM_022804062.1	5987	5750.15	0	0
XM_022804063.1	5948	5711.15	0	0
XM_022804064.1	5807	5570.15	0	0
XM_022804065.1	1711	1474.15	0	0
XM_022804066.1	15121	14884.1	0	0
XM_022804067.1	4309	4072.15	0	0
XM_022804068.1	744	509.025	0	0
XM_022804069.1	1645	1408.15	0	0
XM_022804070.1	1642	1405.15	0	0
XM_022804071.1	1519	1282.15	0	0
XM_022804072.1	6067	5830.15	0	0
XM_022804073.1	5916	5679.15	0	0
XM_022804074.1	6153	5916.15	0	0
XM_022804075.1	14532	14295.1	2.00286	0.0255864
XM_022804076.1	5149	4912.15	0	0
XM_022804077.1	2807	2570.15	0	0
XM_022804078.1	3145	2908.15	0	0
XM_022804079.1	5976	5739.15	0	0
XM_022804080.1	2911	2674.15	0	0
XM_022804081.1	2800	2563.15	0	0
XM_022804082.1	1677	1440.15	0	0
XM_022804083.1	16004	15767.1	0	0
XM_022804084.1	1798	1561.15	0	0
XM_022804085.1	1846	1609.15	0	0
XM_022804086.1	4490	4253.15	0	0
XM_022804087.1	3654	3417.15	0	0
XM_022804088.1	1354	1117.15	0	0
XM_022804089.1	4445	4208.15	0	0
XM_022804090.1	2400	2163.15	0	0
XM_022804091.1	1049	812.148	0	0
XM_022804092.1	3875	3638.15	0	0
XM_022804093.1	3430	3193.15	0	0
XM_022804094.1	3356	3119.15	0	0
XM_022804095.1	3662	3425.15	0	0
XM_022804096.1	1211	974.148	0	0
XM_022804097.1	4913	4676.15	0	0
XM_022804098.1	4952	4715.15	0	0
XM_022804099.1	2523	2286.15	0	0
XM_022804100.1	1632	1395.15	0	0
XM_022804101.1	1916	1679.15	0	0
XM_022804102.1	1644	1407.15	0	0
XM_022804103.1	2392	2155.15	0	0
XM_022804104.1	1639	1402.15	0	0
XM_022804105.1	1742	1505.15	0	0
XM_022804106.1	2380	2143.15	0	0
XM_022804107.1	1469	1232.15	0	0
XM_022804108.1	1577	1340.15	0	0
XM_022804109.1	1462	1225.15	0	0
XM_022804110.1	1393	1156.15	0	0
XM_022804111.1	670	436.243	0	0
XM_022804112.1	726	491.327	0	0
XM_022804113.1	1394	1157.15	0	0
XM_022804114.1	4166	3929.15	0	0
XM_022804115.1	2725	2488.15	0	0
XM_022804116.1	2705	2468.15	0	0
XM_022804117.1	1288	1051.15	0	0
XM_022804118.1	1457	1220.15	0	0
XM_022804119.1	3781	3544.15	0	0
XM_022804120.1	1462	1225.15	0	0
XM_022804121.1	650	416.804	0	0
XM_022804122.1	3580	3343.15	0	0
XM_022804123.1	3626	3389.15	0	0
XM_022804124.1	3686	3449.15	0	0
XM_022804125.1	3569	3332.15	0	0
XM_022804126.1	3588	3351.15	0	0
XM_022804127.1	3734	3497.15	0	0
XM_022804128.1	1495	1258.15	0	0
XM_022804129.1	3775	3538.15	0	0
XM_022804130.1	4545	4308.15	0	0
XM_022804131.1	3156	2919.15	0	0
XM_022804132.1	3185	2948.15	0	0
XM_022804133.1	3108	2871.15	0	0
XM_022804134.1	4971	4734.15	0	0
XM_022804135.1	4524	4287.15	0	0
XM_022804136.1	5069	4832.15	0	0
XM_022804137.1	1141	904.148	0	0
XM_022804138.1	3736	3499.15	0	0
XM_022804139.1	2325	2088.15	0	0
XM_022804140.1	2316	2079.15	0	0
XM_022804141.1	2289	2052.15	0	0
XM_022804142.1	2299	2062.15	0	0
XM_022804143.1	7248	7011.15	0	0
XM_022804144.1	7206	6969.15	0	0
XM_022804145.1	4908	4671.15	0	0
XM_022804146.1	5568	5331.15	0	0
XM_022804147.1	3678	3441.15	0	0
XM_022804148.1	4879	4642.15	0	0
XM_022804149.1	4839	4602.15	0	0
XM_022804150.1	1602	1365.15	0	0
XM_022804151.1	4532	4295.15	0	0
XM_022804152.1	5222	4985.15	0	0
XM_022804153.1	5192	4955.15	0	0
XM_022804154.1	5153	4916.15	0	0
XM_022804155.1	4127	3890.15	0	0
XM_022804156.1	3651	3414.15	0	0
XM_022804157.1	3807	3570.15	0	0
XM_022804158.1	6359	6122.15	0	0
XM_022804159.1	6239	6002.15	0	0
XM_022804160.1	5934	5697.15	0	0
XM_022804161.1	5948	5711.15	0	0
XM_022804162.1	5485	5248.15	0	0
XM_022804163.1	3585	3348.15	0	0
XM_022804164.1	1194	957.148	0	0
XM_022804165.1	1290	1053.15	0	0
XM_022804166.1	1164	927.148	0	0
XM_022804167.1	1175	938.148	0	0
XM_022804168.1	1183	946.148	0	0
XM_022804169.1	1128	891.148	0	0
XM_022804170.1	1109	872.148	0	0
XM_022804171.1	3477	3240.15	0	0
XM_022804172.1	1056	819.148	0	0
XM_022804173.1	1070	833.148	0	0
XM_022804174.1	1075	838.148	0	0
XM_022804175.1	4922	4685.15	0	0
XM_022804176.1	4047	3810.15	0	0
XM_022804177.1	2768	2531.15	0	0
XM_022804178.1	991	754.224	0	0
XM_022804179.1	824	588.162	0	0
XM_022804180.1	2272	2035.15	0	0
XM_022804181.1	3254	3017.15	0	0
XM_022804182.1	3349	3112.15	0	0
XM_022804183.1	3069	2832.15	0	0
XM_022804184.1	1296	1059.15	0	0
XM_022804185.1	1126	889.148	0	0
XM_022804186.1	2909	2672.15	0	0
XM_022804187.1	3857	3620.15	0	0
XM_022804188.1	3383	3146.15	0	0
XM_022804189.1	2934	2697.15	0	0
XM_022804190.1	1612	1375.15	0	0
XM_022804191.1	12124	11887.1	0	0
XM_022804192.1	18881	18644.1	0	0
XM_022804193.1	16453	16216.1	0	0
XM_022804194.1	16064	15827.1	0	0
XM_022804195.1	16069	15832.1	0	0
XM_022804196.1	18867	18630.1	0	0
XM_022804197.1	16078	15841.1	0	0
XM_022804198.1	16141	15904.1	0	0
XM_022804199.1	16664	16427.1	0	0
XM_022804200.1	1468	1231.15	0	0
XM_022804201.1	2918	2681.15	0	0
XM_022804202.1	6545	6308.15	0	0
XM_022804203.1	5410	5173.15	0	0
XM_022804204.1	5237	5000.15	0	0
XM_022804205.1	4335	4098.15	0	0
XM_022804206.1	4055	3818.15	0	0
XM_022804207.1	3904	3667.15	0	0
XM_022804208.1	5663	5426.15	0	0
XM_022804209.1	4225	3988.15	0	0
XM_022804210.1	4544	4307.15	0	0
XM_022804211.1	1606	1369.15	0	0
XM_022804212.1	2960	2723.15	0	0
XM_022804213.1	4875	4638.15	0	0
XM_022804214.1	4695	4458.15	0	0
XM_022804215.1	2928	2691.15	0	0
XM_022804216.1	5131	4894.15	0	0
XM_022804217.1	735	500.227	0	0
XM_022804218.1	759	523.871	0	0
XM_022804219.1	1934	1697.15	0	0
XM_022804220.1	1585	1348.15	0	0
XM_022804221.1	3839	3602.15	0	0
XM_022804222.1	3728	3491.15	0	0
XM_022804223.1	3725	3488.15	0	0
XM_022804224.1	3748	3511.15	0	0
XM_022804225.1	3727	3490.15	0	0
XM_022804226.1	3764	3527.15	0	0
XM_022804227.1	3680	3443.15	0	0
XM_022804228.1	3654	3417.15	0	0
XM_022804229.1	3699	3462.15	0	0
XM_022804230.1	7355	7118.15	0	0
XM_022804231.1	3895	3658.15	0	0
XM_022804232.1	3551	3314.15	0	0
XM_022804233.1	3892	3655.15	0	0
XM_022804234.1	3826	3589.15	0	0
XM_022804235.1	3914	3677.15	0	0
XM_022804236.1	3606	3369.15	0	0
XM_022804237.1	3596	3359.15	0	0
XM_022804238.1	1338	1101.15	0	0
XM_022804239.1	2570	2333.15	0	0
XM_022804240.1	4236	3999.15	0	0
XM_022804241.1	4180	3943.15	0.00398118	0.000184381
XM_022804242.1	4807	4570.15	0	0
XM_022804243.1	4717	4480.15	0	0
XM_022804244.1	4466	4229.15	0	0
XM_022804245.1	5461	5224.15	0	0
XM_022804246.1	4158	3921.15	0.996019	0.0463875
XM_022804247.1	3666	3429.15	0	0
XM_022804248.1	3717	3480.15	0	0
XM_022804249.1	2531	2294.15	0	0
XM_022804250.1	3723	3486.15	0	0
XM_022804251.1	3008	2771.15	0	0
XM_022804252.1	2849	2612.15	0	0
XM_022804253.1	2612	2375.15	0	0
XM_022804254.1	3642	3405.15	0	0
XM_022804255.1	3489	3252.15	0	0
XM_022804256.1	6676	6439.15	1.08797	0.0308557
XM_022804257.1	6672	6435.15	2.00899	0.0570118
XM_022804258.1	5353	5116.15	0	0
XM_022804259.1	6433	6196.15	0	0
XM_022804260.1	6403	6166.15	0	0
XM_022804261.1	6339	6102.15	0	0
XM_022804262.1	6367	6130.15	0	0
XM_022804263.1	3443	3206.15	0	0
XM_022804264.1	1290	1053.15	0	0
XM_022804265.1	3687	3450.15	0	0
XM_022804266.1	3483	3246.15	0	0
XM_022804267.1	3683	3446.15	0	0
XM_022804268.1	3276	3039.15	0	0
XM_022804269.1	2616	2379.15	0	0
XM_022804270.1	1523	1286.15	0	0
XM_022804271.1	1059	822.148	0	0
XM_022804272.1	1554	1317.15	0	0
XM_022804273.1	1525	1288.15	0	0
XM_022804274.1	629	396.376	0	0
XM_022804275.1	2516	2279.15	0	0
XM_022804276.1	8361	8124.15	0	0
XM_022804277.1	10630	10393.1	0	0
XM_022804278.1	9399	9162.15	0	0
XM_022804279.1	10541	10304.1	0	0
XM_022804280.1	8703	8466.15	0	0
XM_022804281.1	7563	7326.15	0	0
XM_022804282.1	7331	7094.15	0	0
XM_022804283.1	7906	7669.15	0	0
XM_022804284.1	8272	8035.15	0	0
XM_022804285.1	7691	7454.15	0	0
XM_022804286.1	7393	7156.15	0	0
XM_022804287.1	1653	1416.15	0	0
XM_022804288.1	1571	1334.15	0	0
XM_022804289.1	2252	2015.15	0	0
XM_022804290.1	5707	5470.15	0	0
XM_022804291.1	1371	1134.15	0	0
XM_022804292.1	2728	2491.15	0	0
XM_022804293.1	2701	2464.15	0	0
XM_022804294.1	2713	2476.15	0	0
XM_022804295.1	2701	2464.15	0	0
XM_022804296.1	2968	2731.15	0	0
XM_022804297.1	2869	2632.15	0	0
XM_022804298.1	3020	2783.15	0	0
XM_022804299.1	5376	5139.15	0	0
XM_022804300.1	4948	4711.15	0	0
XM_022804301.1	2088	1851.15	0	0
XM_022804302.1	5290	5053.15	0	0
XM_022804303.1	5277	5040.15	0	0
XM_022804304.1	5076	4839.15	0	0
XM_022804305.1	5782	5545.15	0	0
XM_022804306.1	1631	1394.15	0	0
XM_022804307.1	1085	848.148	0	0
XM_022804308.1	1225	988.148	0	0
XM_022804309.1	1986	1749.15	0	0
XM_022804310.1	2844	2607.15	0	0
XM_022804311.1	2365	2128.15	0	0
XM_022804312.1	2781	2544.15	0	0
XM_022804313.1	5178	4941.15	0	0
XM_022804314.1	8823	8586.15	0	0
XM_022804315.1	4445	4208.15	0	0
XM_022804316.1	1748	1511.15	0	0
XM_022804317.1	1217	980.148	0	0
XM_022804318.1	5046	4809.15	0	0
XM_022804319.1	4212	3975.15	0	0
XM_022804320.1	4648	4411.15	0	0
XM_022804321.1	8809	8572.15	0	0
XM_022804322.1	10175	9938.15	0	0
XM_022804323.1	8255	8018.15	0	0
XM_022804324.1	8785	8548.15	0	0
XM_022804325.1	10554	10317.1	0	0
XM_022804326.1	8167	7930.15	0	0
XM_022804327.1	9649	9412.15	0	0
XM_022804328.1	8209	7972.15	0	0
XM_022804329.1	8710	8473.15	0	0
XM_022804330.1	4752	4515.15	0	0
XM_022804331.1	1355	1118.15	0	0
XM_022804332.1	1841	1604.15	0	0
XM_022804333.1	2922	2685.15	0	0
XM_022804334.1	3471	3234.15	0	0
XM_022804335.1	1285	1048.15	0	0
XM_022804336.1	2081	1844.15	0	0
XM_022804337.1	1631	1394.15	0	0
XM_022804338.1	1367	1130.15	0	0
XM_022804339.1	3101	2864.15	0	0
XM_022804340.1	3276	3039.15	0	0
XM_022804341.1	3258	3021.15	0	0
XM_022804342.1	2624	2387.15	0	0
XM_022804343.1	3083	2846.15	0	0
XM_022804344.1	1817	1580.15	0	0
XM_022804345.1	1035	798.148	0	0
XM_022804346.1	5886	5649.15	0	0
XM_022804347.1	5826	5589.15	0	0
XM_022804348.1	4448	4211.15	0	0
XM_022804349.1	4221	3984.15	0	0
XM_022804350.1	5373	5136.15	0	0
XM_022804351.1	4282	4045.15	0	0
XM_022804352.1	4658	4421.15	0	0
XM_022804353.1	2071	1834.15	0	0
XM_022804354.1	2328	2091.15	0	0
XM_022804355.1	808	572.277	0	0
XM_022804356.1	916	679.72	0	0
XM_022804357.1	686	451.796	0	0
XM_022804358.1	532	305.232	0	0
XM_022804359.1	6574	6337.15	0	0
XM_022804360.1	717	482.425	0	0
XM_022804361.1	462	244.394	0	0
XM_022804362.1	2381	2144.15	0	0
XM_022804363.1	1148	911.148	0	0
XM_022804364.1	1798	1561.15	0	0
XM_022804365.1	6463	6226.15	0	0
XM_022804366.1	3515	3278.15	0	0
XM_022804367.1	360	164.089	0	0
XM_022804368.1	3102	2865.15	0	0
XM_022804369.1	4161	3924.15	0	0
XM_022804370.1	5292	5055.15	0	0
XM_022804371.1	4113	3876.15	0	0
XM_022804372.1	1710	1473.15	0	0
XM_022804373.1	1578	1341.15	0	0
XM_022804374.1	2714	2477.15	0	0
XM_022804375.1	1902	1665.15	0	0
XM_022804376.1	2017	1780.15	0	0
XM_022804377.1	8907	8670.15	0	0
XM_022804378.1	8828	8591.15	0	0
XM_022804379.1	8805	8568.15	0	0
XM_022804380.1	4947	4710.15	0	0
XM_022804381.1	7451	7214.15	0	0
XM_022804382.1	8591	8354.15	0	0
XM_022804383.1	7479	7242.15	0	0
XM_022804384.1	8615	8378.15	0	0
XM_022804385.1	8227	7990.15	0	0
XM_022804386.1	1761	1524.15	0	0
XM_022804387.1	664	430.548	0	0
XM_022804388.1	1098	861.148	0	0
XM_022804389.1	880	643.851	0	0
XM_022804390.1	2152	1915.15	0	0
XM_022804391.1	3091	2854.15	0	0
XM_022804392.1	3038	2801.15	0	0
XM_022804393.1	4093	3856.15	0	0
XM_022804394.1	3218	2981.15	0	0
XM_022804395.1	3058	2821.15	0	0
XM_022804396.1	2949	2712.15	0	0
XM_022804397.1	4558	4321.15	0	0
XM_022804398.1	4506	4269.15	0	0
XM_022804399.1	2826	2589.15	0	0
XM_022804400.1	2820	2583.15	0	0
XM_022804401.1	1295	1058.15	0	0
XM_022804402.1	1274	1037.15	0	0
XM_022804403.1	1318	1081.15	0	0
XM_022804404.1	1400	1163.15	0	0
XM_022804405.1	1597	1360.15	0	0
XM_022804406.1	7929	7692.15	0	0
XM_022804407.1	11011	10774.1	0	0
XM_022804408.1	10972	10735.1	0	0
XM_022804409.1	10922	10685.1	0	0
XM_022804410.1	11889	11652.1	0	0
XM_022804411.1	11761	11524.1	0	0
XM_022804412.1	10656	10419.1	0	0
XM_022804413.1	9908	9671.15	0	0
XM_022804414.1	9912	9675.15	0	0
XM_022804415.1	4829	4592.15	0	0
XM_022804416.1	4626	4389.15	0	0
XM_022804417.1	5983	5746.15	0	0
XM_022804418.1	1607	1370.15	0	0
XM_022804419.1	1162	925.148	0	0
XM_022804420.1	1163	926.148	0	0
XM_022804421.1	1085	848.148	0	0
XM_022804422.1	1397	1160.15	0	0
XM_022804423.1	2924	2687.15	0	0
XM_022804424.1	2792	2555.15	0	0
XM_022804425.1	1828	1591.15	0	0
XM_022804426.1	1556	1319.15	0	0
XM_022804427.1	1676	1439.15	0	0
XM_022804428.1	1514	1277.15	0	0
XM_022804429.1	2782	2545.15	0	0
XM_022804430.1	990	753.224	0	0
XM_022804431.1	638	405.175	0	0
XM_022804432.1	6660	6423.15	0	0
XM_022804433.1	6908	6671.15	0	0
XM_022804434.1	7603	7366.15	0	0
XM_022804435.1	6595	6358.15	0	0
XM_022804436.1	6163	5926.15	0	0
XM_022804437.1	3918	3681.15	0	0
XM_022804438.1	1684	1447.15	0	0
XM_022804439.1	1651	1414.15	0	0
XM_022804440.1	1646	1409.15	0	0
XM_022804441.1	4480	4243.15	0	0
XM_022804442.1	731	496.278	0	0
XM_022804443.1	4149	3912.15	0	0
XM_022804444.1	3825	3588.15	0	0
XM_022804445.1	1836	1599.15	0	0
XM_022804446.1	1883	1646.15	0	0
XM_022804447.1	3996	3759.15	0	0
XM_022804448.1	1622	1385.15	0	0
XM_022804449.1	3352	3115.15	0	0
XM_022804450.1	847	611.102	0	0
XM_022804451.1	828	592.102	0	0
XM_022804452.1	822	586.162	0	0
XM_022804453.1	718	483.425	0	0
XM_022804454.1	805	569.277	0	0
XM_022804455.1	658	424.634	0	0
XM_022804456.1	738	503.227	0	0
XM_022804457.1	4947	4710.15	0	0
XM_022804458.1	4321	4084.15	0	0
XM_022804459.1	820	584.162	0	0
XM_022804460.1	816	580.22	0	0
XM_022804461.1	838	602.102	0	0
XM_022804462.1	2301	2064.15	0	0
XM_022804463.1	2284	2047.15	0	0
XM_022804464.1	2240	2003.15	0	0
XM_022804465.1	2129	1892.15	0	0
XM_022804466.1	2299	2062.15	0	0
XM_022804467.1	4283	4046.15	0	0
XM_022804468.1	3799	3562.15	0	0
XM_022804469.1	3460	3223.15	0	0
XM_022804470.1	3730	3493.15	0	0
XM_022804471.1	3255	3018.15	0	0
XM_022804472.1	3620	3383.15	0	0
XM_022804473.1	3622	3385.15	0	0
XM_022804474.1	3552	3315.15	0	0
XM_022804475.1	3308	3071.15	0	0
XM_022804476.1	5623	5386.15	0	0
XM_022804477.1	5455	5218.15	0	0
XM_022804478.1	4992	4755.15	0	0
XM_022804479.1	3788	3551.15	0	0
XM_022804480.1	3773	3536.15	0	0
XM_022804481.1	4510	4273.15	0	0
XM_022804482.1	5646	5409.15	0	0
XM_022804483.1	1571	1334.15	0	0
XM_022804484.1	1777	1540.15	0	0
XM_022804485.1	3805	3568.15	0	0
XM_022804486.1	3430	3193.15	0	0
XM_022804487.1	2942	2705.15	0	0
XM_022804488.1	5601	5364.15	0	0
XM_022804489.1	4185	3948.15	0	0
XM_022804490.1	4185	3948.15	0	0
XM_022804491.1	4041	3804.15	0	0
XM_022804492.1	2432	2195.15	0	0
XM_022804493.1	2657	2420.15	0	0
XM_022804494.1	3952	3715.15	0	0
XM_022804495.1	2948	2711.15	0	0
XM_022804496.1	2982	2745.15	0	0
XM_022804497.1	3487	3250.15	0	0
XM_022804498.1	2630	2393.15	0	0
XM_022804499.1	1761	1524.15	0	0
XM_022804500.1	3888	3651.15	0	0
XM_022804501.1	2722	2485.15	0	0
XM_022804502.1	2813	2576.15	0	0
XM_022804503.1	2733	2496.15	0	0
XM_022804504.1	5536	5299.15	0	0
XM_022804505.1	5640	5403.15	0	0
XM_022804506.1	5623	5386.15	0	0
XM_022804507.1	5374	5137.15	0	0
XM_022804508.1	5449	5212.15	0	0
XM_022804509.1	5553	5316.15	0	0
XM_022804510.1	5019	4782.15	0	0
XM_022804511.1	5478	5241.15	0	0
XM_022804512.1	5409	5172.15	0	0
XM_022804513.1	5524	5287.15	0	0
XM_022804514.1	5407	5170.15	0	0
XM_022804515.1	5224	4987.15	0	0
XM_022804516.1	5101	4864.15	0	0
XM_022804517.1	4137	3900.15	0	0
XM_022804518.1	4078	3841.15	0	0
XM_022804519.1	4260	4023.15	0	0
XM_022804520.1	4950	4713.15	0	0
XM_022804521.1	1697	1460.15	0	0
XM_022804522.1	1899	1662.15	0	0
XM_022804523.1	1624	1387.15	0	0
XM_022804524.1	1354	1117.15	0	0
XM_022804525.1	1673	1436.15	0	0
XM_022804526.1	1541	1304.15	0	0
XM_022804527.1	1945	1708.15	0	0
XM_022804528.1	1553	1316.15	0	0
XM_022804529.1	4890	4653.15	0	0
XM_022804530.1	3275	3038.15	0	0
XM_022804531.1	2829	2592.15	0	0
XM_022804532.1	2826	2589.15	0	0
XM_022804533.1	3843	3606.15	0	0
XM_022804534.1	5204	4967.15	0	0
XM_022804535.1	4379	4142.15	0	0
XM_022804536.1	3931	3694.15	0	0
XM_022804537.1	4733	4496.15	0	0
XM_022804538.1	3860	3623.15	0	0
XM_022804539.1	3717	3480.15	0	0
XM_022804540.1	3709	3472.15	0	0
XM_022804541.1	1930	1693.15	0	0
XM_022804542.1	5254	5017.15	0	0
XM_022804543.1	3521	3284.15	0	0
XM_022804544.1	2854	2617.15	0	0
XM_022804545.1	2141	1904.15	0	0
XM_022804546.1	5262	5025.15	0	0
XM_022804547.1	2033	1796.15	0	0
XM_022804548.1	1030	793.148	0	0
XM_022804549.1	620	387.575	0	0
XM_022804550.1	960	723.297	0	0
XM_022804551.1	972	735.297	0	0
XM_022804552.1	4644	4407.15	0	0
XM_022804553.1	885	648.786	0	0
XM_022804554.1	1561	1324.15	0	0
XM_022804555.1	1546	1309.15	0	0
XM_022804556.1	1675	1438.15	0	0
XM_022804557.1	1480	1243.15	0	0
XM_022804558.1	2932	2695.15	0	0
XM_022804559.1	3057	2820.15	0	0
XM_022804560.1	3036	2799.15	0	0
XM_022804561.1	3030	2793.15	0	0
XM_022804562.1	3015	2778.15	0	0
XM_022804563.1	3012	2775.15	0	0
XM_022804564.1	4672	4435.15	0	0
XM_022804565.1	3072	2835.15	0	0
XM_022804566.1	2113	1876.15	0	0
XM_022804567.1	4805	4568.15	0	0
XM_022804568.1	4852	4615.15	0	0
XM_022804569.1	4724	4487.15	0	0
XM_022804570.1	5479	5242.15	0	0
XM_022804571.1	1163	926.148	0	0
XM_022804572.1	5372	5135.15	0	0
XM_022804573.1	7138	6901.15	0	0
XM_022804574.1	6844	6607.15	0	0
XM_022804575.1	5436	5199.15	0	0
XM_022804576.1	6229	5992.15	0	0
XM_022804577.1	5384	5147.15	0	0
XM_022804578.1	5381	5144.15	0	0
XM_022804579.1	5257	5020.15	0	0
XM_022804580.1	2193	1956.15	0	0
XM_022804581.1	5254	5017.15	0	0
XM_022804582.1	1179	942.148	0	0
XM_022804583.1	1625	1388.15	0	0
XM_022804584.1	1034	797.148	0	0
XM_022804585.1	1465	1228.15	0	0
XM_022804586.1	2778	2541.15	0	0
XM_022804587.1	2166	1929.15	0	0
XM_022804588.1	2054	1817.15	0	0
XM_022804589.1	2183	1946.15	0	0
XM_022804590.1	2307	2070.15	0	0
XM_022804591.1	2128	1891.15	0	0
XM_022804592.1	2286	2049.15	0	0
XM_022804593.1	2724	2487.15	0	0
XM_022804594.1	2721	2484.15	0	0
XM_022804595.1	2613	2376.15	0	0
XM_022804596.1	2618	2381.15	0	0
XM_022804597.1	1783	1546.15	0	0
XM_022804598.1	2470	2233.15	0	0
XM_022804599.1	2611	2374.15	0	0
XM_022804600.1	2615	2378.15	0	0
XM_022804601.1	18680	18443.1	0	0
XM_022804602.1	18668	18431.1	0	0
XM_022804603.1	18643	18406.1	0	0
XM_022804604.1	18277	18040.1	0	0
XM_022804605.1	18119	17882.1	0	0
XM_022804606.1	4141	3904.15	0	0
XM_022804607.1	1171	934.148	0	0
XM_022804608.1	8218	7981.15	0	0
XM_022804609.1	862	625.978	0	0
XM_022804610.1	833	597.102	0	0
XM_022804611.1	850	614.102	0	0
XM_022804612.1	820	584.162	0	0
XM_022804613.1	2880	2643.15	0	0
XM_022804614.1	3144	2907.15	0	0
XM_022804615.1	3157	2920.15	0	0
XM_022804616.1	2171	1934.15	0	0
XM_022804617.1	2830	2593.15	0	0
XM_022804618.1	2162	1925.15	0	0
XM_022804619.1	2019	1782.15	0	0
XM_022804620.1	2331	2094.15	0	0
XM_022804621.1	7828	7591.15	0	0
XM_022804622.1	2520	2283.15	0	0
XM_022804623.1	2466	2229.15	0	0
XM_022804624.1	2477	2240.15	0	0
XM_022804625.1	2345	2108.15	0	0
XM_022804626.1	5760	5523.15	0	0
XM_022804627.1	5528	5291.15	0	0
XM_022804628.1	1818	1581.15	0	0
XM_022804629.1	1688	1451.15	0	0
XM_022804630.1	8075	7838.15	0	0
XM_022804631.1	2624	2387.15	0	0
XM_022804632.1	2255	2018.15	0	0
XM_022804633.1	2230	1993.15	0	0
XM_022804634.1	2300	2063.15	0	0
XM_022804635.1	2284	2047.15	0	0
XM_022804636.1	2256	2019.15	0	0
XM_022804637.1	3652	3415.15	0	0
XM_022804638.1	4572	4335.15	0	0
XM_022804639.1	3849	3612.15	0	0
XM_022804640.1	2985	2748.15	0	0
XM_022804641.1	2390	2153.15	0	0
XM_022804642.1	4711	4474.15	0	0
XM_022804643.1	1628	1391.15	0	0
XM_022804644.1	1252	1015.15	0	0
XM_022804645.1	1217	980.148	0	0
XM_022804646.1	4676	4439.15	0	0
XM_022804647.1	1866	1629.15	0	0
XM_022804648.1	3348	3111.15	0	0
XM_022804649.1	1945	1708.15	0	0
XM_022804650.1	3295	3058.15	0	0
XM_022804651.1	2927	2690.15	0	0
XM_022804652.1	1657	1420.15	0	0
XM_022804653.1	8505	8268.15	0	0
XM_022804654.1	4776	4539.15	0	0
XM_022804655.1	7598	7361.15	0	0
XM_022804656.1	7940	7703.15	0	0
XM_022804657.1	7596	7359.15	0	0
XM_022804658.1	8034	7797.15	0	0
XM_022804659.1	7921	7684.15	0	0
XM_022804660.1	7931	7694.15	0	0
XM_022804661.1	12887	12650.1	0	0
XM_022804662.1	7349	7112.15	2.01221	0.0516677
XM_022804663.1	7697	7460.15	0	0
XM_022804664.1	5752	5515.15	0	0
XM_022804665.1	1546	1309.15	0	0
XM_022804666.1	7078	6841.15	0	0
XM_022804667.1	6856	6619.15	0	0
XM_022804668.1	2645	2408.15	0	0
XM_022804669.1	5827	5590.15	0	0
XM_022804670.1	5664	5427.15	0	0
XM_022804671.1	3665	3428.15	0	0
XM_022804672.1	5106	4869.15	0	0
XM_022804673.1	2326	2089.15	0	0
XM_022804674.1	7654	7417.15	0	0
XM_022804675.1	4328	4091.15	0	0
XM_022804676.1	4282	4045.15	0	0
XM_022804677.1	4709	4472.15	0	0
XM_022804678.1	1978	1741.15	0	0
XM_022804679.1	1878	1641.15	0	0
XM_022804680.1	1227	990.148	0	0
XM_022804681.1	3608	3371.15	0	0
XM_022804682.1	1901	1664.15	0	0
XM_022804683.1	2624	2387.15	0	0
XM_022804684.1	1894	1657.15	0	0
XM_022804685.1	3126	2889.15	0	0
XM_022804686.1	1801	1564.15	0	0
XM_022804687.1	1842	1605.15	0	0
XM_022804688.1	3300	3063.15	0	0
XM_022804689.1	2659	2422.15	0	0
XM_022804690.1	2638	2401.15	0	0
XM_022804691.1	2597	2360.15	0	0
XM_022804692.1	3289	3052.15	0	0
XM_022804693.1	1202	965.148	0	0
XM_022804694.1	3090	2853.15	0	0
XM_022804695.1	1076	839.148	0	0
XM_022804696.1	1064	827.148	0	0
XM_022804697.1	2931	2694.15	0	0
XM_022804698.1	6357	6120.15	0	0
XM_022804699.1	6315	6078.15	0	0
XM_022804700.1	1479	1242.15	0	0
XM_022804701.1	3117	2880.15	0	0
XM_022804702.1	778	542.553	0	0
XM_022804703.1	802	566.277	0	0
XM_022804704.1	2939	2702.15	0	0
XM_022804705.1	632	399.296	0	0
XM_022804706.1	2768	2531.15	0	0
XM_022804707.1	2766	2529.15	0	0
XM_022804708.1	3099	2862.15	0	0
XM_022804709.1	2880	2643.15	0	0
XM_022804710.1	2870	2633.15	0	0
XM_022804711.1	4466	4229.15	0	0
XM_022804712.1	3688	3451.15	0	0
XM_022804713.1	1958	1721.15	0	0
XM_022804714.1	1581	1344.15	0	0
XM_022804715.1	4893	4656.15	0	0
XM_022804716.1	3995	3758.15	0	0
XM_022804717.1	3526	3289.15	0	0
XM_022804718.1	3102	2865.15	0	0
XM_022804719.1	2583	2346.15	0	0
XM_022804720.1	4590	4353.15	0	0
XM_022804721.1	2888	2651.15	0	0
XM_022804722.1	2975	2738.15	0	0
XM_022804723.1	3298	3061.15	0	0
XM_022804724.1	3295	3058.15	0	0
XM_022804725.1	3465	3228.15	0	0
XM_022804726.1	3463	3226.15	0	0
XM_022804727.1	3046	2809.15	0	0
XM_022804728.1	5660	5423.15	0	0
XM_022804729.1	4226	3989.15	0	0
XM_022804730.1	5985	5748.15	0	0
XM_022804731.1	6194	5957.15	0	0
XM_022804732.1	5627	5390.15	0	0
XM_022804733.1	5608	5371.15	0	0
XM_022804734.1	5534	5297.15	0	0
XM_022804735.1	6190	5953.15	0	0
XM_022804736.1	6147	5910.15	0	0
XM_022804737.1	6075	5838.15	0	0
XM_022804738.1	5554	5317.15	0	0
XM_022804739.1	7158	6921.15	0	0
XM_022804740.1	4069	3832.15	0	0
XM_022804741.1	5884	5647.15	0	0
XM_022804742.1	5416	5179.15	0	0
XM_022804743.1	1955	1718.15	0	0
XM_022804744.1	4112	3875.15	0	0
XM_022804745.1	3584	3347.15	0	0
XM_022804746.1	4128	3891.15	0	0
XM_022804747.1	5369	5132.15	0	0
XM_022804748.1	3524	3287.15	0	0
XM_022804749.1	2718	2481.15	0	0
XM_022804750.1	1794	1557.15	0	0
XM_022804751.1	1778	1541.15	0	0
XM_022804752.1	1807	1570.15	0	0
XM_022804753.1	1303	1066.15	0	0
XM_022804754.1	1097	860.148	0	0
XM_022804755.1	2277	2040.15	0	0
XM_022804756.1	2138	1901.15	0	0
XM_022804757.1	3329	3092.15	0	0
XM_022804758.1	2561	2324.15	0.457374	0.035938
XM_022804759.1	2793	2556.15	0	0
XM_022804760.1	3352	3115.15	0	0
XM_022804761.1	2746	2509.15	0	0
XM_022804762.1	3056	2819.15	0	0
XM_022804763.1	912	675.72	0	0
XM_022804764.1	2754	2517.15	0	0
XM_022804765.1	3529	3292.15	0	0
XM_022804766.1	2788	2551.15	0	0
XM_022804767.1	2484	2247.15	0	0
XM_022804768.1	3368	3131.15	0	0
XM_022804769.1	2570	2333.15	0	0
XM_022804770.1	5988	5751.15	0	0
XM_022804771.1	1648	1411.15	0	0
XM_022804772.1	9950	9713.15	0	0
XM_022804773.1	10066	9829.15	0	0
XM_022804774.1	8286	8049.15	0	0
XM_022804775.1	4208	3971.15	0	0
XM_022804776.1	4364	4127.15	0	0
XM_022804777.1	3662	3425.15	0	0
XM_022804778.1	4314	4077.15	0	0
XM_022804779.1	4205	3968.15	0	0
XM_022804780.1	4094	3857.15	0	0
XM_022804781.1	2172	1935.15	0	0
XM_022804782.1	2706	2469.15	0	0
XM_022804783.1	3055	2818.15	0	0
XM_022804784.1	2729	2492.15	0	0
XM_022804785.1	2590	2353.15	0	0
XM_022804786.1	5614	5377.15	0	0
XM_022804787.1	2503	2266.15	0	0
XM_022804788.1	2647	2410.15	0	0
XM_022804789.1	3006	2769.15	0	0
XM_022804790.1	1364	1127.15	0	0
XM_022804791.1	2931	2694.15	0	0
XM_022804792.1	2616	2379.15	0	0
XM_022804793.1	2857	2620.15	0	0
XM_022804794.1	1844	1607.15	0	0
XM_022804795.1	1790	1553.15	0	0
XM_022804796.1	3818	3581.15	0	0
XM_022804797.1	2544	2307.15	0	0
XM_022804798.1	2430	2193.15	0	0
XM_022804799.1	3430	3193.15	0	0
XM_022804800.1	3441	3204.15	0	0
XM_022804801.1	3427	3190.15	0	0
XM_022804802.1	3328	3091.15	0	0
XM_022804803.1	1384	1147.15	0	0
XM_022804804.1	3821	3584.15	0	0
XM_022804805.1	5184	4947.15	0	0
XM_022804806.1	6386	6149.15	0	0
XM_022804807.1	3969	3732.15	0	0
XM_022804808.1	3828	3591.15	0	0
XM_022804809.1	4553	4316.15	0	0
XM_022804810.1	4535	4298.15	0	0
XM_022804811.1	4963	4726.15	0	0
XM_022804812.1	5006	4769.15	0	0
XM_022804813.1	4365	4128.15	0	0
XM_022804814.1	4400	4163.15	0	0
XM_022804815.1	5717	5480.15	0	0
XM_022804816.1	4321	4084.15	0	0
XM_022804817.1	4166	3929.15	0	0
XM_022804818.1	3107	2870.15	0	0
XM_022804819.1	3028	2791.15	0	0
XM_022804820.1	2900	2663.15	0	0
XM_022804821.1	2548	2311.15	0	0
XM_022804822.1	2416	2179.15	0	0
XM_022804823.1	3011	2774.15	0	0
XM_022804824.1	2890	2653.15	0	0
XM_022804825.1	5735	5498.15	0	0
XM_022804826.1	5877	5640.15	0	0
XM_022804827.1	5396	5159.15	0	0
XM_022804828.1	5542	5305.15	0	0
XM_022804829.1	5302	5065.15	0	0
XM_022804830.1	5420	5183.15	0	0
XM_022804831.1	5440	5203.15	0	0
XM_022804832.1	4999	4762.15	0	0
XM_022804833.1	5132	4895.15	0	0
XM_022804834.1	1385	1148.15	0	0
XM_022804835.1	1237	1000.15	0	0
XM_022804836.1	1579	1342.15	0	0
XM_022804837.1	1482	1245.15	0	0
XM_022804838.1	3503	3266.15	0	0
XM_022804839.1	1096	859.148	0	0
XM_022804840.1	1400	1163.15	0	0
XM_022804841.1	2574	2337.15	0	0
XM_022804842.1	2584	2347.15	0	0
XM_022804843.1	2544	2307.15	0	0
XM_022804844.1	2496	2259.15	0	0
XM_022804845.1	2430	2193.15	0	0
XM_022804846.1	2778	2541.15	0	0
XM_022804847.1	3273	3036.15	0	0
XM_022804848.1	16898	16661.1	0	0
XM_022804849.1	11179	10942.1	0	0
XM_022804850.1	10801	10564.1	0	0
XM_022804851.1	12101	11864.1	0	0
XM_022804852.1	6607	6370.15	0	0
XM_022804853.1	3686	3449.15	0	0
XM_022804854.1	3218	2981.15	0	0
XM_022804855.1	2987	2750.15	0	0
XM_022804856.1	2807	2570.15	0	0
XM_022804857.1	2626	2389.15	0	0
XM_022804858.1	2395	2158.15	0	0
XM_022804859.1	2978	2741.15	0	0
XM_022804860.1	2966	2729.15	0	0
XM_022804861.1	2505	2268.15	0	0
XM_022804862.1	2762	2525.15	0	0
XM_022804863.1	3113	2876.15	0	0
XM_022804864.1	3676	3439.15	0	0
XM_022804865.1	4029	3792.15	0	0
XM_022804866.1	4002	3765.15	0	0
XM_022804867.1	3637	3400.15	0	0
XM_022804868.1	948	711.441	0	0
XM_022804869.1	920	683.652	0	0
XM_022804870.1	3186	2949.15	0	0
XM_022804871.1	653	419.762	0	0
XM_022804872.1	2739	2502.15	0	0
XM_022804873.1	2614	2377.15	2	0.153646
XM_022804874.1	2656	2419.15	0	0
XM_022804875.1	2368	2131.15	0	0
XM_022804876.1	2194	1957.15	0	0
XM_022804877.1	994	757.224	0	0
XM_022804878.1	1051	814.148	0	0
XM_022804879.1	849	613.102	0	0
XM_022804880.1	9487	9250.15	0	0
XM_022804881.1	3417	3180.15	0	0
XM_022804882.1	8773	8536.15	0	0
XM_022804883.1	5881	5644.15	0	0
XM_022804884.1	5845	5608.15	0	0
XM_022804885.1	5856	5619.15	0	0
XM_022804886.1	5428	5191.15	0	0
XM_022804887.1	5670	5433.15	0	0
XM_022804888.1	5693	5456.15	0	0
XM_022804889.1	1420	1183.15	0	0
XM_022804890.1	3257	3020.15	0	0
XM_022804891.1	1245	1008.15	0	0
XM_022804892.1	2819	2582.15	0	0
XM_022804893.1	4109	3872.15	0	0
XM_022804894.1	3916	3679.15	0	0
XM_022804895.1	13707	13470.1	0	0
XM_022804896.1	3144	2907.15	0	0
XM_022804897.1	1726	1489.15	0	0
XM_022804898.1	2657	2420.15	0	0
XM_022804899.1	2384	2147.15	0	0
XM_022804900.1	2539	2302.15	0	0
XM_022804901.1	3457	3220.15	0	0
XM_022804902.1	3426	3189.15	0	0
XM_022804903.1	8046	7809.15	0	0
XM_022804904.1	3860	3623.15	0	0
XM_022804905.1	7270	7033.15	0	0
XM_022804906.1	5919	5682.15	0	0
XM_022804907.1	5463	5226.15	0	0
XM_022804908.1	5682	5445.15	0	0
XM_022804909.1	2363	2126.15	0	0
XM_022804910.1	4049	3812.15	0	0
XM_022804911.1	3867	3630.15	0	0
XM_022804912.1	3756	3519.15	0	0
XM_022804913.1	2143	1906.15	0	0
XM_022804914.1	1926	1689.15	0	0
XM_022804915.1	1797	1560.15	0	0
XM_022804916.1	2202	1965.15	0	0
XM_022804917.1	3204	2967.15	0	0
XM_022804918.1	2244	2007.15	0	0
XM_022804919.1	3392	3155.15	0	0
XM_022804920.1	3131	2894.15	0	0
XM_022804921.1	1352	1115.15	0	0
XM_022804922.1	2756	2519.15	0	0
XM_022804923.1	2766	2529.15	0	0
XM_022804924.1	2836	2599.15	0	0
XM_022804925.1	2976	2739.15	0	0
XM_022804926.1	1580	1343.15	0	0
XM_022804927.1	2813	2576.15	0	0
XM_022804928.1	2731	2494.15	0	0
XM_022804929.1	2549	2312.15	0	0
XM_022804930.1	2522	2285.15	0	0
XM_022804931.1	2375	2138.15	0	0
XM_022804932.1	3646	3409.15	0	0
XM_022804933.1	3643	3406.15	0	0
XM_022804934.1	1432	1195.15	0	0
XM_022804935.1	1007	770.148	0	0
XM_022804936.1	2704	2467.15	0	0
XM_022804937.1	2459	2222.15	0	0
XM_022804938.1	3238	3001.15	0	0
XM_022804939.1	2671	2434.15	0	0
XM_022804940.1	3169	2932.15	0	0
XM_022804941.1	2089	1852.15	0	0
XM_022804942.1	1829	1592.15	0	0
XM_022804943.1	8605	8368.15	0	0
XM_022804944.1	6130	5893.15	0	0
XM_022804945.1	6333	6096.15	0	0
XM_022804946.1	2837	2600.15	0	0
XM_022804947.1	8808	8571.15	0	0
XM_022804948.1	6322	6085.15	0	0
XM_022804949.1	8543	8306.15	0	0
XM_022804950.1	6068	5831.15	0	0
XM_022804951.1	8440	8203.15	0	0
XM_022804952.1	5756	5519.15	0	0
XM_022804953.1	5747	5510.15	0	0
XM_022804954.1	5693	5456.15	0	0
XM_022804955.1	6778	6541.15	0	0
XM_022804956.1	6618	6381.15	0	0
XM_022804957.1	2669	2432.15	0	0
XM_022804958.1	5589	5352.15	0	0
XM_022804959.1	5456	5219.15	0	0
XM_022804960.1	5488	5251.15	0	0
XM_022804961.1	4971	4734.15	0	0
XM_022804962.1	3806	3569.15	0	0
XM_022804963.1	6278	6041.15	0	0
XM_022804964.1	6269	6032.15	0	0
XM_022804965.1	2797	2560.15	0	0
XM_022804966.1	2183	1946.15	0	0
XM_022804967.1	1066	829.148	0	0
XM_022804968.1	4299	4062.15	0	0
XM_022804969.1	4524	4287.15	0	0
XM_022804970.1	3787	3550.15	0	0
XM_022804971.1	4270	4033.15	0	0
XM_022804972.1	4686	4449.15	0	0
XM_022804973.1	4852	4615.15	0	0
XM_022804974.1	4828	4591.15	0	0
XM_022804975.1	6845	6608.15	0	0
XM_022804976.1	4649	4412.15	0	0
XM_022804977.1	4710	4473.15	0	0
XM_022804978.1	5693	5456.15	0	0
XM_022804979.1	4697	4460.15	0	0
XM_022804980.1	6138	5901.15	0	0
XM_022804981.1	6126	5889.15	0	0
XM_022804982.1	6346	6109.15	0	0
XM_022804983.1	6300	6063.15	0	0
XM_022804984.1	6342	6105.15	0	0
XM_022804985.1	14249	14012.1	0	0
XM_022804986.1	6002	5765.15	0	0
XM_022804987.1	5999	5762.15	0	0
XM_022804988.1	5962	5725.15	0	0
XM_022804989.1	5940	5703.15	0	0
XM_022804990.1	6130	5893.15	0	0
XM_022804991.1	3528	3291.15	0	0
XM_022804992.1	5531	5294.15	0	0
XM_022804993.1	5535	5298.15	0	0
XM_022804994.1	5852	5615.15	0	0
XM_022804995.1	3820	3583.15	0	0
XM_022804996.1	3396	3159.15	0	0
XM_022804997.1	3381	3144.15	0	0
XM_022804998.1	2814	2577.15	0	0
XM_022804999.1	6892	6655.15	0	0
XM_022805000.1	2509	2272.15	0	0
XM_022805001.1	1877	1640.15	0	0
XM_022805002.1	1927	1690.15	0	0
XM_022805003.1	1658	1421.15	0	0
XM_022805004.1	5578	5341.15	0	0
XM_022805005.1	437	224.1	0	0
XM_022805006.1	1597	1360.15	0	0
XM_022805007.1	3137	2900.15	0	0
XM_022805008.1	3100	2863.15	0	0
XM_022805009.1	2065	1828.15	0	0
XM_022805010.1	3119	2882.15	0	0
XM_022805011.1	4512	4275.15	0	0
XM_022805012.1	2758	2521.15	0	0
XM_022805013.1	2772	2535.15	0	0
XM_022805014.1	2419	2182.15	0	0
XM_022805015.1	2339	2102.15	0	0
XM_022805016.1	3877	3640.15	0	0
XM_022805017.1	3835	3598.15	0	0
XM_022805018.1	2090	1853.15	0	0
XM_022805019.1	1472	1235.15	0	0
XM_022805020.1	2960	2723.15	0	0
XM_022805021.1	2939	2702.15	0	0
XM_022805022.1	6656	6419.15	0	0
XM_022805023.1	6554	6317.15	0	0
XM_022805024.1	3232	2995.15	0	0
XM_022805025.1	1325	1088.15	0	0
XM_022805026.1	1237	1000.15	0	0
XM_022805027.1	1322	1085.15	0	0
XM_022805028.1	1293	1056.15	0	0
XM_022805029.1	823	587.162	0	0
XM_022805030.1	857	621.102	0	0
XM_022805031.1	1159	922.148	0	0
XM_022805032.1	2773	2536.15	0	0
XM_022805033.1	2858	2621.15	0	0
XM_022805034.1	2457	2220.15	0	0
XM_022805035.1	2220	1983.15	0	0
XM_022805036.1	1646	1409.15	0	0
XM_022805037.1	2341	2104.15	0	0
XM_022805038.1	1504	1267.15	0	0
XM_022805039.1	3148	2911.15	0	0
XM_022805040.1	1279	1042.15	0	0
XM_022805041.1	9154	8917.15	0	0
XM_022805042.1	8100	7863.15	0	0
XM_022805043.1	8916	8679.15	0	0
XM_022805044.1	4009	3772.15	0	0
XM_022805045.1	8654	8417.15	0	0
XM_022805046.1	7428	7191.15	0	0
XM_022805047.1	5488	5251.15	0	0
XM_022805048.1	5211	4974.15	0	0
XM_022805049.1	5664	5427.15	0	0
XM_022805050.1	894	657.786	0	0
XM_022805051.1	2289	2052.15	0	0
XM_022805052.1	1201	964.148	0	0
XM_022805053.1	2609	2372.15	0	0
XM_022805054.1	2760	2523.15	0	0
XM_022805055.1	2866	2629.15	0	0
XM_022805056.1	2354	2117.15	0	0
XM_022805057.1	2378	2141.15	0	0
XM_022805058.1	2303	2066.15	0	0
XM_022805059.1	2619	2382.15	0	0
XM_022805060.1	1787	1550.15	0	0
XM_022805061.1	8654	8417.15	0	0
XM_022805062.1	9203	8966.15	0	0
XM_022805063.1	7968	7731.15	0	0
XM_022805064.1	10662	10425.1	0	0
XM_022805065.1	10429	10192.1	0	0
XM_022805066.1	979	742.224	0	0
XM_022805067.1	7639	7402.15	0	0
XM_022805068.1	5859	5622.15	0	0
XM_022805069.1	1493	1256.15	0	0
XM_022805070.1	12061	11824.1	0	0
XM_022805071.1	2766	2529.15	0	0
XM_022805072.1	2411	2174.15	0	0
XM_022805073.1	2492	2255.15	0	0
XM_022805074.1	2685	2448.15	0	0
XM_022805075.1	2114	1877.15	0	0
XM_022805076.1	5700	5463.15	0	0
XM_022805077.1	5404	5167.15	0	0
XM_022805078.1	6437	6200.15	0	0
XM_022805079.1	2710	2473.15	0	0
XM_022805080.1	5433	5196.15	0	0
XM_022805081.1	5370	5133.15	0	0
XM_022805082.1	3968	3731.15	0	0
XM_022805083.1	1938	1701.15	0	0
XM_022805084.1	3158	2921.15	0	0
XM_022805085.1	4082	3845.15	0	0
XM_022805086.1	2567	2330.15	0	0
XM_022805087.1	3724	3487.15	0	0
XM_022805088.1	3646	3409.15	0	0
XM_022805089.1	3977	3740.15	0	0
XM_022805090.1	2462	2225.15	0	0
XM_022805091.1	2096	1859.15	0	0
XM_022805092.1	2051	1814.15	0	0
XM_022805093.1	2048	1811.15	0	0
XM_022805094.1	5355	5118.15	0	0
XM_022805095.1	2492	2255.15	0	0
XM_022805096.1	4866	4629.15	0	0
XM_022805097.1	1902	1665.15	0	0
XM_022805098.1	2871	2634.15	0	0
XM_022805099.1	1220	983.148	0	0
XM_022805100.1	1234	997.148	0	0
XM_022805101.1	1109	872.148	0	0
XM_022805102.1	4067	3830.15	0	0
XM_022805103.1	1186	949.148	0	0
XM_022805104.1	918	681.652	0	0
XM_022805105.1	1126	889.148	0	0
XM_022805106.1	1288	1051.15	0	0
XM_022805107.1	1001	764.148	0	0
XM_022805108.1	3078	2841.15	0	0
XM_022805109.1	3320	3083.15	0	0
XM_022805110.1	3301	3064.15	0	0
XM_022805111.1	3207	2970.15	0	0
XM_022805112.1	1158	921.148	0	0
XM_022805113.1	963	726.297	0	0
XM_022805114.1	1187	950.148	0	0
XM_022805115.1	3013	2776.15	0	0
XM_022805116.1	2696	2459.15	0	0
XM_022805117.1	2627	2390.15	0	0
XM_022805118.1	3282	3045.15	0	0
XM_022805119.1	1950	1713.15	0	0
XM_022805120.1	2358	2121.15	0	0
XM_022805121.1	2669	2432.15	0	0
XM_022805122.1	707	472.425	0	0
XM_022805123.1	1897	1660.15	0	0
XM_022805124.1	936	699.582	0	0
XM_022805125.1	930	693.652	0	0
XM_022805126.1	1308	1071.15	0	0
XM_022805127.1	903	666.72	0	0
XM_022805128.1	1637	1400.15	0	0
XM_022805129.1	4292	4055.15	0	0
XM_022805130.1	2826	2589.15	0	0
XM_022805131.1	2805	2568.15	0	0
XM_022805132.1	5995	5758.15	0	0
XM_022805133.1	5977	5740.15	0	0
XM_022805134.1	5947	5710.15	0	0
XM_022805135.1	5920	5683.15	0	0
XM_022805136.1	5728	5491.15	0	0
XM_022805137.1	5131	4894.15	0	0
XM_022805138.1	13603	13366.1	0	0
XM_022805139.1	11994	11757.1	0	0
XM_022805140.1	10964	10727.1	0	0
XM_022805141.1	10789	10552.1	0	0
XM_022805142.1	10724	10487.1	0	0
XM_022805143.1	10986	10749.1	0	0
XM_022805144.1	10693	10456.1	0	0
XM_022805145.1	1536	1299.15	0	0
XM_022805146.1	1213	976.148	0	0
XM_022805147.1	942	705.582	0	0
XM_022805148.1	936	699.582	0	0
XM_022805149.1	1143	906.148	0	0
XM_022805150.1	702	467.519	0	0
XM_022805151.1	5667	5430.15	0	0
XM_022805152.1	7230	6993.15	0	0
XM_022805153.1	7274	7037.15	0	0
XM_022805154.1	6999	6762.15	0	0
XM_022805155.1	13849	13612.1	0	0
XM_022805156.1	7088	6851.15	0	0
XM_022805157.1	6741	6504.15	0	0
XM_022805158.1	5043	4806.15	0	0
XM_022805159.1	3962	3725.15	0	0
XM_022805160.1	2408	2171.15	0	0
XM_022805161.1	2673	2436.15	0	0
XM_022805162.1	752	516.871	0	0
XM_022805163.1	2511	2274.15	0	0
XM_022805164.1	8050	7813.15	0	0
XM_022805165.1	3152	2915.15	0	0
XM_022805166.1	2942	2705.15	0	0
XM_022805167.1	4647	4410.15	0	0
XM_022805168.1	5217	4980.15	0	0
XM_022805169.1	1407	1170.15	0	0
XM_022805170.1	3363	3126.15	0	0
XM_022805171.1	7578	7341.15	0	0
XM_022805172.1	2855	2618.15	0	0
XM_022805173.1	14338	14101.1	0	0
XM_022805174.1	8011	7774.15	0	0
XM_022805175.1	13997	13760.1	0	0
XM_022805176.1	12675	12438.1	0	0
XM_022805177.1	12173	11936.1	0	0
XM_022805178.1	14071	13834.1	0	0
XM_022805179.1	5524	5287.15	0	0
XM_022805180.1	7372	7135.15	0	0
XM_022805181.1	4503	4266.15	0	0
XM_022805182.1	4178	3941.15	0	0
XM_022805183.1	4004	3767.15	0	0
XM_022805184.1	4014	3777.15	0	0
XM_022805185.1	7551	7314.15	0	0
XM_022805186.1	2094	1857.15	0	0
XM_022805187.1	5024	4787.15	0	0
XM_022805188.1	1997	1760.15	0	0
XM_022805189.1	2014	1777.15	0	0
XM_022805190.1	3754	3517.15	0	0
XM_022805191.1	1983	1746.15	0	0
XM_022805192.1	1770	1533.15	0	0
XM_022805193.1	1638	1401.15	0	0
XM_022805194.1	1715	1478.15	0	0
XM_022805195.1	5655	5418.15	0	0
XM_022805196.1	3917	3680.15	0	0
XM_022805197.1	5462	5225.15	0	0
XM_022805198.1	3443	3206.15	0	0
XM_022805199.1	3015	2778.15	0	0
XM_022805200.1	3328	3091.15	0	0
XM_022805201.1	1175	938.148	0	0
XM_022805202.1	2651	2414.15	0	0
XM_022805203.1	1771	1534.15	0	0
XM_022805204.1	7209	6972.15	0	0
XM_022805205.1	6754	6517.15	0	0
XM_022805206.1	7767	7530.15	0	0
XM_022805207.1	6830	6593.15	0	0
XM_022805208.1	8805	8568.15	0	0
XM_022805209.1	6230	5993.15	0	0
XM_022805210.1	4922	4685.15	0	0
XM_022805211.1	7382	7145.15	0	0
XM_022805212.1	7191	6954.15	0	0
XM_022805213.1	5030	4793.15	0	0
XM_022805214.1	5687	5450.15	0	0
XM_022805215.1	5114	4877.15	0	0
XM_022805216.1	5324	5087.15	0	0
XM_022805217.1	3462	3225.15	0	0
XM_022805218.1	3340	3103.15	0	0
XM_022805219.1	3327	3090.15	0	0
XM_022805220.1	3337	3100.15	0	0
XM_022805221.1	1571	1334.15	0	0
XM_022805222.1	1193	956.148	0	0
XM_022805223.1	4958	4721.15	0	0
XM_022805224.1	4536	4299.15	0	0
XM_022805225.1	4819	4582.15	0	0
XM_022805226.1	2699	2462.15	0	0
XM_022805227.1	4758	4521.15	0	0
XM_022805228.1	6880	6643.15	0	0
XM_022805229.1	6770	6533.15	0	0
XM_022805230.1	8814	8577.15	0	0
XM_022805231.1	11474	11237.1	0	0
XM_022805232.1	6788	6551.15	0	0
XM_022805233.1	2134	1897.15	0	0
XM_022805234.1	2122	1885.15	0	0
XM_022805235.1	2116	1879.15	0	0
XM_022805236.1	3427	3190.15	0	0
XM_022805237.1	1788	1551.15	0	0
XM_022805238.1	1796	1559.15	0	0
XM_022805239.1	10408	10171.1	0	0
XM_022805240.1	10299	10062.1	0	0
XM_022805241.1	4104	3867.15	0	0
XM_022805242.1	4248	4011.15	0	0
XM_022805243.1	10170	9933.15	0	0
XM_022805244.1	4224	3987.15	0	0
XM_022805245.1	10198	9961.15	0	0
XM_022805246.1	3833	3596.15	0	0
XM_022805247.1	3908	3671.15	0	0
XM_022805248.1	6621	6384.15	0	0
XM_022805249.1	6121	5884.15	0	0
XM_022805250.1	4889	4652.15	0	0
XM_022805251.1	6433	6196.15	0	0
XM_022805252.1	6433	6196.15	0	0
XM_022805253.1	2158	1921.15	0	0
XM_022805254.1	1976	1739.15	0	0
XM_022805255.1	2567	2330.15	0	0
XM_022805256.1	1842	1605.15	0	0
XM_022805257.1	3558	3321.15	0	0
XM_022805258.1	4145	3908.15	0	0
XM_022805259.1	2636	2399.15	0	0
XM_022805260.1	4830	4593.15	0	0
XM_022805261.1	4138	3901.15	0	0
XM_022805262.1	4071	3834.15	0	0
XM_022805263.1	2527	2290.15	0	0
XM_022805264.1	3036	2799.15	0	0
XM_022805265.1	2645	2408.15	0	0
XM_022805266.1	2916	2679.15	0	0
XM_022805267.1	2283	2046.15	0	0
XM_022805268.1	2240	2003.15	0	0
XM_022805269.1	1988	1751.15	0	0
XM_022805270.1	2065	1828.15	0	0
XM_022805271.1	2090	1853.15	0	0
XM_022805272.1	2023	1786.15	0	0
XM_022805273.1	2204	1967.15	0	0
XM_022805274.1	3641	3404.15	0	0
XM_022805275.1	5827	5590.15	0	0
XM_022805276.1	5697	5460.15	0	0
XM_022805277.1	7675	7438.15	0	0
XM_022805278.1	5587	5350.15	0	0
XM_022805279.1	7664	7427.15	0	0
XM_022805280.1	6734	6497.15	0	0
XM_022805281.1	6214	5977.15	0	0
XM_022805282.1	4278	4041.15	0	0
XM_022805283.1	6546	6309.15	0	0
XM_022805284.1	2424	2187.15	0	0
XM_022805285.1	4420	4183.15	0	0
XM_022805286.1	1664	1427.15	0	0
XM_022805287.1	10721	10484.1	0	0
XM_022805288.1	10521	10284.1	0	0
XM_022805289.1	9286	9049.15	0.000125315	2.52895e-06
XM_022805290.1	9204	8967.15	0.999911	0.0203636
XM_022805291.1	2324	2087.15	0	0
XM_022805292.1	2410	2173.15	0	0
XM_022805293.1	3118	2881.15	0	0
XM_022805294.1	2250	2013.15	0	0
XM_022805295.1	2282	2045.15	0	0
XM_022805296.1	733	498.278	0	0
XM_022805297.1	730	495.278	0	0
XM_022805298.1	596	364.638	0	0
XM_022805299.1	2325	2088.15	0	0
XM_022805300.1	2895	2658.15	0	0
XM_022805301.1	2465	2228.15	0	0
XM_022805302.1	2618	2381.15	0	0
XM_022805303.1	2333	2096.15	0	0
XM_022805304.1	2432	2195.15	0	0
XM_022805305.1	2381	2144.15	0	0
XM_022805306.1	6522	6285.15	0	0
XM_022805307.1	5742	5505.15	0	0
XM_022805308.1	3157	2920.15	0	0
XM_022805309.1	2766	2529.15	0	0
XM_022805310.1	1982	1745.15	0	0
XM_022805311.1	2126	1889.15	0	0
XM_022805312.1	1847	1610.15	0	0
XM_022805313.1	1672	1435.15	0	0
XM_022805314.1	1441	1204.15	0	0
XM_022805315.1	479	258.836	0	0
XM_022805316.1	2719	2482.15	0	0
XM_022805317.1	4076	3839.15	0	0
XM_022805318.1	4633	4396.15	0	0
XM_022805319.1	4403	4166.15	0	0
XM_022805320.1	4000	3763.15	0	0
XM_022805321.1	14050	13813.1	0	0
XM_022805322.1	4189	3952.15	0	0
XM_022805323.1	4247	4010.15	0	0
XM_022805324.1	4346	4109.15	0	0
XM_022805325.1	3919	3682.15	0	0
XM_022805326.1	2185	1948.15	0	0
XM_022805327.1	2164	1927.15	0	0
XM_022805328.1	2142	1905.15	0	0
XM_022805329.1	2767	2530.15	0	0
XM_022805330.1	1502	1265.15	0	0
XM_022805331.1	503	279.622	0	0
XM_022805332.1	425	214.317	0	0
XM_022805333.1	10974	10737.1	0	0
XM_022805334.1	12235	11998.1	0	0
XM_022805335.1	2431	2194.15	0	0
XM_022805336.1	10815	10578.1	0	0
XM_022805337.1	10811	10574.1	0	0
XM_022805338.1	10956	10719.1	0	0
XM_022805339.1	12173	11936.1	0	0
XM_022805340.1	10838	10601.1	0	0
XM_022805341.1	10748	10511.1	0	0
XM_022805342.1	10920	10683.1	0	0
XM_022805343.1	11097	10860.1	0	0
XM_022805344.1	10358	10121.1	0	0
XM_022805345.1	10585	10348.1	0	0
XM_022805346.1	10667	10430.1	0	0
XM_022805347.1	10465	10228.1	0	0
XM_022805348.1	10628	10391.1	0	0
XM_022805349.1	10277	10040.1	0	0
XM_022805350.1	10970	10733.1	0	0
XM_022805351.1	4176	3939.15	0	0
XM_022805352.1	10697	10460.1	0	0
XM_022805353.1	3432	3195.15	0	0
XM_022805354.1	5109	4872.15	0	0
XM_022805355.1	2416	2179.15	0	0
XM_022805356.1	3196	2959.15	0	0
XM_022805357.1	3076	2839.15	0	0
XM_022805358.1	1431	1194.15	0	0
XM_022805359.1	4044	3807.15	0	0
XM_022805360.1	6446	6209.15	0	0
XM_022805361.1	6429	6192.15	0	0
XM_022805362.1	4210	3973.15	0	0
XM_022805363.1	3047	2810.15	0	0
XM_022805364.1	3048	2811.15	0	0
XM_022805365.1	3775	3538.15	0	0
XM_022805366.1	5298	5061.15	0	0
XM_022805367.1	5006	4769.15	0	0
XM_022805368.1	3190	2953.15	0	0
XM_022805369.1	3165	2928.15	0	0
XM_022805370.1	11242	11005.1	0	0
XM_022805371.1	3192	2955.15	0	0
XM_022805372.1	1671	1434.15	0	0
XM_022805373.1	1555	1318.15	0	0
XM_022805374.1	1318	1081.15	0	0
XM_022805375.1	1254	1017.15	0	0
XM_022805376.1	3408	3171.15	0	0
XM_022805377.1	6447	6210.15	0	0
XM_022805378.1	4314	4077.15	0	0
XM_022805379.1	3332	3095.15	0	0
XM_022805380.1	2437	2200.15	0	0
XM_022805381.1	1601	1364.15	0	0
XM_022805382.1	6894	6657.15	0	0
XM_022805383.1	6399	6162.15	0	0
XM_022805384.1	5776	5539.15	0	0
XM_022805385.1	6124	5887.15	0	0
XM_022805386.1	6891	6654.15	0	0
XM_022805387.1	7471	7234.15	0	0
XM_022805388.1	1443	1206.15	0	0
XM_022805389.1	6849	6612.15	0	0
XM_022805390.1	6983	6746.15	0	0
XM_022805391.1	6670	6433.15	0	0
XM_022805392.1	6667	6430.15	0	0
XM_022805393.1	6073	5836.15	0	0
XM_022805394.1	8406	8169.15	0	0
XM_022805395.1	1407	1170.15	0	0
XM_022805396.1	8403	8166.15	0	0
XM_022805397.1	8376	8139.15	0	0
XM_022805398.1	8373	8136.15	0	0
XM_022805399.1	9375	9138.15	0	0
XM_022805400.1	9342	9105.15	0	0
XM_022805401.1	8003	7766.15	0	0
XM_022805402.1	7938	7701.15	0	0
XM_022805403.1	8130	7893.15	0	0
XM_022805404.1	7860	7623.15	0	0
XM_022805405.1	7849	7612.15	0	0
XM_022805406.1	14362	14125.1	0	0
XM_022805407.1	1426	1189.15	0	0
XM_022805408.1	7956	7719.15	0	0
XM_022805409.1	6813	6576.15	0	0
XM_022805410.1	6810	6573.15	0	0
XM_022805411.1	6803	6566.15	0	0
XM_022805412.1	6777	6540.15	0	0
XM_022805413.1	6768	6531.15	0	0
XM_022805414.1	6738	6501.15	0	0
XM_022805415.1	2448	2211.15	0	0
XM_022805416.1	2439	2202.15	0	0
XM_022805417.1	2418	2181.15	0	0
XM_022805418.1	3023	2786.15	0	0
XM_022805419.1	2427	2190.15	0	0
XM_022805420.1	2620	2383.15	0	0
XM_022805421.1	3392	3155.15	0	0
XM_022805422.1	2514	2277.15	0	0
XM_022805423.1	2434	2197.15	0	0
XM_022805424.1	2456	2219.15	0	0
XM_022805425.1	2231	1994.15	0	0
XM_022805426.1	2552	2315.15	0	0
XM_022805427.1	2549	2312.15	0	0
XM_022805428.1	2410	2173.15	0	0
XM_022805429.1	2453	2216.15	0	0
XM_022805430.1	3141	2904.15	0	0
XM_022805431.1	2220	1983.15	0	0
XM_022805432.1	935	698.582	0	0
XM_022805433.1	945	708.441	0	0
XM_022805434.1	877	640.915	0	0
XM_022805435.1	1589	1352.15	0	0
XM_022805436.1	1814	1577.15	0	0
XM_022805437.1	1076	839.148	0	0
XM_022805438.1	1502	1265.15	0	0
XM_022805439.1	3329	3092.15	0	0
XM_022805440.1	2617	2380.15	0	0
XM_022805441.1	2672	2435.15	0	0
XM_022805442.1	3144	2907.15	0	0
XM_022805443.1	2540	2303.15	0	0
XM_022805444.1	2429	2192.15	0	0
XM_022805445.1	1944	1707.15	0	0
XM_022805446.1	1919	1682.15	0	0
XM_022805447.1	1329	1092.15	0	0
XM_022805448.1	1637	1400.15	0	0
XM_022805449.1	1445	1208.15	0	0
XM_022805450.1	3142	2905.15	0	0
XM_022805451.1	1928	1691.15	0	0
XM_022805452.1	1572	1335.15	0	0
XM_022805453.1	10021	9784.15	0	0
XM_022805454.1	9442	9205.15	0	0
XM_022805455.1	4529	4292.15	0	0
XM_022805456.1	3977	3740.15	0	0
XM_022805457.1	2129	1892.15	0	0
XM_022805458.1	2125	1888.15	0	0
XM_022805459.1	2014	1777.15	0	0
XM_022805460.1	2133	1896.15	0	0
XM_022805461.1	2010	1773.15	0	0
XM_022805462.1	2555	2318.15	0	0
XM_022805463.1	2431	2194.15	0	0
XM_022805464.1	3132	2895.15	0	0
XM_022805465.1	1876	1639.15	0	0
XM_022805466.1	3200	2963.15	0	0
XM_022805467.1	1507	1270.15	0	0
XM_022805468.1	5210	4973.15	0	0
XM_022805469.1	2008	1771.15	0	0
XM_022805470.1	2109	1872.15	0	0
XM_022805471.1	1634	1397.15	0	0
XM_022805472.1	2086	1849.15	0	0
XM_022805473.1	6477	6240.15	0	0
XM_022805474.1	7746	7509.15	0	0
XM_022805475.1	1995	1758.15	0	0
XM_022805476.1	8728	8491.15	0	0
XM_022805477.1	6596	6359.15	0	0
XM_022805478.1	6533	6296.15	0	0
XM_022805479.1	7696	7459.15	0	0
XM_022805480.1	6361	6124.15	0	0
XM_022805481.1	7644	7407.15	0	0
XM_022805482.1	6250	6013.15	0	0
XM_022805483.1	6197	5960.15	0	0
XM_022805484.1	6080	5843.15	0	0
XM_022805485.1	6447	6210.15	0	0
XM_022805486.1	6077	5840.15	0	0
XM_022805487.1	5658	5421.15	0	0
XM_022805488.1	7950	7713.15	0	0
XM_022805489.1	4034	3797.15	0	0
XM_022805490.1	13764	13527.1	0	0
XM_022805491.1	2664	2427.15	0	0
XM_022805492.1	3760	3523.15	0	0
XM_022805493.1	3688	3451.15	0	0
XM_022805494.1	3998	3761.15	0	0
XM_022805495.1	3803	3566.15	0	0
XM_022805496.1	7249	7012.15	0	0
XM_022805497.1	6709	6472.15	0	0
XM_022805498.1	6722	6485.15	0	0
XM_022805499.1	6704	6467.15	0	0
XM_022805500.1	2123	1886.15	0	0
XM_022805501.1	2832	2595.15	0	0
XM_022805502.1	4886	4649.15	0	0
XM_022805503.1	2168	1931.15	0	0
XM_022805504.1	1967	1730.15	0	0
XM_022805505.1	4607	4370.15	0	0
XM_022805506.1	4694	4457.15	0	0
XM_022805507.1	5082	4845.15	0	0
XM_022805508.1	4853	4616.15	0	0
XM_022805509.1	7106	6869.15	0	0
XM_022805510.1	7574	7337.15	0	0
XM_022805511.1	7808	7571.15	0	0
XM_022805512.1	4874	4637.15	0	0
XM_022805513.1	4404	4167.15	0	0
XM_022805514.1	6327	6090.15	0	0
XM_022805515.1	6217	5980.15	0	0
XM_022805516.1	6212	5975.15	0	0
XM_022805517.1	6102	5865.15	0	0
XM_022805518.1	6301	6064.15	0	0
XM_022805519.1	5730	5493.15	0	0
XM_022805520.1	5729	5492.15	0	0
XM_022805521.1	4724	4487.15	0	0
XM_022805522.1	5703	5466.15	0	0
XM_022805523.1	5734	5497.15	0	0
XM_022805524.1	6269	6032.15	0	0
XM_022805525.1	5677	5440.15	0	0
XM_022805526.1	3509	3272.15	0	0
XM_022805527.1	3331	3094.15	0	0
XM_022805528.1	3336	3099.15	0	0
XM_022805529.1	1896	1659.15	0	0
XM_022805530.1	1230	993.148	0	0
XM_022805531.1	5081	4844.15	0	0
XM_022805532.1	1585	1348.15	0	0
XM_022805533.1	1331	1094.15	0	0
XM_022805534.1	1111	874.148	0	0
XM_022805535.1	1073	836.148	0	0
XM_022805536.1	1089	852.148	0	0
XM_022805537.1	1086	849.148	0	0
XM_022805538.1	1331	1094.15	0	0
XM_022805539.1	1780	1543.15	0	0
XM_022805540.1	1718	1481.15	0	0
XM_022805541.1	5574	5337.15	0	0
XM_022805542.1	2170	1933.15	0	0
XM_022805543.1	1594	1357.15	0	0
XM_022805544.1	2247	2010.15	0	0
XM_022805545.1	1804	1567.15	0	0
XM_022805546.1	1782	1545.15	0	0
XM_022805547.1	7225	6988.15	0	0
XM_022805548.1	6977	6740.15	0	0
XM_022805549.1	688	453.75	0	0
XM_022805550.1	2536	2299.15	0	0
XM_022805551.1	2133	1896.15	0	0
XM_022805552.1	1525	1288.15	0	0
XM_022805553.1	7355	7118.15	0	0
XM_022805554.1	7934	7697.15	0	0
XM_022805555.1	7408	7171.15	0	0
XM_022805556.1	1131	894.148	0	0
XM_022805557.1	1031	794.148	0	0
XM_022805558.1	5012	4775.15	0	0
XM_022805559.1	755	519.871	0	0
XM_022805560.1	1122	885.148	0	0
XM_022805561.1	1300	1063.15	0	0
XM_022805562.1	4514	4277.15	0	0
XM_022805563.1	5052	4815.15	0	0
XM_022805564.1	5893	5656.15	0	0
XM_022805565.1	5805	5568.15	0	0
XM_022805566.1	5207	4970.15	0	0
XM_022805567.1	5253	5016.15	0	0
XM_022805568.1	6038	5801.15	0	0
XM_022805569.1	6803	6566.15	0	0
XM_022805570.1	4821	4584.15	0	0
XM_022805571.1	5034	4797.15	0	0
XM_022805572.1	4987	4750.15	0	0
XM_022805573.1	5895	5658.15	0	0
XM_022805574.1	4891	4654.15	0	0
XM_022805575.1	4920	4683.15	0	0
XM_022805576.1	4492	4255.15	1.00723	0.0432276
XM_022805577.1	4705	4468.15	0	0
XM_022805578.1	5997	5760.15	0	0
XM_022805579.1	4561	4324.15	0	0
XM_022805580.1	4522	4285.15	0	0
XM_022805581.1	11040	10803.1	0.0326526	0.000551968
XM_022805582.1	1152	915.148	0	0
XM_022805583.1	4501	4264.15	0	0
XM_022805584.1	4461	4224.15	0	0
XM_022805585.1	4068	3831.15	0	0
XM_022805586.1	5222	4985.15	0	0
XM_022805587.1	2469	2232.15	0	0
XM_022805588.1	9123	8886.15	0	0
XM_022805589.1	9579	9342.15	0	0
XM_022805590.1	8242	8005.15	0	0
XM_022805591.1	7776	7539.15	0	0
XM_022805592.1	12656	12419.1	0	0
XM_022805593.1	8944	8707.15	0	0
XM_022805594.1	7577	7340.15	0	0
XM_022805595.1	9119	8882.15	0	0
XM_022805596.1	8205	7968.15	0	0
XM_022805597.1	9110	8873.15	0	0
XM_022805598.1	9104	8867.15	0	0
XM_022805599.1	8924	8687.15	0	0
XM_022805600.1	6364	6127.15	0	0
XM_022805601.1	2297	2060.15	0	0
XM_022805602.1	5371	5134.15	0	0
XM_022805603.1	7667	7430.15	0	0
XM_022805604.1	2366	2129.15	0	0
XM_022805605.1	7566	7329.15	0	0
XM_022805606.1	4413	4176.15	0	0
XM_022805607.1	4410	4173.15	0	0
XM_022805608.1	1774	1537.15	0	0
XM_022805609.1	6374	6137.15	0	0
XM_022805610.1	4101	3864.15	0	0
XM_022805611.1	4097	3860.15	0	0
XM_022805612.1	3911	3674.15	0	0
XM_022805613.1	5318	5081.15	0	0
XM_022805614.1	3566	3329.15	0	0
XM_022805615.1	3742	3505.15	0	0
XM_022805616.1	1041	804.148	0	0
XM_022805617.1	1462	1225.15	0	0
XM_022805618.1	4842	4605.15	0	0
XM_022805619.1	2236	1999.15	0	0
XM_022805620.1	4721	4484.15	0	0
XM_022805621.1	1194	957.148	0	0
XM_022805622.1	1119	882.148	0	0
XM_022805623.1	2029	1792.15	0	0
XM_022805624.1	1041	804.148	0	0
XM_022805625.1	3104	2867.15	0	0
XM_022805626.1	4350	4113.15	0	0
XM_022805627.1	4374	4137.15	0	0
XM_022805628.1	2978	2741.15	0	0
XM_022805629.1	2997	2760.15	0	0
XM_022805630.1	2875	2638.15	0	0
XM_022805631.1	6071	5834.15	0	0
XM_022805632.1	5484	5247.15	0	0
XM_022805633.1	5496	5259.15	0	0
XM_022805634.1	2175	1938.15	0	0
XM_022805635.1	2194	1957.15	0	0
XM_022805636.1	2025	1788.15	0	0
XM_022805637.1	2144	1907.15	0	0
XM_022805638.1	4090	3853.15	0	0
XM_022805639.1	2049	1812.15	0	0
XM_022805640.1	2478	2241.15	0	0
XM_022805641.1	1162	925.148	0	0
XM_022805642.1	6443	6206.15	0	0
XM_022805643.1	6308	6071.15	0	0
XM_022805644.1	4108	3871.15	0	0
XM_022805645.1	4029	3792.15	0	0
XM_022805646.1	4233	3996.15	0	0
XM_022805647.1	3547	3310.15	0	0
XM_022805648.1	4399	4162.15	0	0
XM_022805649.1	2783	2546.15	0	0
XM_022805650.1	4576	4339.15	0	0
XM_022805651.1	2511	2274.15	0	0
XM_022805652.1	3997	3760.15	0	0
XM_022805653.1	2325	2088.15	0	0
XM_022805654.1	3101	2864.15	0	0
XM_022805655.1	2960	2723.15	0	0
XM_022805656.1	3088	2851.15	0	0
XM_022805657.1	3036	2799.15	0	0
XM_022805658.1	2953	2716.15	0	0
XM_022805659.1	2866	2629.15	0	0
XM_022805660.1	3333	3096.15	0	0
XM_022805661.1	2945	2708.15	0	0
XM_022805662.1	2936	2699.15	0	0
XM_022805663.1	3836	3599.15	0	0
XM_022805664.1	3272	3035.15	0	0
XM_022805665.1	4608	4371.15	0	0
XM_022805666.1	10995	10758.1	2.00984	0.034117
XM_022805667.1	1950	1713.15	0	0
XM_022805668.1	8970	8733.15	0	0
XM_022805669.1	9249	9012.15	0	0
XM_022805670.1	2430	2193.15	0	0
XM_022805671.1	7929	7692.15	0	0
XM_022805672.1	9177	8940.15	0	0
XM_022805673.1	8984	8747.15	0	0
XM_022805674.1	8425	8188.15	0	0
XM_022805675.1	8755	8518.15	0	0
XM_022805676.1	3360	3123.15	0	0
XM_022805677.1	4238	4001.15	0	0
XM_022805678.1	3936	3699.15	0	0
XM_022805679.1	3388	3151.15	0	0
XM_022805680.1	2509	2272.15	0	0
XM_022805681.1	2591	2354.15	0	0
XM_022805682.1	2585	2348.15	0	0
XM_022805683.1	2429	2192.15	0	0
XM_022805684.1	2384	2147.15	0	0
XM_022805685.1	7418	7181.15	0	0
XM_022805686.1	7379	7142.15	0	0
XM_022805687.1	10412	10175.1	0	0
XM_022805688.1	10408	10171.1	0	0
XM_022805689.1	7433	7196.15	0	0
XM_022805690.1	7318	7081.15	0	0
XM_022805691.1	7328	7091.15	0	0
XM_022805692.1	7270	7033.15	0	0
XM_022805693.1	10350	10113.1	0	0
XM_022805694.1	10346	10109.1	0	0
XM_022805695.1	1778	1541.15	0	0
XM_022805696.1	2366	2129.15	0	0
XM_022805697.1	2864	2627.15	0	0
XM_022805698.1	3961	3724.15	0	0
XM_022805699.1	2849	2612.15	0	0
XM_022805700.1	5565	5328.15	0	0
XM_022805701.1	1780	1543.15	0	0
XM_022805702.1	1487	1250.15	0	0
XM_022805703.1	2086	1849.15	0	0
XM_022805704.1	2165	1928.15	0	0
XM_022805705.1	2182	1945.15	0	0
XM_022805706.1	932	695.652	0	0
XM_022805707.1	1387	1150.15	0	0
XM_022805708.1	1470	1233.15	0	0
XM_022805709.1	1355	1118.15	0	0
XM_022805710.1	1438	1201.15	0	0
XM_022805711.1	1034	797.148	0	0
XM_022805712.1	3430	3193.15	0	0
XM_022805713.1	11040	10803.1	0	0
XM_022805714.1	5032	4795.15	0	0
XM_022805715.1	3933	3696.15	0	0
XM_022805716.1	10423	10186.1	0	0
XM_022805717.1	10408	10171.1	0	0
XM_022805718.1	7203	6966.15	0	0
XM_022805719.1	1145	908.148	0	0
XM_022805720.1	3966	3729.15	0	0
XM_022805721.1	4321	4084.15	0	0
XM_022805722.1	5160	4923.15	0	0
XM_022805723.1	3097	2860.15	0	0
XM_022805724.1	2860	2623.15	0	0
XM_022805725.1	3125	2888.15	0	0
XM_022805726.1	1523	1286.15	0	0
XM_022805727.1	2821	2584.15	0	0
XM_022805728.1	2817	2580.15	0	0
XM_022805729.1	27092	26855.1	0	0
XM_022805730.1	27130	26893.1	0	0
XM_022805731.1	26993	26756.1	0	0
XM_022805732.1	26861	26624.1	0	0
XM_022805733.1	26750	26513.1	0	0
XM_022805734.1	26714	26477.1	0	0
XM_022805735.1	26612	26375.1	0	0
XM_022805736.1	25594	25357.1	0	0
XM_022805737.1	25938	25701.1	0	0
XM_022805738.1	25811	25574.1	0	0
XM_022805739.1	26185	25948.1	0	0
XM_022805740.1	2430	2193.15	0	0
XM_022805741.1	3369	3132.15	0	0
XM_022805742.1	2459	2222.15	0	0
XM_022805743.1	2349	2112.15	0	0
XM_022805744.1	781	545.553	0	0
XM_022805745.1	1458	1221.15	0	0
XM_022805746.1	11177	10940.1	24.228	0.404427
XM_022805747.1	15289	15052.1	0	0
XM_022805748.1	4979	4742.15	0	0
XM_022805749.1	4982	4745.15	0	0
XM_022805750.1	3833	3596.15	0	0
XM_022805751.1	3885	3648.15	0	0
XM_022805752.1	6769	6532.15	0	0
XM_022805753.1	7850	7613.15	0	0
XM_022805754.1	2250	2013.15	0	0
XM_022805755.1	15708	15471.1	0	0
XM_022805756.1	3946	3709.15	0	0
XM_022805757.1	2849	2612.15	0	0
XM_022805758.1	1515	1278.15	0	0
XM_022805759.1	1928	1691.15	0	0
XM_022805760.1	1364	1127.15	0	0
XM_022805761.1	1553	1316.15	0	0
XM_022805762.1	1830	1593.15	0	0
XM_022805763.1	1479	1242.15	0	0
XM_022805764.1	2065	1828.15	0	0
XM_022805765.1	1659	1422.15	0	0
XM_022805766.1	2462	2225.15	0	0
XM_022805767.1	1663	1426.15	0	0
XM_022805768.1	3226	2989.15	0	0
XM_022805769.1	1546	1309.15	0	0
XM_022805770.1	1404	1167.15	0	0
XM_022805771.1	1703	1466.15	0	0
XM_022805772.1	1870	1633.15	0	0
XM_022805773.1	1852	1615.15	0	0
XM_022805774.1	1793	1556.15	0	0
XM_022805775.1	1109	872.148	0	0
XM_022805776.1	1047	810.148	0	0
XM_022805777.1	9561	9324.15	0	0
XM_022805778.1	3177	2940.15	0	0
XM_022805779.1	9444	9207.15	0	0
XM_022805780.1	9558	9321.15	0	0
XM_022805781.1	9540	9303.15	0	0
XM_022805782.1	9438	9201.15	0	0
XM_022805783.1	4020	3783.15	0	0
XM_022805784.1	3591	3354.15	0	0
XM_022805785.1	3395	3158.15	0	0
XM_022805786.1	4426	4189.15	0	0
XM_022805787.1	3389	3152.15	0	0
XM_022805788.1	1530	1293.15	0	0
XM_022805789.1	4541	4304.15	0	0
XM_022805790.1	7337	7100.15	0	0
XM_022805791.1	4328	4091.15	0	0
XM_022805792.1	4524	4287.15	0	0
XM_022805793.1	1578	1341.15	0	0
XM_022805794.1	1730	1493.15	0	0
XM_022805795.1	2643	2406.15	0	0
XM_022805796.1	5137	4900.15	0	0
XM_022805797.1	4637	4400.15	0	0
XM_022805798.1	1104	867.148	0	0
XM_022805799.1	1490	1253.15	0	0
XM_022805800.1	1104	867.148	0	0
XM_022805801.1	2885	2648.15	0	0
XM_022805802.1	1931	1694.15	0	0
XM_022805803.1	1716	1479.15	0	0
XM_022805804.1	1865	1628.15	0	0
XM_022805805.1	825	589.162	0	0
XM_022805806.1	778	542.553	0	0
XM_022805807.1	1882	1645.15	0	0
XM_022805808.1	1793	1556.15	0	0
XM_022805809.1	1027	790.148	0	0
XM_022805810.1	2248	2011.15	0	0
XM_022805811.1	2554	2317.15	0	0
XM_022805812.1	2242	2005.15	0	0
XM_022805813.1	2088	1851.15	0	0
XM_022805814.1	1973	1736.15	0	0
XM_022805815.1	2365	2128.15	0	0
XM_022805816.1	5829	5592.15	0	0
XM_022805817.1	3670	3433.15	0	0
XM_022805818.1	5090	4853.15	0	0
XM_022805819.1	4416	4179.15	0	0
XM_022805820.1	6070	5833.15	0	0
XM_022805821.1	6125	5888.15	0	0
XM_022805822.1	5727	5490.15	0	0
XM_022805823.1	5662	5425.15	0	0
XM_022805824.1	5717	5480.15	0	0
XM_022805825.1	4521	4284.15	0	0
XM_022805826.1	3872	3635.15	0	0
XM_022805827.1	4511	4274.15	0	0
XM_022805828.1	3351	3114.15	0	0
XM_022805829.1	6340	6103.15	0	0
XM_022805830.1	6431	6194.15	0	0
XM_022805831.1	6228	5991.15	0	0
XM_022805832.1	2102	1865.15	0	0
XM_022805833.1	2044	1807.15	0	0
XM_022805834.1	5619	5382.15	0	0
XM_022805835.1	5775	5538.15	0	0
XM_022805836.1	6991	6754.15	0	0
XM_022805837.1	3196	2959.15	2	0.123427
XM_022805838.1	5559	5322.15	0	0
XM_022805839.1	5715	5478.15	0	0
XM_022805840.1	6931	6694.15	0	0
XM_022805841.1	5188	4951.15	0	0
XM_022805842.1	3530	3293.15	0	0
XM_022805843.1	1715	1478.15	0	0
XM_022805844.1	1831	1594.15	0	0
XM_022805845.1	1425	1188.15	0	0
XM_022805846.1	1347	1110.15	0	0
XM_022805847.1	1376	1139.15	0	0
XM_022805848.1	1056	819.148	0	0
XM_022805849.1	1309	1072.15	0	0
XM_022805850.1	1262	1025.15	0	0
XM_022805851.1	12973	12736.1	0	0
XM_022805852.1	11359	11122.1	0	0
XM_022805853.1	11386	11149.1	0	0
XM_022805854.1	12875	12638.1	0	0
XM_022805855.1	10828	10591.1	0	0
XM_022805856.1	10820	10583.1	0	0
XM_022805857.1	13413	13176.1	0	0
XM_022805858.1	13380	13143.1	0	0
XM_022805859.1	13338	13101.1	0	0
XM_022805860.1	10265	10028.1	0.0375711	0.000684194
XM_022805861.1	10262	10025.1	0.0504785	0.000919522
XM_022805862.1	10232	9995.15	0.972187	0.0177626
XM_022805863.1	3252	3015.15	0	0
XM_022805864.1	6267	6030.15	0	0
XM_022805865.1	3313	3076.15	0	0
XM_022805866.1	3903	3666.15	0	0
XM_022805867.1	2376	2139.15	0	0
XM_022805868.1	2124	1887.15	0	0
XM_022805869.1	1200	963.148	0	0
XM_022805870.1	2030	1793.15	0	0
XM_022805871.1	2422	2185.15	0	0
XM_022805872.1	2143	1906.15	0	0
XM_022805873.1	2107	1870.15	0	0
XM_022805874.1	1775	1538.15	0	0
XM_022805875.1	9462	9225.15	0	0
XM_022805876.1	9330	9093.15	0	0
XM_022805877.1	9321	9084.15	0	0
XM_022805878.1	8438	8201.15	0	0
XM_022805879.1	4837	4600.15	0	0
XM_022805880.1	9288	9051.15	0	0
XM_022805881.1	9267	9030.15	0	0
XM_022805882.1	9147	8910.15	0	0
XM_022805883.1	9114	8877.15	0	0
XM_022805884.1	8748	8511.15	0	0
XM_022805885.1	2951	2714.15	0	0
XM_022805886.1	3939	3702.15	0	0
XM_022805887.1	632	399.296	0	0
XM_022805888.1	6556	6319.15	0	0
XM_022805889.1	6496	6259.15	0	0
XM_022805890.1	6377	6140.15	0	0
XM_022805891.1	6308	6071.15	0	0
XM_022805892.1	6257	6020.15	0	0
XM_022805893.1	6197	5960.15	0	0
XM_022805894.1	6152	5915.15	0	0
XM_022805895.1	6276	6039.15	0	0
XM_022805896.1	6557	6320.15	0	0
XM_022805897.1	6265	6028.15	0	0
XM_022805898.1	6458	6221.15	0	0
XM_022805899.1	6374	6137.15	0	0
XM_022805900.1	6149	5912.15	0	0
XM_022805901.1	6278	6041.15	0	0
XM_022805902.1	4179	3942.15	0	0
XM_022805903.1	8388	8151.15	0	0
XM_022805904.1	7706	7469.15	0	0
XM_022805905.1	7503	7266.15	0	0
XM_022805906.1	7720	7483.15	0	0
XM_022805907.1	7673	7436.15	0	0
XM_022805908.1	7013	6776.15	0	0
XM_022805909.1	1994	1757.15	0	0
XM_022805910.1	7455	7218.15	0	0
XM_022805911.1	7324	7087.15	0	0
XM_022805912.1	7293	7056.15	0	0
XM_022805913.1	6935	6698.15	0	0
XM_022805914.1	7725	7488.15	0	0
XM_022805915.1	9286	9049.15	0	0
XM_022805916.1	8773	8536.15	0	0
XM_022805917.1	8659	8422.15	0	0
XM_022805918.1	8776	8539.15	0	0
XM_022805919.1	7649	7412.15	0	0
XM_022805920.1	1760	1523.15	0	0
XM_022805921.1	6612	6375.15	0	0
XM_022805922.1	4598	4361.15	0	0
XM_022805923.1	6533	6296.15	0	0
XM_022805924.1	4926	4689.15	0	0
XM_022805925.1	4346	4109.15	0	0
XM_022805926.1	1818	1581.15	0	0
XM_022805927.1	1519	1282.15	0	0
XM_022805928.1	4808	4571.15	0	0
XM_022805929.1	4812	4575.15	0	0
XM_022805930.1	4089	3852.15	0	0
XM_022805931.1	6932	6695.15	0	0
XM_022805932.1	6893	6656.15	0	0
XM_022805933.1	1892	1655.15	0	0
XM_022805934.1	2466	2229.15	0	0
XM_022805935.1	4538	4301.15	0	0
XM_022805936.1	8744	8507.15	0	0
XM_022805937.1	6146	5909.15	0	0
XM_022805938.1	5509	5272.15	0	0
XM_022805939.1	6107	5870.15	0	0
XM_022805940.1	4167	3930.15	0	0
XM_022805941.1	2866	2629.15	0	0
XM_022805942.1	4544	4307.15	0	0
XM_022805943.1	4437	4200.15	0	0
XM_022805944.1	4506	4269.15	0	0
XM_022805945.1	4059	3822.15	0	0
XM_022805946.1	1677	1440.15	0	0
XM_022805947.1	1688	1451.15	0	0
XM_022805948.1	1892	1655.15	0	0
XM_022805949.1	3539	3302.15	0	0
XM_022805950.1	3024	2787.15	0	0
XM_022805951.1	3820	3583.15	0	0
XM_022805952.1	2563	2326.15	0	0
XM_022805953.1	1981	1744.15	0	0
XM_022805954.1	1969	1732.15	0	0
XM_022805955.1	1951	1714.15	0	0
XM_022805956.1	1913	1676.15	0	0
XM_022805957.1	1908	1671.15	0	0
XM_022805958.1	2653	2416.15	0	0
XM_022805959.1	2989	2752.15	0	0
XM_022805960.1	2484	2247.15	0	0
XM_022805961.1	2747	2510.15	0	0
XM_022805962.1	5220	4983.15	0	0
XM_022805963.1	5379	5142.15	0	0
XM_022805964.1	4985	4748.15	0	0
XM_022805965.1	4936	4699.15	0	0
XM_022805966.1	4861	4624.15	0	0
XM_022805967.1	4942	4705.15	0	0
XM_022805968.1	7644	7407.15	0	0
XM_022805969.1	4353	4116.15	0	0
XM_022805970.1	5011	4774.15	0	0
XM_022805971.1	7463	7226.15	0	0
XM_022805972.1	1287	1050.15	0	0
XM_022805973.1	951	714.441	0	0
XM_022805974.1	1496	1259.15	0	0
XM_022805975.1	895	658.786	0	0
XM_022805976.1	1078	841.148	0	0
XM_022805977.1	1563	1326.15	0	0
XM_022805978.1	1425	1188.15	0	0
XM_022805979.1	5755	5518.15	0	0
XM_022805980.1	5530	5293.15	0	0
XM_022805981.1	6135	5898.15	0	0
XM_022805982.1	6970	6733.15	0	0
XM_022805983.1	4628	4391.15	0	0
XM_022805984.1	1453	1216.15	0	0
XM_022805985.1	6065	5828.15	0	0
XM_022805986.1	6065	5828.15	0	0
XM_022805987.1	5894	5657.15	0	0
XM_022805988.1	4592	4355.15	0	0
XM_022805989.1	850	614.102	0	0
XM_022805990.1	6792	6555.15	0	0
XM_022805991.1	5484	5247.15	0	0
XM_022805992.1	3732	3495.15	0	0
XM_022805993.1	3790	3553.15	0	0
XM_022805994.1	8501	8264.15	0	0
XM_022805995.1	8489	8252.15	0	0
XM_022805996.1	7162	6925.15	0	0
XM_022805997.1	1197	960.148	0	0
XM_022805998.1	7986	7749.15	0	0
XM_022805999.1	7934	7697.15	0	0
XM_022806000.1	7919	7682.15	0	0
XM_022806001.1	7907	7670.15	0	0
XM_022806002.1	6046	5809.15	0	0
XM_022806003.1	2834	2597.15	0	0
XM_022806004.1	2667	2430.15	0	0
XM_022806005.1	3367	3130.15	0	0
XM_022806006.1	1282	1045.15	0	0
XM_022806007.1	7112	6875.15	0	0
XM_022806008.1	4255	4018.15	0	0
XM_022806009.1	2051	1814.15	0	0
XM_022806010.1	3999	3762.15	0	0
XM_022806011.1	3580	3343.15	0	0
XM_022806012.1	5562	5325.15	0	0
XM_022806013.1	3606	3369.15	0	0
XM_022806014.1	3550	3313.15	0	0
XM_022806015.1	2333	2096.15	0	0
XM_022806016.1	7064	6827.15	0	0
XM_022806017.1	2136	1899.15	0	0
XM_022806018.1	2145	1908.15	0	0
XM_022806019.1	2872	2635.15	0	0
XM_022806020.1	2600	2363.15	0	0
XM_022806021.1	3362	3125.15	0	0
XM_022806022.1	3338	3101.15	0	0
XM_022806023.1	2096	1859.15	0	0
XM_022806024.1	1347	1110.15	0	0
XM_022806025.1	1345	1108.15	0	0
XM_022806026.1	6869	6632.15	1.00144	0.0275752
XM_022806027.1	1276	1039.15	0	0
XM_022806028.1	1261	1024.15	0	0
XM_022806029.1	2907	2670.15	0	0
XM_022806030.1	3270	3033.15	0	0
XM_022806031.1	12445	12208.1	0	0
XM_022806032.1	5105	4868.15	0	0
XM_022806033.1	5078	4841.15	0	0
XM_022806034.1	5075	4838.15	0	0
XM_022806035.1	5006	4769.15	0	0
XM_022806036.1	3990	3753.15	0	0
XM_022806037.1	3063	2826.15	0	0
XM_022806038.1	3340	3103.15	0	0
XM_022806039.1	3378	3141.15	0	0
XM_022806040.1	1477	1240.15	0	0
XM_022806041.1	1466	1229.15	0	0
XM_022806042.1	1302	1065.15	0	0
XM_022806043.1	1291	1054.15	0	0
XM_022806044.1	4651	4414.15	0	0
XM_022806045.1	4392	4155.15	0	0
XM_022806046.1	4648	4411.15	0	0
XM_022806047.1	4770	4533.15	0	0
XM_022806048.1	2193	1956.15	0	0
XM_022806049.1	2184	1947.15	0	0
XM_022806050.1	2372	2135.15	0	0
XM_022806051.1	4556	4319.15	0	0
XM_022806052.1	3379	3142.15	0	0
XM_022806053.1	2843	2606.15	0	0
XM_022806054.1	2938	2701.15	0	0
XM_022806055.1	4390	4153.15	0	0
XM_022806056.1	4327	4090.15	0	0
XM_022806057.1	4259	4022.15	0	0
XM_022806058.1	7233	6996.15	0	0
XM_022806059.1	5146	4909.15	0	0
XM_022806060.1	4107	3870.15	0	0
XM_022806061.1	4175	3938.15	0	0
XM_022806062.1	2674	2437.15	0	0
XM_022806063.1	4507	4270.15	0	0
XM_022806064.1	4968	4731.15	0	0
XM_022806065.1	7081	6844.15	0	0
XM_022806066.1	4994	4757.15	0	0
XM_022806067.1	2966	2729.15	0	0
XM_022806068.1	900	663.72	0	0
XM_022806069.1	3797	3560.15	0	0
XM_022806070.1	3822	3585.15	0	0
XM_022806071.1	893	656.786	0	0
XM_022806072.1	2832	2595.15	0	0
XM_022806073.1	915	678.72	0	0
XM_022806074.1	875	638.915	0	0
XM_022806075.1	4015	3778.15	0	0
XM_022806076.1	4065	3828.15	0	0
XM_022806077.1	4043	3806.15	0	0
XM_022806078.1	4087	3850.15	0	0
XM_022806079.1	3908	3671.15	0	0
XM_022806080.1	3990	3753.15	0	0
XM_022806081.1	3232	2995.15	0	0
XM_022806082.1	2626	2389.15	0	0
XM_022806083.1	2609	2372.15	0	0
XM_022806084.1	2816	2579.15	0	0
XM_022806085.1	3110	2873.15	0	0
XM_022806086.1	3048	2811.15	0	0
XM_022806087.1	1723	1486.15	0	0
XM_022806088.1	1780	1543.15	0	0
XM_022806089.1	3692	3455.15	0	0
XM_022806090.1	3375	3138.15	0	0
XM_022806091.1	3303	3066.15	0	0
XM_022806092.1	3479	3242.15	0	0
XM_022806093.1	3299	3062.15	0	0
XM_022806094.1	1533	1296.15	0	0
XM_022806095.1	4759	4522.15	0	0
XM_022806096.1	7846	7609.15	0	0
XM_022806097.1	5802	5565.15	2.05883	0.06756
XM_022806098.1	3479	3242.15	0	0
XM_022806099.1	2616	2379.15	0	0
XM_022806100.1	3217	2980.15	0	0
XM_022806101.1	2717	2480.15	0	0
XM_022806102.1	2516	2279.15	0	0
XM_022806103.1	2411	2174.15	0	0
XM_022806104.1	2565	2328.15	0	0
XM_022806105.1	5086	4849.15	0	0
XM_022806106.1	4103	3866.15	0	0
XM_022806107.1	4929	4692.15	0	0
XM_022806108.1	3069	2832.15	0	0
XM_022806109.1	5394	5157.15	0	0
XM_022806110.1	1966	1729.15	0	0
XM_022806111.1	3164	2927.15	0	0
XM_022806112.1	3135	2898.15	0	0
XM_022806113.1	3013	2776.15	0	0
XM_022806114.1	2467	2230.15	0	0
XM_022806115.1	2244	2007.15	0	0
XM_022806116.1	2951	2714.15	0	0
XM_022806117.1	3505	3268.15	0	0
XM_022806118.1	3963	3726.15	0	0
XM_022806119.1	3494	3257.15	0	0
XM_022806120.1	2249	2012.15	0	0
XM_022806121.1	2424	2187.15	0	0
XM_022806122.1	3388	3151.15	0	0
XM_022806123.1	2694	2457.15	0	0
XM_022806124.1	2717	2480.15	0	0
XM_022806125.1	2293	2056.15	0	0
XM_022806126.1	1391	1154.15	0	0
XM_022806127.1	6598	6361.15	0	0
XM_022806128.1	6756	6519.15	0	0
XM_022806129.1	4595	4358.15	0	0
XM_022806130.1	2123	1886.15	0	0
XM_022806131.1	4464	4227.15	0	0
XM_022806132.1	4734	4497.15	0	0
XM_022806133.1	4398	4161.15	0	0
XM_022806134.1	6486	6249.15	0	0
XM_022806135.1	6985	6748.15	0	0
XM_022806136.1	10555	10318.1	0	0
XM_022806137.1	8463	8226.15	0	0
XM_022806138.1	6390	6153.15	0	0
XM_022806139.1	804	568.277	0	0
XM_022806140.1	2432	2195.15	0	0
XM_022806141.1	5591	5354.15	0	0
XM_022806142.1	8816	8579.15	0	0
XM_022806143.1	8805	8568.15	0	0
XM_022806144.1	9051	8814.15	0	0
XM_022806145.1	8810	8573.15	0	0
XM_022806146.1	8717	8480.15	0	0
XM_022806147.1	8706	8469.15	0	0
XM_022806148.1	5453	5216.15	0	0
XM_022806149.1	1058	821.148	0	0
XM_022806150.1	2428	2191.15	0	0
XM_022806151.1	859	623.04	0	0
XM_022806152.1	3289	3052.15	0	0
XM_022806153.1	3254	3017.15	0	0
XM_022806154.1	3099	2862.15	0	0
XM_022806155.1	2504	2267.15	0	0
XM_022806156.1	3041	2804.15	0	0
XM_022806157.1	3308	3071.15	0	0
XM_022806158.1	2403	2166.15	0	0
XM_022806159.1	2568	2331.15	0	0
XM_022806160.1	2317	2080.15	0	0
XM_022806161.1	8629	8392.15	0	0
XM_022806162.1	8591	8354.15	0	0
XM_022806163.1	8587	8350.15	0	0
XM_022806164.1	8498	8261.15	0	0
XM_022806165.1	9210	8973.15	0	0
XM_022806166.1	9397	9160.15	0	0
XM_022806167.1	9261	9024.15	0	0
XM_022806168.1	8972	8735.15	0	0
XM_022806169.1	9103	8866.15	0	0
XM_022806170.1	8008	7771.15	0	0
XM_022806171.1	9046	8809.15	0	0
XM_022806172.1	12142	11905.1	0	0
XM_022806173.1	12545	12308.1	0	0
XM_022806174.1	12289	12052.1	0	0
XM_022806175.1	9031	8794.15	0	0
XM_022806176.1	6877	6640.15	0	0
XM_022806177.1	6791	6554.15	0	0
XM_022806178.1	6789	6552.15	0	0
XM_022806179.1	6717	6480.15	0	0
XM_022806180.1	6742	6505.15	0	0
XM_022806181.1	7164	6927.15	0	0
XM_022806182.1	2437	2200.15	0	0
XM_022806183.1	2403	2166.15	0	0
XM_022806184.1	1799	1562.15	0	0
XM_022806185.1	1843	1606.15	0	0
XM_022806186.1	3685	3448.15	0	0
XM_022806187.1	4998	4761.15	0	0
XM_022806188.1	4476	4239.15	0	0
XM_022806189.1	1755	1518.15	0	0
XM_022806190.1	2490	2253.15	0	0
XM_022806191.1	1763	1526.15	0	0
XM_022806192.1	1768	1531.15	0	0
XM_022806193.1	3924	3687.15	0	0
XM_022806194.1	4902	4665.15	0	0
XM_022806195.1	2496	2259.15	0	0
XM_022806196.1	2580	2343.15	0	0
XM_022806197.1	1848	1611.15	0	0
XM_022806198.1	2625	2388.15	0	0
XM_022806199.1	2535	2298.15	0	0
XM_022806200.1	8847	8610.15	0	0
XM_022806201.1	2770	2533.15	0	0
XM_022806202.1	3599	3362.15	0	0
XM_022806203.1	2864	2627.15	0	0
XM_022806204.1	3754	3517.15	0	0
XM_022806205.1	11858	11621.1	0	0
XM_022806206.1	4339	4102.15	0	0
XM_022806207.1	4319	4082.15	0	0
XM_022806208.1	5274	5037.15	0	0
XM_022806209.1	4282	4045.15	0	0
XM_022806210.1	4263	4026.15	0	0
XM_022806211.1	4150	3913.15	0	0
XM_022806212.1	6633	6396.15	0	0
XM_022806213.1	6543	6306.15	0	0
XM_022806214.1	6522	6285.15	0	0
XM_022806215.1	7034	6797.15	0	0
XM_022806216.1	5537	5300.15	0	0
XM_022806217.1	8148	7911.15	0	0
XM_022806218.1	7878	7641.15	0	0
XM_022806219.1	7112	6875.15	0	0
XM_022806220.1	5690	5453.15	0	0
XM_022806221.1	5742	5505.15	0	0
XM_022806222.1	4846	4609.15	0	0
XM_022806223.1	2396	2159.15	0	0
XM_022806224.1	2243	2006.15	0	0
XM_022806225.1	6909	6672.15	0	0
XM_022806226.1	2308	2071.15	0	0
XM_022806227.1	2238	2001.15	0	0
XM_022806228.1	1867	1630.15	0	0
XM_022806229.1	1970	1733.15	0	0
XM_022806230.1	6140	5903.15	0	0
XM_022806231.1	3139	2902.15	0	0
XM_022806232.1	4914	4677.15	0	0
XM_022806233.1	5027	4790.15	0	0
XM_022806234.1	7795	7558.15	0	0
XM_022806235.1	4120	3883.15	0	0
XM_022806236.1	3458	3221.15	0	0
XM_022806237.1	2557	2320.15	0	0
XM_022806238.1	4176	3939.15	0	0
XM_022806239.1	3379	3142.15	0	0
XM_022806240.1	2567	2330.15	0	0
XM_022806241.1	7062	6825.15	0	0
XM_022806242.1	7869	7632.15	0	0
XM_022806243.1	7856	7619.15	0	0
XM_022806244.1	7077	6840.15	0	0
XM_022806245.1	6100	5863.15	0	0
XM_022806246.1	2196	1959.15	0	0
XM_022806247.1	3186	2949.15	0	0
XM_022806248.1	4571	4334.15	0	0
XM_022806249.1	2357	2120.15	0	0
XM_022806250.1	3347	3110.15	0	0
XM_022806251.1	3095	2858.15	0	0
XM_022806252.1	6703	6466.15	0	0
XM_022806253.1	2796	2559.15	0	0
XM_022806254.1	4595	4358.15	0	0
XM_022806255.1	4560	4323.15	0	0
XM_022806256.1	1690	1453.15	0	0
XM_022806257.1	1588	1351.15	0	0
XM_022806258.1	1458	1221.15	0	0
XM_022806259.1	1378	1141.15	0	0
XM_022806260.1	1495	1258.15	0	0
XM_022806261.1	2796	2559.15	0	0
XM_022806262.1	1646	1409.15	0	0
XM_022806263.1	1647	1410.15	0	0
XM_022806264.1	2229	1992.15	0	0
XM_022806265.1	1618	1381.15	0	0
XM_022806266.1	484	263.018	0	0
XM_022806267.1	2880	2643.15	0	0
XM_022806268.1	1125	888.148	0	0
XM_022806269.1	1170	933.148	0	0
XM_022806270.1	591	359.748	0	0
XM_022806271.1	814	578.22	0	0
XM_022806272.1	1876	1639.15	0	0
XM_022806273.1	9881	9644.15	0	0
XM_022806274.1	9797	9560.15	0	0
XM_022806275.1	9797	9560.15	0	0
XM_022806276.1	491	269.045	0	0
XM_022806277.1	8939	8702.15	0	0
XM_022806278.1	13536	13299.1	0	0
XM_022806279.1	8754	8517.15	0	0
XM_022806280.1	8634	8397.15	0	0
XM_022806281.1	7788	7551.15	0	0
XM_022806282.1	4749	4512.15	0	0
XM_022806283.1	5889	5652.15	0	0
XM_022806284.1	5736	5499.15	0	0
XM_022806285.1	5188	4951.15	0	0
XM_022806286.1	5415	5178.15	0	0
XM_022806287.1	6509	6272.15	0	0
XM_022806288.1	5339	5102.15	0	0
XM_022806289.1	4811	4574.15	0	0
XM_022806290.1	5271	5034.15	0	0
XM_022806291.1	3468	3231.15	0	0
XM_022806292.1	6415	6178.15	0	0
XM_022806293.1	6815	6578.15	0	0
XM_022806294.1	3069	2832.15	0	0
XM_022806295.1	843	607.102	0	0
XM_022806296.1	2359	2122.15	0	0
XM_022806297.1	2238	2001.15	0	0
XM_022806298.1	2017	1780.15	0	0
XM_022806299.1	1000	763.148	0	0
XM_022806300.1	9093	8856.15	0	0
XM_022806301.1	8945	8708.15	0	0
XM_022806302.1	8811	8574.15	0	0
XM_022806303.1	8959	8722.15	0	0
XM_022806304.1	9442	9205.15	0	0
XM_022806305.1	8724	8487.15	0	0
XM_022806306.1	8652	8415.15	0	0
XM_022806307.1	6705	6468.15	0	0
XM_022806308.1	6300	6063.15	0	0
XM_022806309.1	715	480.425	0	0
XM_022806310.1	6478	6241.15	0	0
XM_022806311.1	5156	4919.15	0	0
XM_022806312.1	5448	5211.15	0	0
XM_022806313.1	5882	5645.15	0	0
XM_022806314.1	3250	3013.15	0	0
XM_022806315.1	6977	6740.15	0	0
XM_022806316.1	6719	6482.15	0	0
XM_022806317.1	5449	5212.15	0	0
XM_022806318.1	9817	9580.15	0	0
XM_022806319.1	9426	9189.15	7.62581	0.15155
XM_022806320.1	3220	2983.15	0	0
XM_022806321.1	1538	1301.15	0	0
XM_022806322.1	980	743.224	0	0
XM_022806323.1	694	459.658	0	0
XM_022806324.1	3136	2899.15	0	0
XM_022806325.1	754	518.871	0	0
XM_022806326.1	3760	3523.15	0	0
XM_022806327.1	2769	2532.15	0	0
XM_022806328.1	5587	5350.15	0	0
XM_022806329.1	1383	1146.15	0	0
XM_022806330.1	2597	2360.15	0	0
XM_022806331.1	3125	2888.15	0	0
XM_022806332.1	2900	2663.15	0	0
XM_022806333.1	2808	2571.15	0	0
XM_022806334.1	2668	2431.15	0	0
XM_022806335.1	2497	2260.15	0	0
XM_022806336.1	3117	2880.15	0	0
XM_022806337.1	7252	7015.15	0	0
XM_022806338.1	7248	7011.15	0	0
XM_022806339.1	4864	4627.15	0	0
XM_022806340.1	4891	4654.15	0	0
XM_022806341.1	4867	4630.15	0	0
XM_022806342.1	4557	4320.15	0	0
XM_022806343.1	1804	1567.15	0	0
XM_022806344.1	2048	1811.15	0	0
XM_022806345.1	1824	1587.15	0	0
XM_022806346.1	5408	5171.15	0	0
XM_022806347.1	5344	5107.15	0	0
XM_022806348.1	5244	5007.15	0	0
XM_022806349.1	4958	4721.15	0	0
XM_022806350.1	3380	3143.15	0	0
XM_022806351.1	3353	3116.15	0	0
XM_022806352.1	3250	3013.15	0	0
XM_022806353.1	7577	7340.15	0	0
XM_022806354.1	4174	3937.15	0	0
XM_022806355.1	3736	3499.15	0	0
XM_022806356.1	3355	3118.15	0	0
XM_022806357.1	1949	1712.15	0	0
XM_022806358.1	1207	970.148	0	0
XM_022806359.1	1945	1708.15	0	0
XM_022806360.1	1542	1305.15	0	0
XM_022806361.1	1323	1086.15	0	0
XM_022806362.1	3826	3589.15	0	0
XM_022806363.1	3777	3540.15	0	0
XM_022806364.1	4485	4248.15	0	0
XM_022806365.1	3752	3515.15	0	0
XM_022806366.1	1552	1315.15	0	0
XM_022806367.1	9587	9350.15	0	0
XM_022806368.1	8641	8404.15	0	0
XM_022806369.1	8786	8549.15	0	0
XM_022806370.1	8343	8106.15	0	0
XM_022806371.1	9405	9168.15	0	0
XM_022806372.1	4787	4550.15	0	0
XM_022806373.1	465	246.848	0	0
XM_022806374.1	4954	4717.15	0	0
XM_022806375.1	4880	4643.15	0	0
XM_022806376.1	3763	3526.15	0	0
XM_022806377.1	4805	4568.15	0	0
XM_022806378.1	3180	2943.15	0	0
XM_022806379.1	1378	1141.15	0	0
XM_022806380.1	1243	1006.15	0	0
XM_022806381.1	1219	982.148	0	0
XM_022806382.1	1108	871.148	0	0
XM_022806383.1	1068	831.148	0	0
XM_022806384.1	1009	772.148	0	0
XM_022806385.1	4037	3800.15	0	0
XM_022806386.1	8536	8299.15	0	0
XM_022806387.1	3747	3510.15	0	0
XM_022806388.1	1296	1059.15	0	0
XM_022806389.1	1490	1253.15	0	0
XM_022806390.1	2569	2332.15	0	0
XM_022806391.1	2966	2729.15	0	0
XM_022806392.1	2152	1915.15	0	0
XM_022806393.1	4453	4216.15	0	0
XM_022806394.1	6465	6228.15	0	0
XM_022806395.1	5057	4820.15	0	0
XM_022806396.1	4651	4414.15	0	0
XM_022806397.1	5061	4824.15	0	0
XM_022806398.1	4080	3843.15	0	0
XM_022806399.1	8457	8220.15	0	0
XM_022806400.1	8433	8196.15	0	0
XM_022806401.1	8443	8206.15	0	0
XM_022806402.1	1482	1245.15	0	0
XM_022806403.1	1515	1278.15	0	0
XM_022806404.1	6167	5930.15	0	0
XM_022806405.1	3889	3652.15	0	0
XM_022806406.1	4066	3829.15	0	0
XM_022806407.1	4037	3800.15	0	0
XM_022806408.1	3611	3374.15	0	0
XM_022806409.1	3601	3364.15	0	0
XM_022806410.1	2025	1788.15	0	0
XM_022806411.1	1719	1482.15	0	0
XM_022806412.1	1716	1479.15	0	0
XM_022806413.1	7315	7078.15	0	0
XM_022806414.1	2564	2327.15	0	0
XM_022806415.1	2568	2331.15	0	0
XM_022806416.1	2399	2162.15	0	0
XM_022806417.1	5943	5706.15	0	0
XM_022806418.1	5912	5675.15	0	0
XM_022806419.1	5802	5565.15	0	0
XM_022806420.1	2011	1774.15	0	0
XM_022806421.1	1832	1595.15	0	0
XM_022806422.1	5933	5696.15	0	0
XM_022806423.1	7331	7094.15	0	0
XM_022806424.1	5227	4990.15	0	0
XM_022806425.1	6042	5805.15	0	0
XM_022806426.1	5940	5703.15	0	0
XM_022806427.1	6112	5875.15	0	0
XM_022806428.1	5347	5110.15	0	0
XM_022806429.1	1992	1755.15	0	0
XM_022806430.1	2660	2423.15	0	0
XM_022806431.1	1704	1467.15	0	0
XM_022806432.1	1607	1370.15	0	0
XM_022806433.1	1622	1385.15	0	0
XM_022806434.1	1565	1328.15	0	0
XM_022806435.1	2851	2614.15	0	0
XM_022806436.1	2889	2652.15	0	0
XM_022806437.1	1175	938.148	0	0
XM_022806438.1	4468	4231.15	0	0
XM_022806439.1	3944	3707.15	0	0
XM_022806440.1	7615	7378.15	0	0
XM_022806441.1	7634	7397.15	0	0
XM_022806442.1	7631	7394.15	0	0
XM_022806443.1	7612	7375.15	0	0
XM_022806444.1	1017	780.148	0	0
XM_022806445.1	1710	1473.15	0	0
XM_022806446.1	1397	1160.15	0	0
XM_022806447.1	1722	1485.15	0	0
XM_022806448.1	1664	1427.15	0	0
XM_022806449.1	4973	4736.15	0	0
XM_022806450.1	4904	4667.15	0	0
XM_022806451.1	4890	4653.15	0	0
XM_022806452.1	1938	1701.15	0	0
XM_022806453.1	1166	929.148	0	0
XM_022806454.1	7334	7097.15	0	0
XM_022806455.1	1033	796.148	0	0
XM_022806456.1	5349	5112.15	0	0
XM_022806457.1	4745	4508.15	0	0
XM_022806458.1	3189	2952.15	0	0
XM_022806459.1	2792	2555.15	0	0
XM_022806460.1	2836	2599.15	0	0
XM_022806461.1	2594	2357.15	0	0
XM_022806462.1	2047	1810.15	0	0
XM_022806463.1	2575	2338.15	0	0
XM_022806464.1	2874	2637.15	0	0
XM_022806465.1	9475	9238.15	0	0
XM_022806466.1	4569	4332.15	0	0
XM_022806467.1	2830	2593.15	0	0
XM_022806468.1	1901	1664.15	0	0
XM_022806469.1	1313	1076.15	0	0
XM_022806470.1	6238	6001.15	0	0
XM_022806471.1	6205	5968.15	0	0
XM_022806472.1	6112	5875.15	0	0
XM_022806473.1	3456	3219.15	0	0
XM_022806474.1	5860	5623.15	0	0
XM_022806475.1	5446	5209.15	0	0
XM_022806476.1	5408	5171.15	0	0
XM_022806477.1	5375	5138.15	0	0
XM_022806478.1	5507	5270.15	0	0
XM_022806479.1	5475	5238.15	0	0
XM_022806480.1	5317	5080.15	0	0
XM_022806481.1	5396	5159.15	0	0
XM_022806482.1	5342	5105.15	0	0
XM_022806483.1	5228	4991.15	0	0
XM_022806484.1	5195	4958.15	0	0
XM_022806485.1	2168	1931.15	0	0
XM_022806486.1	4676	4439.15	0	0
XM_022806487.1	12256	12019.1	0	0
XM_022806488.1	1446	1209.15	0	0
XM_022806489.1	1754	1517.15	0	0
XM_022806490.1	2036	1799.15	0	0
XM_022806491.1	1573	1336.15	0	0
XM_022806492.1	3637	3400.15	0	0
XM_022806493.1	1609	1372.15	0	0
XM_022806494.1	5535	5298.15	0	0
XM_022806495.1	5376	5139.15	0	0
XM_022806496.1	5177	4940.15	0	0
XM_022806497.1	10688	10451.1	1.00635	0.0175845
XM_022806498.1	5285	5048.15	0	0
XM_022806499.1	2102	1865.15	0	0
XM_022806500.1	9967	9730.15	1	0.0187684
XM_022806501.1	5834	5597.15	0	0
XM_022806502.1	6388	6151.15	0	0
XM_022806503.1	4399	4162.15	0	0
XM_022806504.1	4560	4323.15	0	0
XM_022806505.1	4291	4054.15	0	0
XM_022806506.1	4061	3824.15	0	0
XM_022806507.1	5810	5573.15	0	0
XM_022806508.1	2083	1846.15	0	0
XM_022806509.1	4323	4086.15	0	0
XM_022806510.1	4315	4078.15	0	0
XM_022806511.1	3519	3282.15	0	0
XM_022806512.1	3786	3549.15	0	0
XM_022806513.1	4297	4060.15	0	0
XM_022806514.1	3725	3488.15	0	0
XM_022806515.1	1685	1448.15	0	0
XM_022806516.1	1664	1427.15	0	0
XM_022806517.1	2076	1839.15	0	0
XM_022806518.1	2010	1773.15	0	0
XM_022806519.1	1714	1477.15	0	0
XM_022806520.1	4349	4112.15	0	0
XM_022806521.1	3017	2780.15	0	0
XM_022806522.1	7392	7155.15	0	0
XM_022806523.1	2861	2624.15	0	0
XM_022806524.1	3206	2969.15	0	0
XM_022806525.1	2955	2718.15	0	0
XM_022806526.1	1860	1623.15	0	0
XM_022806527.1	2385	2148.15	0	0
XM_022806528.1	1293	1056.15	0	0
XM_022806529.1	1215	978.148	0	0
XM_022806530.1	2335	2098.15	0	0
XM_022806531.1	2315	2078.15	0	0
XM_022806532.1	2247	2010.15	0	0
XM_022806533.1	2179	1942.15	0	0
XM_022806534.1	2233	1996.15	0	0
XM_022806535.1	2039	1802.15	0	0
XM_022806536.1	4763	4526.15	0	0
XM_022806537.1	4588	4351.15	0	0
XM_022806538.1	7447	7210.15	0	0
XM_022806539.1	3811	3574.15	0	0
XM_022806540.1	3852	3615.15	0	0
XM_022806541.1	4614	4377.15	0	0
XM_022806542.1	2046	1809.15	0	0
XM_022806543.1	1857	1620.15	0	0
XM_022806544.1	6926	6689.15	0	0
XM_022806545.1	3000	2763.15	0	0
XM_022806546.1	2069	1832.15	0	0
XM_022806547.1	3790	3553.15	0	0
XM_022806548.1	1690	1453.15	0	0
XM_022806549.1	2719	2482.15	0	0
XM_022806550.1	1180	943.148	0	0
XM_022806551.1	399	193.785	0	0
XM_022806552.1	387	184.806	0	0
XM_022806553.1	375	175.674	0	0
XM_022806554.1	2709	2472.15	0	0
XM_022806555.1	2541	2304.15	0	0
XM_022806556.1	1836	1599.15	0	0
XM_022806557.1	1583	1346.15	0	0
XM_022806558.1	1818	1581.15	0	0
XM_022806559.1	1090	853.148	0	0
XM_022806560.1	1373	1136.15	0	0
XM_022806561.1	1350	1113.15	0	0
XM_022806562.1	1322	1085.15	0	0
XM_022806563.1	1938	1701.15	0	0
XM_022806564.1	2136	1899.15	0	0
XM_022806565.1	2169	1932.15	0	0
XM_022806566.1	2161	1924.15	0	0
XM_022806567.1	3311	3074.15	0	0
XM_022806568.1	3250	3013.15	0	0
XM_022806569.1	3167	2930.15	0	0
XM_022806570.1	3015	2778.15	0	0
XM_022806571.1	2984	2747.15	0	0
XM_022806572.1	2841	2604.15	0	0
XM_022806573.1	4017	3780.15	0	0
XM_022806574.1	4347	4110.15	0	0
XM_022806575.1	3745	3508.15	0	0
XM_022806576.1	3690	3453.15	0	0
XM_022806577.1	3381	3144.15	0	0
XM_022806578.1	3265	3028.15	0	0
XM_022806579.1	4216	3979.15	0	0
XM_022806580.1	3770	3533.15	0	0
XM_022806581.1	2333	2096.15	0	0
XM_022806582.1	2277	2040.15	0	0
XM_022806583.1	5688	5451.15	0	0
XM_022806584.1	4665	4428.15	0	0
XM_022806585.1	4843	4606.15	0	0
XM_022806586.1	5503	5266.15	0	0
XM_022806587.1	2665	2428.15	0	0
XM_022806588.1	3378	3141.15	0	0
XM_022806589.1	3373	3136.15	0	0
XM_022806590.1	2843	2606.15	0	0
XM_022806591.1	2679	2442.15	0	0
XM_022806592.1	2684	2447.15	0	0
XM_022806593.1	1607	1370.15	0	0
XM_022806594.1	6651	6414.15	0	0
XM_022806595.1	1643	1406.15	0	0
XM_022806596.1	795	559.277	0	0
XM_022806597.1	796	560.277	0	0
XM_022806598.1	3448	3211.15	0	0
XM_022806599.1	5028	4791.15	0	0
XM_022806600.1	4962	4725.15	0	0
XM_022806601.1	6573	6336.15	0	0
XM_022806602.1	5384	5147.15	0	0
XM_022806603.1	3901	3664.15	0	0
XM_022806604.1	3880	3643.15	0	0
XM_022806605.1	3862	3625.15	0	0
XM_022806606.1	3626	3389.15	0	0
XM_022806607.1	3837	3600.15	0	0
XM_022806608.1	3414	3177.15	0	0
XM_022806609.1	1396	1159.15	0	0
XM_022806610.1	1488	1251.15	0	0
XM_022806611.1	2779	2542.15	0	0
XM_022806612.1	2286	2049.15	0	0
XM_022806613.1	2690	2453.15	0	0
XM_022806614.1	3210	2973.15	0	0
XM_022806615.1	5310	5073.15	0	0
XM_022806616.1	2248	2011.15	0	0
XM_022806617.1	6983	6746.15	0	0
XM_022806618.1	6577	6340.15	0	0
XM_022806619.1	6953	6716.15	0	0
XM_022806620.1	4349	4112.15	0	0
XM_022806621.1	4313	4076.15	0	0
XM_022806622.1	4458	4221.15	0	0
XM_022806623.1	3909	3672.15	0	0
XM_022806624.1	3009	2772.15	0	0
XM_022806625.1	4284	4047.15	0	0
XM_022806626.1	3836	3599.15	0	0
XM_022806627.1	3836	3599.15	0	0
XM_022806628.1	6782	6545.15	0	0
XM_022806629.1	9394	9157.15	0	0
XM_022806630.1	9154	8917.15	0	0
XM_022806631.1	4717	4480.15	0	0
XM_022806632.1	8530	8293.15	0	0
XM_022806633.1	8331	8094.15	0	0
XM_022806634.1	2764	2527.15	0	0
XM_022806635.1	7858	7621.15	0	0
XM_022806636.1	6564	6327.15	0	0
XM_022806637.1	2563	2326.15	0	0
XM_022806638.1	1739	1502.15	0	0
XM_022806639.1	2437	2200.15	0	0
XM_022806640.1	1240	1003.15	0	0
XM_022806641.1	2345	2108.15	0	0
XM_022806642.1	2363	2126.15	0	0
XM_022806643.1	3880	3643.15	0	0
XM_022806644.1	3876	3639.15	0	0
XM_022806645.1	1879	1642.15	0	0
XM_022806646.1	3824	3587.15	0	0
XM_022806647.1	3940	3703.15	0	0
XM_022806648.1	3151	2914.15	0	0
XM_022806649.1	2909	2672.15	0	0
XM_022806650.1	2466	2229.15	0	0
XM_022806651.1	2787	2550.15	0	0
XM_022806652.1	2857	2620.15	0	0
XM_022806653.1	2872	2635.15	0	0
XM_022806654.1	3114	2877.15	0	0
XM_022806655.1	2429	2192.15	0	0
XM_022806656.1	1653	1416.15	0	0
XM_022806657.1	1817	1580.15	0	0
XM_022806658.1	977	740.224	0	0
XM_022806659.1	1041	804.148	0	0
XM_022806660.1	1122	885.148	0	0
XM_022806661.1	2160	1923.15	0	0
XM_022806662.1	850	614.102	0	0
XM_022806663.1	1305	1068.15	0	0
XM_022806664.1	949	712.441	0	0
XM_022806665.1	862	625.978	0	0
XM_022806666.1	2460	2223.15	0	0
XM_022806667.1	9619	9382.15	0	0
XM_022806668.1	9451	9214.15	0	0
XM_022806669.1	3888	3651.15	0	0
XM_022806670.1	7228	6991.15	0	0
XM_022806671.1	7219	6982.15	0	0
XM_022806672.1	9488	9251.15	0	0
XM_022806673.1	9251	9014.15	0	0
XM_022806674.1	7108	6871.15	0	0
XM_022806675.1	7105	6868.15	0	0
XM_022806676.1	2773	2536.15	0	0
XM_022806677.1	6920	6683.15	0	0
XM_022806678.1	6992	6755.15	0	0
XM_022806679.1	7196	6959.15	0	0
XM_022806680.1	2473	2236.15	0	0
XM_022806681.1	2470	2233.15	0	0
XM_022806682.1	4459	4222.15	0	0
XM_022806683.1	3926	3689.15	0	0
XM_022806684.1	3516	3279.15	0	0
XM_022806685.1	4134	3897.15	0	0
XM_022806686.1	4839	4602.15	0	0
XM_022806687.1	4338	4101.15	0	0
XM_022806688.1	2220	1983.15	0	0
XM_022806689.1	2143	1906.15	0	0
XM_022806690.1	4046	3809.15	0	0
XM_022806691.1	4058	3821.15	0	0
XM_022806692.1	4171	3934.15	0	0
XM_022806693.1	3976	3739.15	0	0
XM_022806694.1	2233	1996.15	0	0
XM_022806695.1	10938	10701.1	0	0
XM_022806696.1	10400	10163.1	0	0
XM_022806697.1	5093	4856.15	0	0
XM_022806698.1	5084	4847.15	0	0
XM_022806699.1	6772	6535.15	0	0
XM_022806700.1	4994	4757.15	0	0
XM_022806701.1	4985	4748.15	0	0
XM_022806702.1	4952	4715.15	0	0
XM_022806703.1	6673	6436.15	0	0
XM_022806704.1	2235	1998.15	0	0
XM_022806705.1	7536	7299.15	0	0
XM_022806706.1	7961	7724.15	0	0
XM_022806707.1	3275	3038.15	0	0
XM_022806708.1	3152	2915.15	0	0
XM_022806709.1	3133	2896.15	0	0
XM_022806710.1	3891	3654.15	0	0
XM_022806711.1	3759	3522.15	0	0
XM_022806712.1	4496	4259.15	0	0
XM_022806713.1	4493	4256.15	0	0
XM_022806714.1	4478	4241.15	0	0
XM_022806715.1	4328	4091.15	0	0
XM_022806716.1	2292	2055.15	0	0
XM_022806717.1	5689	5452.15	0	0
XM_022806718.1	6981	6744.15	0	0
XM_022806719.1	3063	2826.15	0	0
XM_022806720.1	3185	2948.15	0	0
XM_022806721.1	2985	2748.15	0	0
XM_022806722.1	1682	1445.15	0	0
XM_022806723.1	2169	1932.15	0	0
XM_022806724.1	1950	1713.15	0	0
XM_022806725.1	1986	1749.15	0	0
XM_022806726.1	2256	2019.15	0	0
XM_022806727.1	2369	2132.15	0	0
XM_022806728.1	2940	2703.15	0	0
XM_022806729.1	6877	6640.15	0	0
XM_022806730.1	4571	4334.15	0	0
XM_022806731.1	10547	10310.1	0	0
XM_022806732.1	10180	9943.15	0	0
XM_022806733.1	9327	9090.15	0	0
XM_022806734.1	9182	8945.15	0	0
XM_022806735.1	2458	2221.15	0	0
XM_022806736.1	5962	5725.15	0	0
XM_022806737.1	5704	5467.15	0	0
XM_022806738.1	6949	6712.15	0	0
XM_022806739.1	5637	5400.15	0	0
XM_022806740.1	5881	5644.15	0	0
XM_022806741.1	5216	4979.15	0	0
XM_022806742.1	3491	3254.15	0	0
XM_022806743.1	3304	3067.15	0	0
XM_022806744.1	2703	2466.15	0	0
XM_022806745.1	2648	2411.15	0	0
XM_022806746.1	1897	1660.15	0	0
XM_022806747.1	2492	2255.15	0	0
XM_022806748.1	6494	6257.15	0	0
XM_022806749.1	2299	2062.15	0	0
XM_022806750.1	2306	2069.15	0	0
XM_022806751.1	2150	1913.15	0	0
XM_022806752.1	2147	1910.15	0	0
XM_022806753.1	2115	1878.15	0	0
XM_022806754.1	2527	2290.15	0	0
XM_022806755.1	3605	3368.15	0	0
XM_022806756.1	3064	2827.15	0	0
XM_022806757.1	3923	3686.15	0	0
XM_022806758.1	2918	2681.15	0	0
XM_022806759.1	4137	3900.15	0	0
XM_022806760.1	2765	2528.15	0	0
XM_022806761.1	2808	2571.15	0	0
XM_022806762.1	2694	2457.15	0	0
XM_022806763.1	5232	4995.15	0	0
XM_022806764.1	4356	4119.15	0	0
XM_022806765.1	5045	4808.15	0	0
XM_022806766.1	4997	4760.15	0	0
XM_022806767.1	1786	1549.15	0	0
XM_022806768.1	1744	1507.15	0	0
XM_022806769.1	2905	2668.15	0	0
XM_022806770.1	1645	1408.15	0	0
XM_022806771.1	1591	1354.15	0	0
XM_022806772.1	2398	2161.15	0	0
XM_022806773.1	6629	6392.15	0	0
XM_022806774.1	1303	1066.15	0	0
XM_022806775.1	5833	5596.15	0	0
XM_022806776.1	7178	6941.15	0	0
XM_022806777.1	7032	6795.15	0	0
XM_022806778.1	3175	2938.15	0	0
XM_022806779.1	1085	848.148	1	0.215315
XM_022806780.1	1135	898.148	0	0
XM_022806781.1	2710	2473.15	0	0
XM_022806782.1	6816	6579.15	0	0
XM_022806783.1	967	730.297	0	0
XM_022806784.1	2982	2745.15	0	0
XM_022806785.1	5171	4934.15	0	0
XM_022806786.1	2731	2494.15	0	0
XM_022806787.1	2389	2152.15	0	0
XM_022806788.1	1544	1307.15	0	0
XM_022806789.1	1995	1758.15	0	0
XM_022806790.1	1467	1230.15	0	0
XM_022806791.1	1121	884.148	0	0
XM_022806792.1	1268	1031.15	0	0
XM_022806793.1	1161	924.148	0	0
XM_022806794.1	411	203.419	0	0
XM_022806795.1	344	152.243	0	0
XM_022806796.1	456	239.474	0	0
XM_022806797.1	4691	4454.15	0	0
XM_022806798.1	4456	4219.15	0	0
XM_022806799.1	4010	3773.15	0	0
XM_022806800.1	4249	4012.15	0	0
XM_022806801.1	4217	3980.15	0	0
XM_022806802.1	3308	3071.15	0	0
XM_022806803.1	4198	3961.15	0	0
XM_022806804.1	3397	3160.15	0	0
XM_022806805.1	3448	3211.15	0	0
XM_022806806.1	2798	2561.15	0	0
XM_022806807.1	3224	2987.15	0	0
XM_022806808.1	3559	3322.15	0	0
XM_022806809.1	3550	3313.15	0	0
XM_022806810.1	3547	3310.15	0	0
XM_022806811.1	3526	3289.15	0	0
XM_022806812.1	3517	3280.15	0	0
XM_022806813.1	3514	3277.15	0	0
XM_022806814.1	3499	3262.15	0	0
XM_022806815.1	3484	3247.15	0	0
XM_022806816.1	3135	2898.15	0	0
XM_022806817.1	2953	2716.15	0	0
XM_022806818.1	4586	4349.15	0	0
XM_022806819.1	3013	2776.15	0	0
XM_022806820.1	2857	2620.15	0	0
XM_022806821.1	2855	2618.15	0	0
XM_022806822.1	2792	2555.15	0	0
XM_022806823.1	3809	3572.15	0	0
XM_022806824.1	3440	3203.15	0	0
XM_022806825.1	3615	3378.15	0	0
XM_022806826.1	10664	10427.1	0	0
XM_022806827.1	8909	8672.15	0	0
XM_022806828.1	6085	5848.15	0.00454843	0.000142033
XM_022806829.1	6052	5815.15	1.21198	0.0380611
XM_022806830.1	5185	4948.15	0	0
XM_022806831.1	5224	4987.15	0	0
XM_022806832.1	3664	3427.15	0	0
XM_022806833.1	5039	4802.15	0	0
XM_022806834.1	9211	8974.15	0	0
XM_022806835.1	6498	6261.15	0	0
XM_022806836.1	4573	4336.15	0	0
XM_022806837.1	4663	4426.15	0	0
XM_022806838.1	5519	5282.15	0	0
XM_022806839.1	4527	4290.15	0	0
XM_022806840.1	1473	1236.15	0	0
XM_022806841.1	1405	1168.15	0	0
XM_022806842.1	3612	3375.15	0	0
XM_022806843.1	1376	1139.15	0	0
XM_022806844.1	1448	1211.15	0	0
XM_022806845.1	1449	1212.15	0	0
XM_022806846.1	869	632.915	0	0
XM_022806847.1	4443	4206.15	0	0
XM_022806848.1	4425	4188.15	0	0
XM_022806849.1	4344	4107.15	0	0
XM_022806850.1	2504	2267.15	0	0
XM_022806851.1	4326	4089.15	0	0
XM_022806852.1	4553	4316.15	0	0
XM_022806853.1	4550	4313.15	0	0
XM_022806854.1	4550	4313.15	0	0
XM_022806855.1	598	366.49	0	0
XM_022806856.1	4403	4166.15	0	0
XM_022806857.1	4403	4166.15	0	0
XM_022806858.1	4193	3956.15	0	0
XM_022806859.1	4165	3928.15	0	0
XM_022806860.1	2800	2563.15	0	0
XM_022806861.1	2741	2504.15	0	0
XM_022806862.1	4125	3888.15	0	0
XM_022806863.1	3862	3625.15	0	0
XM_022806864.1	3672	3435.15	0	0
XM_022806865.1	3183	2946.15	0	0
XM_022806866.1	2755	2518.15	0	0
XM_022806867.1	1594	1357.15	0	0
XM_022806868.1	587	356.218	0	0
XM_022806869.1	1421	1184.15	0	0
XM_022806870.1	6655	6418.15	0	0
XM_022806871.1	4826	4589.15	0	0
XM_022806872.1	4410	4173.15	0	0
XM_022806873.1	4389	4152.15	0	0
XM_022806874.1	5245	5008.15	0	0
XM_022806875.1	5698	5461.15	0	0
XM_022806876.1	5133	4896.15	0	0
XM_022806877.1	5499	5262.15	0	0
XM_022806878.1	6937	6700.15	0	0
XM_022806879.1	4959	4722.15	0	0
XM_022806880.1	6832	6595.15	0	0
XM_022806881.1	6440	6203.15	0	0
XM_022806882.1	545	316.675	0	0
XM_022806883.1	5569	5332.15	0	0
XM_022806884.1	7359	7122.15	0	0
XM_022806885.1	4285	4048.15	0	0
XM_022806886.1	4309	4072.15	0	0
XM_022806887.1	3823	3586.15	0	0
XM_022806888.1	4018	3781.15	0	0
XM_022806889.1	2870	2633.15	0	0
XM_022806890.1	2768	2531.15	0	0
XM_022806891.1	2901	2664.15	0	0
XM_022806892.1	1623	1386.15	0	0
XM_022806893.1	4752	4515.15	0	0
XM_022806894.1	4551	4314.15	0	0
XM_022806895.1	1649	1412.15	0	0
XM_022806896.1	3769	3532.15	0	0
XM_022806897.1	4357	4120.15	0	0
XM_022806898.1	3486	3249.15	0	0
XM_022806899.1	3485	3248.15	0	0
XM_022806900.1	3416	3179.15	0	0
XM_022806901.1	4300	4063.15	0	0
XM_022806902.1	3912	3675.15	0	0
XM_022806903.1	3930	3693.15	0	0
XM_022806904.1	3689	3452.15	0	0
XM_022806905.1	3712	3475.15	0	0
XM_022806906.1	1450	1213.15	0	0
XM_022806907.1	3628	3391.15	0	0
XM_022806908.1	7425	7188.15	0	0
XM_022806909.1	7407	7170.15	0	0
XM_022806910.1	3763	3526.15	0	0
XM_022806911.1	3896	3659.15	0	0
XM_022806912.1	3746	3509.15	0	0
XM_022806913.1	3910	3673.15	0	0
XM_022806914.1	3358	3121.15	0	0
XM_022806915.1	6609	6372.15	0	0
XM_022806916.1	6485	6248.15	0	0
XM_022806917.1	5358	5121.15	0	0
XM_022806918.1	5336	5099.15	0	0
XM_022806919.1	5352	5115.15	0	0
XM_022806920.1	5298	5061.15	0	0
XM_022806921.1	4553	4316.15	0	0
XM_022806922.1	4363	4126.15	0	0
XM_022806923.1	2173	1936.15	0	0
XM_022806924.1	1144	907.148	0	0
XM_022806925.1	1968	1731.15	0	0
XM_022806926.1	1853	1616.15	0	0
XM_022806927.1	1190	953.148	0	0
XM_022806928.1	1982	1745.15	0	0
XM_022806929.1	3257	3020.15	0	0
XM_022806930.1	1891	1654.15	0	0
XM_022806931.1	2074	1837.15	0	0
XM_022806932.1	1989	1752.15	0	0
XM_022806933.1	1527	1290.15	0	0
XM_022806934.1	2485	2248.15	0	0
XM_022806935.1	1830	1593.15	0	0
XM_022806936.1	2001	1764.15	0	0
XM_022806937.1	2468	2231.15	0	0
XM_022806938.1	2443	2206.15	0	0
XM_022806939.1	1026	789.148	0	0
XM_022806940.1	2871	2634.15	0	0
XM_022806941.1	2249	2012.15	0	0
XM_022806942.1	2066	1829.15	0	0
XM_022806943.1	2201	1964.15	0	0
XM_022806944.1	3470	3233.15	0	0
XM_022806945.1	2700	2463.15	0	0
XM_022806946.1	2058	1821.15	0	0
XM_022806947.1	2041	1804.15	0	0
XM_022806948.1	651	417.762	0	0
XM_022806949.1	2115	1878.15	0	0
XM_022806950.1	4487	4250.15	0	0
XM_022806951.1	3158	2921.15	0	0
XM_022806952.1	4475	4238.15	0	0
XM_022806953.1	4464	4227.15	0	0
XM_022806954.1	4195	3958.15	0	0
XM_022806955.1	3694	3457.15	0	0
XM_022806956.1	3634	3397.15	0	0
XM_022806957.1	2641	2404.15	1.00014	0.0759705
XM_022806958.1	2482	2245.15	0	0
XM_022806959.1	2947	2710.15	0	0
XM_022806960.1	2437	2200.15	0	0
XM_022806961.1	640	407.052	0	0
XM_022806962.1	4826	4589.15	0	0
XM_022806963.1	2636	2399.15	0	0
XM_022806964.1	2562	2325.15	0	0
XM_022806965.1	2631	2394.15	0	0
XM_022806966.1	2500	2263.15	0	0
XM_022806967.1	2832	2595.15	0	0
XM_022806968.1	3417	3180.15	0	0
XM_022806969.1	3106	2869.15	0	0
XM_022806970.1	3035	2798.15	0	0
XM_022806971.1	2782	2545.15	0	0
XM_022806972.1	2828	2591.15	0	0
XM_022806973.1	3175	2938.15	0	0
XM_022806974.1	889	652.786	0	0
XM_022806975.1	6338	6101.15	0	0
XM_022806976.1	6391	6154.15	0	0
XM_022806977.1	6116	5879.15	0	0
XM_022806978.1	2537	2300.15	0	0
XM_022806979.1	3878	3641.15	2	0.100309
XM_022806980.1	9042	8805.15	0	0
XM_022806981.1	9007	8770.15	0	0
XM_022806982.1	4701	4464.15	0	0
XM_022806983.1	3657	3420.15	0	0
XM_022806984.1	3231	2994.15	0	0
XM_022806985.1	581	350.681	0	0
XM_022806986.1	2360	2123.15	0	0
XM_022806987.1	2106	1869.15	0	0
XM_022806988.1	1335	1098.15	0	0
XM_022806989.1	10470	10233.1	0	0
XM_022806990.1	2149	1912.15	0	0
XM_022806991.1	10612	10375.1	0	0
XM_022806992.1	8511	8274.15	0	0
XM_022806993.1	8515	8278.15	0	0
XM_022806994.1	3556	3319.15	0	0
XM_022806995.1	1932	1695.15	0	0
XM_022806996.1	500	276.853	0	0
XM_022806997.1	500	276.853	0	0
XM_022806998.1	1216	979.148	0	0
XM_022806999.1	5582	5345.15	0	0
XM_022807000.1	5507	5270.15	0	0
XM_022807001.1	5676	5439.15	0	0
XM_022807002.1	6190	5953.15	0	0
XM_022807003.1	6185	5948.15	0	0
XM_022807004.1	5984	5747.15	0	0
XM_022807005.1	2438	2201.15	0	0
XM_022807006.1	2341	2104.15	0	0
XM_022807007.1	884	647.786	0	0
XM_022807008.1	914	677.72	0	0
XM_022807009.1	2128	1891.15	0	0
XM_022807010.1	1899	1662.15	0	0
XM_022807011.1	1816	1579.15	0	0
XM_022807012.1	4060	3823.15	0	0
XM_022807013.1	1797	1560.15	0	0
XM_022807014.1	3639	3402.15	0	0
XM_022807015.1	3537	3300.15	0	0
XM_022807016.1	3080	2843.15	0	0
XM_022807017.1	3553	3316.15	0	0
XM_022807018.1	3451	3214.15	0	0
XM_022807019.1	3502	3265.15	0	0
XM_022807020.1	3400	3163.15	0	0
XM_022807021.1	2873	2636.15	0	0
XM_022807022.1	4143	3906.15	0	0
XM_022807023.1	5612	5375.15	0	0
XM_022807024.1	1929	1692.15	0	0
XM_022807025.1	10097	9860.15	0	0
XM_022807026.1	12300	12063.1	0	0
XM_022807027.1	8877	8640.15	0	0
XM_022807028.1	10208	9971.15	0	0
XM_022807029.1	10214	9977.15	0	0
XM_022807030.1	8756	8519.15	0	0
XM_022807031.1	10808	10571.1	0	0
XM_022807032.1	4974	4737.15	0	0
XM_022807033.1	10685	10448.1	0	0
XM_022807034.1	2376	2139.15	0	0
XM_022807035.1	2263	2026.15	0	0
XM_022807036.1	7614	7377.15	0	0
XM_022807037.1	4457	4220.15	0	0
XM_022807038.1	3784	3547.15	0	0
XM_022807039.1	3812	3575.15	0	0
XM_022807040.1	3594	3357.15	0	0
XM_022807041.1	1563	1326.15	0	0
XM_022807042.1	1498	1261.15	0	0
XM_022807043.1	1460	1223.15	0	0
XM_022807044.1	1390	1153.15	0	0
XM_022807045.1	4183	3946.15	0	0
XM_022807046.1	5620	5383.15	0	0
XM_022807047.1	2141	1904.15	0	0
XM_022807048.1	6763	6526.15	0	0
XM_022807049.1	6859	6622.15	0	0
XM_022807050.1	7040	6803.15	0	0
XM_022807051.1	6748	6511.15	0	0
XM_022807052.1	6912	6675.15	0	0
XM_022807053.1	5857	5620.15	0	0
XM_022807054.1	6547	6310.15	0	0
XM_022807055.1	6060	5823.15	0	0
XM_022807056.1	6215	5978.15	0	0
XM_022807057.1	3927	3690.15	0	0
XM_022807058.1	4964	4727.15	0	0
XM_022807059.1	4927	4690.15	0	0
XM_022807060.1	4799	4562.15	0	0
XM_022807061.1	4061	3824.15	0	0
XM_022807062.1	4044	3807.15	0	0
XM_022807063.1	4037	3800.15	0	0
XM_022807064.1	3452	3215.15	0	0
XM_022807065.1	4514	4277.15	0	0
XM_022807066.1	3445	3208.15	0	0
XM_022807067.1	3437	3200.15	0	0
XM_022807068.1	3922	3685.15	0	0
XM_022807069.1	5973	5736.15	0	0
XM_022807070.1	1244	1007.15	0	0
XM_022807071.1	1090	853.148	0	0
XM_022807072.1	1747	1510.15	0	0
XM_022807073.1	1793	1556.15	0	0
XM_022807074.1	1854	1617.15	0	0
XM_022807075.1	1501	1264.15	0	0
XM_022807076.1	1698	1461.15	0	0
XM_022807077.1	1726	1489.15	0	0
XM_022807078.1	1630	1393.15	0	0
XM_022807079.1	4602	4365.15	0	0
XM_022807080.1	4563	4326.15	0	0
XM_022807081.1	4460	4223.15	0	0
XM_022807082.1	4457	4220.15	0	0
XM_022807083.1	2184	1947.15	0	0
XM_022807084.1	2145	1908.15	0	0
XM_022807085.1	2171	1934.15	0	0
XM_022807086.1	1582	1345.15	0	0
XM_022807087.1	2174	1937.15	0	0
XM_022807088.1	2101	1864.15	0	0
XM_022807089.1	2110	1873.15	0	0
XM_022807090.1	2079	1842.15	0	0
XM_022807091.1	2036	1799.15	0	0
XM_022807092.1	3148	2911.15	0	0
XM_022807093.1	3009	2772.15	0	0
XM_022807094.1	1794	1557.15	0	0
XM_022807095.1	1739	1502.15	0	0
XM_022807096.1	1739	1502.15	0	0
XM_022807097.1	7117	6880.15	0	0
XM_022807098.1	7498	7261.15	0	0
XM_022807099.1	1577	1340.15	0	0
XM_022807100.1	7322	7085.15	0	0
XM_022807101.1	7475	7238.15	0	0
XM_022807102.1	7327	7090.15	0	0
XM_022807103.1	6878	6641.15	0	0
XM_022807104.1	7207	6970.15	0	0
XM_022807105.1	7089	6852.15	0	0
XM_022807106.1	7822	7585.15	0	0
XM_022807107.1	3447	3210.15	0	0
XM_022807108.1	7193	6956.15	0	0
XM_022807109.1	6839	6602.15	0	0
XM_022807110.1	1307	1070.15	0	0
XM_022807111.1	756	520.871	0	0
XM_022807112.1	2549	2312.15	0	0
XM_022807113.1	6078	5841.15	0	0
XM_022807114.1	2084	1847.15	0	0
XM_022807115.1	1987	1750.15	0	0
XM_022807116.1	2014	1777.15	0	0
XM_022807117.1	1514	1277.15	0	0
XM_022807118.1	1527	1290.15	0	0
XM_022807119.1	2766	2529.15	0	0
XM_022807120.1	2587	2350.15	0	0
XM_022807121.1	598	366.49	0	0
XM_022807122.1	6076	5839.15	0	0
XM_022807123.1	8350	8113.15	0	0
XM_022807124.1	9912	9675.15	0	0
XM_022807125.1	8197	7960.15	0	0
XM_022807126.1	7747	7510.15	0	0
XM_022807127.1	1278	1041.15	0	0
XM_022807128.1	1005	768.148	0	0
XM_022807129.1	2545	2308.15	0	0
XM_022807130.1	5181	4944.15	0	0
XM_022807131.1	1109	872.148	0	0
XM_022807132.1	1039	802.148	0	0
XM_022807133.1	806	570.277	0	0
XM_022807134.1	8420	8183.15	0	0
XM_022807135.1	8417	8180.15	0	0
XM_022807136.1	8417	8180.15	0	0
XM_022807137.1	7169	6932.15	0	0
XM_022807138.1	7126	6889.15	0	0
XM_022807139.1	7129	6892.15	0	0
XM_022807140.1	7658	7421.15	0	0
XM_022807141.1	7679	7442.15	0	0
XM_022807142.1	6949	6712.15	0	0
XM_022807143.1	3861	3624.15	0	0
XM_022807144.1	3858	3621.15	0	0
XM_022807145.1	3274	3037.15	0	0
XM_022807146.1	3259	3022.15	0	0
XM_022807147.1	3167	2930.15	0	0
XM_022807148.1	1207	970.148	0	0
XM_022807149.1	1201	964.148	0	0
XM_022807150.1	2158	1921.15	0	0
XM_022807151.1	3372	3135.15	0	0
XM_022807152.1	1876	1639.15	0	0
XM_022807153.1	1189	952.148	0	0
XM_022807154.1	1756	1519.15	0	0
XM_022807155.1	9222	8985.15	0	0
XM_022807156.1	894	657.786	0	0
XM_022807157.1	6445	6208.15	0	0
XM_022807158.1	6566	6329.15	0	0
XM_022807159.1	6421	6184.15	0	0
XM_022807160.1	6708	6471.15	0	0
XM_022807161.1	6645	6408.15	0	0
XM_022807162.1	6375	6138.15	0	0
XM_022807163.1	6684	6447.15	0	0
XM_022807164.1	6382	6145.15	0	0
XM_022807165.1	6358	6121.15	0	0
XM_022807166.1	2455	2218.15	0	0
XM_022807167.1	1611	1374.15	0	0
XM_022807168.1	1360	1123.15	0	0
XM_022807169.1	2111	1874.15	0	0
XM_022807170.1	8224	7987.15	0	0
XM_022807171.1	8200	7963.15	0	0
XM_022807172.1	7126	6889.15	0	0
XM_022807173.1	7108	6871.15	0	0
XM_022807174.1	7919	7682.15	0	0
XM_022807175.1	6937	6700.15	0	0
XM_022807176.1	7328	7091.15	0	0
XM_022807177.1	6934	6697.15	0	0
XM_022807178.1	3264	3027.15	0	0
XM_022807179.1	6935	6698.15	0	0
XM_022807180.1	6841	6604.15	0	0
XM_022807181.1	6518	6281.15	0	0
XM_022807182.1	6908	6671.15	0	0
XM_022807183.1	6873	6636.15	0	0
XM_022807184.1	6858	6621.15	0	0
XM_022807185.1	5121	4884.15	4.01588	0.150154
XM_022807186.1	5262	5025.15	0	0
XM_022807187.1	5203	4966.15	2.93048e-07	1.07762e-08
XM_022807188.1	1863	1626.15	0	0
XM_022807189.1	2283	2046.15	0	0
XM_022807190.1	2406	2169.15	0	0
XM_022807191.1	3129	2892.15	0	0
XM_022807192.1	2262	2025.15	0	0
XM_022807193.1	1857	1620.15	0	0
XM_022807194.1	2205	1968.15	0	0
XM_022807195.1	2778	2541.15	0	0
XM_022807196.1	1854	1617.15	0	0
XM_022807197.1	1874	1637.15	0	0
XM_022807198.1	1788	1551.15	0	0
XM_022807199.1	385	183.226	0	0
XM_022807200.1	3885	3648.15	0	0
XM_022807201.1	3522	3285.15	0	0
XM_022807202.1	4094	3857.15	0	0
XM_022807203.1	2802	2565.15	0	0
XM_022807204.1	5784	5547.15	0	0
XM_022807205.1	16225	15988.1	0	0
XM_022807206.1	16189	15952.1	0	0
XM_022807207.1	16138	15901.1	0	0
XM_022807208.1	16102	15865.1	0	0
XM_022807209.1	3296	3059.15	0	0
XM_022807210.1	3260	3023.15	0	0
XM_022807211.1	2019	1782.15	0	0
XM_022807212.1	3678	3441.15	0	0
XM_022807213.1	4006	3769.15	0	0
XM_022807214.1	3774	3537.15	0	0
XM_022807215.1	3826	3589.15	0	0
XM_022807216.1	4285	4048.15	0	0
XM_022807217.1	2435	2198.15	0	0
XM_022807218.1	4099	3862.15	0	0
XM_022807219.1	3940	3703.15	0	0
XM_022807220.1	3136	2899.15	0	0
XM_022807221.1	2675	2438.15	0	0
XM_022807222.1	2627	2390.15	0	0
XM_022807223.1	2579	2342.15	0	0
XM_022807224.1	2531	2294.15	0	0
XM_022807225.1	2310	2073.15	0	0
XM_022807226.1	1563	1326.15	0	0
XM_022807227.1	855	619.102	0	0
XM_022807228.1	1782	1545.15	0	0
XM_022807229.1	1562	1325.15	0	0
XM_022807230.1	1698	1461.15	0	0
XM_022807231.1	2994	2757.15	0	0
XM_022807232.1	2979	2742.15	0	0
XM_022807233.1	4602	4365.15	0	0
XM_022807234.1	1901	1664.15	0	0
XM_022807235.1	7116	6879.15	0	0
XM_022807236.1	13611	13374.1	0	0
XM_022807237.1	5755	5518.15	0	0
XM_022807238.1	6001	5764.15	0	0
XM_022807239.1	1502	1265.15	0	0
XM_022807240.1	5887	5650.15	0	0
XM_022807241.1	6054	5817.15	0	0
XM_022807242.1	1838	1601.15	0	0
XM_022807243.1	2299	2062.15	0	0
XM_022807244.1	9213	8976.15	0	0
XM_022807245.1	4071	3834.15	0	0
XM_022807246.1	7302	7065.15	0	0
XM_022807247.1	3954	3717.15	0	0
XM_022807248.1	4790	4553.15	0	0
XM_022807249.1	4787	4550.15	0	0
XM_022807250.1	6397	6160.15	0	0
XM_022807251.1	4437	4200.15	0	0
XM_022807252.1	3446	3209.15	0	0
XM_022807253.1	3431	3194.15	0	0
XM_022807254.1	3395	3158.15	0	0
XM_022807255.1	1069	832.148	0	0
XM_022807256.1	4570	4333.15	0	0
XM_022807257.1	2682	2445.15	0	0
XM_022807258.1	2997	2760.15	0	0
XM_022807259.1	4055	3818.15	0	0
XM_022807260.1	4007	3770.15	0	0
XM_022807261.1	790	554.333	0	0
XM_022807262.1	2432	2195.15	0	0
XM_022807263.1	1871	1634.15	0	0
XM_022807264.1	6450	6213.15	0	0
XM_022807265.1	7106	6869.15	0	0
XM_022807266.1	6779	6542.15	0	0
XM_022807267.1	5997	5760.15	0	0
XM_022807268.1	2303	2066.15	0	0
XM_022807269.1	2257	2020.15	0	0
XM_022807270.1	2216	1979.15	0	0
XM_022807271.1	2228	1991.15	0	0
XM_022807272.1	2196	1959.15	0	0
XM_022807273.1	2173	1936.15	0	0
XM_022807274.1	1833	1596.15	0	0
XM_022807275.1	2300	2063.15	0	0
XM_022807276.1	2294	2057.15	0	0
XM_022807277.1	2180	1943.15	0	0
XM_022807278.1	5928	5691.15	0	0
XM_022807279.1	1915	1678.15	0	0
XM_022807280.1	1912	1675.15	0	0
XM_022807281.1	1970	1733.15	0	0
XM_022807282.1	1947	1710.15	0	0
XM_022807283.1	1965	1728.15	0	0
XM_022807284.1	1978	1741.15	0	0
XM_022807285.1	1775	1538.15	0	0
XM_022807286.1	1967	1730.15	0	0
XM_022807287.1	1790	1553.15	0	0
XM_022807288.1	5796	5559.15	0	0
XM_022807289.1	1923	1686.15	0	0
XM_022807290.1	1916	1679.15	0	0
XM_022807291.1	1715	1478.15	0	0
XM_022807292.1	1931	1694.15	0	0
XM_022807293.1	1486	1249.15	0	0
XM_022807294.1	5989	5752.15	0	0
XM_022807295.1	5472	5235.15	0	0
XM_022807296.1	5952	5715.15	0	0
XM_022807297.1	5938	5701.15	0	0
XM_022807298.1	6014	5777.15	0	0
XM_022807299.1	5924	5687.15	0	0
XM_022807300.1	4376	4139.15	0	0
XM_022807301.1	4439	4202.15	0	0
XM_022807302.1	4422	4185.15	0	0
XM_022807303.1	5934	5697.15	0	0
XM_022807304.1	2381	2144.15	0	0
XM_022807305.1	5558	5321.15	0	0
XM_022807306.1	5214	4977.15	0	0
XM_022807307.1	5012	4775.15	0	0
XM_022807308.1	4502	4265.15	0	0
XM_022807309.1	1951	1714.15	0	0
XM_022807310.1	1471	1234.15	0	0
XM_022807311.1	1542	1305.15	0	0
XM_022807312.1	1560	1323.15	0	0
XM_022807313.1	1587	1350.15	0	0
XM_022807314.1	1792	1555.15	0	0
XM_022807315.1	2262	2025.15	0	0
XM_022807316.1	2335	2098.15	0	0
XM_022807317.1	2223	1986.15	0	0
XM_022807318.1	5240	5003.15	0	0
XM_022807319.1	5075	4838.15	0	0
XM_022807320.1	1580	1343.15	0	0
XM_022807321.1	5000	4763.15	0	0
XM_022807322.1	3659	3422.15	0	0
XM_022807323.1	1660	1423.15	0	0
XM_022807324.1	1635	1398.15	0	0
XM_022807325.1	1619	1382.15	0	0
XM_022807326.1	1608	1371.15	0	0
XM_022807327.1	6513	6276.15	0	0
XM_022807328.1	2354	2117.15	0	0
XM_022807329.1	6157	5920.15	0	0
XM_022807330.1	6016	5779.15	0	0
XM_022807331.1	1450	1213.15	0	0
XM_022807332.1	3639	3402.15	0	0
XM_022807333.1	1916	1679.15	0	0
XM_022807334.1	2990	2753.15	0	0
XM_022807335.1	2305	2068.15	0	0
XM_022807336.1	2332	2095.15	0	0
XM_022807337.1	1890	1653.15	0	0
XM_022807338.1	5521	5284.15	0	0
XM_022807339.1	1910	1673.15	0	0
XM_022807340.1	3165	2928.15	0	0
XM_022807341.1	3289	3052.15	0	0
XM_022807342.1	3997	3760.15	0	0
XM_022807343.1	3935	3698.15	0	0
XM_022807344.1	5090	4853.15	0	0
XM_022807345.1	1729	1492.15	0	0
XM_022807346.1	3463	3226.15	0	0
XM_022807347.1	6982	6745.15	0	0
XM_022807348.1	3777	3540.15	0	0
XM_022807349.1	1555	1318.15	0	0
XM_022807350.1	6978	6741.15	0	0
XM_022807351.1	6858	6621.15	0	0
XM_022807352.1	3463	3226.15	0	0
XM_022807353.1	3802	3565.15	0	0
XM_022807354.1	3517	3280.15	0	0
XM_022807355.1	3667	3430.15	0	0
XM_022807356.1	1497	1260.15	0	0
XM_022807357.1	1512	1275.15	0	0
XM_022807358.1	5625	5388.15	0	0
XM_022807359.1	816	580.22	0	0
XM_022807360.1	1007	770.148	0	0
XM_022807361.1	826	590.162	0	0
XM_022807362.1	811	575.22	0	0
XM_022807363.1	877	640.915	0	0
XM_022807364.1	820	584.162	0	0
XM_022807365.1	2852	2615.15	0	0
XM_022807366.1	2728	2491.15	0	0
XM_022807367.1	2764	2527.15	0	0
XM_022807368.1	1062	825.148	0	0
XM_022807369.1	2470	2233.15	0	0
XM_022807370.1	1985	1748.15	0	0
XM_022807371.1	1965	1728.15	0	0
XM_022807372.1	1947	1710.15	0	0
XM_022807373.1	1872	1635.15	0	0
XM_022807374.1	1905	1668.15	0	0
XM_022807375.1	1929	1692.15	0	0
XM_022807376.1	949	712.441	0	0
XM_022807377.1	1063	826.148	0	0
XM_022807378.1	1006	769.148	0	0
XM_022807379.1	1045	808.148	0	0
XM_022807380.1	1248	1011.15	0	0
XM_022807381.1	1227	990.148	0	0
XM_022807382.1	1111	874.148	0	0
XM_022807383.1	1339	1102.15	0	0
XM_022807384.1	1189	952.148	0	0
XM_022807385.1	1395	1158.15	0	0
XM_022807386.1	2573	2336.15	0	0
XM_022807387.1	2045	1808.15	0	0
XM_022807388.1	2426	2189.15	0	0
XM_022807389.1	2182	1945.15	0	0
XM_022807390.1	1988	1751.15	0	0
XM_022807391.1	2562	2325.15	0	0
XM_022807392.1	2724	2487.15	0	0
XM_022807393.1	2775	2538.15	0	0
XM_022807394.1	3323	3086.15	0	0
XM_022807395.1	3169	2932.15	0	0
XM_022807396.1	3354	3117.15	0	0
XM_022807397.1	3172	2935.15	0	0
XM_022807398.1	3200	2963.15	0	0
XM_022807399.1	3079	2842.15	0	0
XM_022807400.1	3308	3071.15	0	0
XM_022807401.1	2851	2614.15	0	0
XM_022807402.1	4230	3993.15	0	0
XM_022807403.1	2744	2507.15	0	0
XM_022807404.1	2011	1774.15	0	0
XM_022807405.1	2264	2027.15	0	0
XM_022807406.1	2261	2024.15	0	0
XM_022807407.1	2117	1880.15	0	0
XM_022807408.1	2606	2369.15	0	0
XM_022807409.1	2102	1865.15	0	0
XM_022807410.1	2604	2367.15	0	0
XM_022807411.1	2184	1947.15	0	0
XM_022807412.1	888	651.786	0	0
XM_022807413.1	2894	2657.15	0	0
XM_022807414.1	945	708.441	0	0
XM_022807415.1	3624	3387.15	0	0
XM_022807416.1	5788	5551.15	0	0
XM_022807417.1	2439	2202.15	0	0
XM_022807418.1	7990	7753.15	0	0
XM_022807419.1	791	555.333	0	0
XM_022807420.1	962	725.297	0	0
XM_022807421.1	613	380.885	0	0
XM_022807422.1	997	760.148	0	0
XM_022807423.1	369	170.944	0	0
XM_022807424.1	3108	2871.15	0	0
XM_022807425.1	13264	13027.1	0	0
XM_022807426.1	13119	12882.1	0	0
XM_022807427.1	15022	14785.1	0	0
XM_022807428.1	3257	3020.15	0	0
XM_022807429.1	1804	1567.15	0	0
XM_022807430.1	2048	1811.15	0	0
XM_022807431.1	1637	1400.15	0	0
XM_022807432.1	848	612.102	0	0
XM_022807433.1	2773	2536.15	0	0
XM_022807434.1	507	283.041	0	0
XM_022807435.1	1139	902.148	0	0
XM_022807436.1	1106	869.148	0	0
XM_022807437.1	1052	815.148	0	0
XM_022807438.1	1023	786.148	0	0
XM_022807439.1	3813	3576.15	0	0
XM_022807440.1	3737	3500.15	0	0
XM_022807441.1	3810	3573.15	0	0
XM_022807442.1	8113	7876.15	0	0
XM_022807443.1	3403	3166.15	0	0
XM_022807444.1	3671	3434.15	0	0
XM_022807445.1	5709	5472.15	0	0
XM_022807446.1	5682	5445.15	0	0
XM_022807447.1	5472	5235.15	0	0
XM_022807448.1	5451	5214.15	0	0
XM_022807449.1	5399	5162.15	0	0
XM_022807450.1	3045	2808.15	0	0
XM_022807451.1	3037	2800.15	0	0
XM_022807452.1	1240	1003.15	0	0
XM_022807453.1	2481	2244.15	0	0
XM_022807454.1	2871	2634.15	0	0
XM_022807455.1	2910	2673.15	0	0
XM_022807456.1	3011	2774.15	0	0
XM_022807457.1	5102	4865.15	0	0
XM_022807458.1	2845	2608.15	0	0
XM_022807459.1	2801	2564.15	0	0
XM_022807460.1	2680	2443.15	0	0
XM_022807461.1	1690	1453.15	0	0
XM_022807462.1	1577	1340.15	0	0
XM_022807463.1	1134	897.148	0	0
XM_022807464.1	972	735.297	0	0
XM_022807465.1	1451	1214.15	0	0
XM_022807466.1	5019	4782.15	0	0
XM_022807467.1	1641	1404.15	0	0
XM_022807468.1	378	177.878	0	0
XM_022807469.1	2570	2333.15	0	0
XM_022807470.1	9645	9408.15	0	0
XM_022807471.1	9453	9216.15	0	0
XM_022807472.1	9330	9093.15	0	0
XM_022807473.1	2581	2344.15	0	0
XM_022807474.1	6151	5914.15	0	0
XM_022807475.1	4910	4673.15	0	0
XM_022807476.1	6140	5903.15	0	0
XM_022807477.1	2544	2307.15	0	0
XM_022807478.1	2673	2436.15	0	0
XM_022807479.1	2533	2296.15	0	0
XM_022807480.1	6148	5911.15	0	0
XM_022807481.1	7881	7644.15	0	0
XM_022807482.1	1524	1287.15	0	0
XM_022807483.1	1527	1290.15	0	0
XM_022807484.1	6245	6008.15	0	0
XM_022807485.1	5160	4923.15	0	0
XM_022807486.1	2076	1839.15	0	0
XM_022807487.1	6290	6053.15	0	0
XM_022807488.1	6153	5916.15	0	0
XM_022807489.1	5997	5760.15	0	0
XM_022807490.1	5598	5361.15	0	0
XM_022807491.1	2486	2249.15	0	0
XM_022807492.1	5126	4889.15	0	0
XM_022807493.1	2061	1824.15	0	0
XM_022807494.1	1430	1193.15	0	0
XM_022807495.1	920	683.652	0	0
XM_022807496.1	914	677.72	0	0
XM_022807497.1	872	635.915	0	0
XM_022807498.1	866	629.915	0	0
XM_022807499.1	857	621.102	0	0
XM_022807500.1	851	615.102	0	0
XM_022807501.1	845	609.102	0	0
XM_022807502.1	5672	5435.15	0	0
XM_022807503.1	881	644.786	0	0
XM_022807504.1	878	641.851	0	0
XM_022807505.1	1404	1167.15	0	0
XM_022807506.1	1167	930.148	0	0
XM_022807507.1	1090	853.148	0	0
XM_022807508.1	4840	4603.15	0	0
XM_022807509.1	833	597.102	0	0
XM_022807510.1	1098	861.148	0	0
XM_022807511.1	1566	1329.15	0	0
XM_022807512.1	1432	1195.15	0	0
XM_022807513.1	2607	2370.15	0	0
XM_022807514.1	1886	1649.15	0	0
XM_022807515.1	780	544.553	0	0
XM_022807516.1	4789	4552.15	0	0
XM_022807517.1	1388	1151.15	0	0
XM_022807518.1	884	647.786	0	0
XM_022807519.1	888	651.786	0	0
XM_022807520.1	916	679.72	0	0
XM_022807521.1	7702	7465.15	0	0
XM_022807522.1	4534	4297.15	0	0
XM_022807523.1	7070	6833.15	0	0
XM_022807524.1	7292	7055.15	0	0
XM_022807525.1	7657	7420.15	0	0
XM_022807526.1	996	759.148	0	0
XM_022807527.1	666	432.418	0	0
XM_022807528.1	943	706.512	0	0
XM_022807529.1	3514	3277.15	0	0
XM_022807530.1	1372	1135.15	0	0
XM_022807531.1	1544	1307.15	0	0
XM_022807532.1	746	510.974	0	0
XM_022807533.1	573	343.139	0	0
XM_022807534.1	363	166.29	0	0
XM_022807535.1	939	702.582	0	0
XM_022807536.1	2060	1823.15	0	0
XM_022807537.1	2049	1812.15	0	0
XM_022807538.1	1853	1616.15	0	0
XM_022807539.1	1890	1653.15	0	0
XM_022807540.1	4484	4247.15	0	0
XM_022807541.1	1859	1622.15	0	0
XM_022807542.1	1884	1647.15	4.41911	0.489947
XM_022807543.1	2867	2630.15	0	0
XM_022807544.1	2803	2566.15	0	0
XM_022807545.1	2399	2162.15	0	0
XM_022807546.1	2099	1862.15	0	0
XM_022807547.1	2273	2036.15	0	0
XM_022807548.1	1518	1281.15	0	0
XM_022807549.1	5012	4775.15	0	0
XM_022807550.1	9996	9759.15	0	0
XM_022807551.1	4845	4608.15	0	0
XM_022807552.1	2027	1790.15	0	0
XM_022807553.1	2035	1798.15	0	0
XM_022807554.1	1426	1189.15	0	0
XM_022807555.1	1417	1180.15	0	0
XM_022807556.1	596	364.638	0	0
XM_022807557.1	4081	3844.15	0	0
XM_022807558.1	2793	2556.15	0	0
XM_022807559.1	557	327.755	0	0
XM_022807560.1	712	477.425	0	0
XM_022807561.1	772	536.607	0	0
XM_022807562.1	1444	1207.15	0	0
XM_022807563.1	1403	1166.15	0	0
XM_022807564.1	3671	3434.15	0	0
XM_022807565.1	4725	4488.15	0	0
XM_022807566.1	3668	3431.15	0	0
XM_022807567.1	1663	1426.15	0	0
XM_022807568.1	1571	1334.15	0	0
XM_022807569.1	2736	2499.15	0	0
XM_022807570.1	492	269.905	0	0
XM_022807571.1	804	568.277	0	0
XM_022807572.1	4664	4427.15	0	0
XM_022807573.1	3864	3627.15	0	0
XM_022807574.1	1092	855.148	0	0
XM_022807575.1	5932	5695.15	0	0
XM_022807576.1	5770	5533.15	0	0
XM_022807577.1	1893	1656.15	0	0
XM_022807578.1	6457	6220.15	0	0
XM_022807579.1	6394	6157.15	0	0
XM_022807580.1	823	587.162	0	0
XM_022807581.1	6392	6155.15	0	0
XM_022807582.1	7713	7476.15	0	0
XM_022807583.1	8976	8739.15	0	0
XM_022807584.1	9021	8784.15	0	0
XM_022807585.1	5990	5753.15	0	0
XM_022807586.1	6503	6266.15	0	0
XM_022807587.1	6094	5857.15	0	0
XM_022807588.1	6032	5795.15	0	0
XM_022807589.1	823	587.162	0	0
XM_022807590.1	4163	3926.15	0	0
XM_022807591.1	2492	2255.15	0	0
XM_022807592.1	1193	956.148	0	0
XM_022807593.1	1187	950.148	0	0
XM_022807594.1	2414	2177.15	0	0
XM_022807595.1	4763	4526.15	0	0
XM_022807596.1	4760	4523.15	0	0
XM_022807597.1	4757	4520.15	0	0
XM_022807598.1	4264	4027.15	0	0
XM_022807599.1	3592	3355.15	0	0
XM_022807600.1	3578	3341.15	0	0
XM_022807601.1	1793	1556.15	0	0
XM_022807602.1	1787	1550.15	0	0
XM_022807603.1	1772	1535.15	0	0
XM_022807604.1	1854	1617.15	0	0
XM_022807605.1	2047	1810.15	0	0
XM_022807606.1	2706	2469.15	0	0
XM_022807607.1	3114	2877.15	0	0
XM_022807608.1	2791	2554.15	0	0
XM_022807609.1	2732	2495.15	0	0
XM_022807610.1	4078	3841.15	0	0
XM_022807611.1	1421	1184.15	0	0
XM_022807612.1	1394	1157.15	0	0
XM_022807613.1	1223	986.148	0	0
XM_022807614.1	1214	977.148	0	0
XM_022807615.1	3494	3257.15	0	0
XM_022807616.1	1601	1364.15	0	0
XM_022807617.1	4462	4225.15	0	0
XM_022807618.1	825	589.162	0	0
XM_022807619.1	3652	3415.15	0	0
XM_022807620.1	2232	1995.15	0	0
XM_022807621.1	3533	3296.15	0	0
XM_022807622.1	2243	2006.15	0	0
XM_022807623.1	1977	1740.15	0	0
XM_022807624.1	2209	1972.15	0	0
XM_022807625.1	2036	1799.15	0	0
XM_022807626.1	2059	1822.15	0	0
XM_022807627.1	1086	849.148	0	0
XM_022807628.1	3449	3212.15	0	0
XM_022807629.1	7266	7029.15	0	0
XM_022807630.1	5447	5210.15	0	0
XM_022807631.1	5850	5613.15	0	0
XM_022807632.1	5489	5252.15	0	0
XM_022807633.1	5419	5182.15	0	0
XM_022807634.1	4551	4314.15	0	0
XM_022807635.1	4641	4404.15	0	0
XM_022807636.1	4373	4136.15	0	0
XM_022807637.1	4548	4311.15	0	0
XM_022807638.1	3747	3510.15	0	0
XM_022807639.1	4011	3774.15	0	0
XM_022807640.1	6467	6230.15	0	0
XM_022807641.1	7593	7356.15	0	0
XM_022807642.1	7353	7116.15	0	0
XM_022807643.1	522	296.313	0	0
XM_022807644.1	7326	7089.15	0	0
XM_022807645.1	7464	7227.15	0	0
XM_022807646.1	2573	2336.15	0	0
XM_022807647.1	667	433.375	0	0
XM_022807648.1	4437	4200.15	0	0
XM_022807649.1	4665	4428.15	0	0
XM_022807650.1	3825	3588.15	0	0
XM_022807651.1	1527	1290.15	0	0
XM_022807652.1	1908	1671.15	0	0
XM_022807653.1	597	365.527	0	0
XM_022807654.1	3845	3608.15	0	0
XM_022807655.1	2062	1825.15	0	0
XM_022807656.1	2673	2436.15	0	0
XM_022807657.1	2658	2421.15	0	0
XM_022807658.1	6464	6227.15	0	0
XM_022807659.1	2338	2101.15	0	0
XM_022807660.1	2427	2190.15	0	0
XM_022807661.1	1113	876.148	0	0
XM_022807662.1	907	670.72	0	0
XM_022807663.1	2734	2497.15	0	0
XM_022807664.1	3610	3373.15	0	0
XM_022807665.1	6184	5947.15	0	0
XM_022807666.1	931	694.652	0	0
XM_022807667.1	996	759.148	0	0
XM_022807668.1	547	318.61	0	0
XM_022807669.1	749	513.922	0	0
XM_022807670.1	471	251.746	0	0
XM_022807671.1	6154	5917.15	0	0
XM_022807672.1	1569	1332.15	0	0
XM_022807673.1	2113	1876.15	0	0
XM_022807674.1	6107	5870.15	0	0
XM_022807675.1	435	222.584	0	0
XM_022807676.1	564	334.587	0	0
XM_022807677.1	951	714.441	0	0
XM_022807678.1	6349	6112.15	0	0
XM_022807679.1	1887	1650.15	0	0
XM_022807680.1	2209	1972.15	0	0
XM_022807681.1	6126	5889.15	0	0
XM_022807682.1	6002	5765.15	0	0
XM_022807683.1	525	298.977	0	0
XM_022807684.1	3147	2910.15	0	0
XM_022807685.1	1701	1464.15	0	0
XM_022807686.1	6799	6562.15	0	0
XM_022807687.1	3501	3264.15	0	0
XM_022807688.1	3657	3420.15	0	0
XM_022807689.1	3581	3344.15	0	0
XM_022807690.1	4286	4049.15	0	0
XM_022807691.1	3259	3022.15	0	0
XM_022807692.1	3548	3311.15	0	0
XM_022807693.1	3839	3602.15	0	0
XM_022807694.1	3801	3564.15	0	0
XM_022807695.1	3586	3349.15	0	0
XM_022807696.1	6656	6419.15	0	0
XM_022807697.1	2742	2505.15	0	0
XM_022807698.1	3722	3485.15	0	0
XM_022807699.1	1683	1446.15	0	0
XM_022807700.1	1657	1420.15	0	0
XM_022807701.1	1684	1447.15	0	0
XM_022807702.1	882	645.786	0	0
XM_022807703.1	12598	12361.1	0	0
XM_022807704.1	882	645.786	0	0
XM_022807705.1	6152	5915.15	0	0
XM_022807706.1	8893	8656.15	0	0
XM_022807707.1	7668	7431.15	0	0
XM_022807708.1	7711	7474.15	0	0
XM_022807709.1	7707	7470.15	0	0
XM_022807710.1	7698	7461.15	0	0
XM_022807711.1	8761	8524.15	0	0
XM_022807712.1	1661	1424.15	0	0
XM_022807713.1	7528	7291.15	4.86026e-05	1.21733e-06
XM_022807714.1	7455	7218.15	0.999951	0.0252988
XM_022807715.1	5873	5636.15	0	0
XM_022807716.1	2106	1869.15	0	0
XM_022807717.1	3541	3304.15	0	0
XM_022807718.1	1223	986.148	0	0
XM_022807719.1	2305	2068.15	0	0
XM_022807720.1	7061	6824.15	0	0
XM_022807721.1	5029	4792.15	0	0
XM_022807722.1	2763	2526.15	0	0
XM_022807723.1	1266	1029.15	0	0
XM_022807724.1	950	713.441	0	0
XM_022807725.1	1188	951.148	0	0
XM_022807726.1	4123	3886.15	0	0
XM_022807727.1	859	623.04	0	0
XM_022807728.1	495	272.68	0	0
XM_022807729.1	2306	2069.15	0	0
XM_022807730.1	2253	2016.15	0	0
XM_022807731.1	1560	1323.15	0	0
XM_022807732.1	945	708.441	0	0
XM_022807733.1	538	310.476	0	0
XM_022807734.1	3777	3540.15	0	0
XM_022807735.1	3384	3147.15	0	0
XM_022807736.1	3422	3185.15	0	0
XM_022807737.1	4518	4281.15	0	0
XM_022807738.1	5389	5152.15	0	0
XM_022807739.1	6767	6530.15	0	0
XM_022807740.1	3263	3026.15	0	0
XM_022807741.1	4128	3891.15	0	0
XM_022807742.1	3044	2807.15	0	0
XM_022807743.1	2218	1981.15	0	0
XM_022807744.1	3728	3491.15	0	0
XM_022807745.1	3941	3704.15	0	0
XM_022807746.1	4175	3938.15	0	0
XM_022807747.1	3532	3295.15	0	0
XM_022807748.1	3804	3567.15	0	0
XM_022807749.1	3701	3464.15	0	0
XM_022807750.1	2761	2524.15	0	0
XM_022807751.1	3773	3536.15	0	0
XM_022807752.1	3481	3244.15	0	0
XM_022807753.1	3934	3697.15	0	0
XM_022807754.1	3532	3295.15	0	0
XM_022807755.1	3434	3197.15	0	0
XM_022807756.1	3409	3172.15	0	0
XM_022807757.1	10961	10724.1	0	0
XM_022807758.1	8107	7870.15	0	0
XM_022807759.1	9494	9257.15	0	0
XM_022807760.1	3375	3138.15	0	0
XM_022807761.1	8761	8524.15	0	0
XM_022807762.1	10955	10718.1	0	0
XM_022807763.1	10949	10712.1	0	0
XM_022807764.1	10946	10709.1	0	0
XM_022807765.1	10940	10703.1	0	0
XM_022807766.1	10940	10703.1	0	0
XM_022807767.1	10820	10583.1	0	0
XM_022807768.1	4431	4194.15	0	0
XM_022807769.1	4457	4220.15	0	0
XM_022807770.1	3355	3118.15	0	0
XM_022807771.1	1526	1289.15	0	0
XM_022807772.1	1716	1479.15	0	0
XM_022807773.1	767	531.607	0	0
XM_022807774.1	1950	1713.15	0	0
XM_022807775.1	486	264.853	0	0
XM_022807776.1	890	653.786	0	0
XM_022807777.1	1825	1588.15	0	0
XM_022807778.1	1971	1734.15	0	0
XM_022807779.1	1763	1526.15	0	0
XM_022807780.1	4027	3790.15	0	0
XM_022807781.1	11214	10977.1	0	0
XM_022807782.1	11341	11104.1	0	0
XM_022807783.1	255	93.4477	0	0
XM_022807784.1	6645	6408.15	0	0
XM_022807785.1	6627	6390.15	0	0
XM_022807786.1	7773	7536.15	0	0
XM_022807787.1	7821	7584.15	0	0
XM_022807788.1	5963	5726.15	0	0
XM_022807789.1	6555	6318.15	0	0
XM_022807790.1	6437	6200.15	0	0
XM_022807791.1	4627	4390.15	0	0
XM_022807792.1	4632	4395.15	0	0
XM_022807793.1	4539	4302.15	0	0
XM_022807794.1	4624	4387.15	0	0
XM_022807795.1	889	652.786	0	0
XM_022807796.1	1376	1139.15	0	0
XM_022807797.1	1324	1087.15	0	0
XM_022807798.1	1381	1144.15	0	0
XM_022807799.1	1382	1145.15	0	0
XM_022807800.1	7793	7556.15	0	0
XM_022807801.1	7516	7279.15	0	0
XM_022807802.1	7638	7401.15	0	0
XM_022807803.1	6727	6490.15	0	0
XM_022807804.1	2072	1835.15	0	0
XM_022807805.1	3556	3319.15	0	0
XM_022807806.1	3494	3257.15	0	0
XM_022807807.1	5972	5735.15	0	0
XM_022807808.1	2234	1997.15	0	0
XM_022807809.1	2032	1795.15	0	0
XM_022807810.1	2030	1793.15	0	0
XM_022807811.1	1741	1504.15	0	0
XM_022807812.1	9542	9305.15	0	0
XM_022807813.1	8686	8449.15	0	0
XM_022807814.1	8563	8326.15	0	0
XM_022807815.1	9212	8975.15	0	0
XM_022807816.1	6309	6072.15	0	0
XM_022807817.1	5756	5519.15	0	0
XM_022807818.1	6300	6063.15	0	0
XM_022807819.1	994	757.224	0	0
XM_022807820.1	1614	1377.15	0	0
XM_022807821.1	1530	1293.15	0	0
XM_022807822.1	726	491.327	0	0
XM_022807823.1	1679	1442.15	0	0
XM_022807824.1	2794	2557.15	0	0
XM_022807825.1	5506	5269.15	0	0
XM_022807826.1	4729	4492.15	0	0
XM_022807827.1	2657	2420.15	0	0
XM_022807828.1	1291	1054.15	0	0
XM_022807829.1	2155	1918.15	0	0
XM_022807830.1	1982	1745.15	0	0
XM_022807831.1	5758	5521.15	0	0
XM_022807832.1	1748	1511.15	1	0.120848
XM_022807833.1	3232	2995.15	0	0
XM_022807834.1	4160	3923.15	0	0
XM_022807835.1	2648	2411.15	0	0
XM_022807836.1	2180	1943.15	0	0
XM_022807837.1	2251	2014.15	0	0
XM_022807838.1	4373	4136.15	0	0
XM_022807839.1	3464	3227.15	0	0
XM_022807840.1	3036	2799.15	0	0
XM_022807841.1	3858	3621.15	0	0
XM_022807842.1	1716	1479.15	0	0
XM_022807843.1	1599	1362.15	0	0
XM_022807844.1	4931	4694.15	0	0
XM_022807845.1	4478	4241.15	0	0
XM_022807846.1	3469	3232.15	0	0
XM_022807847.1	3803	3566.15	0	0
XM_022807848.1	3913	3676.15	0	0
XM_022807849.1	3573	3336.15	0	0
XM_022807850.1	3838	3601.15	0	0
XM_022807851.1	3812	3575.15	0	0
XM_022807852.1	3530	3293.15	0	0
XM_022807853.1	2593	2356.15	0	0
XM_022807854.1	2590	2353.15	0	0
XM_022807855.1	3162	2925.15	0	0
XM_022807856.1	2605	2368.15	0	0
XM_022807857.1	2591	2354.15	0	0
XM_022807858.1	3439	3202.15	0	0
XM_022807859.1	2831	2594.15	0	0
XM_022807860.1	2798	2561.15	0	0
XM_022807861.1	8083	7846.15	0	0
XM_022807862.1	10747	10510.1	0	0
XM_022807863.1	7337	7100.15	0	0
XM_022807864.1	7248	7011.15	0	0
XM_022807865.1	7862	7625.15	0	0
XM_022807866.1	7622	7385.15	0	0
XM_022807867.1	1466	1229.15	0	0
XM_022807868.1	2356	2119.15	0	0
XM_022807869.1	2304	2067.15	0	0
XM_022807870.1	2282	2045.15	0	0
XM_022807871.1	1908	1671.15	0	0
XM_022807872.1	2071	1834.15	0	0
XM_022807873.1	1804	1567.15	0	0
XM_022807874.1	2439	2202.15	0	0
XM_022807875.1	3117	2880.15	0	0
XM_022807876.1	3343	3106.15	0	0
XM_022807877.1	1324	1087.15	0	0
XM_022807878.1	1452	1215.15	0	0
XM_022807879.1	3142	2905.15	0	0
XM_022807880.1	3096	2859.15	0	0
XM_022807881.1	1389	1152.15	0	0
XM_022807882.1	3678	3441.15	0	0
XM_022807883.1	1345	1108.15	0	0
XM_022807884.1	1804	1567.15	0	0
XM_022807885.1	1789	1552.15	0	0
XM_022807886.1	1717	1480.15	0	0
XM_022807887.1	2734	2497.15	0	0
XM_022807888.1	2746	2509.15	0	0
XM_022807889.1	3343	3106.15	0	0
XM_022807890.1	2462	2225.15	0	0
XM_022807891.1	1273	1036.15	0	0
XM_022807892.1	2799	2562.15	0	0
XM_022807893.1	2575	2338.15	0	0
XM_022807894.1	2619	2382.15	0	0
XM_022807895.1	2746	2509.15	0	0
XM_022807896.1	3324	3087.15	0	0
XM_022807897.1	2199	1962.15	0	0
XM_022807898.1	1970	1733.15	0	0
XM_022807899.1	3695	3458.15	0	0
XM_022807900.1	3542	3305.15	0	0
XM_022807901.1	3554	3317.15	0	0
XM_022807902.1	3456	3219.15	0	0
XM_022807903.1	988	751.224	0	0
XM_022807904.1	970	733.297	0	0
XM_022807905.1	964	727.297	0	0
XM_022807906.1	9481	9244.15	0	0
XM_022807907.1	9927	9690.15	0	0
XM_022807908.1	9914	9677.15	0	0
XM_022807909.1	9472	9235.15	0	0
XM_022807910.1	9361	9124.15	0	0
XM_022807911.1	7768	7531.15	0	0
XM_022807912.1	2723	2486.15	0	0
XM_022807913.1	2729	2492.15	0	0
XM_022807914.1	2692	2455.15	0	0
XM_022807915.1	2718	2481.15	0	0
XM_022807916.1	1124	887.148	0	0
XM_022807917.1	2607	2370.15	0	0
XM_022807918.1	2599	2362.15	0	0
XM_022807919.1	2608	2371.15	0	0
XM_022807920.1	482	261.292	0	0
XM_022807921.1	2044	1807.15	0	0
XM_022807922.1	2139	1902.15	0	0
XM_022807923.1	2022	1785.15	0	0
XM_022807924.1	2052	1815.15	0	0
XM_022807925.1	5554	5317.15	0	0
XM_022807926.1	805	569.277	0	0
XM_022807927.1	5369	5132.15	0	0
XM_022807928.1	2193	1956.15	0	0
XM_022807929.1	1675	1438.15	0	0
XM_022807930.1	4387	4150.15	1	0.0440031
XM_022807931.1	821	585.162	0	0
XM_022807932.1	4538	4301.15	0	0
XM_022807933.1	4517	4280.15	0	0
XM_022807934.1	6784	6547.15	0	0
XM_022807935.1	1962	1725.15	0	0
XM_022807936.1	6528	6291.15	0	0
XM_022807937.1	4819	4582.15	0	0
XM_022807938.1	10145	9908.15	0	0
XM_022807939.1	7818	7581.15	0	0
XM_022807940.1	1701	1464.15	0	0
XM_022807941.1	1687	1450.15	0	0
XM_022807942.1	2109	1872.15	0	0
XM_022807943.1	578	347.859	0	0
XM_022807944.1	7869	7632.15	0	0
XM_022807945.1	7864	7627.15	0	0
XM_022807946.1	7849	7612.15	0	0
XM_022807947.1	5240	5003.15	0	0
XM_022807948.1	7779	7542.15	0	0
XM_022807949.1	6080	5843.15	0	0
XM_022807950.1	6041	5804.15	0	0
XM_022807951.1	5155	4918.15	0	0
XM_022807952.1	5416	5179.15	0	0
XM_022807953.1	7495	7258.15	0	0
XM_022807954.1	2694	2457.15	0	0
XM_022807955.1	1642	1405.15	0	0
XM_022807956.1	2507	2270.15	0	0
XM_022807957.1	3366	3129.15	0	0
XM_022807958.1	1593	1356.15	0	0
XM_022807959.1	3598	3361.15	0	0
XM_022807960.1	7341	7104.15	0	0
XM_022807961.1	6529	6292.15	0	0
XM_022807962.1	6526	6289.15	0	0
XM_022807963.1	766	530.607	0	0
XM_022807964.1	2026	1789.15	0	0
XM_022807965.1	3925	3688.15	0	0
XM_022807966.1	3050	2813.15	0	0
XM_022807967.1	2891	2654.15	0	0
XM_022807968.1	2330	2093.15	0	0
XM_022807969.1	7218	6981.15	0	0
XM_022807970.1	7245	7008.15	0	0
XM_022807971.1	6836	6599.15	0	0
XM_022807972.1	6570	6333.15	0	0
XM_022807973.1	3366	3129.15	0	0
XM_022807974.1	6661	6424.15	0	0
XM_022807975.1	891	654.786	0	0
XM_022807976.1	3543	3306.15	0	0
XM_022807977.1	931	694.652	0	0
XM_022807978.1	3227	2990.15	0	0
XM_022807979.1	3447	3210.15	0	0
XM_022807980.1	2963	2726.15	0	0
XM_022807981.1	2803	2566.15	0	0
XM_022807982.1	1848	1611.15	0	0
XM_022807983.1	1640	1403.15	0	0
XM_022807984.1	4765	4528.15	0	0
XM_022807985.1	3095	2858.15	0	0
XM_022807986.1	6608	6371.15	0	0
XM_022807987.1	6554	6317.15	0	0
XM_022807988.1	6301	6064.15	0	0
XM_022807989.1	4673	4436.15	0	0
XM_022807990.1	4976	4739.15	0	0
XM_022807991.1	5191	4954.15	0	0
XM_022807992.1	5180	4943.15	0	0
XM_022807993.1	5684	5447.15	0	0
XM_022807994.1	5094	4857.15	0	0
XM_022807995.1	6296	6059.15	0.160446	0.00483576
XM_022807996.1	3927	3690.15	0	0
XM_022807997.1	3732	3495.15	0	0
XM_022807998.1	3444	3207.15	0	0
XM_022807999.1	3660	3423.15	0	0
XM_022808000.1	3489	3252.15	0	0
XM_022808001.1	3285	3048.15	0	0
XM_022808002.1	3384	3147.15	0	0
XM_022808003.1	905	668.72	0	0
XM_022808004.1	896	659.786	0	0
XM_022808005.1	5515	5278.15	0	0
XM_022808006.1	3917	3680.15	0	0
XM_022808007.1	3783	3546.15	0	0
XM_022808008.1	3817	3580.15	0	0
XM_022808009.1	3161	2924.15	0	0
XM_022808010.1	3889	3652.15	0	0
XM_022808011.1	1845	1608.15	0	0
XM_022808012.1	4774	4537.15	0	0
XM_022808013.1	3720	3483.15	0	0
XM_022808014.1	3471	3234.15	0	0
XM_022808015.1	3593	3356.15	0	0
XM_022808016.1	4325	4088.15	0	0
XM_022808017.1	2981	2744.15	0	0
XM_022808018.1	3891	3654.15	0	0
XM_022808019.1	4383	4146.15	0	0
XM_022808020.1	4172	3935.15	0	0
XM_022808021.1	2658	2421.15	0	0
XM_022808022.1	2066	1829.15	0	0
XM_022808023.1	5238	5001.15	0	0
XM_022808024.1	4839	4602.15	0	0
XM_022808025.1	4985	4748.15	0	0
XM_022808026.1	1144	907.148	0	0
XM_022808027.1	606	374.341	0	0
XM_022808028.1	1970	1733.15	0	0
XM_022808029.1	3018	2781.15	0	0
XM_022808030.1	2115	1878.15	0	0
XM_022808031.1	1249	1012.15	0	0
XM_022808032.1	5563	5326.15	0	0
XM_022808033.1	5393	5156.15	0	0
XM_022808034.1	5394	5157.15	0	0
XM_022808035.1	5286	5049.15	0	0
XM_022808036.1	5525	5288.15	0	0
XM_022808037.1	3396	3159.15	0	0
XM_022808038.1	5487	5250.15	0	0
XM_022808039.1	4992	4755.15	0	0
XM_022808040.1	4601	4364.15	0	0
XM_022808041.1	5984	5747.15	0	0
XM_022808042.1	5944	5707.15	0	0
XM_022808043.1	5715	5478.15	0	0
XM_022808044.1	3579	3342.15	0	0
XM_022808045.1	1602	1365.15	0	0
XM_022808046.1	1592	1355.15	0	0
XM_022808047.1	1636	1399.15	0	0
XM_022808048.1	1987	1750.15	0	0
XM_022808049.1	2566	2329.15	0	0
XM_022808050.1	2504	2267.15	0	0
XM_022808051.1	2473	2236.15	0	0
XM_022808052.1	4933	4696.15	0	0
XM_022808053.1	4931	4694.15	0	0
XM_022808054.1	4914	4677.15	0	0
XM_022808055.1	3393	3156.15	0	0
XM_022808056.1	2398	2161.15	0	0
XM_022808057.1	3257	3020.15	0	0
XM_022808058.1	2997	2760.15	0	0
XM_022808059.1	2535	2298.15	0	0
XM_022808060.1	2994	2757.15	0	0
XM_022808061.1	2698	2461.15	0	0
XM_022808062.1	3605	3368.15	0	0
XM_022808063.1	1714	1477.15	0	0
XM_022808064.1	3160	2923.15	0	0
XM_022808065.1	3899	3662.15	0	0
XM_022808066.1	1662	1425.15	0	0
XM_022808067.1	1375	1138.15	0	0
XM_022808068.1	908	671.72	0	0
XM_022808069.1	6350	6113.15	0	0
XM_022808070.1	6251	6014.15	0	0
XM_022808071.1	5910	5673.15	0	0
XM_022808072.1	5651	5414.15	0	0
XM_022808073.1	2992	2755.15	0	0
XM_022808074.1	1037	800.148	0	0
XM_022808075.1	943	706.512	0	0
XM_022808076.1	1693	1456.15	0	0
XM_022808077.1	1020	783.148	0	0
XM_022808078.1	750	514.922	0	0
XM_022808079.1	515	290.037	0	0
XM_022808080.1	1180	943.148	0	0
XM_022808081.1	1142	905.148	0	0
XM_022808082.1	1191	954.148	0	0
XM_022808083.1	4660	4423.15	0	0
XM_022808084.1	1688	1451.15	0	0
XM_022808085.1	6985	6748.15	0	0
XM_022808086.1	1236	999.148	0	0
XM_022808087.1	1148	911.148	0	0
XM_022808088.1	3022	2785.15	0	0
XM_022808089.1	5453	5216.15	0	0
XM_022808090.1	2391	2154.15	0	0
XM_022808091.1	3580	3343.15	0	0
XM_022808092.1	2350	2113.15	0	0
XM_022808093.1	2151	1914.15	0	0
XM_022808094.1	2399	2162.15	0	0
XM_022808095.1	1993	1756.15	0	0
XM_022808096.1	3668	3431.15	0	0
XM_022808097.1	3643	3406.15	0	0
XM_022808098.1	3623	3386.15	0	0
XM_022808099.1	3604	3367.15	0	0
XM_022808100.1	3367	3130.15	0	0
XM_022808101.1	3525	3288.15	0	0
XM_022808102.1	3665	3428.15	0	0
XM_022808103.1	3430	3193.15	0	0
XM_022808104.1	3373	3136.15	0	0
XM_022808105.1	3553	3316.15	0	0
XM_022808106.1	3549	3312.15	0	0
XM_022808107.1	7936	7699.15	0	0
XM_022808108.1	8103	7866.15	0	0
XM_022808109.1	7675	7438.15	0	0
XM_022808110.1	9840	9603.15	0	0
XM_022808111.1	9173	8936.15	0	0
XM_022808112.1	7809	7572.15	0	0
XM_022808113.1	8065	7828.15	0	0
XM_022808114.1	7551	7314.15	0	0
XM_022808115.1	8049	7812.15	0	0
XM_022808116.1	7882	7645.15	0	0
XM_022808117.1	7755	7518.15	0	0
XM_022808118.1	7447	7210.15	0	0
XM_022808119.1	6510	6273.15	0	0
XM_022808120.1	5129	4892.15	0	0
XM_022808121.1	2632	2395.15	0	0
XM_022808122.1	5194	4957.15	0	0
XM_022808123.1	5161	4924.15	0	0
XM_022808124.1	1509	1272.15	0	0
XM_022808125.1	3807	3570.15	0	0
XM_022808126.1	719	484.425	0	0
XM_022808127.1	618	385.73	0	0
XM_022808128.1	1417	1180.15	0	0
XM_022808129.1	2782	2545.15	0	0
XM_022808130.1	621	388.575	0	0
XM_022808131.1	3590	3353.15	0	0
XM_022808132.1	2415	2178.15	0	0
XM_022808133.1	2172	1935.15	0	0
XM_022808134.1	4087	3850.15	0	0
XM_022808135.1	1808	1571.15	0	0
XM_022808136.1	2569	2332.15	0	0
XM_022808137.1	2523	2286.15	0	0
XM_022808138.1	1943	1706.15	0	0
XM_022808139.1	2314	2077.15	0	0
XM_022808140.1	2214	1977.15	0	0
XM_022808141.1	459	242.039	0	0
XM_022808142.1	2809	2572.15	0	0
XM_022808143.1	2933	2696.15	0	0
XM_022808144.1	2491	2254.15	0	0
XM_022808145.1	774	538.607	0	0
XM_022808146.1	4992	4755.15	0	0
XM_022808147.1	1437	1200.15	0	0
XM_022808148.1	1400	1163.15	0	0
XM_022808149.1	1383	1146.15	0	0
XM_022808150.1	7658	7421.15	0	0
XM_022808151.1	6536	6299.15	0	0
XM_022808152.1	2509	2272.15	0	0
XM_022808153.1	2952	2715.15	0	0
XM_022808154.1	2963	2726.15	0	0
XM_022808155.1	2959	2722.15	0	0
XM_022808156.1	3457	3220.15	0	0
XM_022808157.1	3572	3335.15	0	0
XM_022808158.1	4271	4034.15	0	0
XM_022808159.1	5228	4991.15	0	0
XM_022808160.1	1142	905.148	0	0
XM_022808161.1	1237	1000.15	0	0
XM_022808162.1	1093	856.148	0	0
XM_022808163.1	2035	1798.15	0	0
XM_022808164.1	2680	2443.15	0	0
XM_022808165.1	2674	2437.15	0	0
XM_022808166.1	1653	1416.15	0	0
XM_022808167.1	1682	1445.15	0	0
XM_022808168.1	4732	4495.15	0	0
XM_022808169.1	1553	1316.15	0	0
XM_022808170.1	3285	3048.15	0	0
XM_022808171.1	2187	1950.15	0	0
XM_022808172.1	2028	1791.15	0	0
XM_022808173.1	4552	4315.15	0	0
XM_022808174.1	4327	4090.15	0	0
XM_022808175.1	3513	3276.15	0	0
XM_022808176.1	2523	2286.15	0	0
XM_022808177.1	12881	12644.1	0	0
XM_022808178.1	12848	12611.1	0	0
XM_022808179.1	12862	12625.1	0	0
XM_022808180.1	1483	1246.15	0	0
XM_022808181.1	1290	1053.15	0	0
XM_022808182.1	5161	4924.15	0	0
XM_022808183.1	5257	5020.15	0	0
XM_022808184.1	5223	4986.15	0	0
XM_022808185.1	5594	5357.15	0	0
XM_022808186.1	5131	4894.15	0	0
XM_022808187.1	4993	4756.15	0	0
XM_022808188.1	5621	5384.15	0	0
XM_022808189.1	5401	5164.15	0	0
XM_022808190.1	2055	1818.15	0	0
XM_022808191.1	6195	5958.15	0	0
XM_022808192.1	6178	5941.15	0	0
XM_022808193.1	6153	5916.15	0	0
XM_022808194.1	3541	3304.15	0	0
XM_022808195.1	4129	3892.15	0	0
XM_022808196.1	3406	3169.15	0	0
XM_022808197.1	6681	6444.15	0	0
XM_022808198.1	6549	6312.15	0	0
XM_022808199.1	6493	6256.15	0	0
XM_022808200.1	1859	1622.15	0	0
XM_022808201.1	7217	6980.15	0	0
XM_022808202.1	7531	7294.15	0	0
XM_022808203.1	2765	2528.15	0	0
XM_022808204.1	1552	1315.15	0	0
XM_022808205.1	4306	4069.15	0	0
XM_022808206.1	4180	3943.15	0	0
XM_022808207.1	4112	3875.15	0	0
XM_022808208.1	5061	4824.15	0	0
XM_022808209.1	4992	4755.15	0	0
XM_022808210.1	4325	4088.15	0	0
XM_022808211.1	1153	916.148	0	0
XM_022808212.1	5386	5149.15	0	0
XM_022808213.1	4766	4529.15	0	0
XM_022808214.1	2024	1787.15	0	0
XM_022808215.1	1660	1423.15	0	0
XM_022808216.1	2059	1822.15	0	0
XM_022808217.1	1833	1596.15	0	0
XM_022808218.1	1499	1262.15	0	0
XM_022808219.1	1329	1092.15	0	0
XM_022808220.1	2219	1982.15	0	0
XM_022808221.1	3783	3546.15	0	0
XM_022808222.1	3780	3543.15	0	0
XM_022808223.1	3657	3420.15	0	0
XM_022808224.1	2594	2357.15	0	0
XM_022808225.1	5982	5745.15	0	0
XM_022808226.1	3871	3634.15	0	0
XM_022808227.1	2445	2208.15	0	0
XM_022808228.1	3760	3523.15	0	0
XM_022808229.1	1163	926.148	0	0
XM_022808230.1	1101	864.148	0	0
XM_022808231.1	1084	847.148	0	0
XM_022808232.1	2813	2576.15	0	0
XM_022808233.1	7800	7563.15	0	0
XM_022808234.1	2530	2293.15	0	0
XM_022808235.1	4136	3899.15	0	0
XM_022808236.1	3362	3125.15	0	0
XM_022808237.1	1444	1207.15	0	0
XM_022808238.1	2928	2691.15	0	0
XM_022808239.1	2461	2224.15	0	0
XM_022808240.1	2538	2301.15	0	0
XM_022808241.1	2374	2137.15	0	0
XM_022808242.1	2344	2107.15	0	0
XM_022808243.1	1372	1135.15	0	0
XM_022808244.1	4078	3841.15	0	0
XM_022808245.1	2359	2122.15	0	0
XM_022808246.1	2212	1975.15	0	0
XM_022808247.1	2157	1920.15	0	0
XM_022808248.1	1373	1136.15	0	0
XM_022808249.1	2057	1820.15	0	0
XM_022808250.1	1587	1350.15	0	0
XM_022808251.1	790	554.333	0	0
XM_022808252.1	779	543.553	0	0
XM_022808253.1	7727	7490.15	0	0
XM_022808254.1	8424	8187.15	0	0
XM_022808255.1	7688	7451.15	0	0
XM_022808256.1	2597	2360.15	0	0
XM_022808257.1	6875	6638.15	0	0
XM_022808258.1	5462	5225.15	0	0
XM_022808259.1	1973	1736.15	0	0
XM_022808260.1	6409	6172.15	0	0
XM_022808261.1	2970	2733.15	0	0
XM_022808262.1	7272	7035.15	0	0
XM_022808263.1	6282	6045.15	0	0
XM_022808264.1	1429	1192.15	0	0
XM_022808265.1	3692	3455.15	0	0
XM_022808266.1	3677	3440.15	0	0
XM_022808267.1	3858	3621.15	0	0
XM_022808268.1	4019	3782.15	0	0
XM_022808269.1	3798	3561.15	0	0
XM_022808270.1	3993	3756.15	0	0
XM_022808271.1	3817	3580.15	0	0
XM_022808272.1	3510	3273.15	0	0
XM_022808273.1	3459	3222.15	0	0
XM_022808274.1	3393	3156.15	0	0
XM_022808275.1	6293	6056.15	0	0
XM_022808276.1	3445	3208.15	0	0
XM_022808277.1	3974	3737.15	0	0
XM_022808278.1	3779	3542.15	0	0
XM_022808279.1	1339	1102.15	0	0
XM_022808280.1	4247	4010.15	0	0
XM_022808281.1	3830	3593.15	0	0
XM_022808282.1	2471	2234.15	2.09446	0.171201
XM_022808283.1	3829	3592.15	0	0
XM_022808284.1	2604	2367.15	0	0
XM_022808285.1	4132	3895.15	0	0
XM_022808286.1	4129	3892.15	0	0
XM_022808287.1	10095	9858.15	0	0
XM_022808288.1	2736	2499.15	0	0
XM_022808289.1	3265	3028.15	0	0
XM_022808290.1	2806	2569.15	0	0
XM_022808291.1	3326	3089.15	0	0
XM_022808292.1	3595	3358.15	0	0
XM_022808293.1	3463	3226.15	0	0
XM_022808294.1	2946	2709.15	0	0
XM_022808295.1	2074	1837.15	0	0
XM_022808296.1	2848	2611.15	0	0
XM_022808297.1	4249	4012.15	0	0
XM_022808298.1	2903	2666.15	0	0
XM_022808299.1	3319	3082.15	0	0
XM_022808300.1	1156	919.148	0	0
XM_022808301.1	1138	901.148	0	0
XM_022808302.1	1901	1664.15	0	0
XM_022808303.1	1888	1651.15	0	0
XM_022808304.1	2942	2705.15	0	0
XM_022808305.1	2530	2293.15	0	0
XM_022808306.1	1788	1551.15	0	0
XM_022808307.1	2835	2598.15	0	0
XM_022808308.1	2823	2586.15	0	0
XM_022808309.1	1353	1116.15	0	0
XM_022808310.1	2723	2486.15	0	0
XM_022808311.1	2963	2726.15	0	0
XM_022808312.1	2650	2413.15	0	0
XM_022808313.1	2637	2400.15	0	0
XM_022808314.1	2534	2297.15	0	0
XM_022808315.1	4128	3891.15	0	0
XM_022808316.1	4122	3885.15	0	0
XM_022808317.1	4008	3771.15	1	0.0484254
XM_022808318.1	4226	3989.15	0	0
XM_022808319.1	3094	2857.15	0	0
XM_022808320.1	3106	2869.15	0	0
XM_022808321.1	5215	4978.15	0	0
XM_022808322.1	5133	4896.15	0	0
XM_022808323.1	2044	1807.15	0	0
XM_022808324.1	3942	3705.15	0	0
XM_022808325.1	3890	3653.15	0	0
XM_022808326.1	3856	3619.15	0	0
XM_022808327.1	3856	3619.15	0	0
XM_022808328.1	3588	3351.15	0	0
XM_022808329.1	4741	4504.15	0	0
XM_022808330.1	1301	1064.15	0	0
XM_022808331.1	3213	2976.15	0	0
XM_022808332.1	2937	2700.15	0	0
XM_022808333.1	1533	1296.15	0	0
XM_022808334.1	3682	3445.15	0	0
XM_022808335.1	3218	2981.15	0	0
XM_022808336.1	5102	4865.15	0	0
XM_022808337.1	5214	4977.15	0	0
XM_022808338.1	5246	5009.15	0	0
XM_022808339.1	4905	4668.15	0	0
XM_022808340.1	4180	3943.15	0	0
XM_022808341.1	4637	4400.15	0	0
XM_022808342.1	6802	6565.15	0	0
XM_022808343.1	6767	6530.15	0	0
XM_022808344.1	6876	6639.15	0	0
XM_022808345.1	6650	6413.15	0	0
XM_022808346.1	7304	7067.15	0	0
XM_022808347.1	6466	6229.15	0	0
XM_022808348.1	6266	6029.15	0	0
XM_022808349.1	6131	5894.15	0	0
XM_022808350.1	1194	957.148	0	0
XM_022808351.1	6117	5880.15	0	0
XM_022808352.1	4154	3917.15	0	0
XM_022808353.1	802	566.277	0	0
XM_022808354.1	2911	2674.15	0	0
XM_022808355.1	2932	2695.15	0	0
XM_022808356.1	3233	2996.15	0	0
XM_022808357.1	3112	2875.15	0	0
XM_022808358.1	3022	2785.15	0	0
XM_022808359.1	1195	958.148	0	0
XM_022808360.1	4986	4749.15	0	0
XM_022808361.1	5020	4783.15	0	0
XM_022808362.1	5611	5374.15	0	0
XM_022808363.1	5385	5148.15	0	0
XM_022808364.1	1469	1232.15	0	0
XM_022808365.1	5608	5371.15	0	0
XM_022808366.1	5608	5371.15	0	0
XM_022808367.1	5575	5338.15	0	0
XM_022808368.1	5464	5227.15	0	0
XM_022808369.1	5461	5224.15	0	0
XM_022808370.1	1333	1096.15	0	0
XM_022808371.1	1517	1280.15	0	0
XM_022808372.1	3919	3682.15	0	0
XM_022808373.1	3838	3601.15	0	0
XM_022808374.1	1225	988.148	0	0
XM_022808375.1	3487	3250.15	0	0
XM_022808376.1	3256	3019.15	0	0
XM_022808377.1	3310	3073.15	0	0
XM_022808378.1	787	551.388	0	0
XM_022808379.1	1114	877.148	0	0
XM_022808380.1	1029	792.148	0	0
XM_022808381.1	2308	2071.15	0	0
XM_022808382.1	1719	1482.15	0	0
XM_022808383.1	2645	2408.15	0	0
XM_022808384.1	2112	1875.15	0	0
XM_022808385.1	2304	2067.15	0	0
XM_022808386.1	3191	2954.15	0	0
XM_022808387.1	3093	2856.15	0	0
XM_022808388.1	1118	881.148	0	0
XM_022808389.1	2623	2386.15	0	0
XM_022808390.1	3155	2918.15	0	0
XM_022808391.1	2946	2709.15	0	0
XM_022808392.1	2716	2479.15	0	0
XM_022808393.1	2695	2458.15	0	0
XM_022808394.1	3040	2803.15	0	0
XM_022808395.1	3182	2945.15	0	0
XM_022808396.1	6154	5917.15	0	0
XM_022808397.1	3169	2932.15	0	0
XM_022808398.1	5695	5458.15	0	0
XM_022808399.1	2151	1914.15	0	0
XM_022808400.1	1987	1750.15	0	0
XM_022808401.1	3370	3133.15	0	0
XM_022808402.1	2128	1891.15	0	0
XM_022808403.1	3219	2982.15	0	0
XM_022808404.1	2667	2430.15	0	0
XM_022808405.1	2624	2387.15	0	0
XM_022808406.1	1414	1177.15	0	0
XM_022808407.1	1270	1033.15	0	0
XM_022808408.1	2044	1807.15	0	0
XM_022808409.1	2048	1811.15	0	0
XM_022808410.1	1957	1720.15	0	0
XM_022808411.1	2598	2361.15	0	0
XM_022808412.1	2545	2308.15	0	0
XM_022808413.1	1739	1502.15	0	0
XM_022808414.1	4625	4388.15	0	0
XM_022808415.1	4622	4385.15	0	0
XM_022808416.1	4619	4382.15	0	0
XM_022808417.1	1752	1515.15	0	0
XM_022808418.1	3002	2765.15	0	0
XM_022808419.1	4087	3850.15	0	0
XM_022808420.1	3034	2797.15	0	0
XM_022808421.1	2915	2678.15	0	0
XM_022808422.1	2942	2705.15	0	0
XM_022808423.1	2857	2620.15	0	0
XM_022808424.1	4165	3928.15	0	0
XM_022808425.1	4083	3846.15	0	0
XM_022808426.1	4051	3814.15	0	0
XM_022808427.1	3964	3727.15	0	0
XM_022808428.1	3388	3151.15	0	0
XM_022808429.1	3330	3093.15	0	0
XM_022808430.1	3278	3041.15	0	0
XM_022808431.1	3080	2843.15	0	0
XM_022808432.1	3068	2831.15	0	0
XM_022808433.1	3041	2804.15	0	0
XM_022808434.1	4278	4041.15	0	0
XM_022808435.1	4196	3959.15	0	0
XM_022808436.1	3690	3453.15	0	0
XM_022808437.1	3460	3223.15	0	0
XM_022808438.1	3307	3070.15	0	0
XM_022808439.1	4133	3896.15	0	0
XM_022808440.1	4121	3884.15	0	0
XM_022808441.1	4287	4050.15	0	0
XM_022808442.1	4862	4625.15	0	0
XM_022808443.1	4734	4497.15	0	0
XM_022808444.1	3838	3601.15	0	0
XM_022808445.1	3826	3589.15	0	0
XM_022808446.1	3935	3698.15	0	0
XM_022808447.1	2633	2396.15	0	0
XM_022808448.1	4508	4271.15	0	0
XM_022808449.1	4443	4206.15	0	0
XM_022808450.1	4896	4659.15	0	0
XM_022808451.1	4823	4586.15	0	0
XM_022808452.1	5005	4768.15	0	0
XM_022808453.1	5235	4998.15	0	0
XM_022808454.1	5059	4822.15	0	0
XM_022808455.1	4878	4641.15	0	0
XM_022808456.1	4929	4692.15	0	0
XM_022808457.1	5083	4846.15	0	0
XM_022808458.1	3777	3540.15	0	0
XM_022808459.1	4914	4677.15	0	0
XM_022808460.1	5149	4912.15	0	0
XM_022808461.1	4932	4695.15	0	0
XM_022808462.1	4730	4493.15	0	0
XM_022808463.1	4783	4546.15	0	0
XM_022808464.1	4657	4420.15	0	0
XM_022808465.1	4710	4473.15	0	0
XM_022808466.1	4839	4602.15	0	0
XM_022808467.1	4774	4537.15	0	0
XM_022808468.1	4681	4444.15	0	0
XM_022808469.1	2718	2481.15	0	0
XM_022808470.1	4608	4371.15	0	0
XM_022808471.1	4647	4410.15	0	0
XM_022808472.1	4538	4301.15	0	0
XM_022808473.1	4495	4258.15	0	0
XM_022808474.1	4318	4081.15	0	0
XM_022808475.1	5364	5127.15	0	0
XM_022808476.1	4738	4501.15	0	0
XM_022808477.1	961	724.297	0	0
XM_022808478.1	2537	2300.15	0	0
XM_022808479.1	2022	1785.15	0	0
XM_022808480.1	4462	4225.15	0	0
XM_022808481.1	4623	4386.15	0	0
XM_022808482.1	5692	5455.15	0	0
XM_022808483.1	5057	4820.15	0	0
XM_022808484.1	5061	4824.15	0	0
XM_022808485.1	5298	5061.15	0	0
XM_022808486.1	1454	1217.15	0	0
XM_022808487.1	1422	1185.15	0	0
XM_022808488.1	1420	1183.15	0	0
XM_022808489.1	1753	1516.15	0	0
XM_022808490.1	1793	1556.15	0	0
XM_022808491.1	3617	3380.15	0	0
XM_022808492.1	3609	3372.15	0	0
XM_022808493.1	1433	1196.15	0	0
XM_022808494.1	1424	1187.15	0	0
XM_022808495.1	1688	1451.15	0	0
XM_022808496.1	1682	1445.15	0	0
XM_022808497.1	1441	1204.15	0	0
XM_022808498.1	1435	1198.15	0	0
XM_022808499.1	2849	2612.15	0	0
XM_022808500.1	1359	1122.15	0	0
XM_022808501.1	1288	1051.15	0	0
XM_022808502.1	552	323.12	0	0
XM_022808503.1	558	328.755	0	0
XM_022808504.1	3448	3211.15	0	0
XM_022808505.1	5555	5318.15	0	0
XM_022808506.1	5531	5294.15	0	0
XM_022808507.1	3794	3557.15	0	0
XM_022808508.1	3761	3524.15	0	0
XM_022808509.1	4202	3965.15	0	0
XM_022808510.1	4428	4191.15	0	0
XM_022808511.1	4087	3850.15	0	0
XM_022808512.1	4121	3884.15	0	0
XM_022808513.1	6716	6479.15	0	0
XM_022808514.1	6662	6425.15	0	0
XM_022808515.1	3609	3372.15	0	0
XM_022808516.1	4578	4341.15	0	0
XM_022808517.1	1833	1596.15	0	0
XM_022808518.1	5676	5439.15	0	0
XM_022808519.1	5652	5415.15	0	0
XM_022808520.1	3594	3357.15	0	0
XM_022808521.1	2500	2263.15	0	0
XM_022808522.1	5903	5666.15	0	0
XM_022808523.1	5616	5379.15	0	0
XM_022808524.1	4795	4558.15	0	0
XM_022808525.1	5186	4949.15	0	0
XM_022808526.1	5154	4917.15	0	0
XM_022808527.1	5169	4932.15	0	0
XM_022808528.1	5028	4791.15	0	0
XM_022808529.1	2962	2725.15	0	0
XM_022808530.1	5680	5443.15	0	0
XM_022808531.1	4016	3779.15	0	0
XM_022808532.1	4287	4050.15	0	0
XM_022808533.1	3975	3738.15	0	0
XM_022808534.1	3974	3737.15	0	0
XM_022808535.1	5096	4859.15	0	0
XM_022808536.1	2636	2399.15	0	0
XM_022808537.1	2623	2386.15	0	0
XM_022808538.1	2500	2263.15	0	0
XM_022808539.1	2487	2250.15	0	0
XM_022808540.1	2621	2384.15	0	0
XM_022808541.1	2536	2299.15	0	0
XM_022808542.1	2486	2249.15	0	0
XM_022808543.1	1835	1598.15	0	0
XM_022808544.1	3763	3526.15	0	0
XM_022808545.1	2045	1808.15	0	0
XM_022808546.1	2943	2706.15	0	0
XM_022808547.1	1636	1399.15	0	0
XM_022808548.1	1455	1218.15	0	0
XM_022808549.1	1226	989.148	0	0
XM_022808550.1	5861	5624.15	0	0
XM_022808551.1	5844	5607.15	0	0
XM_022808552.1	1970	1733.15	0	0
XM_022808553.1	5566	5329.15	0	0
XM_022808554.1	3770	3533.15	0	0
XM_022808555.1	1303	1066.15	0	0
XM_022808556.1	1266	1029.15	0	0
XM_022808557.1	1238	1001.15	0	0
XM_022808558.1	1630	1393.15	0	0
XM_022808559.1	1781	1544.15	0	0
XM_022808560.1	1630	1393.15	0	0
XM_022808561.1	1681	1444.15	0	0
XM_022808562.1	2043	1806.15	0	0
XM_022808563.1	1474	1237.15	0	0
XM_022808564.1	3296	3059.15	0	0
XM_022808565.1	3482	3245.15	0	0
XM_022808566.1	3380	3143.15	0	0
XM_022808567.1	2966	2729.15	0	0
XM_022808568.1	3033	2796.15	0	0
XM_022808569.1	2621	2384.15	0	0
XM_022808570.1	7823	7586.15	0	0
XM_022808571.1	8087	7850.15	0	0
XM_022808572.1	1813	1576.15	0	0
XM_022808573.1	8174	7937.15	0	0
XM_022808574.1	11587	11350.1	0	0
XM_022808575.1	11584	11347.1	0	0
XM_022808576.1	7450	7213.15	0	0
XM_022808577.1	7436	7199.15	0	0
XM_022808578.1	7708	7471.15	0	0
XM_022808579.1	4843	4606.15	0	0
XM_022808580.1	1280	1043.15	0	0
XM_022808581.1	1980	1743.15	0	0
XM_022808582.1	4597	4360.15	0	0
XM_022808583.1	1853	1616.15	0	0
XM_022808584.1	5012	4775.15	0	0
XM_022808585.1	4765	4528.15	0	0
XM_022808586.1	35971	35734.1	0	0
XM_022808587.1	35842	35605.1	0	0
XM_022808588.1	32704	32467.1	0	0
XM_022808589.1	33322	33085.1	0	0
XM_022808590.1	10095	9858.15	0	0
XM_022808591.1	1448	1211.15	0	0
XM_022808592.1	3359	3122.15	0	0
XM_022808593.1	3875	3638.15	0	0
XM_022808594.1	5007	4770.15	0	0
XM_022808595.1	4732	4495.15	0	0
XM_022808596.1	4923	4686.15	0	0
XM_022808597.1	4914	4677.15	0	0
XM_022808598.1	2816	2579.15	0	0
XM_022808599.1	2735	2498.15	0	0
XM_022808600.1	2701	2464.15	0	0
XM_022808601.1	2512	2275.15	0	0
XM_022808602.1	3806	3569.15	0	0
XM_022808603.1	2544	2307.15	0	0
XM_022808604.1	3461	3224.15	0	0
XM_022808605.1	3458	3221.15	0	0
XM_022808606.1	3354	3117.15	0	0
XM_022808607.1	3740	3503.15	0	0
XM_022808608.1	732	497.278	0	0
XM_022808609.1	2643	2406.15	0	0
XM_022808610.1	3693	3456.15	0	0
XM_022808611.1	2707	2470.15	0	0
XM_022808612.1	2885	2648.15	0	0
XM_022808613.1	2392	2155.15	0	0
XM_022808614.1	2315	2078.15	0	0
XM_022808615.1	7213	6976.15	0	0
XM_022808616.1	6777	6540.15	0	0
XM_022808617.1	7428	7191.15	0	0
XM_022808618.1	4319	4082.15	0	0
XM_022808619.1	7776	7539.15	0	0
XM_022808620.1	4362	4125.15	0	0
XM_022808621.1	3371	3134.15	0	0
XM_022808622.1	1412	1175.15	0	0
XM_022808623.1	4218	3981.15	0	0
XM_022808624.1	2748	2511.15	0	0
XM_022808625.1	4339	4102.15	0	0
XM_022808626.1	3498	3261.15	0	0
XM_022808627.1	3021	2784.15	0	0
XM_022808628.1	2641	2404.15	0	0
XM_022808629.1	398	193.089	0	0
XM_022808630.1	2231	1994.15	0	0
XM_022808631.1	2821	2584.15	0	0
XM_022808632.1	1861	1624.15	0	0
XM_022808633.1	3313	3076.15	0	0
XM_022808634.1	1816	1579.15	0	0
XM_022808635.1	2012	1775.15	0	0
XM_022808636.1	2015	1778.15	0	0
XM_022808637.1	1559	1322.15	0	0
XM_022808638.1	5337	5100.15	0	0
XM_022808639.1	4130	3893.15	0	0
XM_022808640.1	1462	1225.15	0	0
XM_022808641.1	3020	2783.15	0	0
XM_022808642.1	2773	2536.15	0	0
XM_022808643.1	4038	3801.15	0	0
XM_022808644.1	1361	1124.15	0	0
XM_022808645.1	1408	1171.15	0	0
XM_022808646.1	3169	2932.15	0	0
XM_022808647.1	2238	2001.15	0	0
XM_022808648.1	2337	2100.15	0	0
XM_022808649.1	2838	2601.15	0	0
XM_022808650.1	2866	2629.15	0	0
XM_022808651.1	2994	2757.15	0	0
XM_022808652.1	2910	2673.15	0	0
XM_022808653.1	2202	1965.15	0	0
XM_022808654.1	2222	1985.15	0	0
XM_022808655.1	1976	1739.15	0	0
XM_022808656.1	1813	1576.15	0	0
XM_022808657.1	1833	1596.15	0	0
XM_022808658.1	1750	1513.15	0	0
XM_022808659.1	1770	1533.15	0	0
XM_022808660.1	2858	2621.15	0	0
XM_022808661.1	4384	4147.15	0	0
XM_022808662.1	5034	4797.15	0	0
XM_022808663.1	3743	3506.15	0	0
XM_022808664.1	2014	1777.15	0	0
XM_022808665.1	2416	2179.15	0	0
XM_022808666.1	2436	2199.15	0	0
XM_022808667.1	1772	1535.15	0	0
XM_022808668.1	2034	1797.15	0	0
XM_022808669.1	2011	1774.15	0	0
XM_022808670.1	3151	2914.15	0	0
XM_022808671.1	3187	2950.15	0	0
XM_022808672.1	3082	2845.15	0	0
XM_022808673.1	1734	1497.15	0	0
XM_022808674.1	1606	1369.15	0	0
XM_022808675.1	1744	1507.15	0	0
XM_022808676.1	2071	1834.15	0	0
XM_022808677.1	2927	2690.15	0	0
XM_022808678.1	1468	1231.15	0	0
XM_022808679.1	1482	1245.15	0	0
XM_022808680.1	1300	1063.15	0	0
XM_022808681.1	1353	1116.15	0	0
XM_022808682.1	2388	2151.15	0	0
XM_022808683.1	3033	2796.15	0	0
XM_022808684.1	1224	987.148	0	0
XM_022808685.1	2695	2458.15	0	0
XM_022808686.1	1243	1006.15	0	0
XM_022808687.1	2526	2289.15	0	0
XM_022808688.1	1777	1540.15	0	0
XM_022808689.1	2983	2746.15	0	0
XM_022808690.1	2474	2237.15	0	0
XM_022808691.1	1886	1649.15	0	0
XM_022808692.1	1707	1470.15	0	0
XM_022808693.1	5705	5468.15	0	0
XM_022808694.1	2343	2106.15	0	0
XM_022808695.1	5621	5384.15	0	0
XM_022808696.1	1175	938.148	0	0
XM_022808697.1	1004	767.148	0	0
XM_022808698.1	2034	1797.15	0	0
XM_022808699.1	2003	1766.15	0	0
XM_022808700.1	1874	1637.15	0	0
XM_022808701.1	1939	1702.15	0	0
XM_022808702.1	4019	3782.15	1	0.0482845
XM_022808703.1	2491	2254.15	0	0
XM_022808704.1	1914	1677.15	0	0
XM_022808705.1	1625	1388.15	0	0
XM_022808706.1	1494	1257.15	0	0
XM_022808707.1	1519	1282.15	0	0
XM_022808708.1	1774	1537.15	0	0
XM_022808709.1	5415	5178.15	0	0
XM_022808710.1	5369	5132.15	0	0
XM_022808711.1	5409	5172.15	0	0
XM_022808712.1	1864	1627.15	0	0
XM_022808713.1	1678	1441.15	0	0
XM_022808714.1	1610	1373.15	0	0
XM_022808715.1	3930	3693.15	0	0
XM_022808716.1	1562	1325.15	0	0
XM_022808717.1	1736	1499.15	0	0
XM_022808718.1	1795	1558.15	0	0
XM_022808719.1	1729	1492.15	0	0
XM_022808720.1	1771	1534.15	0	0
XM_022808721.1	1627	1390.15	0	0
XM_022808722.1	1607	1370.15	0	0
XM_022808723.1	1732	1495.15	0	0
XM_022808724.1	1704	1467.15	0	0
XM_022808725.1	1699	1462.15	0	0
XM_022808726.1	3587	3350.15	0	0
XM_022808727.1	1575	1338.15	0	0
XM_022808728.1	1550	1313.15	0	0
XM_022808729.1	1622	1385.15	0	0
XM_022808730.1	1575	1338.15	0	0
XM_022808731.1	1931	1694.15	0	0
XM_022808732.1	1889	1652.15	0	0
XM_022808733.1	1918	1681.15	0	0
XM_022808734.1	1841	1604.15	0	0
XM_022808735.1	1801	1564.15	0	0
XM_022808736.1	2014	1777.15	0	0
XM_022808737.1	1943	1706.15	0	0
XM_022808738.1	1774	1537.15	0	0
XM_022808739.1	3378	3141.15	0	0
XM_022808740.1	923	686.652	0	0
XM_022808741.1	884	647.786	0	0
XM_022808742.1	1971	1734.15	0	0
XM_022808743.1	2287	2050.15	0	0
XM_022808744.1	2164	1927.15	0	0
XM_022808745.1	2280	2043.15	0	0
XM_022808746.1	4703	4466.15	0	0
XM_022808747.1	4429	4192.15	0	0
XM_022808748.1	2105	1868.15	0	0
XM_022808749.1	2086	1849.15	0	0
XM_022808750.1	1842	1605.15	0	0
XM_022808751.1	2149	1912.15	0	0
XM_022808752.1	2508	2271.15	0	0
XM_022808753.1	1886	1649.15	0	0
XM_022808754.1	1861	1624.15	0	0
XM_022808755.1	1869	1632.15	0	0
XM_022808756.1	4891	4654.15	0	0
XM_022808757.1	4780	4543.15	0	0
XM_022808758.1	4720	4483.15	0	0
XM_022808759.1	2261	2024.15	0	0
XM_022808760.1	4681	4444.15	0	0
XM_022808761.1	4757	4520.15	0	0
XM_022808762.1	2751	2514.15	0	0
XM_022808763.1	2459	2222.15	0	0
XM_022808764.1	1760	1523.15	0	0
XM_022808765.1	3171	2934.15	0	0
XM_022808766.1	3222	2985.15	0	0
XM_022808767.1	2232	1995.15	0	0
XM_022808768.1	2752	2515.15	0	0
XM_022808769.1	4070	3833.15	0	0
XM_022808770.1	4063	3826.15	0	0
XM_022808771.1	4009	3772.15	0	0
XM_022808772.1	3894	3657.15	0	0
XM_022808773.1	776	540.607	0	0
XM_022808774.1	828	592.102	0	0
XM_022808775.1	2093	1856.15	0	0
XM_022808776.1	1466	1229.15	0	0
XM_022808777.1	2273	2036.15	0	0
XM_022808778.1	2246	2009.15	0	0
XM_022808779.1	2060	1823.15	0	0
XM_022808780.1	1998	1761.15	0	0
XM_022808781.1	2211	1974.15	0	0
XM_022808782.1	2444	2207.15	0	0
XM_022808783.1	2340	2103.15	0	0
XM_022808784.1	2216	1979.15	0	0
XM_022808785.1	2139	1902.15	0	0
XM_022808786.1	2320	2083.15	0	0
XM_022808787.1	2315	2078.15	0	0
XM_022808788.1	2087	1850.15	0	0
XM_022808789.1	2112	1875.15	0	0
XM_022808790.1	2074	1837.15	0	0
XM_022808791.1	2428	2191.15	0	0
XM_022808792.1	2041	1804.15	0	0
XM_022808793.1	703	468.472	0	0
XM_022808794.1	690	455.704	0	0
XM_022808795.1	1925	1688.15	0	0
XM_022808796.1	724	489.327	0	0
XM_022808797.1	1633	1396.15	0	0
XM_022808798.1	3585	3348.15	0	0
XM_022808799.1	1986	1749.15	0	0
XM_022808800.1	1504	1267.15	0	0
XM_022808801.1	1501	1264.15	0	0
XM_022808802.1	1631	1394.15	0	0
XM_022808803.1	2609	2372.15	0	0
XM_022808804.1	1819	1582.15	0	0
XM_022808805.1	2437	2200.15	0	0
XM_022808806.1	2005	1768.15	0	0
XM_022808807.1	1087	850.148	0	0
XM_022808808.1	4739	4502.15	0	0
XM_022808809.1	4507	4270.15	0	0
XM_022808810.1	3276	3039.15	0	0
XM_022808811.1	8533	8296.15	0	0
XM_022808812.1	6036	5799.15	0	0
XM_022808813.1	7041	6804.15	0	0
XM_022808814.1	6082	5845.15	0	0
XM_022808815.1	5688	5451.15	1	0.0335011
XM_022808816.1	862	625.978	0	0
XM_022808817.1	1246	1009.15	0	0
XM_022808818.1	1262	1025.15	0	0
XM_022808819.1	705	470.425	0	0
XM_022808820.1	1095	858.148	0	0
XM_022808821.1	4228	3991.15	0	0
XM_022808822.1	2588	2351.15	0	0
XM_022808823.1	6694	6457.15	0	0
XM_022808824.1	840	604.102	0	0
XM_022808825.1	6680	6443.15	0	0
XM_022808826.1	6681	6444.15	0	0
XM_022808827.1	6668	6431.15	0	0
XM_022808828.1	6527	6290.15	0	0
XM_022808829.1	5963	5726.15	0	0
XM_022808830.1	1944	1707.15	0	0
XM_022808831.1	1320	1083.15	0	0
XM_022808832.1	548	319.545	0	0
XM_022808833.1	1432	1195.15	0	0
XM_022808834.1	3699	3462.15	0	0
XM_022808835.1	3714	3477.15	0	0
XM_022808836.1	2561	2324.15	0	0
XM_022808837.1	3084	2847.15	0	0
XM_022808838.1	2613	2376.15	0	0
XM_022808839.1	6879	6642.15	0	0
XM_022808840.1	7904	7667.15	0	0
XM_022808841.1	6837	6600.15	0	0
XM_022808842.1	548	319.545	0	0
XM_022808843.1	2206	1969.15	0	0
XM_022808844.1	1863	1626.15	0	0
XM_022808845.1	1132	895.148	0	0
XM_022808846.1	2436	2199.15	0	0
XM_022808847.1	3551	3314.15	0	0
XM_022808848.1	1864	1627.15	0	0
XM_022808849.1	2053	1816.15	0	0
XM_022808850.1	1855	1618.15	0	0
XM_022808851.1	1854	1617.15	0	0
XM_022808852.1	6414	6177.15	1.15164	0.0340467
XM_022808853.1	1701	1464.15	0	0
XM_022808854.1	3871	3634.15	0	0
XM_022808855.1	983	746.224	0	0
XM_022808856.1	3032	2795.15	0	0
XM_022808857.1	3003	2766.15	0	0
XM_022808858.1	1392	1155.15	0	0
XM_022808859.1	720	485.425	0	0
XM_022808860.1	696	461.658	0	0
XM_022808861.1	4275	4038.15	0	0
XM_022808862.1	4279	4042.15	0	0
XM_022808863.1	3931	3694.15	0	0
XM_022808864.1	4272	4035.15	0	0
XM_022808865.1	5569	5332.15	4	0.136995
XM_022808866.1	5953	5716.15	0	0
XM_022808867.1	5750	5513.15	0	0
XM_022808868.1	2275	2038.15	0	0
XM_022808869.1	1276	1039.15	0	0
XM_022808870.1	2258	2021.15	0	0
XM_022808871.1	2275	2038.15	0	0
XM_022808872.1	2281	2044.15	0	0
XM_022808873.1	2297	2060.15	0	0
XM_022808874.1	2271	2034.15	0	0
XM_022808875.1	2302	2065.15	0	0
XM_022808876.1	2261	2024.15	0	0
XM_022808877.1	4377	4140.15	0	0
XM_022808878.1	893	656.786	0	0
XM_022808879.1	867	630.915	0	0
XM_022808880.1	1412	1175.15	0	0
XM_022808881.1	2503	2266.15	0	0
XM_022808882.1	4768	4531.15	0	0
XM_022808883.1	3507	3270.15	0	0
XM_022808884.1	3079	2842.15	0	0
XM_022808885.1	1391	1154.15	0	0
XM_022808886.1	4537	4300.15	0	0
XM_022808887.1	918	681.652	0	0
XM_022808888.1	834	598.102	0	0
XM_022808889.1	1584	1347.15	0	0
XM_022808890.1	4311	4074.15	0	0
XM_022808891.1	4230	3993.15	0	0
XM_022808892.1	3957	3720.15	0	0
XM_022808893.1	3950	3713.15	0	0
XM_022808894.1	1144	907.148	0	0
XM_022808895.1	3540	3303.15	0	0
XM_022808896.1	3943	3706.15	0	0
XM_022808897.1	4548	4311.15	0	0
XM_022808898.1	1440	1203.15	0	0
XM_022808899.1	3488	3251.15	0	0
XM_022808900.1	3415	3178.15	0	0
XM_022808901.1	3424	3187.15	0	0
XM_022808902.1	2051	1814.15	0	0
XM_022808903.1	1871	1634.15	0	0
XM_022808904.1	1974	1737.15	0	0
XM_022808905.1	1526	1289.15	0	0
XM_022808906.1	5190	4953.15	0	0
XM_022808907.1	1563	1326.15	0	0
XM_022808908.1	5172	4935.15	0	0
XM_022808909.1	4556	4319.15	0	0
XM_022808910.1	4629	4392.15	0	0
XM_022808911.1	3166	2929.15	0	0
XM_022808912.1	1367	1130.15	0	0
XM_022808913.1	1468	1231.15	0	0
XM_022808914.1	1288	1051.15	0	0
XM_022808915.1	2120	1883.15	0	0
XM_022808916.1	1344	1107.15	0	0
XM_022808917.1	2545	2308.15	0	0
XM_022808918.1	2536	2299.15	0	0
XM_022808919.1	2285	2048.15	0	0
XM_022808920.1	2246	2009.15	0	0
XM_022808921.1	796	560.277	0	0
XM_022808922.1	2437	2200.15	0	0
XM_022808923.1	1987	1750.15	0	0
XM_022808924.1	1693	1456.15	0	0
XM_022808925.1	1323	1086.15	0	0
XM_022808926.1	1676	1439.15	0	0
XM_022808927.1	1532	1295.15	0	0
XM_022808928.1	2201	1964.15	0	0
XM_022808929.1	2701	2464.15	0	0
XM_022808930.1	2166	1929.15	0	0
XM_022808931.1	2404	2167.15	0	0
XM_022808932.1	1992	1755.15	0	0
XM_022808933.1	6337	6100.15	0	0
XM_022808934.1	6277	6040.15	0	0
XM_022808935.1	5996	5759.15	0	0
XM_022808936.1	6271	6034.15	0	0
XM_022808937.1	5867	5630.15	0	0
XM_022808938.1	6303	6066.15	0	0
XM_022808939.1	861	624.978	0	0
XM_022808940.1	6220	5983.15	0	0
XM_022808941.1	5813	5576.15	0	0
XM_022808942.1	5654	5417.15	0	0
XM_022808943.1	3612	3375.15	0	0
XM_022808944.1	4292	4055.15	0	0
XM_022808945.1	3457	3220.15	0	0
XM_022808946.1	3363	3126.15	0	0
XM_022808947.1	3295	3058.15	0	0
XM_022808948.1	3856	3619.15	0	0
XM_022808949.1	4432	4195.15	0	0
XM_022808950.1	4132	3895.15	0	0
XM_022808951.1	3462	3225.15	0	0
XM_022808952.1	3710	3473.15	0	0
XM_022808953.1	2802	2565.15	0	0
XM_022808954.1	1485	1248.15	0	0
XM_022808955.1	1745	1508.15	0	0
XM_022808956.1	3500	3263.15	0	0
XM_022808957.1	2666	2429.15	0	0
XM_022808958.1	1040	803.148	0	0
XM_022808959.1	2700	2463.15	0	0
XM_022808960.1	2683	2446.15	0	0
XM_022808961.1	4996	4759.15	0	0
XM_022808962.1	12054	11817.1	0	0
XM_022808963.1	12016	11779.1	0	0
XM_022808964.1	11901	11664.1	0	0
XM_022808965.1	7139	6902.15	0	0
XM_022808966.1	11896	11659.1	0	0
XM_022808967.1	11863	11626.1	0	0
XM_022808968.1	5655	5418.15	0	0
XM_022808969.1	11858	11621.1	0	0
XM_022808970.1	4531	4294.15	0	0
XM_022808971.1	4050	3813.15	0	0
XM_022808972.1	4047	3810.15	0	0
XM_022808973.1	3163	2926.15	0	0
XM_022808974.1	3154	2917.15	0	0
XM_022808975.1	3064	2827.15	0	0
XM_022808976.1	6454	6217.15	0	0
XM_022808977.1	5963	5726.15	0	0
XM_022808978.1	4073	3836.15	0	0
XM_022808979.1	5851	5614.15	0	0
XM_022808980.1	5668	5431.15	0	0
XM_022808981.1	5995	5758.15	0	0
XM_022808982.1	5632	5395.15	0	0
XM_022808983.1	11448	11211.1	0	0
XM_022808984.1	11346	11109.1	0	0
XM_022808985.1	10947	10710.1	0	0
XM_022808986.1	1753	1516.15	0	0
XM_022808987.1	2308	2071.15	0	0
XM_022808988.1	4040	3803.15	0	0
XM_022808989.1	1791	1554.15	0	0
XM_022808990.1	2588	2351.15	0	0
XM_022808991.1	2969	2732.15	0	0
XM_022808992.1	3155	2918.15	0	0
XM_022808993.1	2935	2698.15	0	0
XM_022808994.1	3053	2816.15	0	0
XM_022808995.1	2609	2372.15	0	0
XM_022808996.1	2600	2363.15	0	0
XM_022808997.1	2594	2357.15	0	0
XM_022808998.1	2586	2349.15	0	0
XM_022808999.1	2741	2504.15	0	0
XM_022809000.1	1790	1553.15	0	0
XM_022809001.1	1769	1532.15	0	0
XM_022809002.1	1463	1226.15	0	0
XM_022809003.1	2477	2240.15	0	0
XM_022809004.1	2384	2147.15	0	0
XM_022809005.1	1088	851.148	0	0
XM_022809006.1	976	739.224	0	0
XM_022809007.1	2688	2451.15	0	0
XM_022809008.1	941	704.582	0	0
XM_022809009.1	2327	2090.15	0	0
XM_022809010.1	3083	2846.15	0	0
XM_022809011.1	3861	3624.15	0	0
XM_022809012.1	3631	3394.15	0	0
XM_022809013.1	2323	2086.15	0	0
XM_022809014.1	2981	2744.15	0	0
XM_022809015.1	1109	872.148	0	0
XM_022809016.1	1458	1221.15	0	0
XM_022809017.1	1292	1055.15	0	0
XM_022809018.1	1071	834.148	0	0
XM_022809019.1	3500	3263.15	0	0
XM_022809020.1	3303	3066.15	0	0
XM_022809021.1	3387	3150.15	0	0
XM_022809022.1	2739	2502.15	0	0
XM_022809023.1	2908	2671.15	0	0
XM_022809024.1	2903	2666.15	0	0
XM_022809025.1	2701	2464.15	0	0
XM_022809026.1	2104	1867.15	0	0
XM_022809027.1	1803	1566.15	0	0
XM_022809028.1	2817	2580.15	0	0
XM_022809029.1	3170	2933.15	0	0
XM_022809030.1	1427	1190.15	0	0
XM_022809031.1	2583	2346.15	0	0
XM_022809032.1	3580	3343.15	0	0
XM_022809033.1	3551	3314.15	0	0
XM_022809034.1	4960	4723.15	0	0
XM_022809035.1	4674	4437.15	0	0
XM_022809036.1	3220	2983.15	0	0
XM_022809037.1	4061	3824.15	0	0
XM_022809038.1	3726	3489.15	0	0
XM_022809039.1	4196	3959.15	0	0
XM_022809040.1	3948	3711.15	0	0
XM_022809041.1	5232	4995.15	0	0
XM_022809042.1	5341	5104.15	0	0
XM_022809043.1	4937	4700.15	0	0
XM_022809044.1	4870	4633.15	0	0
XM_022809045.1	3346	3109.15	0	0
XM_022809046.1	3688	3451.15	0	0
XM_022809047.1	4967	4730.15	0	0
XM_022809048.1	3314	3077.15	0	0
XM_022809049.1	2992	2755.15	0	0
XM_022809050.1	2918	2681.15	0	0
XM_022809051.1	8870	8633.15	0	0
XM_022809052.1	5052	4815.15	0	0
XM_022809053.1	3954	3717.15	0	0
XM_022809054.1	4951	4714.15	0	0
XM_022809055.1	3030	2793.15	0	0
XM_022809056.1	3030	2793.15	0	0
XM_022809057.1	3028	2791.15	0	0
XM_022809058.1	2987	2750.15	0	0
XM_022809059.1	1068	831.148	0	0
XM_022809060.1	1142	905.148	0	0
XM_022809061.1	3594	3357.15	0	0
XM_022809062.1	4156	3919.15	0	0
XM_022809063.1	3882	3645.15	0	0
XM_022809064.1	5407	5170.15	0	0
XM_022809065.1	3608	3371.15	0	0
XM_022809066.1	3859	3622.15	0	0
XM_022809067.1	3904	3667.15	0	0
XM_022809068.1	2294	2057.15	0	0
XM_022809069.1	1451	1214.15	0	0
XM_022809070.1	1906	1669.15	0	0
XM_022809071.1	1858	1621.15	0	0
XM_022809072.1	2956	2719.15	0	0
XM_022809073.1	8357	8120.15	0	0
XM_022809074.1	8401	8164.15	0	0
XM_022809075.1	5808	5571.15	0	0
XM_022809076.1	5873	5636.15	0	0
XM_022809077.1	3505	3268.15	0	0
XM_022809078.1	4254	4017.15	0	0
XM_022809079.1	4288	4051.15	0	0
XM_022809080.1	4030	3793.15	0	0
XM_022809081.1	3915	3678.15	0	0
XM_022809082.1	3658	3421.15	0	0
XM_022809083.1	2277	2040.15	0	0
XM_022809084.1	3998	3761.15	0	0
XM_022809085.1	4632	4395.15	0	0
XM_022809086.1	3519	3282.15	0	0
XM_022809087.1	3963	3726.15	0	0
XM_022809088.1	7141	6904.15	0	0
XM_022809089.1	3108	2871.15	0	0
XM_022809090.1	2983	2746.15	0	0
XM_022809091.1	2267	2030.15	0	0
XM_022809092.1	3509	3272.15	0	0
XM_022809093.1	1716	1479.15	0	0
XM_022809094.1	3074	2837.15	0	0
XM_022809095.1	3845	3608.15	1	0.050613
XM_022809096.1	3921	3684.15	0	0
XM_022809097.1	4589	4352.15	0	0
XM_022809098.1	4327	4090.15	0	0
XM_022809099.1	2116	1879.15	0	0
XM_022809100.1	1543	1306.15	0	0
XM_022809101.1	1472	1235.15	0	0
XM_022809102.1	1464	1227.15	0	0
XM_022809103.1	1064	827.148	0	0
XM_022809104.1	1051	814.148	0	0
XM_022809105.1	5653	5416.15	0	0
XM_022809106.1	5210	4973.15	0	0
XM_022809107.1	2072	1835.15	0	0
XM_022809108.1	5200	4963.15	0	0
XM_022809109.1	5355	5118.15	0	0
XM_022809110.1	5343	5106.15	0	0
XM_022809111.1	5325	5088.15	0	0
XM_022809112.1	5274	5037.15	0	0
XM_022809113.1	5262	5025.15	0	0
XM_022809114.1	5247	5010.15	0	0
XM_022809115.1	5241	5004.15	0	0
XM_022809116.1	5229	4992.15	0	0
XM_022809117.1	5205	4968.15	0	0
XM_022809118.1	5199	4962.15	0	0
XM_022809119.1	5190	4953.15	0	0
XM_022809120.1	5135	4898.15	0	0
XM_022809121.1	1912	1675.15	0	0
XM_022809122.1	6130	5893.15	0	0
XM_022809123.1	2658	2421.15	2	0.150853
XM_022809124.1	2895	2658.15	0	0
XM_022809125.1	2925	2688.15	0	0
XM_022809126.1	2708	2471.15	0	0
XM_022809127.1	1391	1154.15	0	0
XM_022809128.1	1514	1277.15	0	0
XM_022809129.1	1389	1152.15	0	0
XM_022809130.1	1366	1129.15	0	0
XM_022809131.1	1333	1096.15	0	0
XM_022809132.1	6100	5863.15	0	0
XM_022809133.1	2399	2162.15	0	0
XM_022809134.1	3275	3038.15	0	0
XM_022809135.1	3260	3023.15	0	0
XM_022809136.1	2191	1954.15	0	0
XM_022809137.1	6080	5843.15	0	0
XM_022809138.1	6077	5840.15	0	0
XM_022809139.1	6077	5840.15	0	0
XM_022809140.1	7432	7195.15	0	0
XM_022809141.1	6066	5829.15	0	0
XM_022809142.1	5731	5494.15	0	0
XM_022809143.1	5485	5248.15	0	0
XM_022809144.1	5280	5043.15	0	0
XM_022809145.1	5987	5750.15	0	0
XM_022809146.1	5208	4971.15	0	0
XM_022809147.1	5909	5672.15	0	0
XM_022809148.1	5057	4820.15	0	0
XM_022809149.1	4687	4450.15	0	0
XM_022809150.1	3372	3135.15	0	0
XM_022809151.1	6007	5770.15	0	0
XM_022809152.1	2215	1978.15	0	0
XM_022809153.1	3096	2859.15	0	0
XM_022809154.1	4259	4022.15	0	0
XM_022809155.1	3008	2771.15	0	0
XM_022809156.1	2305	2068.15	0	0
XM_022809157.1	2009	1772.15	0	0
XM_022809158.1	2029	1792.15	0	0
XM_022809159.1	2300	2063.15	0	0
XM_022809160.1	1294	1057.15	0	0
XM_022809161.1	5900	5663.15	0	0
XM_022809162.1	1206	969.148	0	0
XM_022809163.1	1694	1457.15	0	0
XM_022809164.1	1211	974.148	0	0
XM_022809165.1	3190	2953.15	0	0
XM_022809166.1	3696	3459.15	0	0
XM_022809167.1	2536	2299.15	0	0
XM_022809168.1	2336	2099.15	0	0
XM_022809169.1	542	314.093	0	0
XM_022809170.1	2190	1953.15	0	0
XM_022809171.1	6130	5893.15	0	0
XM_022809172.1	5804	5567.15	0	0
XM_022809173.1	4701	4464.15	0	0
XM_022809174.1	5597	5360.15	0	0
XM_022809175.1	1769	1532.15	0	0
XM_022809176.1	1799	1562.15	0	0
XM_022809177.1	2805	2568.15	0	0
XM_022809178.1	777	541.553	0	0
XM_022809179.1	5042	4805.15	0	0
XM_022809180.1	12900	12663.1	0	0
XM_022809181.1	12891	12654.1	0	0
XM_022809182.1	12858	12621.1	0	0
XM_022809183.1	12794	12557.1	0	0
XM_022809184.1	12755	12518.1	0	0
XM_022809185.1	12678	12441.1	0	0
XM_022809186.1	12626	12389.1	0	0
XM_022809187.1	12584	12347.1	0	0
XM_022809188.1	11129	10892.1	0	0
XM_022809189.1	4306	4069.15	0	0
XM_022809190.1	3052	2815.15	0	0
XM_022809191.1	3372	3135.15	0	0
XM_022809192.1	3095	2858.15	0	0
XM_022809193.1	2845	2608.15	0	0
XM_022809194.1	2418	2181.15	0	0
XM_022809195.1	2445	2208.15	0	0
XM_022809196.1	2391	2154.15	0	0
XM_022809197.1	2011	1774.15	0	0
XM_022809198.1	1892	1655.15	0	0
XM_022809199.1	1549	1312.15	0	0
XM_022809200.1	1801	1564.15	0	0
XM_022809201.1	1798	1561.15	0	0
XM_022809202.1	1609	1372.15	0	0
XM_022809203.1	1612	1375.15	0	0
XM_022809204.1	1779	1542.15	0	0
XM_022809205.1	1498	1261.15	0	0
XM_022809206.1	2626	2389.15	0	0
XM_022809207.1	1655	1418.15	0	0
XM_022809208.1	1645	1408.15	0	0
XM_022809209.1	1645	1408.15	0	0
XM_022809210.1	1760	1523.15	0	0
XM_022809211.1	2623	2386.15	0	0
XM_022809212.1	666	432.418	0	0
XM_022809213.1	5030	4793.15	0	0
XM_022809214.1	4775	4538.15	0	0
XM_022809215.1	3510	3273.15	0	0
XM_022809216.1	3334	3097.15	0	0
XM_022809217.1	1662	1425.15	0	0
XM_022809218.1	2420	2183.15	0	0
XM_022809219.1	1524	1287.15	0	0
XM_022809220.1	2165	1928.15	0	0
XM_022809221.1	2090	1853.15	0	0
XM_022809222.1	2165	1928.15	0	0
XM_022809223.1	1155	918.148	0	0
XM_022809224.1	2019	1782.15	0	0
XM_022809225.1	1140	903.148	0	0
XM_022809226.1	1682	1445.15	0	0
XM_022809227.1	5617	5380.15	0	0
XM_022809228.1	5614	5377.15	0	0
XM_022809229.1	5641	5404.15	0	0
XM_022809230.1	5381	5144.15	0	0
XM_022809231.1	5042	4805.15	0	0
XM_022809232.1	3104	2867.15	0	0
XM_022809233.1	3119	2882.15	0	0
XM_022809234.1	3038	2801.15	0	0
XM_022809235.1	1662	1425.15	0	0
XM_022809236.1	2775	2538.15	0	0
XM_022809237.1	2378	2141.15	0	0
XM_022809238.1	2328	2091.15	0	0
XM_022809239.1	2456	2219.15	0	0
XM_022809240.1	2932	2695.15	0	0
XM_022809241.1	2826	2589.15	0	0
XM_022809242.1	2906	2669.15	0	0
XM_022809243.1	5608	5371.15	0	0
XM_022809244.1	1637	1400.15	0	0
XM_022809245.1	5479	5242.15	0	0
XM_022809246.1	3249	3012.15	0	0
XM_022809247.1	4936	4699.15	0	0
XM_022809248.1	4932	4695.15	0	0
XM_022809249.1	4795	4558.15	0	0
XM_022809250.1	4666	4429.15	0	0
XM_022809251.1	5398	5161.15	0	0
XM_022809252.1	5604	5367.15	0	0
XM_022809253.1	5639	5402.15	0	0
XM_022809254.1	2572	2335.15	0	0
XM_022809255.1	1649	1412.15	0	0
XM_022809256.1	4694	4457.15	0	0
XM_022809257.1	2478	2241.15	0	0
XM_022809258.1	668	434.375	0	0
XM_022809259.1	3544	3307.15	0	0
XM_022809260.1	13603	13366.1	0	0
XM_022809261.1	9013	8776.15	0	0
XM_022809262.1	11340	11103.1	0	0
XM_022809263.1	8827	8590.15	1	0.0212591
XM_022809264.1	1571	1334.15	0	0
XM_022809265.1	11215	10978.1	0	0
XM_022809266.1	3945	3708.15	0	0
XM_022809267.1	10905	10668.1	0	0
XM_022809268.1	3723	3486.15	0	0
XM_022809269.1	1268	1031.15	0	0
XM_022809270.1	2325	2088.15	0	0
XM_022809271.1	1615	1378.15	0	0
XM_022809272.1	2243	2006.15	0	0
XM_022809273.1	1245	1008.15	0	0
XM_022809274.1	3023	2786.15	0	0
XM_022809275.1	3735	3498.15	0	0
XM_022809276.1	3546	3309.15	0	0
XM_022809277.1	2945	2708.15	0	0
XM_022809278.1	8079	7842.15	0	0
XM_022809279.1	1744	1507.15	0	0
XM_022809280.1	3040	2803.15	0	0
XM_022809281.1	3138	2901.15	0	0
XM_022809282.1	3305	3068.15	0	0
XM_022809283.1	3011	2774.15	0	0
XM_022809284.1	3218	2981.15	0	0
XM_022809285.1	2769	2532.15	0	0
XM_022809286.1	4111	3874.15	0	0
XM_022809287.1	1566	1329.15	0	0
XM_022809288.1	4086	3849.15	0	0
XM_022809289.1	3588	3351.15	0	0
XM_022809290.1	4225	3988.15	0	0
XM_022809291.1	3235	2998.15	0	0
XM_022809292.1	1891	1654.15	0	0
XM_022809293.1	2048	1811.15	0	0
XM_022809294.1	1900	1663.15	0	0
XM_022809295.1	1863	1626.15	0	0
XM_022809296.1	2399	2162.15	0	0
XM_022809297.1	1830	1593.15	0	0
XM_022809298.1	1653	1416.15	0	0
XM_022809299.1	1759	1522.15	0	0
XM_022809300.1	635	402.216	0	0
XM_022809301.1	9974	9737.15	0	0
XM_022809302.1	6914	6677.15	0	0
XM_022809303.1	8223	7986.15	0	0
XM_022809304.1	5647	5410.15	0	0
XM_022809305.1	5636	5399.15	0	0
XM_022809306.1	7845	7608.15	0	0
XM_022809307.1	7828	7591.15	0	0
XM_022809308.1	7771	7534.15	0	0
XM_022809309.1	3244	3007.15	0	0
XM_022809310.1	3049	2812.15	0	0
XM_022809311.1	3284	3047.15	0	0
XM_022809312.1	3009	2772.15	0	0
XM_022809313.1	2875	2638.15	0	0
XM_022809314.1	2540	2303.15	0	0
XM_022809315.1	2487	2250.15	0	0
XM_022809316.1	7006	6769.15	0	0
XM_022809317.1	3159	2922.15	0	0
XM_022809318.1	679	445.021	0	0
XM_022809319.1	3347	3110.15	0	0
XM_022809320.1	3508	3271.15	0	0
XM_022809321.1	1848	1611.15	0	0
XM_022809322.1	8843	8606.15	0	0
XM_022809323.1	9332	9095.15	0	0
XM_022809324.1	8592	8355.15	0	0
XM_022809325.1	8577	8340.15	0	0
XM_022809326.1	7290	7053.15	0	0
XM_022809327.1	8773	8536.15	0	0
XM_022809328.1	8598	8361.15	0	0
XM_022809329.1	8753	8516.15	0	0
XM_022809330.1	8505	8268.15	0	0
XM_022809331.1	489	267.38	0	0
XM_022809332.1	7538	7301.15	0	0
XM_022809333.1	7410	7173.15	0	0
XM_022809334.1	6721	6484.15	0	0
XM_022809335.1	6424	6187.15	0	0
XM_022809336.1	6822	6585.15	0	0
XM_022809337.1	2055	1818.15	0	0
XM_022809338.1	2453	2216.15	0	0
XM_022809339.1	2383	2146.15	0	0
XM_022809340.1	1914	1677.15	0	0
XM_022809341.1	2842	2605.15	0	0
XM_022809342.1	5646	5409.15	0	0
XM_022809343.1	5592	5355.15	0	0
XM_022809344.1	5322	5085.15	0	0
XM_022809345.1	4068	3831.15	0	0
XM_022809346.1	4594	4357.15	0	0
XM_022809347.1	3805	3568.15	0	0
XM_022809348.1	3638	3401.15	0	0
XM_022809349.1	3712	3475.15	0	0
XM_022809350.1	6361	6124.15	0	0
XM_022809351.1	6957	6720.15	0	0
XM_022809352.1	5730	5493.15	0	0
XM_022809353.1	3468	3231.15	0	0
XM_022809354.1	4911	4674.15	0	0
XM_022809355.1	4679	4442.15	0	0
XM_022809356.1	3451	3214.15	0	0
XM_022809357.1	5831	5594.15	0	0
XM_022809358.1	5816	5579.15	0	0
XM_022809359.1	3580	3343.15	0	0
XM_022809360.1	1739	1502.15	0	0
XM_022809361.1	1135	898.148	0	0
XM_022809362.1	4308	4071.15	0	0
XM_022809363.1	1493	1256.15	0	0
XM_022809364.1	1490	1253.15	0	0
XM_022809365.1	6495	6258.15	0	0
XM_022809366.1	6492	6255.15	0	0
XM_022809367.1	6264	6027.15	0	0
XM_022809368.1	6249	6012.15	0	0
XM_022809369.1	4921	4684.15	0	0
XM_022809370.1	8055	7818.15	0	0
XM_022809371.1	1790	1553.15	0	0
XM_022809372.1	4451	4214.15	0	0
XM_022809373.1	5319	5082.15	0	0
XM_022809374.1	2282	2045.15	0	0
XM_022809375.1	2810	2573.15	0	0
XM_022809376.1	2792	2555.15	0	0
XM_022809377.1	2757	2520.15	0	0
XM_022809378.1	2520	2283.15	0	0
XM_022809379.1	2971	2734.15	0	0
XM_022809380.1	2963	2726.15	0	0
XM_022809381.1	3134	2897.15	0	0
XM_022809382.1	2956	2719.15	0	0
XM_022809383.1	2933	2696.15	0	0
XM_022809384.1	2934	2697.15	0	0
XM_022809385.1	2876	2639.15	0	0
XM_022809386.1	1531	1294.15	0	0
XM_022809387.1	6894	6657.15	0	0
XM_022809388.1	1355	1118.15	0	0
XM_022809389.1	1407	1170.15	0	0
XM_022809390.1	1818	1581.15	0	0
XM_022809391.1	920	683.652	0	0
XM_022809392.1	3044	2807.15	0	0
XM_022809393.1	16558	16321.1	0	0
XM_022809394.1	1522	1285.15	0	0
XM_022809395.1	871	634.915	0	0
XM_022809396.1	602	370.378	0	0
XM_022809397.1	924	687.652	0	0
XM_022809398.1	801	565.277	0	0
XM_022809399.1	7584	7347.15	0	0
XM_022809400.1	2044	1807.15	0	0
XM_022809401.1	3432	3195.15	0	0
XM_022809402.1	1526	1289.15	0	0
XM_022809403.1	2035	1798.15	0	0
XM_022809404.1	1833	1596.15	0	0
XM_022809405.1	828	592.102	0	0
XM_022809406.1	8972	8735.15	0	0
XM_022809407.1	7648	7411.15	0	0
XM_022809408.1	7998	7761.15	0	0
XM_022809409.1	7739	7502.15	0	0
XM_022809410.1	7731	7494.15	0	0
XM_022809411.1	1527	1290.15	0	0
XM_022809412.1	7726	7489.15	0	0
XM_022809413.1	5981	5744.15	0	0
XM_022809414.1	8084	7847.15	0	0
XM_022809415.1	4865	4628.15	0	0
XM_022809416.1	4724	4487.15	0	0
XM_022809417.1	5450	5213.15	0	0
XM_022809418.1	3670	3433.15	0	0
XM_022809419.1	5390	5153.15	0	0
XM_022809420.1	3656	3419.15	0	0
XM_022809421.1	7034	6797.15	0	0
XM_022809422.1	2320	2083.15	0	0
XM_022809423.1	2204	1967.15	0	0
XM_022809424.1	2218	1981.15	0	0
XM_022809425.1	2315	2078.15	0	0
XM_022809426.1	415	206.558	0	0
XM_022809427.1	4676	4439.15	0	0
XM_022809428.1	4667	4430.15	0	0
XM_022809429.1	4643	4406.15	0	0
XM_022809430.1	2159	1922.15	0	0
XM_022809431.1	5310	5073.15	0	0
XM_022809432.1	5271	5034.15	0	0
XM_022809433.1	4788	4551.15	0	0
XM_022809434.1	2836	2599.15	0	0
XM_022809435.1	987	750.224	0	0
XM_022809436.1	1298	1061.15	0	0
XM_022809437.1	3405	3168.15	0	0
XM_022809438.1	2661	2424.15	0	0
XM_022809439.1	2939	2702.15	0	0
XM_022809440.1	2937	2700.15	0	0
XM_022809441.1	2677	2440.15	0	0
XM_022809442.1	2571	2334.15	0	0
XM_022809443.1	2247	2010.15	0	0
XM_022809444.1	1915	1678.15	0	0
XM_022809445.1	8928	8691.15	0	0
XM_022809446.1	8925	8688.15	0	0
XM_022809447.1	8883	8646.15	0	0
XM_022809448.1	9001	8764.15	0	0
XM_022809449.1	9747	9510.15	0	0
XM_022809450.1	9655	9418.15	0	0
XM_022809451.1	9313	9076.15	0	0
XM_022809452.1	939	702.582	0	0
XM_022809453.1	9498	9261.15	0	0
XM_022809454.1	9233	8996.15	0	0
XM_022809455.1	9207	8970.15	0	0
XM_022809456.1	9162	8925.15	0	0
XM_022809457.1	9392	9155.15	0	0
XM_022809458.1	9376	9139.15	0	0
XM_022809459.1	9094	8857.15	0	0
XM_022809460.1	9108	8871.15	0	0
XM_022809461.1	1643	1406.15	0	0
XM_022809462.1	1512	1275.15	0	0
XM_022809463.1	2160	1923.15	0	0
XM_022809464.1	2228	1991.15	0	0
XM_022809465.1	2621	2384.15	0	0
XM_022809466.1	1336	1099.15	0	0
XM_022809467.1	2031	1794.15	0	0
XM_022809468.1	2530	2293.15	0	0
XM_022809469.1	2475	2238.15	0	0
XM_022809470.1	2123	1886.15	0	0
XM_022809471.1	7041	6804.15	0	0
XM_022809472.1	2052	1815.15	0	0
XM_022809473.1	2384	2147.15	0	0
XM_022809474.1	2673	2436.15	0	0
XM_022809475.1	2598	2361.15	0	0
XM_022809476.1	2346	2109.15	0	0
XM_022809477.1	2413	2176.15	0	0
XM_022809478.1	1797	1560.15	0	0
XM_022809479.1	1670	1433.15	0	0
XM_022809480.1	3891	3654.15	0	0
XM_022809481.1	1654	1417.15	0	0
XM_022809482.1	4072	3835.15	0	0
XM_022809483.1	3996	3759.15	0	0
XM_022809484.1	3610	3373.15	0	0
XM_022809485.1	2603	2366.15	0	0
XM_022809486.1	2265	2028.15	0	0
XM_022809487.1	1275	1038.15	0	0
XM_022809488.1	1253	1016.15	0	0
XM_022809489.1	11112	10875.1	0	0
XM_022809490.1	9645	9408.15	0	0
XM_022809491.1	9555	9318.15	0	0
XM_022809492.1	703	468.472	0	0
XM_022809493.1	9887	9650.15	0	0
XM_022809494.1	9450	9213.15	0	0
XM_022809495.1	6902	6665.15	0	0
XM_022809496.1	6887	6650.15	0	0
XM_022809497.1	6702	6465.15	0	0
XM_022809498.1	6682	6445.15	0	0
XM_022809499.1	6759	6522.15	0	0
XM_022809500.1	6592	6355.15	0	0
XM_022809501.1	7505	7268.15	0	0
XM_022809502.1	767	531.607	0	0
XM_022809503.1	6410	6173.15	0	0
XM_022809504.1	5938	5701.15	0	0
XM_022809505.1	5833	5596.15	0	0
XM_022809506.1	4185	3948.15	0	0
XM_022809507.1	3162	2925.15	0	0
XM_022809508.1	3103	2866.15	0	0
XM_022809509.1	4104	3867.15	0	0
XM_022809510.1	4113	3876.15	0	0
XM_022809511.1	6536	6299.15	0	0
XM_022809512.1	8784	8547.15	0	0
XM_022809513.1	6423	6186.15	0	0
XM_022809514.1	6531	6294.15	0	0
XM_022809515.1	6323	6086.15	0	0
XM_022809516.1	8222	7985.15	0	0
XM_022809517.1	8156	7919.15	0	0
XM_022809518.1	5520	5283.15	0	0
XM_022809519.1	5493	5256.15	0	0
XM_022809520.1	5283	5046.15	0	0
XM_022809521.1	7858	7621.15	0	0
XM_022809522.1	4785	4548.15	0	0
XM_022809523.1	3993	3756.15	0	0
XM_022809524.1	3949	3712.15	0	0
XM_022809525.1	3871	3634.15	0	0
XM_022809526.1	3712	3475.15	0	0
XM_022809527.1	3732	3495.15	0	0
XM_022809528.1	4462	4225.15	0	0
XM_022809529.1	3712	3475.15	0	0
XM_022809530.1	3337	3100.15	0	0
XM_022809531.1	945	708.441	0	0
XM_022809532.1	1718	1481.15	0	0
XM_022809533.1	1384	1147.15	0	0
XM_022809534.1	729	494.327	0	0
XM_022809535.1	832	596.102	0	0
XM_022809536.1	1970	1733.15	0	0
XM_022809537.1	2123	1886.15	0	0
XM_022809538.1	805	569.277	0	0
XM_022809539.1	6868	6631.15	0	0
XM_022809540.1	6865	6628.15	0	0
XM_022809541.1	3304	3067.15	0	0
XM_022809542.1	3196	2959.15	0	0
XM_022809543.1	3209	2972.15	0	0
XM_022809544.1	4038	3801.15	0	0
XM_022809545.1	3303	3066.15	0	0
XM_022809546.1	9392	9155.15	0	0
XM_022809547.1	1293	1056.15	0	0
XM_022809548.1	3159	2922.15	0	0
XM_022809549.1	1443	1206.15	0	0
XM_022809550.1	1357	1120.15	0	0
XM_022809551.1	1256	1019.15	0	0
XM_022809552.1	8846	8609.15	0	0
XM_022809553.1	9415	9178.15	0	0
XM_022809554.1	2175	1938.15	0	0
XM_022809555.1	1939	1702.15	0	0
XM_022809556.1	1656	1419.15	0	0
XM_022809557.1	1849	1612.15	0	0
XM_022809558.1	1878	1641.15	0	0
XM_022809559.1	1992	1755.15	0	0
XM_022809560.1	598	366.49	0	0
XM_022809561.1	2707	2470.15	0	0
XM_022809562.1	2386	2149.15	0	0
XM_022809563.1	2230	1993.15	0	0
XM_022809564.1	2750	2513.15	0	0
XM_022809565.1	2690	2453.15	0	0
XM_022809566.1	2313	2076.15	0	0
XM_022809567.1	2665	2428.15	0	0
XM_022809568.1	2268	2031.15	0	0
XM_022809569.1	2650	2413.15	0	0
XM_022809570.1	4783	4546.15	0	0
XM_022809571.1	5004	4767.15	0	0
XM_022809572.1	4869	4632.15	0	0
XM_022809573.1	4540	4303.15	0	0
XM_022809574.1	4241	4004.15	0	0
XM_022809575.1	4114	3877.15	0	0
XM_022809576.1	3857	3620.15	0	0
XM_022809577.1	3235	2998.15	0	0
XM_022809578.1	1576	1339.15	0	0
XM_022809579.1	633	400.256	0	0
XM_022809580.1	4354	4117.15	0	0
XM_022809581.1	1466	1229.15	0	0
XM_022809582.1	4186	3949.15	0	0
XM_022809583.1	4210	3973.15	0	0
XM_022809584.1	4162	3925.15	0	0
XM_022809585.1	3972	3735.15	0	0
XM_022809586.1	1022	785.148	0	0
XM_022809587.1	893	656.786	0	0
XM_022809588.1	1431	1194.15	0	0
XM_022809589.1	7325	7088.15	0	0
XM_022809590.1	5954	5717.15	0	0
XM_022809591.1	13172	12935.1	0	0
XM_022809592.1	3556	3319.15	0	0
XM_022809593.1	4865	4628.15	0	0
XM_022809594.1	4563	4326.15	0	0
XM_022809595.1	5904	5667.15	0	0
XM_022809596.1	2306	2069.15	0	0
XM_022809597.1	6153	5916.15	0	0
XM_022809598.1	2183	1946.15	0	0
XM_022809599.1	1127	890.148	0	0
XM_022809600.1	970	733.297	0	0
XM_022809601.1	6875	6638.15	0	0
XM_022809602.1	2737	2500.15	0	0
XM_022809603.1	5196	4959.15	0	0
XM_022809604.1	5395	5158.15	0	0
XM_022809605.1	3665	3428.15	0	0
XM_022809606.1	4179	3942.15	0	0
XM_022809607.1	3895	3658.15	0	0
XM_022809608.1	4088	3851.15	0	0
XM_022809609.1	4630	4393.15	0	0
XM_022809610.1	4602	4365.15	0	0
XM_022809611.1	4832	4595.15	0	0
XM_022809612.1	4235	3998.15	0	0
XM_022809613.1	15103	14866.1	0	0
XM_022809614.1	15472	15235.1	0	0
XM_022809615.1	15436	15199.1	0	0
XM_022809616.1	6514	6277.15	0	0
XM_022809617.1	15369	15132.1	0	0
XM_022809618.1	14962	14725.1	0	0
XM_022809619.1	14941	14704.1	0	0
XM_022809620.1	13666	13429.1	0	0
XM_022809621.1	14518	14281.1	0	0
XM_022809622.1	3961	3724.15	0	0
XM_022809623.1	3810	3573.15	0	0
XM_022809624.1	5879	5642.15	0	0
XM_022809625.1	5710	5473.15	0	0
XM_022809626.1	3094	2857.15	0	0
XM_022809627.1	5843	5606.15	0	0
XM_022809628.1	4171	3934.15	0	0
XM_022809629.1	4049	3812.15	0	0
XM_022809630.1	3664	3427.15	0	0
XM_022809631.1	3299	3062.15	0	0
XM_022809632.1	3315	3078.15	0	0
XM_022809633.1	3273	3036.15	0	0
XM_022809634.1	3971	3734.15	0	0
XM_022809635.1	8003	7766.15	0	0
XM_022809636.1	3921	3684.15	0	0
XM_022809637.1	3488	3251.15	0	0
XM_022809638.1	3482	3245.15	0	0
XM_022809639.1	1488	1251.15	0	0
XM_022809640.1	2023	1786.15	0	0
XM_022809641.1	1699	1462.15	0	0
XM_022809642.1	1720	1483.15	0	0
XM_022809643.1	2080	1843.15	0	0
XM_022809644.1	1861	1624.15	0	0
XM_022809645.1	2635	2398.15	0	0
XM_022809646.1	4838	4601.15	0	0
XM_022809647.1	522	296.313	0	0
XM_022809648.1	1859	1622.15	0	0
XM_022809649.1	5379	5142.15	0	0
XM_022809650.1	876	639.915	0	0
XM_022809651.1	852	616.102	0	0
XM_022809652.1	5113	4876.15	0	0
XM_022809653.1	4675	4438.15	0	0
XM_022809654.1	4296	4059.15	0	0
XM_022809655.1	4611	4374.15	0	0
XM_022809656.1	7258	7021.15	0	0
XM_022809657.1	7243	7006.15	0	0
XM_022809658.1	6084	5847.15	0	0
XM_022809659.1	1807	1570.15	0	0
XM_022809660.1	10598	10361.1	0	0
XM_022809661.1	1200	963.148	0	0
XM_022809662.1	1137	900.148	0	0
XM_022809663.1	1102	865.148	0	0
XM_022809664.1	968	731.297	0	0
XM_022809665.1	723	488.376	0	0
XM_022809666.1	10391	10154.1	0	0
XM_022809667.1	938	701.582	0	0
XM_022809668.1	744	509.025	0	0
XM_022809669.1	7541	7304.15	0	0
XM_022809670.1	7734	7497.15	0	0
XM_022809671.1	5985	5748.15	0	0
XM_022809672.1	6878	6641.15	0	0
XM_022809673.1	7543	7306.15	0	0
XM_022809674.1	11431	11194.1	0	0
XM_022809675.1	11410	11173.1	0	0
XM_022809676.1	10594	10357.1	0	0
XM_022809677.1	11266	11029.1	0	0
XM_022809678.1	11292	11055.1	0	0
XM_022809679.1	10586	10349.1	0	0
XM_022809680.1	11264	11027.1	0	0
XM_022809681.1	9992	9755.15	0	0
XM_022809682.1	9951	9714.15	0	0
XM_022809683.1	4874	4637.15	0	0
XM_022809684.1	5866	5629.15	0	0
XM_022809685.1	4812	4575.15	0	0
XM_022809686.1	541	313.189	0	0
XM_022809687.1	573	343.139	0	0
XM_022809688.1	8333	8096.15	0	0
XM_022809689.1	1490	1253.15	0	0
XM_022809690.1	1390	1153.15	0	0
XM_022809691.1	2295	2058.15	0	0
XM_022809692.1	4833	4596.15	0	0
XM_022809693.1	4659	4422.15	0	0
XM_022809694.1	4822	4585.15	0	0
XM_022809695.1	4648	4411.15	0	0
XM_022809696.1	3681	3444.15	0	0
XM_022809697.1	3522	3285.15	0	0
XM_022809698.1	2220	1983.15	0	0
XM_022809699.1	3487	3250.15	0	0
XM_022809700.1	7608	7371.15	0	0
XM_022809701.1	7578	7341.15	0	0
XM_022809702.1	7431	7194.15	0	0
XM_022809703.1	6381	6144.15	0	0
XM_022809704.1	5508	5271.15	0	0
XM_022809705.1	5995	5758.15	0	0
XM_022809706.1	5558	5321.15	0	0
XM_022809707.1	5480	5243.15	0	0
XM_022809708.1	2157	1920.15	0	0
XM_022809709.1	2840	2603.15	0	0
XM_022809710.1	4766	4529.15	0	0
XM_022809711.1	3814	3577.15	0	0
XM_022809712.1	9986	9749.15	0	0
XM_022809713.1	9956	9719.15	0	0
XM_022809714.1	8725	8488.15	0	0
XM_022809715.1	9923	9686.15	0	0
XM_022809716.1	6316	6079.15	0	0
XM_022809717.1	4536	4299.15	0	0
XM_022809718.1	4520	4283.15	0	0
XM_022809719.1	4448	4211.15	0	0
XM_022809720.1	4597	4360.15	0	0
XM_022809721.1	4535	4298.15	0	0
XM_022809722.1	2758	2521.15	1.01097	0.0732295
XM_022809723.1	4519	4282.15	0	0
XM_022809724.1	4495	4258.15	0	0
XM_022809725.1	4424	4187.15	0	0
XM_022809726.1	4442	4205.15	0	0
XM_022809727.1	4387	4150.15	0	0
XM_022809728.1	4385	4148.15	0	0
XM_022809729.1	5329	5092.15	0	0
XM_022809730.1	6064	5827.15	0	0
XM_022809731.1	4375	4138.15	0	0
XM_022809732.1	2565	2328.15	0	0
XM_022809733.1	2438	2201.15	0	0
XM_022809734.1	2413	2176.15	0	0
XM_022809735.1	2349	2112.15	0	0
XM_022809736.1	1637	1400.15	0	0
XM_022809737.1	373	174.282	0	0
XM_022809738.1	1473	1236.15	0	0
XM_022809739.1	6182	5945.15	0	0
XM_022809740.1	14992	14755.1	0	0
XM_022809741.1	14974	14737.1	0	0
XM_022809742.1	9891	9654.15	5.08281	0.0961471
XM_022809743.1	9674	9437.15	0	0
XM_022809744.1	7031	6794.15	0	0
XM_022809745.1	6513	6276.15	0	0
XM_022809746.1	7714	7477.15	0	0
XM_022809747.1	6818	6581.15	0	0
XM_022809748.1	4301	4064.15	0	0
XM_022809749.1	2627	2390.15	0	0
XM_022809750.1	3842	3605.15	0	0
XM_022809751.1	7128	6891.15	0	0
XM_022809752.1	11995	11758.1	0	0
XM_022809753.1	12702	12465.1	0	0
XM_022809754.1	11980	11743.1	0	0
XM_022809755.1	11927	11690.1	0	0
XM_022809756.1	5514	5277.15	0	0
XM_022809757.1	7755	7518.15	0	0
XM_022809758.1	4002	3765.15	0	0
XM_022809759.1	5841	5604.15	0	0
XM_022809760.1	9411	9174.15	0	0
XM_022809761.1	9223	8986.15	0	0
XM_022809762.1	6212	5975.15	0	0
XM_022809763.1	9716	9479.15	0	0
XM_022809764.1	5655	5418.15	0	0
XM_022809765.1	5811	5574.15	0	0
XM_022809766.1	5684	5447.15	0	0
XM_022809767.1	6425	6188.15	0	0
XM_022809768.1	5500	5263.15	0	0
XM_022809769.1	3999	3762.15	0	0
XM_022809770.1	5322	5085.15	0	0
XM_022809771.1	6519	6282.15	0	0
XM_022809772.1	2857	2620.15	0	0
XM_022809773.1	3574	3337.15	0	0
XM_022809774.1	3571	3334.15	0	0
XM_022809775.1	3987	3750.15	0	0
XM_022809776.1	5617	5380.15	0	0
XM_022809777.1	3630	3393.15	0	0
XM_022809778.1	12368	12131.1	0	0
XM_022809779.1	12362	12125.1	0	0
XM_022809780.1	11365	11128.1	0	0
XM_022809781.1	10654	10417.1	0	0
XM_022809782.1	12252	12015.1	0	0
XM_022809783.1	12269	12032.1	0	0
XM_022809784.1	3957	3720.15	0	0
XM_022809785.1	3204	2967.15	0	0
XM_022809786.1	2938	2701.15	0	0
XM_022809787.1	1638	1401.15	0	0
XM_022809788.1	1511	1274.15	0	0
XM_022809789.1	2215	1978.15	0	0
XM_022809790.1	3807	3570.15	0	0
XM_022809791.1	3803	3566.15	0	0
XM_022809792.1	4847	4610.15	0	0
XM_022809793.1	5266	5029.15	0	0
XM_022809794.1	14861	14624.1	0	0
XM_022809795.1	14848	14611.1	0	0
XM_022809796.1	12882	12645.1	0	0
XM_022809797.1	16883	16646.1	0	0
XM_022809798.1	14801	14564.1	0	0
XM_022809799.1	3987	3750.15	0	0
XM_022809800.1	14591	14354.1	0	0
XM_022809801.1	3416	3179.15	0	0
XM_022809802.1	3425	3188.15	0	0
XM_022809803.1	1853	1616.15	0	0
XM_022809804.1	2053	1816.15	0	0
XM_022809805.1	4919	4682.15	0	0
XM_022809806.1	2494	2257.15	0	0
XM_022809807.1	2446	2209.15	0	0
XM_022809808.1	2172	1935.15	0	0
XM_022809809.1	2124	1887.15	0	0
XM_022809810.1	2838	2601.15	0	0
XM_022809811.1	2669	2432.15	0	0
XM_022809812.1	2047	1810.15	0	0
XM_022809813.1	3928	3691.15	0	0
XM_022809814.1	2401	2164.15	0	0
XM_022809815.1	2147	1910.15	0	0
XM_022809816.1	2095	1858.15	0	0
XM_022809817.1	1868	1631.15	0	0
XM_022809818.1	2781	2544.15	0	0
XM_022809819.1	8131	7894.15	0	0
XM_022809820.1	1647	1410.15	0	0
XM_022809821.1	3801	3564.15	2	0.102476
XM_022809822.1	7821	7584.15	1	0.0240791
XM_022809823.1	4980	4743.15	0	0
XM_022809824.1	1206	969.148	0	0
XM_022809825.1	1219	982.148	0	0
XM_022809826.1	1750	1513.15	0	0
XM_022809827.1	1569	1332.15	0	0
XM_022809828.1	3022	2785.15	0	0
XM_022809829.1	3016	2779.15	0	0
XM_022809830.1	2987	2750.15	0	0
XM_022809831.1	2538	2301.15	0	0
XM_022809832.1	2968	2731.15	0	0
XM_022809833.1	1532	1295.15	0	0
XM_022809834.1	1500	1263.15	0	0
XM_022809835.1	1523	1286.15	0	0
XM_022809836.1	1524	1287.15	0	0
XM_022809837.1	1511	1274.15	0	0
XM_022809838.1	10802	10565.1	0	0
XM_022809839.1	12001	11764.1	0	0
XM_022809840.1	11737	11500.1	0	0
XM_022809841.1	10591	10354.1	0	0
XM_022809842.1	10469	10232.1	0	0
XM_022809843.1	4705	4468.15	0	0
XM_022809844.1	3752	3515.15	0	0
XM_022809845.1	3705	3468.15	0	0
XM_022809846.1	3647	3410.15	0	0
XM_022809847.1	9265	9028.15	0	0
XM_022809848.1	2146	1909.15	0	0
XM_022809849.1	8807	8570.15	0	0
XM_022809850.1	8768	8531.15	0	0
XM_022809851.1	9394	9157.15	0	0
XM_022809852.1	9370	9133.15	0	0
XM_022809853.1	9364	9127.15	0	0
XM_022809854.1	8322	8085.15	0	0
XM_022809855.1	8278	8041.15	0	0
XM_022809856.1	4445	4208.15	0	0
XM_022809857.1	7276	7039.15	0	0
XM_022809858.1	7119	6882.15	0	0
XM_022809859.1	6734	6497.15	0	0
XM_022809860.1	6716	6479.15	0	0
XM_022809861.1	6820	6583.15	0	0
XM_022809862.1	6353	6116.15	0	0
XM_022809863.1	2119	1882.15	0	0
XM_022809864.1	4124	3887.15	0	0
XM_022809865.1	4705	4468.15	0	0
XM_022809866.1	2827	2590.15	0	0
XM_022809867.1	2897	2660.15	0	0
XM_022809868.1	2145	1908.15	0	0
XM_022809869.1	2034	1797.15	0	0
XM_022809870.1	2064	1827.15	0	0
XM_022809871.1	6633	6396.15	0	0
XM_022809872.1	6802	6565.15	0	0
XM_022809873.1	6790	6553.15	0	0
XM_022809874.1	1292	1055.15	0	0
XM_022809875.1	1271	1034.15	0	0
XM_022809876.1	4938	4701.15	0	0
XM_022809877.1	1276	1039.15	0	0
XM_022809878.1	1246	1009.15	0	0
XM_022809879.1	4489	4252.15	0	0
XM_022809880.1	4513	4276.15	0	0
XM_022809881.1	4472	4235.15	0	0
XM_022809882.1	4475	4238.15	0	0
XM_022809883.1	4288	4051.15	0	0
XM_022809884.1	3233	2996.15	0	0
XM_022809885.1	4680	4443.15	0	0
XM_022809886.1	5232	4995.15	0	0
XM_022809887.1	5491	5254.15	0	0
XM_022809888.1	4910	4673.15	0	0
XM_022809889.1	3655	3418.15	0	0
XM_022809890.1	2482	2245.15	0	0
XM_022809891.1	4012	3775.15	0	0
XM_022809892.1	3870	3633.15	0	0
XM_022809893.1	9530	9293.15	3	0.0589529
XM_022809894.1	9001	8764.15	0	0
XM_022809895.1	7694	7457.15	0	0
XM_022809896.1	4611	4374.15	0	0
XM_022809897.1	1542	1305.15	0	0
XM_022809898.1	693	458.704	0	0
XM_022809899.1	8939	8702.15	0	0
XM_022809900.1	6966	6729.15	0	0
XM_022809901.1	7211	6974.15	0	0
XM_022809902.1	1096	859.148	0	0
XM_022809903.1	9616	9379.15	0	0
XM_022809904.1	9607	9370.15	0	0
XM_022809905.1	9379	9142.15	0	0
XM_022809906.1	2166	1929.15	0	0
XM_022809907.1	2151	1914.15	0	0
XM_022809908.1	7869	7632.15	0	0
XM_022809909.1	1713	1476.15	0	0
XM_022809910.1	2547	2310.15	0	0
XM_022809911.1	2544	2307.15	0	0
XM_022809912.1	2360	2123.15	0	0
XM_022809913.1	2188	1951.15	0	0
XM_022809914.1	8669	8432.15	0	0
XM_022809915.1	7935	7698.15	0	0
XM_022809916.1	8660	8423.15	0	0
XM_022809917.1	10277	10040.1	0	0
XM_022809918.1	8630	8393.15	0	0
XM_022809919.1	8621	8384.15	0	0
XM_022809920.1	4305	4068.15	0	0
XM_022809921.1	4302	4065.15	0	0
XM_022809922.1	4362	4125.15	0	0
XM_022809923.1	4180	3943.15	0	0
XM_022809924.1	4177	3940.15	0	0
XM_022809925.1	1149	912.148	0	0
XM_022809926.1	9935	9698.15	0	0
XM_022809927.1	8539	8302.15	0	0
XM_022809928.1	9141	8904.15	0	0
XM_022809929.1	8613	8376.15	0	0
XM_022809930.1	2392	2155.15	0	0
XM_022809931.1	4052	3815.15	0	0
XM_022809932.1	3565	3328.15	0	0
XM_022809933.1	3532	3295.15	0	0
XM_022809934.1	3505	3268.15	0	0
XM_022809935.1	3466	3229.15	0	0
XM_022809936.1	4154	3917.15	0	0
XM_022809937.1	2486	2249.15	0	0
XM_022809938.1	4127	3890.15	0	0
XM_022809939.1	4069	3832.15	0	0
XM_022809940.1	3298	3061.15	0	0
XM_022809941.1	3344	3107.15	0	0
XM_022809942.1	2252	2015.15	0	0
XM_022809943.1	5145	4908.15	0	0
XM_022809944.1	3340	3103.15	0	0
XM_022809945.1	1676	1439.15	0	0
XM_022809946.1	5576	5339.15	0	0
XM_022809947.1	5740	5503.15	0	0
XM_022809948.1	7593	7356.15	0	0
XM_022809949.1	7946	7709.15	0	0
XM_022809950.1	7857	7620.15	0	0
XM_022809951.1	5735	5498.15	0	0
XM_022809952.1	5272	5035.15	0	0
XM_022809953.1	7282	7045.15	0	0
XM_022809954.1	3164	2927.15	0	0
XM_022809955.1	5739	5502.15	0	0
XM_022809956.1	13995	13758.1	0	0
XM_022809957.1	13886	13649.1	0	0
XM_022809958.1	13868	13631.1	0	0
XM_022809959.1	12139	11902.1	0	0
XM_022809960.1	13553	13316.1	0	0
XM_022809961.1	10578	10341.1	0	0
XM_022809962.1	10800	10563.1	0	0
XM_022809963.1	11465	11228.1	0	0
XM_022809964.1	13372	13135.1	0	0
XM_022809965.1	13902	13665.1	0	0
XM_022809966.1	7034	6797.15	0	0
XM_022809967.1	8362	8125.15	0	0
XM_022809968.1	665	431.505	0	0
XM_022809969.1	16912	16675.1	0	0
XM_022809970.1	12647	12410.1	0	0
XM_022809971.1	1296	1059.15	0	0
XM_022809972.1	10777	10540.1	0	0
XM_022809973.1	10773	10536.1	0	0
XM_022809974.1	10618	10381.1	4.37994e-06	7.70493e-08
XM_022809975.1	11780	11543.1	0	0
XM_022809976.1	661	427.591	0	0
XM_022809977.1	13354	13117.1	0	0
XM_022809978.1	11791	11554.1	0	0
XM_022809979.1	10884	10647.1	0	0
XM_022809980.1	11709	11472.1	0	0
XM_022809981.1	13055	12818.1	0	0
XM_022809982.1	10489	10252.1	1.0032	0.0178697
XM_022809983.1	10620	10383.1	3.62154e-06	6.36958e-08
XM_022809984.1	13351	13114.1	0	0
XM_022809985.1	988	751.224	0	0
XM_022809986.1	982	745.224	0	0
XM_022809987.1	595	363.638	0	0
XM_022809988.1	4006	3769.15	0	0
XM_022809989.1	3783	3546.15	0	0
XM_022809990.1	3899	3662.15	0	0
XM_022809991.1	6366	6129.15	0	0
XM_022809992.1	6363	6126.15	0	0
XM_022809993.1	6137	5900.15	0	0
XM_022809994.1	5893	5656.15	0	0
XM_022809995.1	6834	6597.15	0	0
XM_022809996.1	596	364.638	0	0
XM_022809997.1	6804	6567.15	0	0
XM_022809998.1	5342	5105.15	0	0
XM_022809999.1	5608	5371.15	0	0
XM_022810000.1	5382	5145.15	0	0
XM_022810001.1	5420	5183.15	0	0
XM_022810002.1	5305	5068.15	0	0
XM_022810003.1	4658	4421.15	0	0
XM_022810004.1	4309	4072.15	0	0
XM_022810005.1	2319	2082.15	0	0
XM_022810006.1	2210	1973.15	0	0
XM_022810007.1	2042	1805.15	0	0
XM_022810008.1	11246	11009.1	0	0
XM_022810009.1	10840	10603.1	0	0
XM_022810010.1	3417	3180.15	0	0
XM_022810011.1	12777	12540.1	0	0
XM_022810012.1	11006	10769.1	0	0
XM_022810013.1	10866	10629.1	0	0
XM_022810014.1	10384	10147.1	0	0
XM_022810015.1	9497	9260.15	0	0
XM_022810016.1	8936	8699.15	0	0
XM_022810017.1	8480	8243.15	0	0
XM_022810018.1	8392	8155.15	0	0
XM_022810019.1	4221	3984.15	0	0
XM_022810020.1	3421	3184.15	0	0
XM_022810021.1	4598	4361.15	0	0
XM_022810022.1	4281	4044.15	0	0
XM_022810023.1	3829	3592.15	0	0
XM_022810024.1	3675	3438.15	0	0
XM_022810025.1	2151	1914.15	0	0
XM_022810026.1	1186	949.148	0	0
XM_022810027.1	3290	3053.15	0	0
XM_022810028.1	3224	2987.15	0	0
XM_022810029.1	4286	4049.15	0	0
XM_022810030.1	3415	3178.15	0	0
XM_022810031.1	2465	2228.15	0	0
XM_022810032.1	2912	2675.15	0	0
XM_022810033.1	750	514.922	0	0
XM_022810034.1	15965	15728.1	0	0
XM_022810035.1	11578	11341.1	0	0
XM_022810036.1	12178	11941.1	2.03012	0.0310471
XM_022810037.1	3054	2817.15	0	0
XM_022810038.1	14885	14648.1	0	0
XM_022810039.1	12126	11889.1	0	0
XM_022810040.1	10735	10498.1	0	0
XM_022810041.1	3660	3423.15	0	0
XM_022810042.1	1311	1074.15	0	0
XM_022810043.1	8082	7845.15	0	0
XM_022810044.1	8004	7767.15	0	0
XM_022810045.1	7980	7743.15	0	0
XM_022810046.1	5197	4960.15	0	0
XM_022810047.1	2963	2726.15	0	0
XM_022810048.1	7818	7581.15	0	0
XM_022810049.1	6776	6539.15	0	0
XM_022810050.1	6776	6539.15	0	0
XM_022810051.1	7158	6921.15	0	0
XM_022810052.1	6731	6494.15	0	0
XM_022810053.1	6977	6740.15	0	0
XM_022810054.1	6461	6224.15	0	0
XM_022810055.1	6218	5981.15	0	0
XM_022810056.1	6223	5986.15	0	0
XM_022810057.1	6202	5965.15	0	0
XM_022810058.1	3310	3073.15	0	0
XM_022810059.1	6196	5959.15	0	0
XM_022810060.1	8228	7991.15	0	0
XM_022810061.1	1763	1526.15	0	0
XM_022810062.1	3465	3228.15	0	0
XM_022810063.1	3424	3187.15	0	0
XM_022810064.1	3316	3079.15	0	0
XM_022810065.1	1042	805.148	0	0
XM_022810066.1	2661	2424.15	0	0
XM_022810067.1	3884	3647.15	0	0
XM_022810068.1	2688	2451.15	0	0
XM_022810069.1	3293	3056.15	0	0
XM_022810070.1	2751	2514.15	0	0
XM_022810071.1	6489	6252.15	0	0
XM_022810072.1	5975	5738.15	0	0
XM_022810073.1	4953	4716.15	0	0
XM_022810074.1	5274	5037.15	0	0
XM_022810075.1	3695	3458.15	0	0
XM_022810076.1	3324	3087.15	0	0
XM_022810077.1	3365	3128.15	0	0
XM_022810078.1	3521	3284.15	0	0
XM_022810079.1	3458	3221.15	0	0
XM_022810080.1	1893	1656.15	0	0
XM_022810081.1	1872	1635.15	0	0
XM_022810082.1	1991	1754.15	0	0
XM_022810083.1	1409	1172.15	0	0
XM_022810084.1	1405	1168.15	0	0
XM_022810085.1	1101	864.148	0	0
XM_022810086.1	3332	3095.15	0	0
XM_022810087.1	3308	3071.15	0	0
XM_022810088.1	2001	1764.15	0	0
XM_022810089.1	1915	1678.15	0	0
XM_022810090.1	4802	4565.15	0	0
XM_022810091.1	4227	3990.15	0	0
XM_022810092.1	3482	3245.15	0	0
XM_022810093.1	3163	2926.15	0	0
XM_022810094.1	2601	2364.15	0	0
XM_022810095.1	5662	5425.15	0	0
XM_022810096.1	4222	3985.15	0	0
XM_022810097.1	4025	3788.15	0	0
XM_022810098.1	3744	3507.15	0	0
XM_022810099.1	3638	3401.15	0	0
XM_022810100.1	1558	1321.15	0	0
XM_022810101.1	6076	5839.15	0	0
XM_022810102.1	5811	5574.15	0	0
XM_022810103.1	5193	4956.15	0	0
XM_022810104.1	4804	4567.15	0	0
XM_022810105.1	3101	2864.15	0	0
XM_022810106.1	2534	2297.15	0	0
XM_022810107.1	5731	5494.15	0	0
XM_022810108.1	2757	2520.15	0	0
XM_022810109.1	1711	1474.15	0	0
XM_022810110.1	1887	1650.15	0	0
XM_022810111.1	1773	1536.15	0	0
XM_022810112.1	1680	1443.15	0	0
XM_022810113.1	1670	1433.15	0	0
XM_022810114.1	1710	1473.15	0	0
XM_022810115.1	1677	1440.15	0	0
XM_022810116.1	3104	2867.15	0	0
XM_022810117.1	5710	5473.15	0	0
XM_022810118.1	1211	974.148	0	0
XM_022810119.1	2644	2407.15	0	0
XM_022810120.1	2635	2398.15	0	0
XM_022810121.1	2089	1852.15	0	0
XM_022810122.1	6183	5946.15	0	0
XM_022810123.1	6294	6057.15	0	0
XM_022810124.1	6064	5827.15	0	0
XM_022810125.1	6060	5823.15	0	0
XM_022810126.1	6486	6249.15	0	0
XM_022810127.1	5282	5045.15	0	0
XM_022810128.1	4985	4748.15	0	0
XM_022810129.1	1058	821.148	0	0
XM_022810130.1	701	466.519	0	0
XM_022810131.1	630	397.376	0	0
XM_022810132.1	4800	4563.15	0	0
XM_022810133.1	4293	4056.15	0	0
XM_022810134.1	4872	4635.15	0	0
XM_022810135.1	5758	5521.15	0	0
XM_022810136.1	4155	3918.15	0	0
XM_022810137.1	4482	4245.15	0	0
XM_022810138.1	4660	4423.15	0	0
XM_022810139.1	4468	4231.15	0	0
XM_022810140.1	3958	3721.15	0	0
XM_022810141.1	4540	4303.15	0	0
XM_022810142.1	6534	6297.15	0	0
XM_022810143.1	4495	4258.15	0	0
XM_022810144.1	4412	4175.15	0	0
XM_022810145.1	5284	5047.15	0	0
XM_022810146.1	6288	6051.15	0	0
XM_022810147.1	4431	4194.15	0	0
XM_022810148.1	6193	5956.15	0	0
XM_022810149.1	6137	5900.15	0	0
XM_022810150.1	5988	5751.15	0	0
XM_022810151.1	3038	2801.15	0	0
XM_022810152.1	2990	2753.15	0	0
XM_022810153.1	6992	6755.15	0	0
XM_022810154.1	6984	6747.15	0	0
XM_022810155.1	7010	6773.15	0	0
XM_022810156.1	6971	6734.15	0	0
XM_022810157.1	6996	6759.15	0	0
XM_022810158.1	7018	6781.15	0	0
XM_022810159.1	7014	6777.15	0	0
XM_022810160.1	5783	5546.15	0	0
XM_022810161.1	7064	6827.15	0	0
XM_022810162.1	7017	6780.15	0	0
XM_022810163.1	3376	3139.15	0	0
XM_022810164.1	3389	3152.15	0	0
XM_022810165.1	3243	3006.15	0	0
XM_022810166.1	3018	2781.15	0	0
XM_022810167.1	2332	2095.15	0	0
XM_022810168.1	2309	2072.15	0	0
XM_022810169.1	20224	19987.1	0	0
XM_022810170.1	5670	5433.15	0	0
XM_022810171.1	14238	14001.1	0	0
XM_022810172.1	3251	3014.15	0	0
XM_022810173.1	3429	3192.15	0	0
XM_022810174.1	2900	2663.15	0	0
XM_022810175.1	2992	2755.15	0	0
XM_022810176.1	2859	2622.15	0	0
XM_022810177.1	3036	2799.15	0	0
XM_022810178.1	2829	2592.15	0	0
XM_022810179.1	3242	3005.15	0	0
XM_022810180.1	2613	2376.15	0	0
XM_022810181.1	2376	2139.15	0	0
XM_022810182.1	6909	6672.15	0	0
XM_022810183.1	2562	2325.15	0	0
XM_022810184.1	2180	1943.15	0	0
XM_022810185.1	2193	1956.15	0	0
XM_022810186.1	3051	2814.15	0	0
XM_022810187.1	2352	2115.15	0	0
XM_022810188.1	3144	2907.15	0	0
XM_022810189.1	9931	9694.15	0	0
XM_022810190.1	14658	14421.1	0	0
XM_022810191.1	2362	2125.15	0	0
XM_022810192.1	2556	2319.15	0	0
XM_022810193.1	4930	4693.15	0	0
XM_022810194.1	4935	4698.15	0	0
XM_022810195.1	3342	3105.15	0	0
XM_022810196.1	7857	7620.15	0	0
XM_022810197.1	4282	4045.15	0	0
XM_022810198.1	4143	3906.15	0	0
XM_022810199.1	4962	4725.15	0	0
XM_022810200.1	6228	5991.15	0	0
XM_022810201.1	19324	19087.1	0	0
XM_022810202.1	19317	19080.1	0	0
XM_022810203.1	19394	19157.1	0	0
XM_022810204.1	6793	6556.15	0	0
XM_022810205.1	18101	17864.1	0	0
XM_022810206.1	5631	5394.15	0	0
XM_022810207.1	6055	5818.15	0	0
XM_022810208.1	3122	2885.15	0	0
XM_022810209.1	4950	4713.15	0	0
XM_022810210.1	2351	2114.15	0	0
XM_022810211.1	5800	5563.15	0	0
XM_022810212.1	5210	4973.15	0	0
XM_022810213.1	1003	766.148	0	0
XM_022810214.1	6056	5819.15	0	0
XM_022810215.1	2374	2137.15	0	0
XM_022810216.1	2332	2095.15	0	0
XM_022810217.1	2513	2276.15	0	0
XM_022810218.1	4062	3825.15	0	0
XM_022810219.1	2311	2074.15	0	0
XM_022810220.1	2253	2016.15	0	0
XM_022810221.1	4187	3950.15	0	0
XM_022810222.1	4158	3921.15	0	0
XM_022810223.1	2528	2291.15	0	0
XM_022810224.1	3993	3756.15	0	0
XM_022810225.1	3192	2955.15	0	0
XM_022810226.1	3134	2897.15	0	0
XM_022810227.1	4362	4125.15	0	0
XM_022810228.1	3057	2820.15	0	0
XM_022810229.1	2876	2639.15	0	0
XM_022810230.1	4011	3774.15	0	0
XM_022810231.1	3741	3504.15	0	0
XM_022810232.1	2349	2112.15	0	0
XM_022810233.1	3635	3398.15	0	0
XM_022810234.1	5004	4767.15	0	0
XM_022810235.1	2114	1877.15	0	0
XM_022810236.1	4075	3838.15	0	0
XM_022810237.1	1865	1628.15	0	0
XM_022810238.1	4275	4038.15	0	0
XM_022810239.1	1959	1722.15	0	0
XM_022810240.1	2775	2538.15	0	0
XM_022810241.1	3844	3607.15	0	0
XM_022810242.1	9813	9576.15	0	0
XM_022810243.1	1769	1532.15	0	0
XM_022810244.1	5825	5588.15	0	0
XM_022810245.1	5142	4905.15	0	0
XM_022810246.1	3954	3717.15	0	0
XM_022810247.1	3531	3294.15	0	0
XM_022810248.1	6032	5795.15	1.87452	0.0590708
XM_022810249.1	9760	9523.15	0	0
XM_022810250.1	1628	1391.15	0	0
XM_022810251.1	5713	5476.15	0	0
XM_022810252.1	5719	5482.15	0	0
XM_022810253.1	4090	3853.15	0	0
XM_022810254.1	4497	4260.15	0	0
XM_022810255.1	4310	4073.15	0	0
XM_022810256.1	7160	6923.15	0	0
XM_022810257.1	3396	3159.15	0	0
XM_022810258.1	3637	3400.15	0	0
XM_022810259.1	4881	4644.15	0	0
XM_022810260.1	1569	1332.15	0	0
XM_022810261.1	5097	4860.15	0	0
XM_022810262.1	4771	4534.15	2.92221e-08	1.17696e-09
XM_022810263.1	4692	4455.15	1.00007	0.0409936
XM_022810264.1	2558	2321.15	0	0
XM_022810265.1	2540	2303.15	0	0
XM_022810266.1	2301	2064.15	0	0
XM_022810267.1	2273	2036.15	0	0
XM_022810268.1	2233	1996.15	0	0
XM_022810269.1	1451	1214.15	0	0
XM_022810270.1	2967	2730.15	0	0
XM_022810271.1	2936	2699.15	0	0
XM_022810272.1	6069	5832.15	0	0
XM_022810273.1	5761	5524.15	0	0
XM_022810274.1	6182	5945.15	0	0
XM_022810275.1	6359	6122.15	0	0
XM_022810276.1	7662	7425.15	0	0
XM_022810277.1	6459	6222.15	0	0
XM_022810278.1	5960	5723.15	0	0
XM_022810279.1	5762	5525.15	0	0
XM_022810280.1	3678	3441.15	0	0
XM_022810281.1	5220	4983.15	1	0.0366474
XM_022810282.1	3141	2904.15	0	0
XM_022810283.1	4307	4070.15	0	0
XM_022810284.1	7328	7091.15	0	0
XM_022810285.1	5653	5416.15	0	0
XM_022810286.1	5334	5097.15	0	0
XM_022810287.1	5007	4770.15	0	0
XM_022810288.1	6012	5775.15	0	0
XM_022810289.1	894	657.786	0	0
XM_022810290.1	825	589.162	0	0
XM_022810291.1	3444	3207.15	0	0
XM_022810292.1	3055	2818.15	0	0
XM_022810293.1	2906	2669.15	0	0
XM_022810294.1	2427	2190.15	0	0
XM_022810295.1	2845	2608.15	0	0
XM_022810296.1	3822	3585.15	0	0
XM_022810297.1	2467	2230.15	0	0
XM_022810298.1	2170	1933.15	0	0
XM_022810299.1	2290	2053.15	0	0
XM_022810300.1	1961	1724.15	0	0
XM_022810301.1	1932	1695.15	0	0
XM_022810302.1	2012	1775.15	0	0
XM_022810303.1	1928	1691.15	0	0
XM_022810304.1	2007	1770.15	0	0
XM_022810305.1	2045	1808.15	0	0
XM_022810306.1	2877	2640.15	0	0
XM_022810307.1	7766	7529.15	0	0
XM_022810308.1	8541	8304.15	0	0
XM_022810309.1	8556	8319.15	0	0
XM_022810310.1	8531	8294.15	0	0
XM_022810311.1	2462	2225.15	0	0
XM_022810312.1	6881	6644.15	0	0
XM_022810313.1	2858	2621.15	0	0
XM_022810314.1	10274	10037.1	0	0
XM_022810315.1	8418	8181.15	0	0
XM_022810316.1	12752	12515.1	0	0
XM_022810317.1	12429	12192.1	0	0
XM_022810318.1	12632	12395.1	0	0
XM_022810319.1	9374	9137.15	0	0
XM_022810320.1	6372	6135.15	0	0
XM_022810321.1	5023	4786.15	0	0
XM_022810322.1	8872	8635.15	0	0
XM_022810323.1	7679	7442.15	0	0
XM_022810324.1	8497	8260.15	0	0
XM_022810325.1	8544	8307.15	0	0
XM_022810326.1	4290	4053.15	0	0
XM_022810327.1	7941	7704.15	0	0
XM_022810328.1	7932	7695.15	0	0
XM_022810329.1	7979	7742.15	0	0
XM_022810330.1	7825	7588.15	0	0
XM_022810331.1	8936	8699.15	0	0
XM_022810332.1	6169	5932.15	0	0
XM_022810333.1	8931	8694.15	0	0
XM_022810334.1	8915	8678.15	0	0
XM_022810335.1	8968	8731.15	0	0
XM_022810336.1	8897	8660.15	0	0
XM_022810337.1	8867	8630.15	0	0
XM_022810338.1	5038	4801.15	0	0
XM_022810339.1	4343	4106.15	0	0
XM_022810340.1	4750	4513.15	0	0
XM_022810341.1	4545	4308.15	0	0
XM_022810342.1	4459	4222.15	0	0
XM_022810343.1	4380	4143.15	0	0
XM_022810344.1	4502	4265.15	0	0
XM_022810345.1	4400	4163.15	0	0
XM_022810346.1	4345	4108.15	0	0
XM_022810347.1	4379	4142.15	0	0
XM_022810348.1	4464	4227.15	0	0
XM_022810349.1	4315	4078.15	0	0
XM_022810350.1	2492	2255.15	0	0
XM_022810351.1	2572	2335.15	0	0
XM_022810352.1	2587	2350.15	0	0
XM_022810353.1	4730	4493.15	0	0
XM_022810354.1	4858	4621.15	0	0
XM_022810355.1	4386	4149.15	0	0
XM_022810356.1	4406	4169.15	0	0
XM_022810357.1	2791	2554.15	0	0
XM_022810358.1	3406	3169.15	0	0
XM_022810359.1	3946	3709.15	0	0
XM_022810360.1	3453	3216.15	0	0
XM_022810361.1	3637	3400.15	0	0
XM_022810362.1	3899	3662.15	0	0
XM_022810363.1	5473	5236.15	1.00006	0.0348788
XM_022810364.1	4393	4156.15	0	0
XM_022810365.1	5921	5684.15	0	0
XM_022810366.1	5671	5434.15	0	0
XM_022810367.1	5793	5556.15	0	0
XM_022810368.1	5549	5312.15	0	0
XM_022810369.1	5284	5047.15	0	0
XM_022810370.1	5352	5115.15	0	0
XM_022810371.1	4843	4606.15	0	0
XM_022810372.1	2744	2507.15	0	0
XM_022810373.1	4008	3771.15	0	0
XM_022810374.1	4362	4125.15	0	0
XM_022810375.1	6944	6707.15	0	0
XM_022810376.1	7321	7084.15	0	0
XM_022810377.1	6929	6692.15	0	0
XM_022810378.1	6549	6312.15	0	0
XM_022810379.1	3261	3024.15	0	0
XM_022810380.1	4988	4751.15	0	0
XM_022810381.1	3457	3220.15	0	0
XM_022810382.1	4268	4031.15	0	0
XM_022810383.1	4650	4413.15	0	0
XM_022810384.1	6434	6197.15	0	0
XM_022810385.1	8386	8149.15	0	0
XM_022810386.1	6375	6138.15	0	0
XM_022810387.1	5202	4965.15	0	0
XM_022810388.1	5143	4906.15	0	0
XM_022810389.1	9424	9187.15	0	0
XM_022810390.1	2577	2340.15	0	0
XM_022810391.1	2911	2674.15	0	0
XM_022810392.1	2875	2638.15	0	0
XM_022810393.1	2570	2333.15	0	0
XM_022810394.1	2228	1991.15	0	0
XM_022810395.1	4677	4440.15	0	0
XM_022810396.1	4741	4504.15	0	0
XM_022810397.1	7367	7130.15	0	0
XM_022810398.1	7977	7740.15	0	0
XM_022810399.1	6926	6689.15	0	0
XM_022810400.1	7969	7732.15	0	0
XM_022810401.1	1602	1365.15	0	0
XM_022810402.1	1229	992.148	0	0
XM_022810403.1	1488	1251.15	0	0
XM_022810404.1	1222	985.148	0	0
XM_022810405.1	922	685.652	0	0
XM_022810406.1	5943	5706.15	0	0
XM_022810407.1	966	729.297	0	0
XM_022810408.1	1521	1284.15	0	0
XM_022810409.1	1717	1480.15	0	0
XM_022810410.1	1496	1259.15	0	0
XM_022810411.1	1659	1422.15	0	0
XM_022810412.1	1632	1395.15	0	0
XM_022810413.1	1438	1201.15	0	0
XM_022810414.1	1411	1174.15	0	0
XM_022810415.1	1612	1375.15	0	0
XM_022810416.1	1615	1378.15	0	0
XM_022810417.1	6112	5875.15	0	0
XM_022810418.1	1277	1040.15	0	0
XM_022810419.1	1186	949.148	0	0
XM_022810420.1	3954	3717.15	0	0
XM_022810421.1	3972	3735.15	0	0
XM_022810422.1	4828	4591.15	0	0
XM_022810423.1	3427	3190.15	0	0
XM_022810424.1	3751	3514.15	0	0
XM_022810425.1	2198	1961.15	0	0
XM_022810426.1	2399	2162.15	0	0
XM_022810427.1	6059	5822.15	0	0
XM_022810428.1	4014	3777.15	0	0
XM_022810429.1	3152	2915.15	0	0
XM_022810430.1	3148	2911.15	0	0
XM_022810431.1	2758	2521.15	0	0
XM_022810432.1	2499	2262.15	0	0
XM_022810433.1	7811	7574.15	0	0
XM_022810434.1	2662	2425.15	0	0
XM_022810435.1	2408	2171.15	0	0
XM_022810436.1	5250	5013.15	0	0
XM_022810437.1	5748	5511.15	0	0
XM_022810438.1	2269	2032.15	0	0
XM_022810439.1	2835	2598.15	0	0
XM_022810440.1	2917	2680.15	0	0
XM_022810441.1	2628	2391.15	0	0
XM_022810442.1	5931	5694.15	0	0
XM_022810443.1	4383	4146.15	0	0
XM_022810444.1	3926	3689.15	0	0
XM_022810445.1	4660	4423.15	0	0
XM_022810446.1	4251	4014.15	0	0
XM_022810447.1	7138	6901.15	0	0
XM_022810448.1	3940	3703.15	0	0
XM_022810449.1	7001	6764.15	0	0
XM_022810450.1	5919	5682.15	0	0
XM_022810451.1	4631	4394.15	0	0
XM_022810452.1	3435	3198.15	0	0
XM_022810453.1	3269	3032.15	0	0
XM_022810454.1	3352	3115.15	0	0
XM_022810455.1	3073	2836.15	0	0
XM_022810456.1	2491	2254.15	0	0
XM_022810457.1	3031	2794.15	0	0
XM_022810458.1	2713	2476.15	0	0
XM_022810459.1	8560	8323.15	0	0
XM_022810460.1	8527	8290.15	0	0
XM_022810461.1	8504	8267.15	0	0
XM_022810462.1	7449	7212.15	0	0
XM_022810463.1	6991	6754.15	0	0
XM_022810464.1	12652	12415.1	0	0
XM_022810465.1	7690	7453.15	0	0
XM_022810466.1	12637	12400.1	0	0
XM_022810467.1	5125	4888.15	0	0
XM_022810468.1	5110	4873.15	0	0
XM_022810469.1	7203	6966.15	0	0
XM_022810470.1	7199	6962.15	0	0
XM_022810471.1	6911	6674.15	0	0
XM_022810472.1	6907	6670.15	0	0
XM_022810473.1	7059	6822.15	0	0
XM_022810474.1	7143	6906.15	0	0
XM_022810475.1	12560	12323.1	0	0
XM_022810476.1	12435	12198.1	0	0
XM_022810477.1	11829	11592.1	0	0
XM_022810478.1	7620	7383.15	0	0
XM_022810479.1	6957	6720.15	0	0
XM_022810480.1	6655	6418.15	0	0
XM_022810481.1	1296	1059.15	0	0
XM_022810482.1	6855	6618.15	0	0
XM_022810483.1	5229	4992.15	0	0
XM_022810484.1	4433	4196.15	0	0
XM_022810485.1	985	748.224	0	0
XM_022810486.1	3586	3349.15	0	0
XM_022810487.1	3030	2793.15	0	0
XM_022810488.1	2745	2508.15	0	0
XM_022810489.1	14305	14068.1	2.01069	0.0261009
XM_022810490.1	11447	11210.1	0	0
XM_022810491.1	10738	10501.1	0	0
XM_022810492.1	11444	11207.1	0	0
XM_022810493.1	11912	11675.1	0	0
XM_022810494.1	9417	9180.15	0	0
XM_022810495.1	11500	11263.1	0	0
XM_022810496.1	11444	11207.1	0	0
XM_022810497.1	11423	11186.1	0	0
XM_022810498.1	11342	11105.1	0	0
XM_022810499.1	11303	11066.1	0	0
XM_022810500.1	2706	2469.15	0	0
XM_022810501.1	2177	1940.15	0	0
XM_022810502.1	1709	1472.15	0	0
XM_022810503.1	1997	1760.15	0	0
XM_022810504.1	1418	1181.15	0	0
XM_022810505.1	829	593.102	0	0
XM_022810506.1	5675	5438.15	0	0
XM_022810507.1	5445	5208.15	0	0
XM_022810508.1	5084	4847.15	0	0
XM_022810509.1	4136	3899.15	0	0
XM_022810510.1	4652	4415.15	0	0
XM_022810511.1	4461	4224.15	0	0
XM_022810512.1	5703	5466.15	0	0
XM_022810513.1	5773	5536.15	0	0
XM_022810514.1	5697	5460.15	0	0
XM_022810515.1	1370	1133.15	0	0
XM_022810516.1	855	619.102	0	0
XM_022810517.1	5332	5095.15	0	0
XM_022810518.1	1362	1125.15	0	0
XM_022810519.1	4209	3972.15	0	0
XM_022810520.1	9369	9132.15	0	0
XM_022810521.1	2128	1891.15	0	0
XM_022810522.1	2066	1829.15	0	0
XM_022810523.1	905	668.72	0	0
XM_022810524.1	874	637.915	0	0
XM_022810525.1	969	732.297	0	0
XM_022810526.1	5323	5086.15	0	0
XM_022810527.1	1615	1378.15	0	0
XM_022810528.1	4641	4404.15	0	0
XM_022810529.1	5352	5115.15	0	0
XM_022810530.1	4727	4490.15	0	0
XM_022810531.1	4843	4606.15	0	0
XM_022810532.1	4615	4378.15	0	0
XM_022810533.1	4593	4356.15	0	0
XM_022810534.1	4623	4386.15	0	0
XM_022810535.1	4996	4759.15	0	0
XM_022810536.1	2699	2462.15	0	0
XM_022810537.1	3983	3746.15	0	0
XM_022810538.1	6125	5888.15	0	0
XM_022810539.1	4016	3779.15	0	0
XM_022810540.1	5397	5160.15	0	0
XM_022810541.1	6092	5855.15	0	0
XM_022810542.1	3949	3712.15	0	0
XM_022810543.1	3982	3745.15	0	0
XM_022810544.1	5363	5126.15	0	0
XM_022810545.1	3011	2774.15	0	0
XM_022810546.1	3016	2779.15	0	0
XM_022810547.1	2912	2675.15	0	0
XM_022810548.1	3054	2817.15	0	0
XM_022810549.1	3000	2763.15	0	0
XM_022810550.1	2611	2374.15	0	0
XM_022810551.1	2812	2575.15	0	0
XM_022810552.1	10302	10065.1	0	0
XM_022810553.1	9519	9282.15	0	0
XM_022810554.1	10416	10179.1	0	0
XM_022810555.1	10526	10289.1	0	0
XM_022810556.1	9526	9289.15	0	0
XM_022810557.1	8121	7884.15	0	0
XM_022810558.1	10524	10287.1	0	0
XM_022810559.1	9483	9246.15	0	0
XM_022810560.1	8004	7767.15	0	0
XM_022810561.1	8023	7786.15	0	0
XM_022810562.1	8994	8757.15	0	0
XM_022810563.1	8991	8754.15	0	0
XM_022810564.1	1086	849.148	0	0
XM_022810565.1	5420	5183.15	0	0
XM_022810566.1	5417	5180.15	0	0
XM_022810567.1	5522	5285.15	0	0
XM_022810568.1	1713	1476.15	0	0
XM_022810569.1	1670	1433.15	0	0
XM_022810570.1	1497	1260.15	0	0
XM_022810571.1	1503	1266.15	0	0
XM_022810572.1	1550	1313.15	0	0
XM_022810573.1	1484	1247.15	0	0
XM_022810574.1	5992	5755.15	0	0
XM_022810575.1	4546	4309.15	0	0
XM_022810576.1	4565	4328.15	0	0
XM_022810577.1	4505	4268.15	0	0
XM_022810578.1	4501	4264.15	0	0
XM_022810579.1	4433	4196.15	0	0
XM_022810580.1	2373	2136.15	0	0
XM_022810581.1	4319	4082.15	0	0
XM_022810582.1	4247	4010.15	0	0
XM_022810583.1	2258	2021.15	0	0
XM_022810584.1	4541	4304.15	0	0
XM_022810585.1	4528	4291.15	0	0
XM_022810586.1	15988	15751.1	0	0
XM_022810587.1	15084	14847.1	0	0
XM_022810588.1	6618	6381.15	0	0
XM_022810589.1	5574	5337.15	0	0
XM_022810590.1	6915	6678.15	0	0
XM_022810591.1	7787	7550.15	0	0
XM_022810592.1	6823	6586.15	0	0
XM_022810593.1	5729	5492.15	0	0
XM_022810594.1	7734	7497.15	0	0
XM_022810595.1	7180	6943.15	0	0
XM_022810596.1	4368	4131.15	0	0
XM_022810597.1	3861	3624.15	0	0
XM_022810598.1	1944	1707.15	0	0
XM_022810599.1	7457	7220.15	0	0
XM_022810600.1	3650	3413.15	0	0
XM_022810601.1	3027	2790.15	0	0
XM_022810602.1	1421	1184.15	0	0
XM_022810603.1	1425	1188.15	0	0
XM_022810604.1	1674	1437.15	0	0
XM_022810605.1	1487	1250.15	0	0
XM_022810606.1	620	387.575	0	0
XM_022810607.1	6284	6047.15	0	0
XM_022810608.1	1549	1312.15	0	0
XM_022810609.1	1201	964.148	0	0
XM_022810610.1	666	432.418	0	0
XM_022810611.1	4049	3812.15	0	0
XM_022810612.1	3748	3511.15	0	0
XM_022810613.1	14149	13912.1	0	0
XM_022810614.1	7181	6944.15	0	0
XM_022810615.1	10216	9979.15	0	0
XM_022810616.1	10213	9976.15	0	0
XM_022810617.1	10087	9850.15	0	0
XM_022810618.1	3316	3079.15	0	0
XM_022810619.1	9598	9361.15	0	0
XM_022810620.1	9581	9344.15	0	0
XM_022810621.1	9684	9447.15	0	0
XM_022810622.1	9384	9147.15	0	0
XM_022810623.1	7811	7574.15	0	0
XM_022810624.1	8749	8512.15	0	0
XM_022810625.1	7193	6956.15	0	0
XM_022810626.1	8198	7961.15	0	0
XM_022810627.1	10204	9967.15	0	0
XM_022810628.1	8441	8204.15	0	0
XM_022810629.1	4592	4355.15	0	0
XM_022810630.1	2822	2585.15	0	0
XM_022810631.1	3557	3320.15	0	0
XM_022810632.1	3535	3298.15	0	0
XM_022810633.1	4206	3969.15	0	0
XM_022810634.1	3842	3605.15	0	0
XM_022810635.1	5910	5673.15	0	0
XM_022810636.1	3822	3585.15	0	0
XM_022810637.1	3572	3335.15	0	0
XM_022810638.1	3564	3327.15	0	0
XM_022810639.1	2950	2713.15	0	0
XM_022810640.1	2970	2733.15	0	0
XM_022810641.1	5679	5442.15	0	0
XM_022810642.1	3460	3223.15	0	0
XM_022810643.1	5445	5208.15	0	0
XM_022810644.1	2370	2133.15	0	0
XM_022810645.1	2366	2129.15	0	0
XM_022810646.1	2368	2131.15	0	0
XM_022810647.1	2368	2131.15	0	0
XM_022810648.1	6572	6335.15	0	0
XM_022810649.1	3750	3513.15	0	0
XM_022810650.1	2668	2431.15	0	0
XM_022810651.1	2618	2381.15	0	0
XM_022810652.1	3091	2854.15	0	0
XM_022810653.1	2983	2746.15	0	0
XM_022810654.1	2553	2316.15	0	0
XM_022810655.1	2648	2411.15	0	0
XM_022810656.1	2439	2202.15	0	0
XM_022810657.1	2801	2564.15	0	0
XM_022810658.1	2259	2022.15	0	0
XM_022810659.1	3140	2903.15	0	0
XM_022810660.1	657	423.677	0	0
XM_022810661.1	615	382.808	0	0
XM_022810662.1	779	543.553	0	0
XM_022810663.1	1432	1195.15	0	0
XM_022810664.1	4600	4363.15	0	0
XM_022810665.1	4489	4252.15	0	0
XM_022810666.1	3912	3675.15	0	0
XM_022810667.1	4061	3824.15	0	0
XM_022810668.1	4232	3995.15	0	0
XM_022810669.1	6901	6664.15	0	0
XM_022810670.1	2061	1824.15	0	0
XM_022810671.1	15820	15583.1	0	0
XM_022810672.1	1918	1681.15	0	0
XM_022810673.1	2180	1943.15	0	0
XM_022810674.1	2013	1776.15	0	0
XM_022810675.1	2280	2043.15	0	0
XM_022810676.1	2428	2191.15	0	0
XM_022810677.1	3380	3143.15	0	0
XM_022810678.1	14099	13862.1	0	0
XM_022810679.1	14006	13769.1	0	0
XM_022810680.1	10836	10599.1	0	0
XM_022810681.1	2782	2545.15	0	0
XM_022810682.1	3676	3439.15	0	0
XM_022810683.1	2205	1968.15	0	0
XM_022810684.1	1805	1568.15	0	0
XM_022810685.1	2857	2620.15	0	0
XM_022810686.1	1635	1398.15	0	0
XM_022810687.1	2196	1959.15	0	0
XM_022810688.1	1634	1397.15	0	0
XM_022810689.1	2564	2327.15	0	0
XM_022810690.1	2767	2530.15	0	0
XM_022810691.1	2126	1889.15	0	0
XM_022810692.1	3809	3572.15	0	0
XM_022810693.1	2495	2258.15	0	0
XM_022810694.1	2457	2220.15	0	0
XM_022810695.1	1668	1431.15	0	0
XM_022810696.1	2566	2329.15	0	0
XM_022810697.1	2813	2576.15	0	0
XM_022810698.1	3604	3367.15	0	0
XM_022810699.1	2480	2243.15	0	0
XM_022810700.1	7453	7216.15	0	0
XM_022810701.1	5199	4962.15	0	0
XM_022810702.1	7450	7213.15	0	0
XM_022810703.1	5169	4932.15	0	0
XM_022810704.1	4960	4723.15	0	0
XM_022810705.1	1170	933.148	0	0
XM_022810706.1	2936	2699.15	0	0
XM_022810707.1	3514	3277.15	0	0
XM_022810708.1	3121	2884.15	0	0
XM_022810709.1	2916	2679.15	0	0
XM_022810710.1	9731	9494.15	0	0
XM_022810711.1	9725	9488.15	0	0
XM_022810712.1	9075	8838.15	0	0
XM_022810713.1	8647	8410.15	0	0
XM_022810714.1	9300	9063.15	0	0
XM_022810715.1	8655	8418.15	0	0
XM_022810716.1	6192	5955.15	0	0
XM_022810717.1	1987	1750.15	0	0
XM_022810718.1	4106	3869.15	0	0
XM_022810719.1	1799	1562.15	0	0
XM_022810720.1	1048	811.148	0	0
XM_022810721.1	3813	3576.15	0	0
XM_022810722.1	3367	3130.15	0	0
XM_022810723.1	3615	3378.15	0	0
XM_022810724.1	6761	6524.15	0.139784	0.00391275
XM_022810725.1	6749	6512.15	0.860216	0.0241229
XM_022810726.1	921	684.652	0	0
XM_022810727.1	3370	3133.15	0	0
XM_022810728.1	1640	1403.15	0	0
XM_022810729.1	2905	2668.15	0	0
XM_022810730.1	2386	2149.15	0	0
XM_022810731.1	1079	842.148	0	0
XM_022810732.1	867	630.915	0	0
XM_022810733.1	1081	844.148	0	0
XM_022810734.1	1060	823.148	0	0
XM_022810735.1	1100	863.148	0	0
XM_022810736.1	892	655.786	0	0
XM_022810737.1	998	761.148	0	0
XM_022810738.1	1626	1389.15	0	0
XM_022810739.1	1062	825.148	0	0
XM_022810740.1	792	556.333	0	0
XM_022810741.1	972	735.297	0	0
XM_022810742.1	6389	6152.15	0	0
XM_022810743.1	957	720.37	0	0
XM_022810744.1	14500	14263.1	0	0
XM_022810745.1	13891	13654.1	0	0
XM_022810746.1	1558	1321.15	0	0
XM_022810747.1	2325	2088.15	0	0
XM_022810748.1	3724	3487.15	0	0
XM_022810749.1	3588	3351.15	0	0
XM_022810750.1	3429	3192.15	0	0
XM_022810751.1	2228	1991.15	0	0
XM_022810752.1	2745	2508.15	0	0
XM_022810753.1	1764	1527.15	0	0
XM_022810754.1	2441	2204.15	0	0
XM_022810755.1	1682	1445.15	0	0
XM_022810756.1	2627	2390.15	0	0
XM_022810757.1	5354	5117.15	0	0
XM_022810758.1	2099	1862.15	0	0
XM_022810759.1	1702	1465.15	0	0
XM_022810760.1	1790	1553.15	0	0
XM_022810761.1	1719	1482.15	0	0
XM_022810762.1	2732	2495.15	0	0
XM_022810763.1	2723	2486.15	0	0
XM_022810764.1	4544	4307.15	0	0
XM_022810765.1	2759	2522.15	0	0
XM_022810766.1	1775	1538.15	0	0
XM_022810767.1	2752	2515.15	0	0
XM_022810768.1	2747	2510.15	0	0
XM_022810769.1	2546	2309.15	0	0
XM_022810770.1	2561	2324.15	0	0
XM_022810771.1	2530	2293.15	0	0
XM_022810772.1	2513	2276.15	0	0
XM_022810773.1	2099	1862.15	0	0
XM_022810774.1	2527	2290.15	0	0
XM_022810775.1	5700	5463.15	0	0
XM_022810776.1	1835	1598.15	0	0
XM_022810777.1	3557	3320.15	0	0
XM_022810778.1	4795	4558.15	0	0
XM_022810779.1	8101	7864.15	1.45244	0.0337282
XM_022810780.1	1429	1192.15	0	0
XM_022810781.1	11144	10907.1	0	0
XM_022810782.1	3967	3730.15	0	0
XM_022810783.1	4057	3820.15	0	0
XM_022810784.1	4518	4281.15	0	0
XM_022810785.1	1432	1195.15	0	0
XM_022810786.1	3962	3725.15	0	0
XM_022810787.1	2324	2087.15	0	0
XM_022810788.1	2853	2616.15	0	0
XM_022810789.1	3279	3042.15	0	0
XM_022810790.1	2555	2318.15	0	0
XM_022810791.1	826	590.162	0	0
XM_022810792.1	1402	1165.15	0	0
XM_022810793.1	834	598.102	0	0
XM_022810794.1	3480	3243.15	0	0
XM_022810795.1	4413	4176.15	0	0
XM_022810796.1	9250	9013.15	0	0
XM_022810797.1	2292	2055.15	0	0
XM_022810798.1	2459	2222.15	0	0
XM_022810799.1	2288	2051.15	0	0
XM_022810800.1	2346	2109.15	0	0
XM_022810801.1	2917	2680.15	0	0
XM_022810802.1	6261	6024.15	0	0
XM_022810803.1	1452	1215.15	0	0
XM_022810804.1	6246	6009.15	0	0
XM_022810805.1	3263	3026.15	0	0
XM_022810806.1	2926	2689.15	0	0
XM_022810807.1	2875	2638.15	0	0
XM_022810808.1	2109	1872.15	0	0
XM_022810809.1	7624	7387.15	0	0
XM_022810810.1	1183	946.148	0	0
XM_022810811.1	7686	7449.15	0	0
XM_022810812.1	7683	7446.15	0	0
XM_022810813.1	3883	3646.15	0	0
XM_022810814.1	3794	3557.15	0	0
XM_022810815.1	3679	3442.15	0	0
XM_022810816.1	3190	2953.15	0	0
XM_022810817.1	2840	2603.15	0	0
XM_022810818.1	969	732.297	0	0
XM_022810819.1	5316	5079.15	0	0
XM_022810820.1	5067	4830.15	0	0
XM_022810821.1	3634	3397.15	0	0
XM_022810822.1	3559	3322.15	0	0
XM_022810823.1	7207	6970.15	0	0
XM_022810824.1	1614	1377.15	0	0
XM_022810825.1	1382	1145.15	0	0
XM_022810826.1	3041	2804.15	0	0
XM_022810827.1	1362	1125.15	0	0
XM_022810828.1	2135	1898.15	0	0
XM_022810829.1	1466	1229.15	0	0
XM_022810830.1	1456	1219.15	0	0
XM_022810831.1	1359	1122.15	0	0
XM_022810832.1	2661	2424.15	0	0
XM_022810833.1	2738	2501.15	0	0
XM_022810834.1	2785	2548.15	0	0
XM_022810835.1	851	615.102	0	0
XM_022810836.1	2698	2461.15	0	0
XM_022810837.1	3117	2880.15	0	0
XM_022810838.1	2592	2355.15	0	0
XM_022810839.1	2599	2362.15	0	0
XM_022810840.1	2525	2288.15	0	0
XM_022810841.1	3586	3349.15	0	0
XM_022810842.1	2145	1908.15	0	0
XM_022810843.1	2326	2089.15	0	0
XM_022810844.1	2128	1891.15	0	0
XM_022810845.1	1418	1181.15	0	0
XM_022810846.1	696	461.658	0	0
XM_022810847.1	306	124.664	0	0
XM_022810848.1	10003	9766.15	0	0
XM_022810849.1	9720	9483.15	0	0
XM_022810850.1	9717	9480.15	0	0
XM_022810851.1	10028	9791.15	0	0
XM_022810852.1	7610	7373.15	0	0
XM_022810853.1	2325	2088.15	0	0
XM_022810854.1	2742	2505.15	0	0
XM_022810855.1	1124	887.148	0	0
XM_022810856.1	1233	996.148	0	0
XM_022810857.1	735	500.227	0	0
XM_022810858.1	2054	1817.15	0	0
XM_022810859.1	2719	2482.15	0	0
XM_022810860.1	2600	2363.15	0	0
XM_022810861.1	3059	2822.15	0	0
XM_022810862.1	2392	2155.15	0	0
XM_022810863.1	2763	2526.15	0	0
XM_022810864.1	2534	2297.15	0	0
XM_022810865.1	2878	2641.15	0	0
XM_022810866.1	5250	5013.15	0	0
XM_022810867.1	5087	4850.15	0	0
XM_022810868.1	4603	4366.15	0	0
XM_022810869.1	4508	4271.15	0	0
XM_022810870.1	3312	3075.15	0	0
XM_022810871.1	4997	4760.15	0	0
XM_022810872.1	4971	4734.15	0	0
XM_022810873.1	3724	3487.15	0	0
XM_022810874.1	4838	4601.15	0	0
XM_022810875.1	3060	2823.15	0	0
XM_022810876.1	1728	1491.15	0	0
XM_022810877.1	828	592.102	0	0
XM_022810878.1	2470	2233.15	0	0
XM_022810879.1	2785	2548.15	0	0
XM_022810880.1	3698	3461.15	0.298203	0.015734
XM_022810881.1	3802	3565.15	0	0
XM_022810882.1	3757	3520.15	0	0
XM_022810883.1	3695	3458.15	0.701797	0.0370607
XM_022810884.1	2747	2510.15	0	0
XM_022810885.1	6926	6689.15	0	0
XM_022810886.1	5770	5533.15	0	0
XM_022810887.1	5525	5288.15	0	0
XM_022810888.1	5407	5170.15	0	0
XM_022810889.1	4902	4665.15	0	0
XM_022810890.1	855	619.102	0	0
XM_022810891.1	8769	8532.15	0	0
XM_022810892.1	8763	8526.15	0	0
XM_022810893.1	7840	7603.15	0	0
XM_022810894.1	2419	2182.15	0	0
XM_022810895.1	7913	7676.15	0	0
XM_022810896.1	7664	7427.15	0	0
XM_022810897.1	8465	8228.15	0	0
XM_022810898.1	7884	7647.15	0	0
XM_022810899.1	7811	7574.15	0	0
XM_022810900.1	8236	7999.15	0	0
XM_022810901.1	6715	6478.15	0	0
XM_022810902.1	2403	2166.15	0	0
XM_022810903.1	1164	927.148	0	0
XM_022810904.1	4160	3923.15	0	0
XM_022810905.1	3923	3686.15	0	0
XM_022810906.1	7828	7591.15	0	0
XM_022810907.1	7021	6784.15	0	0
XM_022810908.1	7801	7564.15	0	0
XM_022810909.1	3817	3580.15	0	0
XM_022810910.1	6572	6335.15	0	0
XM_022810911.1	9083	8846.15	0	0
XM_022810912.1	8279	8042.15	0	0
XM_022810913.1	7033	6796.15	0	0
XM_022810914.1	2919	2682.15	0	0
XM_022810915.1	5847	5610.15	0	0
XM_022810916.1	7112	6875.15	0	0
XM_022810917.1	6486	6249.15	0	0
XM_022810918.1	2459	2222.15	0	0
XM_022810919.1	1999	1762.15	0	0
XM_022810920.1	1988	1751.15	0	0
XM_022810921.1	9538	9301.15	0	0
XM_022810922.1	3939	3702.15	0	0
XM_022810923.1	2887	2650.15	0	0
XM_022810924.1	4050	3813.15	0	0
XM_022810925.1	3797	3560.15	0	0
XM_022810926.1	3768	3531.15	0	0
XM_022810927.1	3910	3673.15	0	0
XM_022810928.1	3974	3737.15	0	0
XM_022810929.1	4157	3920.15	0	0
XM_022810930.1	3850	3613.15	0	0
XM_022810931.1	3699	3462.15	0	0
XM_022810932.1	4108	3871.15	0	0
XM_022810933.1	2864	2627.15	0	0
XM_022810934.1	2027	1790.15	0	0
XM_022810935.1	2017	1780.15	0	0
XM_022810936.1	2031	1794.15	0	0
XM_022810937.1	3704	3467.15	0	0
XM_022810938.1	3534	3297.15	0	0
XM_022810939.1	3557	3320.15	0	0
XM_022810940.1	3520	3283.15	0	0
XM_022810941.1	3699	3462.15	0	0
XM_022810942.1	2739	2502.15	0	0
XM_022810943.1	1536	1299.15	0	0
XM_022810944.1	357	161.939	0	0
XM_022810945.1	1611	1374.15	0	0
XM_022810946.1	2541	2304.15	0	0
XM_022810947.1	2577	2340.15	0	0
XM_022810948.1	2584	2347.15	0	0
XM_022810949.1	2553	2316.15	0	0
XM_022810950.1	2532	2295.15	0	0
XM_022810951.1	2771	2534.15	0	0
XM_022810952.1	4371	4134.15	0	0
XM_022810953.1	4368	4131.15	0	0
XM_022810954.1	4218	3981.15	3	0.137613
XM_022810955.1	7040	6803.15	0	0
XM_022810956.1	739	504.177	0	0
XM_022810957.1	10567	10330.1	0	0
XM_022810958.1	10253	10016.1	0	0
XM_022810959.1	10570	10333.1	0	0
XM_022810960.1	9575	9338.15	0	0
XM_022810961.1	10267	10030.1	0	0
XM_022810962.1	10326	10089.1	0	0
XM_022810963.1	10193	9956.15	0	0
XM_022810964.1	5480	5243.15	0	0
XM_022810965.1	10293	10056.1	0	0
XM_022810966.1	9787	9550.15	0	0
XM_022810967.1	9673	9436.15	0	0
XM_022810968.1	9215	8978.15	0	0
XM_022810969.1	5978	5741.15	0	0
XM_022810970.1	6062	5825.15	0	0
XM_022810971.1	11706	11469.1	0	0
XM_022810972.1	11378	11141.1	0	0
XM_022810973.1	11266	11029.1	0	0
XM_022810974.1	8050	7813.15	0	0
XM_022810975.1	10391	10154.1	0	0
XM_022810976.1	8517	8280.15	0	0
XM_022810977.1	7921	7684.15	0	0
XM_022810978.1	2648	2411.15	0	0
XM_022810979.1	4665	4428.15	0	0
XM_022810980.1	4784	4547.15	0	0
XM_022810981.1	4868	4631.15	0	0
XM_022810982.1	3234	2997.15	0	0
XM_022810983.1	3279	3042.15	0	0
XM_022810984.1	3678	3441.15	0	0
XM_022810985.1	3195	2958.15	0	0
XM_022810986.1	3304	3067.15	0	0
XM_022810987.1	3594	3357.15	0	0
XM_022810988.1	2412	2175.15	0	0
XM_022810989.1	3313	3076.15	0	0
XM_022810990.1	1999	1762.15	0	0
XM_022810991.1	1949	1712.15	0	0
XM_022810992.1	9127	8890.15	0	0
XM_022810993.1	7883	7646.15	0	0
XM_022810994.1	2525	2288.15	0	0
XM_022810995.1	7831	7594.15	0	0
XM_022810996.1	1962	1725.15	0	0
XM_022810997.1	981	744.224	0	0
XM_022810998.1	6633	6396.15	0	0
XM_022810999.1	3408	3171.15	0	0
XM_022811000.1	6485	6248.15	0	0
XM_022811001.1	4398	4161.15	0	0
XM_022811002.1	6484	6247.15	0	0
XM_022811003.1	2770	2533.15	0	0
XM_022811004.1	3031	2794.15	0	0
XM_022811005.1	3043	2806.15	0	0
XM_022811006.1	2934	2697.15	0	0
XM_022811007.1	5993	5756.15	0	0
XM_022811008.1	3509	3272.15	0	0
XM_022811009.1	6016	5779.15	0	0
XM_022811010.1	9220	8983.15	0	0
XM_022811011.1	8985	8748.15	0	0
XM_022811012.1	9038	8801.15	0	0
XM_022811013.1	6760	6523.15	0	0
XM_022811014.1	4383	4146.15	0	0
XM_022811015.1	6677	6440.15	0	0
XM_022811016.1	3626	3389.15	0	0
XM_022811017.1	7050	6813.15	0	0
XM_022811018.1	5757	5520.15	0	0
XM_022811019.1	2504	2267.15	0	0
XM_022811020.1	2185	1948.15	0	0
XM_022811021.1	723	488.376	0	0
XM_022811022.1	1338	1101.15	0	0
XM_022811023.1	3523	3286.15	0	0
XM_022811024.1	912	675.72	0	0
XM_022811025.1	3325	3088.15	0	0
XM_022811026.1	2375	2138.15	0	0
XM_022811027.1	2042	1805.15	0	0
XM_022811028.1	2037	1800.15	0	0
XM_022811029.1	1736	1499.15	0	0
XM_022811030.1	3455	3218.15	0	0
XM_022811031.1	441	227.347	0	0
XM_022811032.1	831	595.102	0	0
XM_022811033.1	2396	2159.15	0	0
XM_022811034.1	3862	3625.15	0	0
XM_022811035.1	6073	5836.15	0	0
XM_022811036.1	6069	5832.15	0	0
XM_022811037.1	3700	3463.15	0	0
XM_022811038.1	13489	13252.1	0	0
XM_022811039.1	12907	12670.1	0	0
XM_022811040.1	13115	12878.1	0	0
XM_022811041.1	8216	7979.15	0	0
XM_022811042.1	14332	14095.1	0	0
XM_022811043.1	890	653.786	0	0
XM_022811044.1	5775	5538.15	0	0
XM_022811045.1	3251	3014.15	0	0
XM_022811046.1	2692	2455.15	0	0
XM_022811047.1	2519	2282.15	0	0
XM_022811048.1	6716	6479.15	0	0
XM_022811049.1	6562	6325.15	0	0
XM_022811050.1	6532	6295.15	0	0
XM_022811051.1	6495	6258.15	0	0
XM_022811052.1	6018	5781.15	0	0
XM_022811053.1	6736	6499.15	0	0
XM_022811054.1	6187	5950.15	0	0
XM_022811055.1	3807	3570.15	0	0
XM_022811056.1	6712	6475.15	0	0
XM_022811057.1	6713	6476.15	0	0
XM_022811058.1	6015	5778.15	0	0
XM_022811059.1	5879	5642.15	0	0
XM_022811060.1	5606	5369.15	0	0
XM_022811061.1	2876	2639.15	0	0
XM_022811062.1	5558	5321.15	0	0
XM_022811063.1	7711	7474.15	0	0
XM_022811064.1	7027	6790.15	0	0
XM_022811065.1	7030	6793.15	0	0
XM_022811066.1	6623	6386.15	0	0
XM_022811067.1	5760	5523.15	0	0
XM_022811068.1	5378	5141.15	0	0
XM_022811069.1	3928	3691.15	0	0
XM_022811070.1	1420	1183.15	0	0
XM_022811071.1	3096	2859.15	0	0
XM_022811072.1	5289	5052.15	0	0
XM_022811073.1	5687	5450.15	0	0
XM_022811074.1	5710	5473.15	0	0
XM_022811075.1	5236	4999.15	0	0
XM_022811076.1	4890	4653.15	0	0
XM_022811077.1	5593	5356.15	0	0
XM_022811078.1	5597	5360.15	0	0
XM_022811079.1	5593	5356.15	0	0
XM_022811080.1	5165	4928.15	0	0
XM_022811081.1	5156	4919.15	0	0
XM_022811082.1	4269	4032.15	0	0
XM_022811083.1	5618	5381.15	0	0
XM_022811084.1	2628	2391.15	0	0
XM_022811085.1	728	493.327	0	0
XM_022811086.1	5263	5026.15	0	0
XM_022811087.1	6731	6494.15	0	0
XM_022811088.1	2717	2480.15	0	0
XM_022811089.1	4649	4412.15	0	0
XM_022811090.1	4537	4300.15	0	0
XM_022811091.1	855	619.102	0	0
XM_022811092.1	16996	16759.1	0	0
XM_022811093.1	15838	15601.1	0	0
XM_022811094.1	15835	15598.1	0	0
XM_022811095.1	2083	1846.15	0	0
XM_022811096.1	5031	4794.15	0	0
XM_022811097.1	4010	3773.15	0	0
XM_022811098.1	4411	4174.15	0	0
XM_022811099.1	3236	2999.15	0	0
XM_022811100.1	3231	2994.15	0	0
XM_022811101.1	2954	2717.15	0	0
XM_022811102.1	3236	2999.15	0	0
XM_022811103.1	3241	3004.15	0	0
XM_022811104.1	2923	2686.15	0	0
XM_022811105.1	2892	2655.15	0	0
XM_022811106.1	3176	2939.15	0	0
XM_022811107.1	10570	10333.1	0	0
XM_022811108.1	2069	1832.15	0	0
XM_022811109.1	1893	1656.15	0	0
XM_022811110.1	2217	1980.15	0	0
XM_022811111.1	1079	842.148	0	0
XM_022811112.1	1558	1321.15	0	0
XM_022811113.1	1550	1313.15	0	0
XM_022811114.1	5319	5082.15	0	0
XM_022811115.1	5309	5072.15	0	0
XM_022811116.1	1811	1574.15	0	0
XM_022811117.1	1706	1469.15	0	0
XM_022811118.1	1769	1532.15	0	0
XM_022811119.1	1803	1566.15	0	0
XM_022811120.1	1759	1522.15	0	0
XM_022811121.1	4673	4436.15	0	0
XM_022811122.1	4670	4433.15	0	0
XM_022811123.1	5045	4808.15	0	0
XM_022811124.1	5676	5439.15	0	0
XM_022811125.1	1309	1072.15	0	0
XM_022811126.1	1337	1100.15	0	0
XM_022811127.1	4091	3854.15	0	0
XM_022811128.1	3869	3632.15	0	0
XM_022811129.1	2110	1873.15	0	0
XM_022811130.1	6611	6374.15	0	0
XM_022811131.1	3902	3665.15	0	0
XM_022811132.1	3877	3640.15	0	0
XM_022811133.1	3838	3601.15	0	0
XM_022811134.1	1393	1156.15	0	0
XM_022811135.1	3667	3430.15	0	0
XM_022811136.1	5078	4841.15	0	0
XM_022811137.1	3303	3066.15	0	0
XM_022811138.1	3366	3129.15	0	0
XM_022811139.1	4658	4421.15	0	0
XM_022811140.1	2358	2121.15	0	0
XM_022811141.1	3725	3488.15	0	0
XM_022811142.1	1263	1026.15	0	0
XM_022811143.1	5787	5550.15	0	0
XM_022811144.1	5760	5523.15	0	0
XM_022811145.1	1905	1668.15	0	0
XM_022811146.1	2895	2658.15	0	0
XM_022811147.1	3018	2781.15	0	0
XM_022811148.1	2874	2637.15	0	0
XM_022811149.1	5799	5562.15	0	0
XM_022811150.1	5803	5566.15	0	0
XM_022811151.1	5674	5437.15	0	0
XM_022811152.1	1126	889.148	0	0
XM_022811153.1	4906	4669.15	0	0
XM_022811154.1	4565	4328.15	0	0
XM_022811155.1	4092	3855.15	0	0
XM_022811156.1	4178	3941.15	0	0
XM_022811157.1	5125	4888.15	0	0
XM_022811158.1	5183	4946.15	0	0
XM_022811159.1	4799	4562.15	0	0
XM_022811160.1	3169	2932.15	0	0
XM_022811161.1	8152	7915.15	0	0
XM_022811162.1	2999	2762.15	0	0
XM_022811163.1	3873	3636.15	0	0
XM_022811164.1	3777	3540.15	0	0
XM_022811165.1	6799	6562.15	0	0
XM_022811166.1	2841	2604.15	0	0
XM_022811167.1	6888	6651.15	0	0
XM_022811168.1	5723	5486.15	0	0
XM_022811169.1	5462	5225.15	0	0
XM_022811170.1	5475	5238.15	0	0
XM_022811171.1	6278	6041.15	0	0
XM_022811172.1	3349	3112.15	0	0
XM_022811173.1	3435	3198.15	0	0
XM_022811174.1	3272	3035.15	0	0
XM_022811175.1	4000	3763.15	0	0
XM_022811176.1	1545	1308.15	0	0
XM_022811177.1	1551	1314.15	0	0
XM_022811178.1	9952	9715.15	0	0
XM_022811179.1	9768	9531.15	0	0
XM_022811180.1	1789	1552.15	0	0
XM_022811181.1	9675	9438.15	0	0
XM_022811182.1	9677	9440.15	0	0
XM_022811183.1	9010	8773.15	0	0
XM_022811184.1	9491	9254.15	0	0
XM_022811185.1	3418	3181.15	0	0
XM_022811186.1	5407	5170.15	0	0
XM_022811187.1	3973	3736.15	0	0
XM_022811188.1	2696	2459.15	0	0
XM_022811189.1	1762	1525.15	0	0
XM_022811190.1	2613	2376.15	0	0
XM_022811191.1	2658	2421.15	0	0
XM_022811192.1	2631	2394.15	0	0
XM_022811193.1	2630	2393.15	0	0
XM_022811194.1	3289	3052.15	0	0
XM_022811195.1	3193	2956.15	0	0
XM_022811196.1	6575	6338.15	0	0
XM_022811197.1	2765	2528.15	0	0
XM_022811198.1	4020	3783.15	0	0
XM_022811199.1	3813	3576.15	0	0
XM_022811200.1	4356	4119.15	0	0
XM_022811201.1	2183	1946.15	0	0
XM_022811202.1	2363	2126.15	0	0
XM_022811203.1	2387	2150.15	0	0
XM_022811204.1	2091	1854.15	0	0
XM_022811205.1	2277	2040.15	0	0
XM_022811206.1	3388	3151.15	0	0
XM_022811207.1	1948	1711.15	0	0
XM_022811208.1	2432	2195.15	0	0
XM_022811209.1	1155	918.148	0	0
XM_022811210.1	1079	842.148	0	0
XM_022811211.1	1042	805.148	0	0
XM_022811212.1	3846	3609.15	0	0
XM_022811213.1	2240	2003.15	0	0
XM_022811214.1	1954	1717.15	0	0
XM_022811215.1	1804	1567.15	0	0
XM_022811216.1	2495	2258.15	0	0
XM_022811217.1	5041	4804.15	0	0
XM_022811218.1	3787	3550.15	0	0
XM_022811219.1	3779	3542.15	0	0
XM_022811220.1	3119	2882.15	0	0
XM_022811221.1	2424	2187.15	0	0
XM_022811222.1	2419	2182.15	0	0
XM_022811223.1	5992	5755.15	0	0
XM_022811224.1	8080	7843.15	0	0
XM_022811225.1	5879	5642.15	0	0
XM_022811226.1	5638	5401.15	0	0
XM_022811227.1	3542	3305.15	0	0
XM_022811228.1	3536	3299.15	0	0
XM_022811229.1	8052	7815.15	0	0
XM_022811230.1	7653	7416.15	0	0
XM_022811231.1	6590	6353.15	0	0
XM_022811232.1	5803	5566.15	0	0
XM_022811233.1	5569	5332.15	0	0
XM_022811234.1	5837	5600.15	0	0
XM_022811235.1	7849	7612.15	1.6038e-05	3.8476e-07
XM_022811236.1	9743	9506.15	0.00742126	0.000142567
XM_022811237.1	4002	3765.15	0	0
XM_022811238.1	9677	9440.15	7.19302	0.139149
XM_022811239.1	6380	6143.15	0	0
XM_022811240.1	4379	4142.15	0	0
XM_022811241.1	4648	4411.15	0	0
XM_022811242.1	11188	10951.1	0	0
XM_022811243.1	7832	7595.15	0.000145717	3.50365e-06
XM_022811244.1	11185	10948.1	0	0
XM_022811245.1	1549	1312.15	0	0
XM_022811246.1	1533	1296.15	0	0
XM_022811247.1	3021	2784.15	0	0
XM_022811248.1	3136	2899.15	0	0
XM_022811249.1	2988	2751.15	0	0
XM_022811250.1	3379	3142.15	0	0
XM_022811251.1	2879	2642.15	0	0
XM_022811252.1	1110	873.148	0	0
XM_022811253.1	8082	7845.15	0	0
XM_022811254.1	2426	2189.15	0	0
XM_022811255.1	2339	2102.15	3.03799	0.263918
XM_022811256.1	2423	2186.15	0	0
XM_022811257.1	2462	2225.15	0	0
XM_022811258.1	2394	2157.15	0	0
XM_022811259.1	7738	7501.15	0	0
XM_022811260.1	6998	6761.15	0	0
XM_022811261.1	3790	3553.15	0	0
XM_022811262.1	8372	8135.15	0	0
XM_022811263.1	2240	2003.15	0	0
XM_022811264.1	9508	9271.15	0	0
XM_022811265.1	11333	11096.1	0	0
XM_022811266.1	11317	11080.1	0	0
XM_022811267.1	11314	11077.1	0	0
XM_022811268.1	11278	11041.1	0	0
XM_022811269.1	5553	5316.15	0	0
XM_022811270.1	7954	7717.15	0	0
XM_022811271.1	6964	6727.15	0	0
XM_022811272.1	6892	6655.15	0	0
XM_022811273.1	6104	5867.15	0	0
XM_022811274.1	6039	5802.15	0	0
XM_022811275.1	6326	6089.15	0	0
XM_022811276.1	6454	6217.15	0	0
XM_022811277.1	5072	4835.15	0	0
XM_022811278.1	4925	4688.15	0	0
XM_022811279.1	4002	3765.15	0	0
XM_022811280.1	8550	8313.15	0	0
XM_022811281.1	3999	3762.15	0	0
XM_022811282.1	3963	3726.15	0	0
XM_022811283.1	5261	5024.15	0	0
XM_022811284.1	3895	3658.15	0	0
XM_022811285.1	3938	3701.15	0	0
XM_022811286.1	4908	4671.15	1	0.0390951
XM_022811287.1	3731	3494.15	0	0
XM_022811288.1	3184	2947.15	0	0
XM_022811289.1	4960	4723.15	0	0
XM_022811290.1	7947	7710.15	0	0
XM_022811291.1	5033	4796.15	0	0
XM_022811292.1	6722	6485.15	0	0
XM_022811293.1	6714	6477.15	0	0
XM_022811294.1	6711	6474.15	0	0
XM_022811295.1	1772	1535.15	0	0
XM_022811296.1	6703	6466.15	0	0
XM_022811297.1	3944	3707.15	0	0
XM_022811298.1	2565	2328.15	0	0
XM_022811299.1	3938	3701.15	0	0
XM_022811300.1	3920	3683.15	0	0
XM_022811301.1	11144	10907.1	0	0
XM_022811302.1	3914	3677.15	0	0
XM_022811303.1	4985	4748.15	0	0
XM_022811304.1	4646	4409.15	0	0
XM_022811305.1	4218	3981.15	0	0
XM_022811306.1	4284	4047.15	0	0
XM_022811307.1	4254	4017.15	0	0
XM_022811308.1	6526	6289.15	0	0
XM_022811309.1	6363	6126.15	0	0
XM_022811310.1	7864	7627.15	2.29781e-06	5.50172e-08
XM_022811311.1	6740	6503.15	0	0
XM_022811312.1	6744	6507.15	0	0
XM_022811313.1	6198	5961.15	0	0
XM_022811314.1	5581	5344.15	0	0
XM_022811315.1	4433	4196.15	0	0
XM_022811316.1	2386	2149.15	0	0
XM_022811317.1	7765	7528.15	0.91533	0.0222042
XM_022811318.1	2090	1853.15	0	0
XM_022811319.1	2501	2264.15	0	0
XM_022811320.1	3238	3001.15	0	0
XM_022811321.1	2505	2268.15	0	0
XM_022811322.1	5017	4780.15	0	0
XM_022811323.1	8526	8289.15	0	0
XM_022811324.1	8350	8113.15	0	0
XM_022811325.1	8074	7837.15	0	0
XM_022811326.1	1795	1558.15	0	0
XM_022811327.1	1789	1552.15	0	0
XM_022811328.1	1662	1425.15	0	0
XM_022811329.1	1562	1325.15	0	0
XM_022811330.1	4222	3985.15	0	0
XM_022811331.1	4139	3902.15	0	0
XM_022811332.1	4127	3890.15	0	0
XM_022811333.1	4135	3898.15	0	0
XM_022811334.1	4218	3981.15	0	0
XM_022811335.1	20161	19924.1	0	0
XM_022811336.1	4135	3898.15	0	0
XM_022811337.1	2573	2336.15	0	0
XM_022811338.1	2004	1767.15	0	0
XM_022811339.1	2029	1792.15	0	0
XM_022811340.1	1997	1760.15	0	0
XM_022811341.1	3084	2847.15	0	0
XM_022811342.1	3066	2829.15	0	0
XM_022811343.1	2896	2659.15	0	0
XM_022811344.1	2393	2156.15	0	0
XM_022811345.1	2117	1880.15	1	0.0971302
XM_022811346.1	1904	1667.15	0	0
XM_022811347.1	5179	4942.15	0	0
XM_022811348.1	1689	1452.15	0	0
XM_022811349.1	2269	2032.15	0	0
XM_022811350.1	2228	1991.15	0	0
XM_022811351.1	3482	3245.15	0	0
XM_022811352.1	6711	6474.15	0	0
XM_022811353.1	6705	6468.15	0	0
XM_022811354.1	8032	7795.15	0	0
XM_022811355.1	7904	7667.15	0	0
XM_022811356.1	2068	1831.15	0	0
XM_022811357.1	5841	5604.15	0	0
XM_022811358.1	1576	1339.15	0	0
XM_022811359.1	1640	1403.15	0	0
XM_022811360.1	4670	4433.15	0	0
XM_022811361.1	1605	1368.15	0	0
XM_022811362.1	1628	1391.15	0	0
XM_022811363.1	1599	1362.15	0	0
XM_022811364.1	1689	1452.15	0	0
XM_022811365.1	1744	1507.15	0	0
XM_022811366.1	1740	1503.15	0	0
XM_022811367.1	5132	4895.15	0	0
XM_022811368.1	2131	1894.15	0	0
XM_022811369.1	1559	1322.15	0	0
XM_022811370.1	1555	1318.15	0	0
XM_022811371.1	1403	1166.15	0	0
XM_022811372.1	1371	1134.15	0	0
XM_022811373.1	2763	2526.15	0	0
XM_022811374.1	2364	2127.15	0	0
XM_022811375.1	2714	2477.15	0	0
XM_022811376.1	1153	916.148	0	0
XM_022811377.1	1012	775.148	0	0
XM_022811378.1	971	734.297	0	0
XM_022811379.1	4571	4334.15	0	0
XM_022811380.1	3388	3151.15	0	0
XM_022811381.1	1791	1554.15	0	0
XM_022811382.1	1683	1446.15	0	0
XM_022811383.1	2623	2386.15	0	0
XM_022811384.1	2959	2722.15	0	0
XM_022811385.1	2962	2725.15	0	0
XM_022811386.1	2719	2482.15	0	0
XM_022811387.1	2855	2618.15	0	0
XM_022811388.1	1074	837.148	0	0
XM_022811389.1	2712	2475.15	0	0
XM_022811390.1	2549	2312.15	0	0
XM_022811391.1	2495	2258.15	0	0
XM_022811392.1	2832	2595.15	0	0
XM_022811393.1	2362	2125.15	0	0
XM_022811394.1	963	726.297	0	0
XM_022811395.1	948	711.441	0	0
XM_022811396.1	1142	905.148	0	0
XM_022811397.1	922	685.652	0	0
XM_022811398.1	668	434.375	0	0
XM_022811399.1	526	299.977	0	0
XM_022811400.1	570	340.278	0	0
XM_022811401.1	832	596.102	0	0
XM_022811402.1	2117	1880.15	0	0
XM_022811403.1	1889	1652.15	0	0
XM_022811404.1	2041	1804.15	0	0
XM_022811405.1	9476	9239.15	0	0
XM_022811406.1	9043	8806.15	0	0
XM_022811407.1	10137	9900.15	0	0
XM_022811408.1	9061	8824.15	0	0
XM_022811409.1	11269	11032.1	0	0
XM_022811410.1	9665	9428.15	0	0
XM_022811411.1	7811	7574.15	0	0
XM_022811412.1	6418	6181.15	0	0
XM_022811413.1	7584	7347.15	0	0
XM_022811414.1	6645	6408.15	0	0
XM_022811415.1	6253	6016.15	0	0
XM_022811416.1	3980	3743.15	0	0
XM_022811417.1	3939	3702.15	0	0
XM_022811418.1	3963	3726.15	0	0
XM_022811419.1	3757	3520.15	1	0.0518783
XM_022811420.1	4457	4220.15	0	0
XM_022811421.1	2546	2309.15	0	0
XM_022811422.1	2450	2213.15	0	0
XM_022811423.1	2741	2504.15	0	0
XM_022811424.1	2612	2375.15	0	0
XM_022811425.1	5260	5023.15	0	0
XM_022811426.1	2491	2254.15	0	0
XM_022811427.1	2564	2327.15	0	0
XM_022811428.1	3744	3507.15	0	0
XM_022811429.1	3655	3418.15	0	0
XM_022811430.1	3706	3469.15	0	0
XM_022811431.1	3502	3265.15	0	0
XM_022811432.1	3393	3156.15	0	0
XM_022811433.1	3600	3363.15	0	0
XM_022811434.1	3536	3299.15	0	0
XM_022811435.1	4850	4613.15	0	0
XM_022811436.1	3647	3410.15	0	0
XM_022811437.1	5155	4918.15	0	0
XM_022811438.1	5245	5008.15	0	0
XM_022811439.1	5311	5074.15	0	0
XM_022811440.1	3646	3409.15	0	0
XM_022811441.1	5074	4837.15	0	0
XM_022811442.1	5052	4815.15	0	0
XM_022811443.1	4012	3775.15	0	0
XM_022811444.1	3966	3729.15	0	0
XM_022811445.1	3799	3562.15	0	0
XM_022811446.1	4932	4695.15	0	0
XM_022811447.1	4782	4545.15	0	0
XM_022811448.1	4891	4654.15	0	0
XM_022811449.1	4072	3835.15	0	0
XM_022811450.1	4043	3806.15	0	0
XM_022811451.1	4195	3958.15	0	0
XM_022811452.1	4032	3795.15	0	0
XM_022811453.1	4302	4065.15	0	0
XM_022811454.1	7907	7670.15	0	0
XM_022811455.1	7903	7666.15	0	0
XM_022811456.1	3991	3754.15	0	0
XM_022811457.1	6708	6471.15	0	0
XM_022811458.1	7148	6911.15	0	0
XM_022811459.1	1863	1626.15	0	0
XM_022811460.1	7090	6853.15	0	0
XM_022811461.1	4408	4171.15	0	0
XM_022811462.1	4251	4014.15	0	0
XM_022811463.1	4141	3904.15	0	0
XM_022811464.1	7050	6813.15	0	0
XM_022811465.1	2864	2627.15	0	0
XM_022811466.1	4902	4665.15	0	0
XM_022811467.1	4107	3870.15	0	0
XM_022811468.1	6921	6684.15	0	0
XM_022811469.1	4392	4155.15	0	0
XM_022811470.1	5083	4846.15	0	0
XM_022811471.1	4179	3942.15	0	0
XM_022811472.1	2797	2560.15	0	0
XM_022811473.1	2685	2448.15	0	0
XM_022811474.1	2794	2557.15	0	0
XM_022811475.1	2676	2439.15	0	0
XM_022811476.1	2429	2192.15	0	0
XM_022811477.1	2680	2443.15	0	0
XM_022811478.1	2572	2335.15	0	0
XM_022811479.1	3374	3137.15	0	0
XM_022811480.1	7330	7093.15	0	0
XM_022811481.1	7250	7013.15	0	0
XM_022811482.1	7221	6984.15	0	0
XM_022811483.1	7006	6769.15	0	0
XM_022811484.1	7086	6849.15	0	0
XM_022811485.1	2843	2606.15	0	0
XM_022811486.1	2128	1891.15	0	0
XM_022811487.1	2151	1914.15	0	0
XM_022811488.1	1491	1254.15	0	0
XM_022811489.1	1376	1139.15	0	0
XM_022811490.1	3941	3704.15	0	0
XM_022811491.1	2978	2741.15	0	0
XM_022811492.1	6323	6086.15	0	0
XM_022811493.1	6320	6083.15	0	0
XM_022811494.1	6221	5984.15	0	0
XM_022811495.1	6172	5935.15	0	0
XM_022811496.1	4695	4458.15	0	0
XM_022811497.1	2242	2005.15	0	0
XM_022811498.1	667	433.375	0	0
XM_022811499.1	8648	8411.15	0	0
XM_022811500.1	8499	8262.15	0	0
XM_022811501.1	7933	7696.15	0	0
XM_022811502.1	9944	9707.15	0	0
XM_022811503.1	9935	9698.15	0	0
XM_022811504.1	7926	7689.15	0	0
XM_022811505.1	4399	4162.15	0	0
XM_022811506.1	7971	7734.15	0	0
XM_022811507.1	7858	7621.15	0	0
XM_022811508.1	8427	8190.15	0	0
XM_022811509.1	7650	7413.15	2	0.049269
XM_022811510.1	8235	7998.15	0	0
XM_022811511.1	7813	7576.15	0	0
XM_022811512.1	8776	8539.15	0	0
XM_022811513.1	3153	2916.15	0	0
XM_022811514.1	3816	3579.15	0	0
XM_022811515.1	2468	2231.15	0	0
XM_022811516.1	2326	2089.15	1	0.0874132
XM_022811517.1	1957	1720.15	0	0
XM_022811518.1	5099	4862.15	0	0
XM_022811519.1	6354	6117.15	0	0
XM_022811520.1	5286	5049.15	0	0
XM_022811521.1	6301	6064.15	0	0
XM_022811522.1	6296	6059.15	0	0
XM_022811523.1	3643	3406.15	0	0
XM_022811524.1	3461	3224.15	0	0
XM_022811525.1	4293	4056.15	0	0
XM_022811526.1	4178	3941.15	0	0
XM_022811527.1	13872	13635.1	0	0
XM_022811528.1	3050	2813.15	0	0
XM_022811529.1	6320	6083.15	0	0
XM_022811530.1	2510	2273.15	0	0
XM_022811531.1	5796	5559.15	0	0
XM_022811532.1	2167	1930.15	0	0
XM_022811533.1	659	425.634	0	0
XM_022811534.1	4544	4307.15	0	0
XM_022811535.1	4100	3863.15	0	0
XM_022811536.1	4379	4142.15	0	0
XM_022811537.1	4433	4196.15	0	0
XM_022811538.1	4419	4182.15	0	0
XM_022811539.1	4361	4124.15	0	0
XM_022811540.1	4375	4138.15	0	0
XM_022811541.1	4637	4400.15	0	0
XM_022811542.1	4628	4391.15	0	0
XM_022811543.1	4628	4391.15	0	0
XM_022811544.1	4592	4355.15	0	0
XM_022811545.1	4028	3791.15	0	0
XM_022811546.1	4583	4346.15	0	0
XM_022811547.1	3382	3145.15	0	0
XM_022811548.1	1702	1465.15	0	0
XM_022811549.1	3423	3186.15	0	0
XM_022811550.1	1320	1083.15	0	0
XM_022811551.1	3353	3116.15	0	0
XM_022811552.1	3306	3069.15	0	0
XM_022811553.1	3141	2904.15	0	0
XM_022811554.1	786	550.388	0	0
XM_022811555.1	3678	3441.15	0	0
XM_022811556.1	603	371.341	0	0
XM_022811557.1	3156	2919.15	0	0
XM_022811558.1	2079	1842.15	0	0
XM_022811559.1	4701	4464.15	0	0
XM_022811560.1	3683	3446.15	0	0
XM_022811561.1	5580	5343.15	0	0
XM_022811562.1	5855	5618.15	0	0
XM_022811563.1	5907	5670.15	0	0
XM_022811564.1	5969	5732.15	0	0
XM_022811565.1	5775	5538.15	0	0
XM_022811566.1	6082	5845.15	0	0
XM_022811567.1	5840	5603.15	0	0
XM_022811568.1	5034	4797.15	0	0
XM_022811569.1	788	552.388	0	0
XM_022811570.1	5707	5470.15	0	0
XM_022811571.1	5666	5429.15	0	0
XM_022811572.1	1909	1672.15	0	0
XM_022811573.1	1716	1479.15	0	0
XM_022811574.1	5495	5258.15	0	0
XM_022811575.1	4974	4737.15	0	0
XM_022811576.1	4346	4109.15	0	0
XM_022811577.1	1376	1139.15	0	0
XM_022811578.1	857	621.102	0	0
XM_022811579.1	3582	3345.15	0	0
XM_022811580.1	3632	3395.15	0	0
XM_022811581.1	3601	3364.15	0	0
XM_022811582.1	3549	3312.15	0	0
XM_022811583.1	3380	3143.15	0	0
XM_022811584.1	3168	2931.15	0	0
XM_022811585.1	2977	2740.15	0	0
XM_022811586.1	2821	2584.15	0	0
XM_022811587.1	2659	2422.15	0	0
XM_022811588.1	2524	2287.15	0	0
XM_022811589.1	2488	2251.15	0	0
XM_022811590.1	2541	2304.15	0	0
XM_022811591.1	2428	2191.15	0	0
XM_022811592.1	4226	3989.15	0	0
XM_022811593.1	4142	3905.15	0	0
XM_022811594.1	3917	3680.15	0	0
XM_022811595.1	3335	3098.15	0	0
XM_022811596.1	8182	7945.15	0	0
XM_022811597.1	732	497.278	0	0
XM_022811598.1	6765	6528.15	0	0
XM_022811599.1	6354	6117.15	0	0
XM_022811600.1	6438	6201.15	0	0
XM_022811601.1	6716	6479.15	0	0
XM_022811602.1	6334	6097.15	0	0
XM_022811603.1	6397	6160.15	0	0
XM_022811604.1	3329	3092.15	0	0
XM_022811605.1	5845	5608.15	0	0
XM_022811606.1	6751	6514.15	0	0
XM_022811607.1	5322	5085.15	0	0
XM_022811608.1	5143	4906.15	0	0
XM_022811609.1	6924	6687.15	0	0
XM_022811610.1	5322	5085.15	0	0
XM_022811611.1	6882	6645.15	0	0
XM_022811612.1	5146	4909.15	0	0
XM_022811613.1	6732	6495.15	0	0
XM_022811614.1	3358	3121.15	0	0
XM_022811615.1	4641	4404.15	0	0
XM_022811616.1	5375	5138.15	0	0
XM_022811617.1	4039	3802.15	0	0
XM_022811618.1	4431	4194.15	0	0
XM_022811619.1	1930	1693.15	0	0
XM_022811620.1	1991	1754.15	0	0
XM_022811621.1	1362	1125.15	0	0
XM_022811622.1	1302	1065.15	0	0
XM_022811623.1	7728	7491.15	0	0
XM_022811624.1	6473	6236.15	0	0
XM_022811625.1	2030	1793.15	0	0
XM_022811626.1	6826	6589.15	0	0
XM_022811627.1	6254	6017.15	0	0
XM_022811628.1	6247	6010.15	0	0
XM_022811629.1	2516	2279.15	0	0
XM_022811630.1	5472	5235.15	0	0
XM_022811631.1	6351	6114.15	0	0
XM_022811632.1	1400	1163.15	0	0
XM_022811633.1	1828	1591.15	0	0
XM_022811634.1	3017	2780.15	0	0
XM_022811635.1	2901	2664.15	0	0
XM_022811636.1	3611	3374.15	0	0
XM_022811637.1	2484	2247.15	0	0
XM_022811638.1	8263	8026.15	0	0
XM_022811639.1	7899	7662.15	0	0
XM_022811640.1	7887	7650.15	0	0
XM_022811641.1	5740	5503.15	0	0
XM_022811642.1	2022	1785.15	0	0
XM_022811643.1	1052	815.148	0	0
XM_022811644.1	8570	8333.15	0	0
XM_022811645.1	8757	8520.15	0	0
XM_022811646.1	7471	7234.15	0	0
XM_022811647.1	7597	7360.15	0	0
XM_022811648.1	7445	7208.15	0	0
XM_022811649.1	8554	8317.15	0	0
XM_022811650.1	1638	1401.15	0	0
XM_022811651.1	3149	2912.15	0	0
XM_022811652.1	3208	2971.15	0	0
XM_022811653.1	3240	3003.15	0	0
XM_022811654.1	3172	2935.15	0	0
XM_022811655.1	7281	7044.15	0	0
XM_022811656.1	3084	2847.15	0	0
XM_022811657.1	3176	2939.15	0	0
XM_022811658.1	3175	2938.15	0	0
XM_022811659.1	3125	2888.15	0	0
XM_022811660.1	2551	2314.15	0	0
XM_022811661.1	2313	2076.15	0	0
XM_022811662.1	8057	7820.15	0	0
XM_022811663.1	7576	7339.15	0	0
XM_022811664.1	2219	1982.15	0	0
XM_022811665.1	1619	1382.15	0	0
XM_022811666.1	3467	3230.15	0	0
XM_022811667.1	1445	1208.15	0	0
XM_022811668.1	7136	6899.15	0	0
XM_022811669.1	5139	4902.15	0	0
XM_022811670.1	5244	5007.15	0	0
XM_022811671.1	3220	2983.15	0	0
XM_022811672.1	4086	3849.15	0	0
XM_022811673.1	3202	2965.15	0	0
XM_022811674.1	3294	3057.15	0	0
XM_022811675.1	6225	5988.15	0	0
XM_022811676.1	6330	6093.15	0	0
XM_022811677.1	3199	2962.15	0	0
XM_022811678.1	5197	4960.15	0	0
XM_022811679.1	3181	2944.15	0	0
XM_022811680.1	1542	1305.15	0	0
XM_022811681.1	2667	2430.15	0	0
XM_022811682.1	3412	3175.15	0	0
XM_022811683.1	7377	7140.15	0	0
XM_022811684.1	3464	3227.15	0	0
XM_022811685.1	7374	7137.15	0	0
XM_022811686.1	4189	3952.15	0	0
XM_022811687.1	3776	3539.15	0	0
XM_022811688.1	5160	4923.15	0	0
XM_022811689.1	5281	5044.15	0	0
XM_022811690.1	4981	4744.15	0	0
XM_022811691.1	9483	9246.15	0	0
XM_022811692.1	11313	11076.1	0	0
XM_022811693.1	9369	9132.15	0	0
XM_022811694.1	9143	8906.15	0	0
XM_022811695.1	4699	4462.15	0	0
XM_022811696.1	2628	2391.15	0	0
XM_022811697.1	2291	2054.15	0	0
XM_022811698.1	1217	980.148	0	0
XM_022811699.1	5950	5713.15	0	0
XM_022811700.1	5040	4803.15	0	0
XM_022811701.1	4906	4669.15	0	0
XM_022811702.1	3188	2951.15	0	0
XM_022811703.1	3118	2881.15	0	0
XM_022811704.1	2703	2466.15	0	0
XM_022811705.1	8124	7887.15	0	0
XM_022811706.1	2170	1933.15	0	0
XM_022811707.1	3534	3297.15	0	0
XM_022811708.1	4436	4199.15	0	0
XM_022811709.1	3244	3007.15	0	0
XM_022811710.1	2538	2301.15	0	0
XM_022811711.1	2831	2594.15	0	0
XM_022811712.1	2925	2688.15	0	0
XM_022811713.1	3482	3245.15	0	0
XM_022811714.1	2902	2665.15	0	0
XM_022811715.1	2297	2060.15	0	0
XM_022811716.1	4297	4060.15	0	0
XM_022811717.1	932	695.652	0	0
XM_022811718.1	3369	3132.15	0	0
XM_022811719.1	3538	3301.15	0	0
XM_022811720.1	3454	3217.15	0	0
XM_022811721.1	3094	2857.15	0.886869	0.0566857
XM_022811722.1	3113	2876.15	0.00127875	8.11937e-05
XM_022811723.1	3215	2978.15	0	0
XM_022811724.1	3100	2863.15	0.111852	0.0071342
XM_022811725.1	2151	1914.15	0	0
XM_022811726.1	4507	4270.15	0	0
XM_022811727.1	3742	3505.15	0	0
XM_022811728.1	4313	4076.15	0	0
XM_022811729.1	3726	3489.15	0	0
XM_022811730.1	3723	3486.15	0	0
XM_022811731.1	2684	2447.15	0	0
XM_022811732.1	2770	2533.15	0	0
XM_022811733.1	4198	3961.15	0	0
XM_022811734.1	2727	2490.15	0	0
XM_022811735.1	2089	1852.15	0	0
XM_022811736.1	2550	2313.15	0	0
XM_022811737.1	2651	2414.15	0	0
XM_022811738.1	1247	1010.15	0	0
XM_022811739.1	1175	938.148	0	0
XM_022811740.1	3160	2923.15	0	0
XM_022811741.1	2823	2586.15	0	0
XM_022811742.1	4206	3969.15	0	0
XM_022811743.1	2107	1870.15	0	0
XM_022811744.1	2269	2032.15	0	0
XM_022811745.1	2996	2759.15	0	0
XM_022811746.1	6421	6184.15	0	0
XM_022811747.1	2723	2486.15	0	0
XM_022811748.1	2707	2470.15	0	0
XM_022811749.1	6286	6049.15	0	0
XM_022811750.1	5644	5407.15	0	0
XM_022811751.1	5846	5609.15	0	0
XM_022811752.1	842	606.102	0	0
XM_022811753.1	5792	5555.15	0	0
XM_022811754.1	4469	4232.15	0	0
XM_022811755.1	4114	3877.15	0	0
XM_022811756.1	2344	2107.15	0	0
XM_022811757.1	2520	2283.15	0	0
XM_022811758.1	2322	2085.15	0	0
XM_022811759.1	2224	1987.15	0	0
XM_022811760.1	2263	2026.15	0	0
XM_022811761.1	9516	9279.15	1.00004	0.0196813
XM_022811762.1	9764	9527.15	0	0
XM_022811763.1	10486	10249.1	0	0
XM_022811764.1	2717	2480.15	0	0
XM_022811765.1	624	391.496	0	0
XM_022811766.1	2791	2554.15	0	0
XM_022811767.1	4125	3888.15	0	0
XM_022811768.1	5877	5640.15	0	0
XM_022811769.1	5196	4959.15	0	0
XM_022811770.1	8843	8606.15	0	0
XM_022811771.1	3834	3597.15	0	0
XM_022811772.1	3667	3430.15	0	0
XM_022811773.1	3603	3366.15	0	0
XM_022811774.1	3600	3363.15	0	0
XM_022811775.1	3425	3188.15	0	0
XM_022811776.1	9348	9111.15	0	0
XM_022811777.1	7964	7727.15	0	0
XM_022811778.1	9092	8855.15	0	0
XM_022811779.1	24712	24475.1	0	0
XM_022811780.1	6745	6508.15	0	0
XM_022811781.1	8450	8213.15	0	0
XM_022811782.1	8467	8230.15	0	0
XM_022811783.1	6277	6040.15	0	0
XM_022811784.1	6597	6360.15	0	0
XM_022811785.1	2739	2502.15	0	0
XM_022811786.1	2709	2472.15	0	0
XM_022811787.1	24706	24469.1	0	0
XM_022811788.1	12596	12359.1	0	0
XM_022811789.1	11789	11552.1	0	0
XM_022811790.1	10777	10540.1	0	0
XM_022811791.1	11418	11181.1	0	0
XM_022811792.1	8737	8500.15	0	0
XM_022811793.1	8646	8409.15	0	0
XM_022811794.1	8381	8144.15	0	0
XM_022811795.1	7961	7724.15	0	0
XM_022811796.1	24685	24448.1	0	0
XM_022811797.1	10516	10279.1	0	0
XM_022811798.1	14340	14103.1	0	0
XM_022811799.1	10510	10273.1	0	0
XM_022811800.1	5114	4877.15	0	0
XM_022811801.1	5495	5258.15	0	0
XM_022811802.1	5000	4763.15	0	0
XM_022811803.1	5005	4768.15	0	0
XM_022811804.1	5111	4874.15	0	0
XM_022811805.1	2875	2638.15	0	0
XM_022811806.1	24227	23990.1	0	0
XM_022811807.1	3450	3213.15	0	0
XM_022811808.1	3380	3143.15	0	0
XM_022811809.1	1158	921.148	0	0
XM_022811810.1	4282	4045.15	0	0
XM_022811811.1	4256	4019.15	0	0
XM_022811812.1	3088	2851.15	0	0
XM_022811813.1	23607	23370.1	0	0
XM_022811814.1	2902	2665.15	0	0
XM_022811815.1	6104	5867.15	0	0
XM_022811816.1	6033	5796.15	0	0
XM_022811817.1	8510	8273.15	0	0
XM_022811818.1	1876	1639.15	0	0
XM_022811819.1	2078	1841.15	0	0
XM_022811820.1	1883	1646.15	0	0
XM_022811821.1	1285	1048.15	0	0
XM_022811822.1	23121	22884.1	0	0
XM_022811823.1	1784	1547.15	0	0
XM_022811824.1	2479	2242.15	0	0
XM_022811825.1	5040	4803.15	0	0
XM_022811826.1	1721	1484.15	0	0
XM_022811827.1	1785	1548.15	0	0
XM_022811828.1	1461	1224.15	0	0
XM_022811829.1	1427	1190.15	0	0
XM_022811830.1	21764	21527.1	0	0
XM_022811831.1	1491	1254.15	0	0
XM_022811832.1	1485	1248.15	0	0
XM_022811833.1	5385	5148.15	0	0
XM_022811834.1	4628	4391.15	0	0
XM_022811835.1	4625	4388.15	0	0
XM_022811836.1	2752	2515.15	0	0
XM_022811837.1	3322	3085.15	0	0
XM_022811838.1	3159	2922.15	0	0
XM_022811839.1	3162	2925.15	0	0
XM_022811840.1	17949	17712.1	0	0
XM_022811841.1	2611	2374.15	0	0
XM_022811842.1	8745	8508.15	0	0
XM_022811843.1	6178	5941.15	1	0.030738
XM_022811844.1	7996	7759.15	0	0
XM_022811845.1	8647	8410.15	0	0
XM_022811846.1	7634	7397.15	0	0
XM_022811847.1	1475	1238.15	0	0
XM_022811848.1	2577	2340.15	0	0
XM_022811849.1	6174	5937.15	0	0
XM_022811850.1	17539	17302.1	0	0
XM_022811851.1	692	457.704	0	0
XM_022811852.1	668	434.375	0	0
XM_022811853.1	615	382.808	0	0
XM_022811854.1	9067	8830.15	0	0
XM_022811855.1	9622	9385.15	0	0
XM_022811856.1	9494	9257.15	0	0
XM_022811857.1	2618	2381.15	0	0
XM_022811858.1	17819	17582.1	0	0
XM_022811859.1	2550	2313.15	0	0
XM_022811860.1	2319	2082.15	0	0
XM_022811861.1	2472	2235.15	0	0
XM_022811862.1	2507	2270.15	0	0
XM_022811863.1	2411	2174.15	0	0
XM_022811864.1	1612	1375.15	0	0
XM_022811865.1	1565	1328.15	0	0
XM_022811866.1	1486	1249.15	0	0
XM_022811867.1	1565	1328.15	0	0
XM_022811868.1	17931	17694.1	0	0
XM_022811869.1	3851	3614.15	0	0
XM_022811870.1	3548	3311.15	0	0
XM_022811871.1	3701	3464.15	0	0
XM_022811872.1	3806	3569.15	0	0
XM_022811873.1	3503	3266.15	0	0
XM_022811874.1	4397	4160.15	0	0
XM_022811875.1	3094	2857.15	0	0
XM_022811876.1	2854	2617.15	0	0
XM_022811877.1	2078	1841.15	0	0
XM_022811878.1	2929	2692.15	0	0
XM_022811879.1	17317	17080.1	0	0
XM_022811880.1	2751	2514.15	0	0
XM_022811881.1	2051	1814.15	0	0
XM_022811882.1	3723	3486.15	0	0
XM_022811883.1	971	734.297	0	0
XM_022811884.1	8575	8338.15	0	0
XM_022811885.1	7618	7381.15	0	0
XM_022811886.1	8269	8032.15	0	0
XM_022811887.1	7924	7687.15	0	0
XM_022811888.1	17045	16808.1	0	0
XM_022811889.1	3313	3076.15	0	0
XM_022811890.1	3114	2877.15	0	0
XM_022811891.1	3094	2857.15	0	0
XM_022811892.1	5071	4834.15	0	0
XM_022811893.1	9070	8833.15	0	0
XM_022811894.1	4729	4492.15	0	0
XM_022811895.1	4156	3919.15	0	0
XM_022811896.1	6865	6628.15	0	0
XM_022811897.1	10782	10545.1	2.00271	0.0346825
XM_022811898.1	5693	5456.15	0	0
XM_022811899.1	4813	4576.15	0	0
XM_022811900.1	5690	5453.15	0	0
XM_022811901.1	10987	10750.1	0	0
XM_022811902.1	5684	5447.15	0	0
XM_022811903.1	9125	8888.15	0	0
XM_022811904.1	9396	9159.15	0	0
XM_022811905.1	9108	8871.15	0	0
XM_022811906.1	9091	8854.15	0	0
XM_022811907.1	7951	7714.15	0	0
XM_022811908.1	9074	8837.15	0	0
XM_022811909.1	7087	6850.15	0	0
XM_022811910.1	5511	5274.15	0	0
XM_022811911.1	6892	6655.15	0	0
XM_022811912.1	9529	9292.15	0	0
XM_022811913.1	4335	4098.15	0	0
XM_022811914.1	9500	9263.15	0	0
XM_022811915.1	8873	8636.15	0	0
XM_022811916.1	3101	2864.15	0	0
XM_022811917.1	5102	4865.15	0	0
XM_022811918.1	5600	5363.15	0	0
XM_022811919.1	4045	3808.15	0	0
XM_022811920.1	4647	4410.15	0	0
XM_022811921.1	3178	2941.15	0	0
XM_022811922.1	7888	7651.15	0	0
XM_022811923.1	3606	3369.15	0	0
XM_022811924.1	1563	1326.15	0	0
XM_022811925.1	4268	4031.15	0	0
XM_022811926.1	4090	3853.15	0	0
XM_022811927.1	2534	2297.15	0	0
XM_022811928.1	2937	2700.15	0	0
XM_022811929.1	2185	1948.15	0	0
XM_022811930.1	2585	2348.15	0	0
XM_022811931.1	4308	4071.15	0	0
XM_022811932.1	4206	3969.15	0	0
XM_022811933.1	4126	3889.15	0	0
XM_022811934.1	12935	12698.1	0	0
XM_022811935.1	12732	12495.1	0	0
XM_022811936.1	3131	2894.15	0	0
XM_022811937.1	582	351.575	0	0
XM_022811938.1	4704	4467.15	0	0
XM_022811939.1	4020	3783.15	0	0
XM_022811940.1	6512	6275.15	0	0
XM_022811941.1	3342	3105.15	0	0
XM_022811942.1	5392	5155.15	0	0
XM_022811943.1	5474	5237.15	0	0
XM_022811944.1	5542	5305.15	0	0
XM_022811945.1	510	285.63	0	0
XM_022811946.1	5127	4890.15	0	0
XM_022811947.1	5460	5223.15	0	0
XM_022811948.1	5337	5100.15	0	0
XM_022811949.1	5161	4924.15	0	0
XM_022811950.1	5070	4833.15	0	0
XM_022811951.1	5277	5040.15	0	0
XM_022811952.1	5015	4778.15	0	0
XM_022811953.1	4839	4602.15	0	0
XM_022811954.1	1364	1127.15	0	0
XM_022811955.1	2451	2214.15	0	0
XM_022811956.1	4457	4220.15	0	0
XM_022811957.1	4375	4138.15	0	0
XM_022811958.1	4454	4217.15	0	0
XM_022811959.1	1454	1217.15	0	0
XM_022811960.1	4424	4187.15	0	0
XM_022811961.1	4475	4238.15	0	0
XM_022811962.1	4442	4205.15	0	0
XM_022811963.1	4349	4112.15	0	0
XM_022811964.1	4352	4115.15	0	0
XM_022811965.1	4319	4082.15	0	0
XM_022811966.1	4316	4079.15	0	0
XM_022811967.1	3867	3630.15	0	0
XM_022811968.1	3477	3240.15	0	0
XM_022811969.1	1440	1203.15	0	0
XM_022811970.1	2492	2255.15	0	0
XM_022811971.1	2896	2659.15	0	0
XM_022811972.1	2912	2675.15	0	0
XM_022811973.1	2957	2720.15	0	0
XM_022811974.1	7102	6865.15	0	0
XM_022811975.1	5766	5529.15	0	0
XM_022811976.1	7021	6784.15	0	0
XM_022811977.1	6919	6682.15	0	0
XM_022811978.1	6837	6600.15	0	0
XM_022811979.1	11813	11576.1	0	0
XM_022811980.1	10980	10743.1	0	0
XM_022811981.1	3648	3411.15	0	0
XM_022811982.1	494	271.68	0	0
XM_022811983.1	7425	7188.15	0	0
XM_022811984.1	6158	5921.15	0	0
XM_022811985.1	7177	6940.15	0	0
XM_022811986.1	7369	7132.15	0	0
XM_022811987.1	7311	7074.15	0	0
XM_022811988.1	6102	5865.15	0	0
XM_022811989.1	3818	3581.15	0	0
XM_022811990.1	2104	1867.15	0	0
XM_022811991.1	716	481.425	0	0
XM_022811992.1	535	307.95	0	0
XM_022811993.1	2255	2018.15	0	0
XM_022811994.1	1747	1510.15	0	0
XM_022811995.1	3653	3416.15	0	0
XM_022811996.1	3657	3420.15	0	0
XM_022811997.1	3501	3264.15	0	0
XM_022811998.1	1133	896.148	0	0
XM_022811999.1	1130	893.148	0	0
XM_022812000.1	1090	853.148	0	0
XM_022812001.1	1068	831.148	0	0
XM_022812002.1	3394	3157.15	0	0
XM_022812003.1	4150	3913.15	0	0
XM_022812004.1	3431	3194.15	0	0
XM_022812005.1	2990	2753.15	0	0
XM_022812006.1	4315	4078.15	0	0
XM_022812007.1	1681	1444.15	0	0
XM_022812008.1	4410	4173.15	0	0
XM_022812009.1	4258	4021.15	0	0
XM_022812010.1	2441	2204.15	0	0
XM_022812011.1	840	604.102	0	0
XM_022812012.1	6038	5801.15	0	0
XM_022812013.1	5909	5672.15	0	0
XM_022812014.1	5939	5702.15	0	0
XM_022812015.1	1806	1569.15	0	0
XM_022812016.1	5840	5603.15	0	0
XM_022812017.1	5658	5421.15	0	0
XM_022812018.1	5734	5497.15	0	0
XM_022812019.1	4925	4688.15	0	0
XM_022812020.1	6429	6192.15	0	0
XM_022812021.1	1743	1506.15	0	0
XM_022812022.1	4602	4365.15	0	0
XM_022812023.1	4711	4474.15	0	0
XM_022812024.1	4455	4218.15	0	0
XM_022812025.1	3825	3588.15	0	0
XM_022812026.1	3854	3617.15	0	0
XM_022812027.1	3720	3483.15	0	0
XM_022812028.1	3320	3083.15	0	0
XM_022812029.1	7965	7728.15	0	0
XM_022812030.1	9118	8881.15	0	0
XM_022812031.1	7939	7702.15	0	0
XM_022812032.1	7956	7719.15	0	0
XM_022812033.1	6837	6600.15	33.9961	0.940636
XM_022812034.1	4297	4060.15	0	0
XM_022812035.1	4376	4139.15	0	0
XM_022812036.1	1387	1150.15	0	0
XM_022812037.1	8045	7808.15	0	0
XM_022812038.1	8036	7799.15	0	0
XM_022812039.1	2981	2744.15	0	0
XM_022812040.1	7847	7610.15	0	0
XM_022812041.1	4963	4726.15	0	0
XM_022812042.1	2131	1894.15	0	0
XM_022812043.1	2081	1844.15	0	0
XM_022812044.1	2036	1799.15	0	0
XM_022812045.1	2328	2091.15	0	0
XM_022812046.1	2125	1888.15	0	0
XM_022812047.1	2028	1791.15	0	0
XM_022812048.1	1475	1238.15	0	0
XM_022812049.1	1404	1167.15	0	0
XM_022812050.1	894	657.786	0	0
XM_022812051.1	1957	1720.15	0	0
XM_022812052.1	1851	1614.15	0	0
XM_022812053.1	1749	1512.15	0	0
XM_022812054.1	1336	1099.15	0	0
XM_022812055.1	3176	2939.15	0	0
XM_022812056.1	6125	5888.15	0	0
XM_022812057.1	6118	5881.15	0	0
XM_022812058.1	6107	5870.15	0	0
XM_022812059.1	6129	5892.15	0	0
XM_022812060.1	6038	5801.15	0	0
XM_022812061.1	5868	5631.15	0	0
XM_022812062.1	2768	2531.15	0	0
XM_022812063.1	5732	5495.15	0	0
XM_022812064.1	4959	4722.15	0	0
XM_022812065.1	9423	9186.15	0	0
XM_022812066.1	9417	9180.15	0	0
XM_022812067.1	9387	9150.15	0	0
XM_022812068.1	7781	7544.15	0	0
XM_022812069.1	9273	9036.15	0	0
XM_022812070.1	6085	5848.15	0	0
XM_022812071.1	7974	7737.15	0	0
XM_022812072.1	2231	1994.15	0	0
XM_022812073.1	7596	7359.15	0	0
XM_022812074.1	7226	6989.15	0	0
XM_022812075.1	7364	7127.15	0	0
XM_022812076.1	6994	6757.15	0	0
XM_022812077.1	3979	3742.15	0	0
XM_022812078.1	3731	3494.15	0	0
XM_022812079.1	3527	3290.15	0	0
XM_022812080.1	3618	3381.15	0	0
XM_022812081.1	3432	3195.15	0	0
XM_022812082.1	2082	1845.15	0	0
XM_022812083.1	8333	8096.15	0	0
XM_022812084.1	3616	3379.15	0	0
XM_022812085.1	7381	7144.15	0	0
XM_022812086.1	3091	2854.15	0	0
XM_022812087.1	2703	2466.15	0	0
XM_022812088.1	2833	2596.15	0	0
XM_022812089.1	2480	2243.15	0	0
XM_022812090.1	3702	3465.15	0	0
XM_022812091.1	2133	1896.15	0	0
XM_022812092.1	2421	2184.15	0	0
XM_022812093.1	5495	5258.15	0	0
XM_022812094.1	4553	4316.15	0	0
XM_022812095.1	4199	3962.15	0	0
XM_022812096.1	3679	3442.15	0	0
XM_022812097.1	4093	3856.15	0	0
XM_022812098.1	3669	3432.15	0	0
XM_022812099.1	3479	3242.15	0	0
XM_022812100.1	4720	4483.15	0	0
XM_022812101.1	4183	3946.15	0	0
XM_022812102.1	2784	2547.15	0	0
XM_022812103.1	2573	2336.15	0	0
XM_022812104.1	4324	4087.15	0	0
XM_022812105.1	848	612.102	0	0
XM_022812106.1	812	576.22	0	0
XM_022812107.1	867	630.915	0	0
XM_022812108.1	992	755.224	0	0
XM_022812109.1	556	326.888	0	0
XM_022812110.1	8658	8421.15	0	0
XM_022812111.1	1778	1541.15	0	0
XM_022812112.1	1774	1537.15	0	0
XM_022812113.1	6094	5857.15	0	0
XM_022812114.1	1661	1424.15	0	0
XM_022812115.1	2009	1772.15	0	0
XM_022812116.1	2088	1851.15	0	0
XM_022812117.1	2400	2163.15	0	0
XM_022812118.1	1298	1061.15	0	0
XM_022812119.1	1777	1540.15	0	0
XM_022812120.1	1463	1226.15	0	0
XM_022812121.1	1452	1215.15	0	0
XM_022812122.1	1466	1229.15	0	0
XM_022812123.1	5450	5213.15	0	0
XM_022812124.1	5458	5221.15	0	0
XM_022812125.1	5820	5583.15	0	0
XM_022812126.1	5812	5575.15	0	0
XM_022812127.1	6020	5783.15	0	0
XM_022812128.1	5359	5122.15	0	0
XM_022812129.1	5929	5692.15	0	0
XM_022812130.1	5422	5185.15	0	0
XM_022812131.1	5225	4988.15	0	0
XM_022812132.1	5129	4892.15	0	0
XM_022812133.1	5105	4868.15	0	0
XM_022812134.1	4612	4375.15	0	0
XM_022812135.1	1904	1667.15	0	0
XM_022812136.1	2543	2306.15	0	0
XM_022812137.1	2588	2351.15	0	0
XM_022812138.1	1975	1738.15	0	0
XM_022812139.1	1945	1708.15	0	0
XM_022812140.1	2227	1990.15	0	0
XM_022812141.1	2213	1976.15	0	0
XM_022812142.1	7859	7622.15	0	0
XM_022812143.1	3415	3178.15	0	0
XM_022812144.1	2829	2592.15	0	0
XM_022812145.1	2007	1770.15	0	0
XM_022812146.1	4019	3782.15	0	0
XM_022812147.1	3067	2830.15	0	0
XM_022812148.1	3030	2793.15	0	0
XM_022812149.1	3277	3040.15	0	0
XM_022812150.1	3006	2769.15	0	0
XM_022812151.1	3267	3030.15	0	0
XM_022812152.1	3093	2856.15	0	0
XM_022812153.1	1968	1731.15	0	0
XM_022812154.1	1738	1501.15	0	0
XM_022812155.1	1784	1547.15	0	0
XM_022812156.1	820	584.162	0	0
XM_022812157.1	5149	4912.15	0	0
XM_022812158.1	5210	4973.15	0	0
XM_022812159.1	5164	4927.15	0	0
XM_022812160.1	4454	4217.15	0	0
XM_022812161.1	3895	3658.15	0	0
XM_022812162.1	3450	3213.15	0	0
XM_022812163.1	1671	1434.15	0	0
XM_022812164.1	1252	1015.15	0	0
XM_022812165.1	1061	824.148	0	0
XM_022812166.1	1209	972.148	0	0
XM_022812167.1	948	711.441	0	0
XM_022812168.1	2367	2130.15	0	0
XM_022812169.1	2466	2229.15	0	0
XM_022812170.1	1668	1431.15	0	0
XM_022812171.1	3157	2920.15	0	0
XM_022812172.1	2463	2226.15	0	0
XM_022812173.1	2397	2160.15	0	0
XM_022812174.1	1559	1322.15	0	0
XM_022812175.1	1512	1275.15	0	0
XM_022812176.1	3415	3178.15	0	0
XM_022812177.1	2612	2375.15	0	0
XM_022812178.1	2523	2286.15	0	0
XM_022812179.1	2467	2230.15	0	0
XM_022812180.1	4286	4049.15	0	0
XM_022812181.1	4045	3808.15	0	0
XM_022812182.1	6044	5807.15	0	0
XM_022812183.1	5722	5485.15	0	0
XM_022812184.1	6144	5907.15	0	0
XM_022812185.1	1987	1750.15	0	0
XM_022812186.1	3414	3177.15	0	0
XM_022812187.1	3611	3374.15	0	0
XM_022812188.1	3442	3205.15	0	0
XM_022812189.1	4354	4117.15	0	0
XM_022812190.1	3543	3306.15	0	0
XM_022812191.1	3396	3159.15	0	0
XM_022812192.1	6253	6016.15	0	0
XM_022812193.1	4150	3913.15	0	0
XM_022812194.1	921	684.652	0	0
XM_022812195.1	1702	1465.15	0	0
XM_022812196.1	2009	1772.15	0	0
XM_022812197.1	1012	775.148	0	0
XM_022812198.1	2392	2155.15	0	0
XM_022812199.1	6141	5904.15	0	0
XM_022812200.1	5982	5745.15	0	0
XM_022812201.1	3054	2817.15	0	0
XM_022812202.1	3003	2766.15	0	0
XM_022812203.1	3009	2772.15	0	0
XM_022812204.1	2958	2721.15	0	0
XM_022812205.1	2347	2110.15	0	0
XM_022812206.1	2290	2053.15	0	0
XM_022812207.1	2962	2725.15	0	0
XM_022812208.1	2959	2722.15	0	0
XM_022812209.1	3194	2957.15	0	0
XM_022812210.1	1945	1708.15	0	0
XM_022812211.1	4797	4560.15	0	0
XM_022812212.1	1942	1705.15	0	0
XM_022812213.1	1998	1761.15	0	0
XM_022812214.1	1864	1627.15	0	0
XM_022812215.1	1765	1528.15	0	0
XM_022812216.1	1670	1433.15	0	0
XM_022812217.1	1651	1414.15	0	0
XM_022812218.1	1819	1582.15	0	0
XM_022812219.1	710	475.425	0	0
XM_022812220.1	3019	2782.15	0	0
XM_022812221.1	2986	2749.15	0	0
XM_022812222.1	3035	2798.15	0	0
XM_022812223.1	2832	2595.15	0	0
XM_022812224.1	2835	2598.15	0	0
XM_022812225.1	2957	2720.15	0	0
XM_022812226.1	981	744.224	0	0
XM_022812227.1	1718	1481.15	0	0
XM_022812228.1	7888	7651.15	0	0
XM_022812229.1	7982	7745.15	0	0
XM_022812230.1	7861	7624.15	0	0
XM_022812231.1	4446	4209.15	0	0
XM_022812232.1	4374	4137.15	0	0
XM_022812233.1	4361	4124.15	0	0
XM_022812234.1	4212	3975.15	0	0
XM_022812235.1	781	545.553	0	0
XM_022812236.1	3091	2854.15	0	0
XM_022812237.1	3144	2907.15	0	0
XM_022812238.1	3127	2890.15	0	0
XM_022812239.1	3114	2877.15	0	0
XM_022812240.1	10359	10122.1	0	0
XM_022812241.1	10356	10119.1	0	0
XM_022812242.1	10356	10119.1	0	0
XM_022812243.1	10344	10107.1	0	0
XM_022812244.1	10317	10080.1	0	0
XM_022812245.1	10302	10065.1	0	0
XM_022812246.1	10301	10064.1	0	0
XM_022812247.1	8244	8007.15	0	0
XM_022812248.1	10341	10104.1	0	0
XM_022812249.1	4039	3802.15	0	0
XM_022812250.1	1878	1641.15	0	0
XM_022812251.1	6910	6673.15	0	0
XM_022812252.1	6802	6565.15	0	0
XM_022812253.1	1379	1142.15	0	0
XM_022812254.1	1344	1107.15	0	0
XM_022812255.1	1297	1060.15	0	0
XM_022812256.1	5606	5369.15	0	0
XM_022812257.1	5548	5311.15	0	0
XM_022812258.1	5698	5461.15	0	0
XM_022812259.1	5528	5291.15	0	0
XM_022812260.1	4389	4152.15	0	0
XM_022812261.1	4140	3903.15	0	0
XM_022812262.1	5596	5359.15	0	0
XM_022812263.1	1975	1738.15	0	0
XM_022812264.1	5500	5263.15	0	0
XM_022812265.1	5394	5157.15	0	0
XM_022812266.1	3900	3663.15	0	0
XM_022812267.1	2369	2132.15	0	0
XM_022812268.1	1392	1155.15	0	0
XM_022812269.1	4975	4738.15	0	0
XM_022812270.1	4724	4487.15	0	0
XM_022812271.1	4880	4643.15	0	0
XM_022812272.1	4510	4273.15	0	0
XM_022812273.1	2064	1827.15	0	0
XM_022812274.1	6856	6619.15	0	0
XM_022812275.1	4020	3783.15	0	0
XM_022812276.1	4001	3764.15	0	0
XM_022812277.1	3954	3717.15	0	0
XM_022812278.1	3951	3714.15	0	0
XM_022812279.1	5091	4854.15	0	0
XM_022812280.1	6585	6348.15	0	0
XM_022812281.1	5237	5000.15	0	0
XM_022812282.1	6082	5845.15	0	0
XM_022812283.1	5229	4992.15	0	0
XM_022812284.1	5820	5583.15	0	0
XM_022812285.1	5671	5434.15	0	0
XM_022812286.1	5748	5511.15	0	0
XM_022812287.1	5905	5668.15	0	0
XM_022812288.1	5180	4943.15	0	0
XM_022812289.1	5024	4787.15	0	0
XM_022812290.1	4288	4051.15	0	0
XM_022812291.1	6996	6759.15	0	0
XM_022812292.1	6948	6711.15	0	0
XM_022812293.1	6993	6756.15	0	0
XM_022812294.1	6860	6623.15	0	0
XM_022812295.1	6158	5921.15	0	0
XM_022812296.1	10425	10188.1	0	0
XM_022812297.1	10422	10185.1	0	0
XM_022812298.1	10422	10185.1	0	0
XM_022812299.1	6779	6542.15	0	0
XM_022812300.1	6115	5878.15	0	0
XM_022812301.1	2045	1808.15	0	0
XM_022812302.1	4118	3881.15	0	0
XM_022812303.1	1852	1615.15	0	0
XM_022812304.1	3225	2988.15	0	0
XM_022812305.1	1276	1039.15	0	0
XM_022812306.1	3764	3527.15	0	0
XM_022812307.1	8758	8521.15	0	0
XM_022812308.1	7779	7542.15	0	0
XM_022812309.1	8743	8506.15	0	0
XM_022812310.1	8620	8383.15	0	0
XM_022812311.1	4323	4086.15	0	0
XM_022812312.1	3625	3388.15	0	0
XM_022812313.1	3471	3234.15	0	0
XM_022812314.1	2147	1910.15	0	0
XM_022812315.1	4247	4010.15	0	0
XM_022812316.1	5848	5611.15	0	0
XM_022812317.1	3757	3520.15	0	0
XM_022812318.1	4754	4517.15	0	0
XM_022812319.1	4749	4512.15	0	0
XM_022812320.1	4341	4104.15	0	0
XM_022812321.1	4393	4156.15	0	0
XM_022812322.1	2421	2184.15	0	0
XM_022812323.1	2394	2157.15	0	0
XM_022812324.1	2383	2146.15	0	0
XM_022812325.1	1911	1674.15	0	0
XM_022812326.1	1616	1379.15	0	0
XM_022812327.1	1505	1268.15	0	0
XM_022812328.1	1098	861.148	0	0
XM_022812329.1	4435	4198.15	0	0
XM_022812330.1	4424	4187.15	0	0
XM_022812331.1	1143	906.148	0	0
XM_022812332.1	1346	1109.15	0	0
XM_022812333.1	3328	3091.15	0	0
XM_022812334.1	2574	2337.15	0	0
XM_022812335.1	1464	1227.15	0	0
XM_022812336.1	4653	4416.15	0	0
XM_022812337.1	3928	3691.15	5.39942e-06	2.67136e-07
XM_022812338.1	3883	3646.15	0.977824	0.0489748
XM_022812339.1	3897	3660.15	0.0222609	0.00111069
XM_022812340.1	7176	6939.15	0	0
XM_022812341.1	1203	966.148	0	0
XM_022812342.1	958	721.37	0	0
XM_022812343.1	968	731.297	0	0
XM_022812344.1	1578	1341.15	0	0
XM_022812345.1	5582	5345.15	0	0
XM_022812346.1	1839	1602.15	0	0
XM_022812347.1	9415	9178.15	1.00208	0.0199385
XM_022812348.1	10859	10622.1	2.75054e-05	4.72881e-07
XM_022812349.1	10881	10644.1	3.56897e-06	6.1232e-08
XM_022812350.1	10739	10502.1	2.03933	0.0354614
XM_022812351.1	8954	8717.15	0	0
XM_022812352.1	2841	2604.15	0	0
XM_022812353.1	1823	1586.15	0	0
XM_022812354.1	2650	2413.15	0	0
XM_022812355.1	2722	2485.15	0	0
XM_022812356.1	2778	2541.15	0	0
XM_022812357.1	3867	3630.15	0	0
XM_022812358.1	10128	9891.15	0	0
XM_022812359.1	9407	9170.15	0	0
XM_022812360.1	8717	8480.15	0	0
XM_022812361.1	4910	4673.15	0	0
XM_022812362.1	8894	8657.15	0	0
XM_022812363.1	7568	7331.15	0	0
XM_022812364.1	7564	7327.15	0	0
XM_022812365.1	1122	885.148	0	0
XM_022812366.1	1905	1668.15	0	0
XM_022812367.1	8139	7902.15	0	0
XM_022812368.1	8596	8359.15	0	0
XM_022812369.1	1602	1365.15	0	0
XM_022812370.1	1968	1731.15	0	0
XM_022812371.1	5089	4852.15	0	0
XM_022812372.1	4630	4393.15	0	0
XM_022812373.1	3707	3470.15	0	0
XM_022812374.1	5038	4801.15	0	0
XM_022812375.1	3656	3419.15	0	0
XM_022812376.1	1746	1509.15	0	0
XM_022812377.1	5175	4938.15	0	0
XM_022812378.1	4189	3952.15	0	0
XM_022812379.1	1642	1405.15	0	0
XM_022812380.1	1561	1324.15	0	0
XM_022812381.1	1064	827.148	0	0
XM_022812382.1	5283	5046.15	0	0
XM_022812383.1	4982	4745.15	1.07943	0.0415422
XM_022812384.1	5279	5042.15	0	0
XM_022812385.1	2083	1846.15	0	0
XM_022812386.1	2779	2542.15	0	0
XM_022812387.1	2179	1942.15	0	0
XM_022812388.1	861	624.978	0	0
XM_022812389.1	2654	2417.15	0	0
XM_022812390.1	2624	2387.15	0	0
XM_022812391.1	4129	3892.15	0	0
XM_022812392.1	7014	6777.15	0	0
XM_022812393.1	6056	5819.15	0	0
XM_022812394.1	7011	6774.15	0	0
XM_022812395.1	5350	5113.15	0	0
XM_022812396.1	5353	5116.15	0	0
XM_022812397.1	6164	5927.15	0	0
XM_022812398.1	6601	6364.15	0	0
XM_022812399.1	5209	4972.15	1.1151	0.0409558
XM_022812400.1	6700	6463.15	0	0
XM_022812401.1	5302	5065.15	0	0
XM_022812402.1	3872	3635.15	0	0
XM_022812403.1	10016	9779.15	0	0
XM_022812404.1	9998	9761.15	0	0
XM_022812405.1	9992	9755.15	0	0
XM_022812406.1	9839	9602.15	0	0
XM_022812407.1	5765	5528.15	0	0
XM_022812408.1	5595	5358.15	0	0
XM_022812409.1	2036	1799.15	0	0
XM_022812410.1	1724	1487.15	0	0
XM_022812411.1	3824	3587.15	0	0
XM_022812412.1	5196	4959.15	0	0
XM_022812413.1	5385	5148.15	0	0
XM_022812414.1	4907	4670.15	0	0
XM_022812415.1	3465	3228.15	0	0
XM_022812416.1	3360	3123.15	0	0
XM_022812417.1	11343	11106.1	0	0
XM_022812418.1	9795	9558.15	0	0
XM_022812419.1	9423	9186.15	0	0
XM_022812420.1	4251	4014.15	0	0
XM_022812421.1	3786	3549.15	0	0
XM_022812422.1	3733	3496.15	0	0
XM_022812423.1	4190	3953.15	0	0
XM_022812424.1	2175	1938.15	0	0
XM_022812425.1	4550	4313.15	0	0
XM_022812426.1	7285	7048.15	0	0
XM_022812427.1	1895	1658.15	0	0
XM_022812428.1	3114	2877.15	0	0
XM_022812429.1	6079	5842.15	0	0
XM_022812430.1	4357	4120.15	0	0
XM_022812431.1	4330	4093.15	0	0
XM_022812432.1	6736	6499.15	0	0
XM_022812433.1	6709	6472.15	0	0
XM_022812434.1	4277	4040.15	0	0
XM_022812435.1	3750	3513.15	0	0
XM_022812436.1	3606	3369.15	0	0
XM_022812437.1	3571	3334.15	0	0
XM_022812438.1	3550	3313.15	0	0
XM_022812439.1	3164	2927.15	0	0
XM_022812440.1	10613	10376.1	0	0
XM_022812441.1	3129	2892.15	0	0
XM_022812442.1	3102	2865.15	0	0
XM_022812443.1	3076	2839.15	0	0
XM_022812444.1	2958	2721.15	0	0
XM_022812445.1	2969	2732.15	0	0
XM_022812446.1	1124	887.148	0	0
XM_022812447.1	3067	2830.15	0	0
XM_022812448.1	4269	4032.15	0	0
XM_022812449.1	10773	10536.1	0	0
XM_022812450.1	2612	2375.15	0	0
XM_022812451.1	2702	2465.15	0	0
XM_022812452.1	6772	6535.15	0	0
XM_022812453.1	1108	871.148	0	0
XM_022812454.1	10764	10527.1	0	0
XM_022812455.1	1043	806.148	0	0
XM_022812456.1	1122	885.148	0	0
XM_022812457.1	2360	2123.15	0	0
XM_022812458.1	924	687.652	0	0
XM_022812459.1	918	681.652	0	0
XM_022812460.1	968	731.297	0	0
XM_022812461.1	4035	3798.15	0	0
XM_022812462.1	3757	3520.15	0	0
XM_022812463.1	4948	4711.15	0	0
XM_022812464.1	3961	3724.15	0	0
XM_022812465.1	3900	3663.15	0	0
XM_022812466.1	3878	3641.15	0	0
XM_022812467.1	5344	5107.15	0	0
XM_022812468.1	5509	5272.15	0	0
XM_022812469.1	4597	4360.15	0	0
XM_022812470.1	6023	5786.15	0	0
XM_022812471.1	4842	4605.15	0	0
XM_022812472.1	5233	4996.15	0	0
XM_022812473.1	1843	1606.15	0	0
XM_022812474.1	2307	2070.15	0	0
XM_022812475.1	2072	1835.15	0	0
XM_022812476.1	1959	1722.15	0	0
XM_022812477.1	2083	1846.15	0	0
XM_022812478.1	1946	1709.15	0	0
XM_022812479.1	2201	1964.15	0	0
XM_022812480.1	1843	1606.15	0	0
XM_022812481.1	2245	2008.15	0	0
XM_022812482.1	6079	5842.15	0	0
XM_022812483.1	1959	1722.15	0	0
XM_022812484.1	1842	1605.15	0	0
XM_022812485.1	1829	1592.15	0	0
XM_022812486.1	6255	6018.15	0	0
XM_022812487.1	1688	1451.15	0	0
XM_022812488.1	5195	4958.15	0	0
XM_022812489.1	1744	1507.15	0	0
XM_022812490.1	4568	4331.15	0	0
XM_022812491.1	594	362.675	0	0
XM_022812492.1	620	387.575	0	0
XM_022812493.1	1831	1594.15	0	0
XM_022812494.1	4172	3935.15	0	0
XM_022812495.1	4018	3781.15	0	0
XM_022812496.1	3737	3500.15	0	0
XM_022812497.1	3210	2973.15	0	0
XM_022812498.1	4825	4588.15	0	0
XM_022812499.1	2966	2729.15	0	0
XM_022812500.1	5833	5596.15	0	0
XM_022812501.1	5690	5453.15	0	0
XM_022812502.1	4852	4615.15	0	0
XM_022812503.1	6761	6524.15	0	0
XM_022812504.1	5645	5408.15	0	0
XM_022812505.1	5639	5402.15	0	0
XM_022812506.1	6672	6435.15	0	0
XM_022812507.1	5553	5316.15	0	0
XM_022812508.1	5205	4968.15	0	0
XM_022812509.1	5550	5313.15	0	0
XM_022812510.1	5517	5280.15	0	0
XM_022812511.1	5469	5232.15	0	0
XM_022812512.1	5179	4942.15	0	0
XM_022812513.1	10986	10749.1	0	0
XM_022812514.1	6721	6484.15	0	0
XM_022812515.1	6657	6420.15	0	0
XM_022812516.1	6652	6415.15	0	0
XM_022812517.1	6588	6351.15	0	0
XM_022812518.1	6278	6041.15	0	0
XM_022812519.1	5026	4789.15	0	0
XM_022812520.1	1950	1713.15	0	0
XM_022812521.1	1629	1392.15	0	0
XM_022812522.1	2731	2494.15	0	0
XM_022812523.1	1988	1751.15	0	0
XM_022812524.1	6193	5956.15	0	0
XM_022812525.1	1768	1531.15	0	0
XM_022812526.1	1947	1710.15	0	0
XM_022812527.1	4477	4240.15	0	0
XM_022812528.1	4424	4187.15	0	0
XM_022812529.1	4361	4124.15	0	0
XM_022812530.1	5048	4811.15	0	0
XM_022812531.1	4115	3878.15	0	0
XM_022812532.1	4106	3869.15	0	0
XM_022812533.1	4360	4123.15	0	0
XM_022812534.1	4211	3974.15	0	0
XM_022812535.1	4121	3884.15	0	0
XM_022812536.1	5803	5566.15	0	0
XM_022812537.1	3808	3571.15	0	0
XM_022812538.1	4089	3852.15	0	0
XM_022812539.1	4031	3794.15	0	0
XM_022812540.1	1020	783.148	0	0
XM_022812541.1	2228	1991.15	0	0
XM_022812542.1	1984	1747.15	0	0
XM_022812543.1	2176	1939.15	0	0
XM_022812544.1	1933	1696.15	0	0
XM_022812545.1	2027	1790.15	0	0
XM_022812546.1	1397	1160.15	0	0
XM_022812547.1	4539	4302.15	0	0
XM_022812548.1	2317	2080.15	0	0
XM_022812549.1	2023	1786.15	0	0
XM_022812550.1	2312	2075.15	0	0
XM_022812551.1	5634	5397.15	0	0
XM_022812552.1	5439	5202.15	0	0
XM_022812553.1	5631	5394.15	0	0
XM_022812554.1	5610	5373.15	0	0
XM_022812555.1	5517	5280.15	0	0
XM_022812556.1	5098	4861.15	0	0
XM_022812557.1	6562	6325.15	0	0
XM_022812558.1	3278	3041.15	0	0
XM_022812559.1	2136	1899.15	0	0
XM_022812560.1	2282	2045.15	0	0
XM_022812561.1	2338	2101.15	0	0
XM_022812562.1	2061	1824.15	0	0
XM_022812563.1	2510	2273.15	0	0
XM_022812564.1	1266	1029.15	0	0
XM_022812565.1	6436	6199.15	0	0
XM_022812566.1	1299	1062.15	0	0
XM_022812567.1	1431	1194.15	0	0
XM_022812568.1	1350	1113.15	0	0
XM_022812569.1	1566	1329.15	0	0
XM_022812570.1	1252	1015.15	0	0
XM_022812571.1	1129	892.148	0	0
XM_022812572.1	988	751.224	0	0
XM_022812573.1	2054	1817.15	0	0
XM_022812574.1	1807	1570.15	0	0
XM_022812575.1	5468	5231.15	0	0
XM_022812576.1	3670	3433.15	0	0
XM_022812577.1	1167	930.148	0	0
XM_022812578.1	942	705.582	0	0
XM_022812579.1	2710	2473.15	0	0
XM_022812580.1	2777	2540.15	0	0
XM_022812581.1	2707	2470.15	0	0
XM_022812582.1	2509	2272.15	0	0
XM_022812583.1	3359	3122.15	0	0
XM_022812584.1	1871	1634.15	0	0
XM_022812585.1	2943	2706.15	0	0
XM_022812586.1	2951	2714.15	0	0
XM_022812587.1	2853	2616.15	0	0
XM_022812588.1	2732	2495.15	0	0
XM_022812589.1	2694	2457.15	0	0
XM_022812590.1	2184	1947.15	0	0
XM_022812591.1	5786	5549.15	0	0
XM_022812592.1	2769	2532.15	0	0
XM_022812593.1	1872	1635.15	0	0
XM_022812594.1	2688	2451.15	0	0
XM_022812595.1	2418	2181.15	0	0
XM_022812596.1	3707	3470.15	0	0
XM_022812597.1	1258	1021.15	0	0
XM_022812598.1	1176	939.148	0	0
XM_022812599.1	1225	988.148	0	0
XM_022812600.1	6861	6624.15	0	0
XM_022812601.1	6690	6453.15	0	0
XM_022812602.1	6471	6234.15	0	0
XM_022812603.1	1803	1566.15	0	0
XM_022812604.1	2770	2533.15	0	0
XM_022812605.1	1759	1522.15	0	0
XM_022812606.1	1384	1147.15	0	0
XM_022812607.1	1672	1435.15	0	0
XM_022812608.1	3300	3063.15	0	0
XM_022812609.1	14822	14585.1	0	0
XM_022812610.1	13337	13100.1	0	0
XM_022812611.1	13252	13015.1	0	0
XM_022812612.1	12778	12541.1	0	0
XM_022812613.1	12142	11905.1	0	0
XM_022812614.1	12332	12095.1	0	0
XM_022812615.1	14720	14483.1	0	0
XM_022812616.1	937	700.582	0	0
XM_022812617.1	2614	2377.15	0	0
XM_022812618.1	2515	2278.15	0	0
XM_022812619.1	2322	2085.15	0	0
XM_022812620.1	2292	2055.15	0	0
XM_022812621.1	2355	2118.15	0	0
XM_022812622.1	2404	2167.15	0	0
XM_022812623.1	2246	2009.15	0	0
XM_022812624.1	6339	6102.15	0	0
XM_022812625.1	7394	7157.15	0	0
XM_022812626.1	7476	7239.15	4.00748	0.101095
XM_022812627.1	5953	5716.15	0	0
XM_022812628.1	4227	3990.15	0	0
XM_022812629.1	6730	6493.15	0	0
XM_022812630.1	5922	5685.15	0	0
XM_022812631.1	2579	2342.15	0	0
XM_022812632.1	823	587.162	0	0
XM_022812633.1	4250	4013.15	0	0
XM_022812634.1	4241	4004.15	0	0
XM_022812635.1	8099	7862.15	0	0
XM_022812636.1	8233	7996.15	0	0
XM_022812637.1	5272	5035.15	0	0
XM_022812638.1	6377	6140.15	0	0
XM_022812639.1	3733	3496.15	0	0
XM_022812640.1	2905	2668.15	0	0
XM_022812641.1	6132	5895.15	0	0
XM_022812642.1	6142	5905.15	0	0
XM_022812643.1	5809	5572.15	0	0
XM_022812644.1	6106	5869.15	0	0
XM_022812645.1	5781	5544.15	0	0
XM_022812646.1	8540	8303.15	0	0
XM_022812647.1	1650	1413.15	0	0
XM_022812648.1	1587	1350.15	0	0
XM_022812649.1	526	299.977	0	0
XM_022812650.1	8533	8296.15	0	0
XM_022812651.1	8407	8170.15	0	0
XM_022812652.1	6627	6390.15	0	0
XM_022812653.1	7567	7330.15	0	0
XM_022812654.1	8536	8299.15	0	0
XM_022812655.1	7999	7762.15	0	0
XM_022812656.1	7558	7321.15	0	0
XM_022812657.1	6889	6652.15	0	0
XM_022812658.1	8044	7807.15	0	0
XM_022812659.1	1980	1743.15	0	0
XM_022812660.1	8015	7778.15	0	0
XM_022812661.1	934	697.652	0	0
XM_022812662.1	783	547.388	0	0
XM_022812663.1	666	432.418	0	0
XM_022812664.1	8678	8441.15	0	0
XM_022812665.1	2912	2675.15	0	0
XM_022812666.1	8218	7981.15	0	0
XM_022812667.1	2641	2404.15	0	0
XM_022812668.1	591	359.748	0	0
XM_022812669.1	1413	1176.15	0	0
XM_022812670.1	918	681.652	0	0
XM_022812671.1	9085	8848.15	0	0
XM_022812672.1	3294	3057.15	0	0
XM_022812673.1	1340	1103.15	0	0
XM_022812674.1	2379	2142.15	0	0
XM_022812675.1	4243	4006.15	0	0
XM_022812676.1	1987	1750.15	0	0
XM_022812677.1	8519	8282.15	0	0
XM_022812678.1	1217	980.148	0	0
XM_022812679.1	1330	1093.15	0	0
XM_022812680.1	1326	1089.15	0	0
XM_022812681.1	1132	895.148	0	0
XM_022812682.1	1132	895.148	0	0
XM_022812683.1	1107	870.148	0	0
XM_022812684.1	1116	879.148	0	0
XM_022812685.1	3632	3395.15	0	0
XM_022812686.1	3437	3200.15	0	0
XM_022812687.1	2585	2348.15	0	0
XM_022812688.1	6001	5764.15	0	0
XM_022812689.1	5998	5761.15	0	0
XM_022812690.1	3265	3028.15	0	0
XM_022812691.1	7474	7237.15	0	0
XM_022812692.1	10326	10089.1	0	0
XM_022812693.1	7577	7340.15	0	0
XM_022812694.1	7516	7279.15	0	0
XM_022812695.1	7581	7344.15	0	0
XM_022812696.1	7661	7424.15	0	0
XM_022812697.1	7771	7534.15	0	0
XM_022812698.1	7395	7158.15	0	0
XM_022812699.1	11627	11390.1	0	0
XM_022812700.1	11268	11031.1	0	0
XM_022812701.1	10446	10209.1	0	0
XM_022812702.1	4418	4181.15	0	0
XM_022812703.1	1911	1674.15	0	0
XM_022812704.1	1879	1642.15	0	0
XM_022812705.1	3837	3600.15	0	0
XM_022812706.1	4013	3776.15	0	0
XM_022812707.1	3960	3723.15	0	0
XM_022812708.1	3857	3620.15	0	0
XM_022812709.1	11145	10908.1	0	0
XM_022812710.1	8499	8262.15	0	0
XM_022812711.1	4402	4165.15	0	0
XM_022812712.1	3739	3502.15	0	0
XM_022812713.1	3736	3499.15	0	0
XM_022812714.1	1900	1663.15	0	0
XM_022812715.1	1721	1484.15	0	0
XM_022812716.1	10302	10065.1	0	0
XM_022812717.1	2519	2282.15	0	0
XM_022812718.1	4178	3941.15	0	0
XM_022812719.1	4118	3881.15	0	0
XM_022812720.1	3844	3607.15	0	0
XM_022812721.1	1287	1050.15	0	0
XM_022812722.1	1229	992.148	0	0
XM_022812723.1	1032	795.148	0	0
XM_022812724.1	1211	974.148	0	0
XM_022812725.1	10252	10015.1	0	0
XM_022812726.1	4159	3922.15	0	0
XM_022812727.1	6407	6170.15	0	0
XM_022812728.1	5186	4949.15	0	0
XM_022812729.1	6329	6092.15	0	0
XM_022812730.1	3068	2831.15	0	0
XM_022812731.1	4854	4617.15	0	0
XM_022812732.1	4606	4369.15	0	0
XM_022812733.1	4914	4677.15	0	0
XM_022812734.1	7730	7493.15	0	0
XM_022812735.1	2432	2195.15	0	0
XM_022812736.1	2665	2428.15	0	0
XM_022812737.1	2662	2425.15	0	0
XM_022812738.1	2445	2208.15	0	0
XM_022812739.1	3130	2893.15	0	0
XM_022812740.1	2327	2090.15	0	0
XM_022812741.1	2382	2145.15	0	0
XM_022812742.1	1836	1599.15	0	0
XM_022812743.1	2863	2626.15	0	0
XM_022812744.1	9846	9609.15	0	0
XM_022812745.1	2627	2390.15	0	0
XM_022812746.1	2830	2593.15	0	0
XM_022812747.1	2808	2571.15	0	0
XM_022812748.1	3968	3731.15	0	0
XM_022812749.1	3364	3127.15	0	0
XM_022812750.1	2571	2334.15	0	0
XM_022812751.1	2222	1985.15	0	0
XM_022812752.1	1724	1487.15	0	0
XM_022812753.1	4891	4654.15	0	0
XM_022812754.1	1327	1090.15	0	0
XM_022812755.1	1367	1130.15	0	0
XM_022812756.1	3944	3707.15	0	0
XM_022812757.1	2318	2081.15	0	0
XM_022812758.1	967	730.297	0	0
XM_022812759.1	1059	822.148	0	0
XM_022812760.1	1239	1002.15	0	0
XM_022812761.1	1385	1148.15	0	0
XM_022812762.1	1375	1138.15	0	0
XM_022812763.1	2766	2529.15	0	0
XM_022812764.1	3369	3132.15	0	0
XM_022812765.1	4777	4540.15	0	0
XM_022812766.1	9079	8842.15	0	0
XM_022812767.1	8864	8627.15	0	0
XM_022812768.1	8993	8756.15	0	0
XM_022812769.1	8511	8274.15	0	0
XM_022812770.1	5532	5295.15	0	0
XM_022812771.1	5518	5281.15	0	0
XM_022812772.1	7421	7184.15	0	0
XM_022812773.1	8929	8692.15	0	0
XM_022812774.1	3913	3676.15	0	0
XM_022812775.1	5716	5479.15	0	0
XM_022812776.1	5514	5277.15	0	0
XM_022812777.1	5509	5272.15	0	0
XM_022812778.1	5374	5137.15	0	0
XM_022812779.1	6229	5992.15	0	0
XM_022812780.1	6847	6610.15	0	0
XM_022812781.1	1912	1675.15	0	0
XM_022812782.1	1770	1533.15	0	0
XM_022812783.1	3016	2779.15	0	0
XM_022812784.1	4790	4553.15	0	0
XM_022812785.1	4779	4542.15	0	0
XM_022812786.1	698	463.566	0	0
XM_022812787.1	1409	1172.15	0	0
XM_022812788.1	1895	1658.15	0	0
XM_022812789.1	1406	1169.15	0	0
XM_022812790.1	2741	2504.15	0	0
XM_022812791.1	1301	1064.15	0	0
XM_022812792.1	1650	1413.15	0	0
XM_022812793.1	1537	1300.15	0	0
XM_022812794.1	1481	1244.15	0	0
XM_022812795.1	2245	2008.15	0	0
XM_022812796.1	1629	1392.15	0	0
XM_022812797.1	2241	2004.15	0	0
XM_022812798.1	1041	804.148	0	0
XM_022812799.1	3337	3100.15	0	0
XM_022812800.1	2932	2695.15	0	0
XM_022812801.1	4941	4704.15	0	0
XM_022812802.1	5063	4826.15	0	0
XM_022812803.1	5039	4802.15	0	0
XM_022812804.1	4298	4061.15	0	0
XM_022812805.1	4047	3810.15	0	0
XM_022812806.1	907	670.72	0	0
XM_022812807.1	3042	2805.15	0	0
XM_022812808.1	2723	2486.15	0	0
XM_022812809.1	2846	2609.15	0	0
XM_022812810.1	3491	3254.15	0	0
XM_022812811.1	1274	1037.15	0	0
XM_022812812.1	1199	962.148	0	0
XM_022812813.1	1276	1039.15	0	0
XM_022812814.1	1080	843.148	0	0
XM_022812815.1	1247	1010.15	0	0
XM_022812816.1	1149	912.148	0	0
XM_022812817.1	3662	3425.15	0	0
XM_022812818.1	1981	1744.15	0	0
XM_022812819.1	1961	1724.15	0	0
XM_022812820.1	929	692.652	0	0
XM_022812821.1	1966	1729.15	0	0
XM_022812822.1	1222	985.148	0	0
XM_022812823.1	1176	939.148	0	0
XM_022812824.1	21894	21657.1	0	0
XM_022812825.1	21891	21654.1	0	0
XM_022812826.1	21891	21654.1	0	0
XM_022812827.1	21813	21576.1	0	0
XM_022812828.1	19343	19106.1	0	0
XM_022812829.1	21504	21267.1	0	0
XM_022812830.1	18294	18057.1	0	0
XM_022812831.1	16730	16493.1	0	0
XM_022812832.1	1330	1093.15	0	0
XM_022812833.1	4419	4182.15	0	0
XM_022812834.1	4883	4646.15	0	0
XM_022812835.1	3875	3638.15	0	0
XM_022812836.1	2972	2735.15	0	0
XM_022812837.1	2971	2734.15	0	0
XM_022812838.1	6357	6120.15	0	0
XM_022812839.1	5712	5475.15	0	0
XM_022812840.1	8106	7869.15	0	0
XM_022812841.1	7560	7323.15	0	0
XM_022812842.1	2155	1918.15	0	0
XM_022812843.1	5328	5091.15	0	0
XM_022812844.1	2520	2283.15	0	0
XM_022812845.1	9544	9307.15	0	0
XM_022812846.1	9675	9438.15	0	0
XM_022812847.1	6803	6566.15	0	0
XM_022812848.1	4724	4487.15	0	0
XM_022812849.1	19928	19691.1	0	0
XM_022812850.1	1015	778.148	0	0
XM_022812851.1	9711	9474.15	0	0
XM_022812852.1	9699	9462.15	0	0
XM_022812853.1	9671	9434.15	0	0
XM_022812854.1	8516	8279.15	0	0
XM_022812855.1	7261	7024.15	0	0
XM_022812856.1	6201	5964.15	0	0
XM_022812857.1	5646	5409.15	0	0
XM_022812858.1	4891	4654.15	0	0
XM_022812859.1	3221	2984.15	0	0
XM_022812860.1	6058	5821.15	0	0
XM_022812861.1	1992	1755.15	0	0
XM_022812862.1	1236	999.148	0	0
XM_022812863.1	1037	800.148	0	0
XM_022812864.1	431	219.279	0	0
XM_022812865.1	950	713.441	0	0
XM_022812866.1	800	564.277	0	0
XM_022812867.1	8086	7849.15	0	0
XM_022812868.1	8086	7849.15	0	0
XM_022812869.1	9336	9099.15	0	0
XM_022812870.1	9679	9442.15	0	0
XM_022812871.1	3271	3034.15	0	0
XM_022812872.1	8251	8014.15	0	0
XM_022812873.1	7056	6819.15	0	0
XM_022812874.1	6637	6400.15	0	0
XM_022812875.1	6645	6408.15	0	0
XM_022812876.1	6776	6539.15	0	0
XM_022812877.1	4215	3978.15	0	0
XM_022812878.1	6559	6322.15	0	0
XM_022812879.1	7081	6844.15	0	0
XM_022812880.1	2412	2175.15	0	0
XM_022812881.1	2250	2013.15	0	0
XM_022812882.1	2393	2156.15	0	0
XM_022812883.1	3434	3197.15	0	0
XM_022812884.1	4461	4224.15	0	0
XM_022812885.1	2883	2646.15	0	0
XM_022812886.1	3172	2935.15	0	0
XM_022812887.1	4082	3845.15	0	0
XM_022812888.1	2010	1773.15	0	0
XM_022812889.1	4892	4655.15	0	0
XM_022812890.1	1380	1143.15	0	0
XM_022812891.1	4972	4735.15	0	0
XM_022812892.1	838	602.102	0	0
XM_022812893.1	9311	9074.15	0	0
XM_022812894.1	9319	9082.15	0	0
XM_022812895.1	9203	8966.15	0	0
XM_022812896.1	4174	3937.15	0	0
XM_022812897.1	7899	7662.15	0	0
XM_022812898.1	8725	8488.15	0	0
XM_022812899.1	7773	7536.15	0	0
XM_022812900.1	9221	8984.15	0	0
XM_022812901.1	7414	7177.15	0	0
XM_022812902.1	3476	3239.15	0	0
XM_022812903.1	2648	2411.15	0	0
XM_022812904.1	2767	2530.15	0	0
XM_022812905.1	2700	2463.15	0	0
XM_022812906.1	2392	2155.15	0	0
XM_022812907.1	4083	3846.15	0	0
XM_022812908.1	2866	2629.15	0	0
XM_022812909.1	2343	2106.15	0	0
XM_022812910.1	2180	1943.15	0	0
XM_022812911.1	4992	4755.15	0	0
XM_022812912.1	4358	4121.15	0	0
XM_022812913.1	4834	4597.15	0	0
XM_022812914.1	3636	3399.15	0	0
XM_022812915.1	4949	4712.15	0	0
XM_022812916.1	4200	3963.15	0	0
XM_022812917.1	4157	3920.15	0	0
XM_022812918.1	4194	3957.15	0	0
XM_022812919.1	3478	3241.15	0	0
XM_022812920.1	3510	3273.15	0	0
XM_022812921.1	3437	3200.15	0	0
XM_022812922.1	4764	4527.15	0	0
XM_022812923.1	4664	4427.15	0	0
XM_022812924.1	4258	4021.15	0	0
XM_022812925.1	2695	2458.15	0	0
XM_022812926.1	5727	5490.15	0	0
XM_022812927.1	5709	5472.15	0	0
XM_022812928.1	7216	6979.15	0	0
XM_022812929.1	11915	11678.1	0	0
XM_022812930.1	7210	6973.15	0	0
XM_022812931.1	2724	2487.15	0	0
XM_022812932.1	4576	4339.15	0	0
XM_022812933.1	2121	1884.15	0	0
XM_022812934.1	4255	4018.15	0	0
XM_022812935.1	4140	3903.15	0	0
XM_022812936.1	3993	3756.15	0	0
XM_022812937.1	4763	4526.15	0	0
XM_022812938.1	4393	4156.15	0	0
XM_022812939.1	2563	2326.15	0	0
XM_022812940.1	6782	6545.15	0	0
XM_022812941.1	8649	8412.15	0	0
XM_022812942.1	1101	864.148	0	0
XM_022812943.1	5319	5082.15	0	0
XM_022812944.1	1149	912.148	0	0
XM_022812945.1	7004	6767.15	0	0
XM_022812946.1	6632	6395.15	0	0
XM_022812947.1	1623	1386.15	0	0
XM_022812948.1	3483	3246.15	0	0
XM_022812949.1	6601	6364.15	0	0
XM_022812950.1	6597	6360.15	0	0
XM_022812951.1	6506	6269.15	0	0
XM_022812952.1	7279	7042.15	0	0
XM_022812953.1	7571	7334.15	0	0
XM_022812954.1	7459	7222.15	0	0
XM_022812955.1	3480	3243.15	0	0
XM_022812956.1	3499	3262.15	0	0
XM_022812957.1	2715	2478.15	0	0
XM_022812958.1	1562	1325.15	0	0
XM_022812959.1	2731	2494.15	0	0
XM_022812960.1	1955	1718.15	0	0
XM_022812961.1	1971	1734.15	0	0
XM_022812962.1	1056	819.148	0	0
XM_022812963.1	1102	865.148	0	0
XM_022812964.1	3464	3227.15	0	0
XM_022812965.1	2901	2664.15	0	0
XM_022812966.1	2885	2648.15	0	0
XM_022812967.1	2897	2660.15	0	0
XM_022812968.1	3191	2954.15	0	0
XM_022812969.1	2648	2411.15	0	0
XM_022812970.1	2101	1864.15	0	0
XM_022812971.1	2026	1789.15	0	0
XM_022812972.1	1041	804.148	0	0
XM_022812973.1	1943	1706.15	0	0
XM_022812974.1	1680	1443.15	0	0
XM_022812975.1	2338	2101.15	0	0
XM_022812976.1	2316	2079.15	0	0
XM_022812977.1	3887	3650.15	0	0
XM_022812978.1	3573	3336.15	0	0
XM_022812979.1	2316	2079.15	0	0
XM_022812980.1	2252	2015.15	0	0
XM_022812981.1	11293	11056.1	2.93104	0.0484132
XM_022812982.1	13122	12885.1	0	0
XM_022812983.1	13075	12838.1	0	0
XM_022812984.1	1445	1208.15	0	0
XM_022812985.1	12504	12267.1	0	0
XM_022812986.1	1004	767.148	0	0
XM_022812987.1	2202	1965.15	0	0
XM_022812988.1	2127	1890.15	0	0
XM_022812989.1	4970	4733.15	0	0
XM_022812990.1	4027	3790.15	0	0
XM_022812991.1	3797	3560.15	0	0
XM_022812992.1	4844	4607.15	0	0
XM_022812993.1	4572	4335.15	0	0
XM_022812994.1	3348	3111.15	0	0
XM_022812995.1	3260	3023.15	0	0
XM_022812996.1	6871	6634.15	0	0
XM_022812997.1	7110	6873.15	0	0
XM_022812998.1	4887	4650.15	0	0
XM_022812999.1	5046	4809.15	0	0
XM_022813000.1	4849	4612.15	0	0
XM_022813001.1	6507	6270.15	0	0
XM_022813002.1	1910	1673.15	0	0
XM_022813003.1	422	212.039	0	0
XM_022813004.1	5554	5317.15	0	0
XM_022813005.1	5587	5350.15	0	0
XM_022813006.1	5828	5591.15	0	0
XM_022813007.1	5664	5427.15	0	0
XM_022813008.1	4710	4473.15	0	0
XM_022813009.1	5208	4971.15	0	0
XM_022813010.1	1280	1043.15	0	0
XM_022813011.1	14736	14499.1	0	0
XM_022813012.1	14694	14457.1	0	0
XM_022813013.1	14664	14427.1	0	0
XM_022813014.1	2374	2137.15	0	0
XM_022813015.1	10377	10140.1	0	0
XM_022813016.1	15774	15537.1	0	0
XM_022813017.1	4670	4433.15	0	0
XM_022813018.1	3530	3293.15	0	0
XM_022813019.1	2057	1820.15	0	0
XM_022813020.1	2295	2058.15	0	0
XM_022813021.1	5891	5654.15	0	0
XM_022813022.1	5476	5239.15	0	0
XM_022813023.1	4931	4694.15	0	0
XM_022813024.1	2320	2083.15	0	0
XM_022813025.1	5712	5475.15	0	0
XM_022813026.1	5833	5596.15	0	0
XM_022813027.1	3618	3381.15	0	0
XM_022813028.1	5682	5445.15	0	0
XM_022813029.1	1073	836.148	0	0
XM_022813030.1	4279	4042.15	0	0
XM_022813031.1	4187	3950.15	0	0
XM_022813032.1	3153	2916.15	0	0
XM_022813033.1	1999	1762.15	0	0
XM_022813034.1	5272	5035.15	0	0
XM_022813035.1	5262	5025.15	0	0
XM_022813036.1	5225	4988.15	0	0
XM_022813037.1	5221	4984.15	0	0
XM_022813038.1	5163	4926.15	0	0
XM_022813039.1	2653	2416.15	0	0
XM_022813040.1	2855	2618.15	0	0
XM_022813041.1	2641	2404.15	0	0
XM_022813042.1	1616	1379.15	0	0
XM_022813043.1	3854	3617.15	0	0
XM_022813044.1	787	551.388	0	0
XM_022813045.1	7604	7367.15	0	0
XM_022813046.1	6615	6378.15	0	0
XM_022813047.1	6232	5995.15	0	0
XM_022813048.1	6212	5975.15	0	0
XM_022813049.1	6130	5893.15	0	0
XM_022813050.1	1930	1693.15	0	0
XM_022813051.1	7569	7332.15	0	0
XM_022813052.1	7542	7305.15	0	0
XM_022813053.1	7524	7287.15	0	0
XM_022813054.1	5529	5292.15	0	0
XM_022813055.1	5439	5202.15	0	0
XM_022813056.1	5435	5198.15	0	0
XM_022813057.1	7871	7634.15	0	0
XM_022813058.1	7913	7676.15	0	0
XM_022813059.1	1945	1708.15	0	0
XM_022813060.1	5169	4932.15	0	0
XM_022813061.1	4545	4308.15	0	0
XM_022813062.1	5344	5107.15	0	0
XM_022813063.1	4889	4652.15	0	0
XM_022813064.1	5182	4945.15	0	0
XM_022813065.1	4521	4284.15	0	0
XM_022813066.1	4299	4062.15	0	0
XM_022813067.1	4629	4392.15	0	0
XM_022813068.1	4076	3839.15	0	0
XM_022813069.1	1876	1639.15	0	0
XM_022813070.1	3759	3522.15	0	0
XM_022813071.1	3805	3568.15	0	0
XM_022813072.1	3627	3390.15	0	0
XM_022813073.1	5532	5295.15	0	0
XM_022813074.1	7007	6770.15	0	0
XM_022813075.1	4419	4182.15	0	0
XM_022813076.1	2741	2504.15	0	0
XM_022813077.1	2792	2555.15	0	0
XM_022813078.1	2658	2421.15	0	0
XM_022813079.1	1342	1105.15	0	0
XM_022813080.1	1403	1166.15	0	0
XM_022813081.1	2561	2324.15	0	0
XM_022813082.1	2633	2396.15	0	0
XM_022813083.1	2543	2306.15	0	0
XM_022813084.1	1989	1752.15	0	0
XM_022813085.1	3157	2920.15	0	0
XM_022813086.1	1866	1629.15	0	0
XM_022813087.1	1801	1564.15	0	0
XM_022813088.1	1986	1749.15	0	0
XM_022813089.1	1817	1580.15	0	0
XM_022813090.1	11617	11380.1	0	0
XM_022813091.1	4753	4516.15	0	0
XM_022813092.1	6718	6481.15	0	0
XM_022813093.1	6719	6482.15	0	0
XM_022813094.1	5383	5146.15	0	0
XM_022813095.1	5754	5517.15	0	0
XM_022813096.1	5111	4874.15	0	0
XM_022813097.1	5945	5708.15	0	0
XM_022813098.1	5767	5530.15	0	0
XM_022813099.1	2901	2664.15	0	0
XM_022813100.1	2669	2432.15	0	0
XM_022813101.1	4747	4510.15	0	0
XM_022813102.1	6922	6685.15	0	0
XM_022813103.1	2714	2477.15	0	0
XM_022813104.1	4132	3895.15	0	0
XM_022813105.1	14207	13970.1	0	0
XM_022813106.1	14144	13907.1	0	0
XM_022813107.1	5648	5411.15	1	0.0337487
XM_022813108.1	3796	3559.15	0	0
XM_022813109.1	4038	3801.15	0	0
XM_022813110.1	14490	14253.1	0	0
XM_022813111.1	14487	14250.1	0	0
XM_022813112.1	14484	14247.1	0	0
XM_022813113.1	14475	14238.1	0	0
XM_022813114.1	14463	14226.1	0	0
XM_022813115.1	14433	14196.1	0	0
XM_022813116.1	14424	14187.1	0	0
XM_022813117.1	13640	13403.1	0	0
XM_022813118.1	14262	14025.1	0	0
XM_022813119.1	3542	3305.15	0	0
XM_022813120.1	14148	13911.1	0	0
XM_022813121.1	13926	13689.1	0	0
XM_022813122.1	13611	13374.1	0	0
XM_022813123.1	12916	12679.1	0	0
XM_022813124.1	2284	2047.15	0	0
XM_022813125.1	2331	2094.15	0	0
XM_022813126.1	16375	16138.1	0	0
XM_022813127.1	16306	16069.1	0	0
XM_022813128.1	16159	15922.1	0	0
XM_022813129.1	14401	14164.1	0	0
XM_022813130.1	14335	14098.1	0	0
XM_022813131.1	12685	12448.1	0	0
XM_022813132.1	3755	3518.15	0	0
XM_022813133.1	3712	3475.15	0	0
XM_022813134.1	3689	3452.15	0	0
XM_022813135.1	3582	3345.15	0	0
XM_022813136.1	3331	3094.15	0	0
XM_022813137.1	3351	3114.15	0	0
XM_022813138.1	3390	3153.15	0	0
XM_022813139.1	3194	2957.15	0	0
XM_022813140.1	3230	2993.15	0	0
XM_022813141.1	3218	2981.15	0	0
XM_022813142.1	1979	1742.15	0	0
XM_022813143.1	3074	2837.15	0	0
XM_022813144.1	3221	2984.15	0	0
XM_022813145.1	3124	2887.15	0	0
XM_022813146.1	3218	2981.15	0	0
XM_022813147.1	1849	1612.15	0	0
XM_022813148.1	1507	1270.15	0	0
XM_022813149.1	1461	1224.15	0	0
XM_022813150.1	1499	1262.15	0	0
XM_022813151.1	1429	1192.15	0	0
XM_022813152.1	12294	12057.1	0	0
XM_022813153.1	12159	11922.1	0	0
XM_022813154.1	6148	5911.15	0	0
XM_022813155.1	10728	10491.1	0	0
XM_022813156.1	3042	2805.15	0	0
XM_022813157.1	5091	4854.15	0	0
XM_022813158.1	4986	4749.15	0	0
XM_022813159.1	5138	4901.15	0	0
XM_022813160.1	4977	4740.15	0	0
XM_022813161.1	5232	4995.15	0	0
XM_022813162.1	4303	4066.15	0	0
XM_022813163.1	3959	3722.15	0	0
XM_022813164.1	4117	3880.15	0	0
XM_022813165.1	1223	986.148	0	0
XM_022813166.1	3016	2779.15	0	0
XM_022813167.1	4328	4091.15	0	0
XM_022813168.1	4087	3850.15	0	0
XM_022813169.1	3831	3594.15	0	0
XM_022813170.1	3058	2821.15	0	0
XM_022813171.1	911	674.72	0	0
XM_022813172.1	9907	9670.15	0	0
XM_022813173.1	9983	9746.15	0	0
XM_022813174.1	16070	15833.1	0	0
XM_022813175.1	3299	3062.15	0	0
XM_022813176.1	3037	2800.15	0	0
XM_022813177.1	3635	3398.15	0	0
XM_022813178.1	15617	15380.1	0	0
XM_022813179.1	15605	15368.1	0	0
XM_022813180.1	3124	2887.15	0	0
XM_022813181.1	6963	6726.15	0	0
XM_022813182.1	8005	7768.15	0	0
XM_022813183.1	6960	6723.15	0	0
XM_022813184.1	6954	6717.15	0	0
XM_022813185.1	2954	2717.15	0	0
XM_022813186.1	6882	6645.15	0	0
XM_022813187.1	6667	6430.15	0	0
XM_022813188.1	5702	5465.15	0	0
XM_022813189.1	4058	3821.15	0	0
XM_022813190.1	4052	3815.15	0	0
XM_022813191.1	3118	2881.15	0	0
XM_022813192.1	4033	3796.15	0	0
XM_022813193.1	2250	2013.15	0	0
XM_022813194.1	4133	3896.15	0	0
XM_022813195.1	4297	4060.15	0	0
XM_022813196.1	4091	3854.15	0	0
XM_022813197.1	4244	4007.15	0	0
XM_022813198.1	4080	3843.15	0	0
XM_022813199.1	3918	3681.15	0	0
XM_022813200.1	3485	3248.15	0	0
XM_022813201.1	3438	3201.15	0	0
XM_022813202.1	3704	3467.15	0	0
XM_022813203.1	2461	2224.15	0	0
XM_022813204.1	19167	18930.1	0	0
XM_022813205.1	9034	8797.15	0	0
XM_022813206.1	8835	8598.15	0	0
XM_022813207.1	3885	3648.15	0	0
XM_022813208.1	5282	5045.15	0	0
XM_022813209.1	8532	8295.15	0	0
XM_022813210.1	5098	4861.15	0	0
XM_022813211.1	5083	4846.15	0	0
XM_022813212.1	8430	8193.15	0	0
XM_022813213.1	8291	8054.15	0	0
XM_022813214.1	4678	4441.15	0	0
XM_022813215.1	4554	4317.15	0	0
XM_022813216.1	4539	4302.15	0	0
XM_022813217.1	19184	18947.1	0	0
XM_022813218.1	3878	3641.15	0	0
XM_022813219.1	16827	16590.1	0	0
XM_022813220.1	6187	5950.15	0	0
XM_022813221.1	6468	6231.15	0	0
XM_022813222.1	6391	6154.15	0	0
XM_022813223.1	11031	10794.1	0	0
XM_022813224.1	10896	10659.1	0	0
XM_022813225.1	2607	2370.15	0	0
XM_022813226.1	10853	10616.1	0	0
XM_022813227.1	10411	10174.1	0	0
XM_022813228.1	9309	9072.15	0	0
XM_022813229.1	9439	9202.15	0	0
XM_022813230.1	8953	8716.15	0	0
XM_022813231.1	7787	7550.15	0	0
XM_022813232.1	6839	6602.15	0	0
XM_022813233.1	4073	3836.15	0	0
XM_022813234.1	3987	3750.15	0	0
XM_022813235.1	1716	1479.15	0	0
XM_022813236.1	1309	1072.15	0	0
XM_022813237.1	1738	1501.15	0	0
XM_022813238.1	1364	1127.15	0	0
XM_022813239.1	2145	1908.15	0	0
XM_022813240.1	4909	4672.15	0	0
XM_022813241.1	4548	4311.15	0	0
XM_022813242.1	3019	2782.15	0	0
XM_022813243.1	8192	7955.15	0	0
XM_022813244.1	7179	6942.15	0	0
XM_022813245.1	7087	6850.15	0	0
XM_022813246.1	6797	6560.15	0	0
XM_022813247.1	2922	2685.15	0	0
XM_022813248.1	1548	1311.15	0	0
XM_022813249.1	2477	2240.15	0	0
XM_022813250.1	2539	2302.15	0	0
XM_022813251.1	2470	2233.15	0	0
XM_022813252.1	1978	1741.15	0	0
XM_022813253.1	2308	2071.15	0	0
XM_022813254.1	2797	2560.15	0	0
XM_022813255.1	1714	1477.15	0	0
XM_022813256.1	7254	7017.15	0	0
XM_022813257.1	7239	7002.15	0	0
XM_022813258.1	7372	7135.15	0	0
XM_022813259.1	8360	8123.15	0	0
XM_022813260.1	7351	7114.15	0	0
XM_022813261.1	7318	7081.15	0	0
XM_022813262.1	8308	8071.15	0	0
XM_022813263.1	8305	8068.15	0	0
XM_022813264.1	7297	7060.15	0	0
XM_022813265.1	8284	8047.15	0	0
XM_022813266.1	6732	6495.15	0	0
XM_022813267.1	2192	1955.15	0	0
XM_022813268.1	2107	1870.15	0	0
XM_022813269.1	1776	1539.15	0	0
XM_022813270.1	2407	2170.15	0	0
XM_022813271.1	1964	1727.15	0	0
XM_022813272.1	1309	1072.15	0	0
XM_022813273.1	3979	3742.15	0	0
XM_022813274.1	3704	3467.15	0	0
XM_022813275.1	4470	4233.15	0	0
XM_022813276.1	2602	2365.15	0	0
XM_022813277.1	2104	1867.15	0	0
XM_022813278.1	1940	1703.15	0	0
XM_022813279.1	1987	1750.15	0	0
XM_022813280.1	2796	2559.15	0	0
XM_022813281.1	2089	1852.15	0	0
XM_022813282.1	2142	1905.15	0	0
XM_022813283.1	2105	1868.15	0	0
XM_022813284.1	4176	3939.15	0	0
XM_022813285.1	3575	3338.15	0	0
XM_022813286.1	6058	5821.15	0	0
XM_022813287.1	2791	2554.15	0	0
XM_022813288.1	1120	883.148	0	0
XM_022813289.1	6637	6400.15	0	0
XM_022813290.1	4793	4556.15	0	0
XM_022813291.1	3641	3404.15	0	0
XM_022813292.1	3638	3401.15	0	0
XM_022813293.1	2180	1943.15	0	0
XM_022813294.1	2027	1790.15	0	0
XM_022813295.1	1933	1696.15	0	0
XM_022813296.1	1902	1665.15	0	0
XM_022813297.1	5179	4942.15	0	0
XM_022813298.1	4990	4753.15	0	0
XM_022813299.1	5127	4890.15	0	0
XM_022813300.1	3759	3522.15	0	0
XM_022813301.1	5210	4973.15	0	0
XM_022813302.1	5053	4816.15	0	0
XM_022813303.1	3002	2765.15	0	0
XM_022813304.1	962	725.297	0	0
XM_022813305.1	1101	864.148	0	0
XM_022813306.1	1607	1370.15	0	0
XM_022813307.1	1599	1362.15	0	0
XM_022813308.1	2075	1838.15	0	0
XM_022813309.1	2078	1841.15	0	0
XM_022813310.1	2089	1852.15	0	0
XM_022813311.1	1114	877.148	0	0
XM_022813312.1	1051	814.148	0	0
XM_022813313.1	3818	3581.15	0	0
XM_022813314.1	1406	1169.15	0	0
XM_022813315.1	1385	1148.15	0	0
XM_022813316.1	1271	1034.15	0	0
XM_022813317.1	914	677.72	0	0
XM_022813318.1	15050	14813.1	0	0
XM_022813319.1	4911	4674.15	0	0
XM_022813320.1	13131	12894.1	0	0
XM_022813321.1	15307	15070.1	0	0
XM_022813322.1	14790	14553.1	0	0
XM_022813323.1	14614	14377.1	0	0
XM_022813324.1	12869	12632.1	0	0
XM_022813325.1	12704	12467.1	0	0
XM_022813326.1	14772	14535.1	0	0
XM_022813327.1	11005	10768.1	2.00006	0.0339194
XM_022813328.1	14806	14569.1	0	0
XM_022813329.1	14528	14291.1	0	0
XM_022813330.1	4908	4671.15	0	0
XM_022813331.1	5902	5665.15	0	0
XM_022813332.1	6080	5843.15	0	0
XM_022813333.1	3096	2859.15	0	0
XM_022813334.1	2947	2710.15	0	0
XM_022813335.1	1281	1044.15	0	0
XM_022813336.1	1814	1577.15	0	0
XM_022813337.1	1740	1503.15	0	0
XM_022813338.1	1786	1549.15	0	0
XM_022813339.1	4749	4512.15	0	0
XM_022813340.1	2278	2041.15	0	0
XM_022813341.1	2274	2037.15	0	0
XM_022813342.1	2232	1995.15	0	0
XM_022813343.1	2306	2069.15	0	0
XM_022813344.1	751	515.871	0	0
XM_022813345.1	1432	1195.15	0	0
XM_022813346.1	4842	4605.15	0	0
XM_022813347.1	5144	4907.15	0	0
XM_022813348.1	4938	4701.15	0	0
XM_022813349.1	1515	1278.15	0	0
XM_022813350.1	1674	1437.15	0	0
XM_022813351.1	1085	848.148	0	0
XM_022813352.1	6223	5986.15	0	0
XM_022813353.1	11813	11576.1	0	0
XM_022813354.1	3894	3657.15	0	0
XM_022813355.1	3781	3544.15	0	0
XM_022813356.1	3751	3514.15	0	0
XM_022813357.1	3719	3482.15	0	0
XM_022813358.1	3303	3066.15	0	0
XM_022813359.1	3237	3000.15	0	0
XM_022813360.1	3681	3444.15	0	0
XM_022813361.1	1548	1311.15	0	0
XM_022813362.1	3884	3647.15	0	0
XM_022813363.1	2306	2069.15	0	0
XM_022813364.1	2719	2482.15	0	0
XM_022813365.1	2644	2407.15	0	0
XM_022813366.1	2468	2231.15	0	0
XM_022813367.1	853	617.102	0	0
XM_022813368.1	1105	868.148	0	0
XM_022813369.1	2249	2012.15	0	0
XM_022813370.1	797	561.277	0	0
XM_022813371.1	1295	1058.15	0	0
XM_022813372.1	3995	3758.15	0	0
XM_022813373.1	7285	7048.15	0	0
XM_022813374.1	4002	3765.15	0	0
XM_022813375.1	1318	1081.15	0	0
XM_022813376.1	1161	924.148	0	0
XM_022813377.1	844	608.102	0	0
XM_022813378.1	2053	1816.15	0	0
XM_022813379.1	2183	1946.15	0	0
XM_022813380.1	5422	5185.15	0	0
XM_022813381.1	5393	5156.15	0	0
XM_022813382.1	2369	2132.15	0	0
XM_022813383.1	2361	2124.15	0	0
XM_022813384.1	2445	2208.15	0	0
XM_022813385.1	3217	2980.15	0	0
XM_022813386.1	8965	8728.15	0	0
XM_022813387.1	8529	8292.15	0	0
XM_022813388.1	8737	8500.15	0	0
XM_022813389.1	8477	8240.15	0	0
XM_022813390.1	8434	8197.15	0	0
XM_022813391.1	9159	8922.15	0	0
XM_022813392.1	4917	4680.15	0	0
XM_022813393.1	8956	8719.15	0	0
XM_022813394.1	9019	8782.15	0	0
XM_022813395.1	9422	9185.15	0	0
XM_022813396.1	8948	8711.15	0	0
XM_022813397.1	9162	8925.15	0	0
XM_022813398.1	9736	9499.15	0	0
XM_022813399.1	9472	9235.15	0	0
XM_022813400.1	5172	4935.15	0	0
XM_022813401.1	5056	4819.15	0	0
XM_022813402.1	5205	4968.15	0	0
XM_022813403.1	5811	5574.15	0	0
XM_022813404.1	5480	5243.15	0	0
XM_022813405.1	5477	5240.15	0	0
XM_022813406.1	4498	4261.15	0	0
XM_022813407.1	2967	2730.15	0	0
XM_022813408.1	4818	4581.15	0	0
XM_022813409.1	4889	4652.15	0	0
XM_022813410.1	5234	4997.15	0	0
XM_022813411.1	3452	3215.15	0	0
XM_022813412.1	4768	4531.15	0	0
XM_022813413.1	2207	1970.15	0	0
XM_022813414.1	2188	1951.15	0	0
XM_022813415.1	3384	3147.15	0	0
XM_022813416.1	5233	4996.15	0	0
XM_022813417.1	6187	5950.15	0	0
XM_022813418.1	2813	2576.15	0	0
XM_022813419.1	6120	5883.15	0	0
XM_022813420.1	3613	3376.15	0	0
XM_022813421.1	3589	3352.15	0	0
XM_022813422.1	4593	4356.15	0	0
XM_022813423.1	3737	3500.15	0.0012483	6.51299e-05
XM_022813424.1	3708	3471.15	4.5986	0.241935
XM_022813425.1	3803	3566.15	0	0
XM_022813426.1	4527	4290.15	0	0
XM_022813427.1	4521	4284.15	0	0
XM_022813428.1	3139	2902.15	0	0
XM_022813429.1	4455	4218.15	0	0
XM_022813430.1	4077	3840.15	0	0
XM_022813431.1	3881	3644.15	0	0
XM_022813432.1	4307	4070.15	0	0
XM_022813433.1	2297	2060.15	0	0
XM_022813434.1	2270	2033.15	0	0
XM_022813435.1	2126	1889.15	0	0
XM_022813436.1	1456	1219.15	0	0
XM_022813437.1	2722	2485.15	0	0
XM_022813438.1	3609	3372.15	0	0
XM_022813439.1	3470	3233.15	0	0
XM_022813440.1	3580	3343.15	0	0
XM_022813441.1	3424	3187.15	0	0
XM_022813442.1	4405	4168.15	0	0
XM_022813443.1	4076	3839.15	0	0
XM_022813444.1	2514	2277.15	0	0
XM_022813445.1	2058	1821.15	0	0
XM_022813446.1	2542	2305.15	0	0
XM_022813447.1	5132	4895.15	0	0
XM_022813448.1	5730	5493.15	0	0
XM_022813449.1	4133	3896.15	0	0
XM_022813450.1	1726	1489.15	0	0
XM_022813451.1	3290	3053.15	0	0
XM_022813452.1	5065	4828.15	0	0
XM_022813453.1	3581	3344.15	0	0
XM_022813454.1	2548	2311.15	0	0
XM_022813455.1	3467	3230.15	0	0
XM_022813456.1	3946	3709.15	0	0
XM_022813457.1	3731	3494.15	0	0
XM_022813458.1	1616	1379.15	0	0
XM_022813459.1	5136	4899.15	0	0
XM_022813460.1	5286	5049.15	0	0
XM_022813461.1	4251	4014.15	0	0
XM_022813462.1	8437	8200.15	0	0
XM_022813463.1	1187	950.148	0	0
XM_022813464.1	8398	8161.15	0	0
XM_022813465.1	8500	8263.15	0	0
XM_022813466.1	2111	1874.15	0	0
XM_022813467.1	2443	2206.15	0	0
XM_022813468.1	1993	1756.15	0	0
XM_022813469.1	1656	1419.15	0	0
XM_022813470.1	2272	2035.15	0	0
XM_022813471.1	1116	879.148	0	0
XM_022813472.1	3808	3571.15	0	0
XM_022813473.1	3420	3183.15	0	0
XM_022813474.1	4173	3936.15	0	0
XM_022813475.1	4986	4749.15	0	0
XM_022813476.1	4083	3846.15	0	0
XM_022813477.1	4968	4731.15	0	0
XM_022813478.1	6156	5919.15	0	0
XM_022813479.1	6105	5868.15	0	0
XM_022813480.1	5961	5724.15	0	0
XM_022813481.1	1051	814.148	0	0
XM_022813482.1	3838	3601.15	0	0
XM_022813483.1	3639	3402.15	0	0
XM_022813484.1	3619	3382.15	0	0
XM_022813485.1	3606	3369.15	0	0
XM_022813486.1	3430	3193.15	0	0
XM_022813487.1	3577	3340.15	0	0
XM_022813488.1	3537	3300.15	0	0
XM_022813489.1	3517	3280.15	0	0
XM_022813490.1	3522	3285.15	0	0
XM_022813491.1	3502	3265.15	0	0
XM_022813492.1	2005	1768.15	0	0
XM_022813493.1	3716	3479.15	0	0
XM_022813494.1	2814	2577.15	0	0
XM_022813495.1	1471	1234.15	0	0
XM_022813496.1	3651	3414.15	0	0
XM_022813497.1	2745	2508.15	0	0
XM_022813498.1	1853	1616.15	0	0
XM_022813499.1	1817	1580.15	0	0
XM_022813500.1	3900	3663.15	0	0
XM_022813501.1	3783	3546.15	0	0
XM_022813502.1	3358	3121.15	0	0
XM_022813503.1	2974	2737.15	0	0
XM_022813504.1	1393	1156.15	0	0
XM_022813505.1	3320	3083.15	0	0
XM_022813506.1	4037	3800.15	0	0
XM_022813507.1	4172	3935.15	0	0
XM_022813508.1	4240	4003.15	0	0
XM_022813509.1	2053	1816.15	0	0
XM_022813510.1	2392	2155.15	0	0
XM_022813511.1	2147	1910.15	0	0
XM_022813512.1	891	654.786	0	0
XM_022813513.1	1868	1631.15	0	0
XM_022813514.1	1884	1647.15	0	0
XM_022813515.1	1848	1611.15	0	0
XM_022813516.1	2162	1925.15	0	0
XM_022813517.1	1485	1248.15	0	0
XM_022813518.1	1750	1513.15	0	0
XM_022813519.1	1647	1410.15	0	0
XM_022813520.1	4678	4441.15	0	0
XM_022813521.1	4613	4376.15	0	0
XM_022813522.1	1621	1384.15	0	0
XM_022813523.1	1869	1632.15	0	0
XM_022813524.1	1582	1345.15	0	0
XM_022813525.1	1155	918.148	0	0
XM_022813526.1	3647	3410.15	0	0
XM_022813527.1	3523	3286.15	0	0
XM_022813528.1	3467	3230.15	0	0
XM_022813529.1	3486	3249.15	0	0
XM_022813530.1	3478	3241.15	0	0
XM_022813531.1	3360	3123.15	0	0
XM_022813532.1	6480	6243.15	0	0
XM_022813533.1	5963	5726.15	0	0
XM_022813534.1	12153	11916.1	0	0
XM_022813535.1	11702	11465.1	0	0
XM_022813536.1	11152	10915.1	0	0
XM_022813537.1	10771	10534.1	0	0
XM_022813538.1	5520	5283.15	0	0
XM_022813539.1	1054	817.148	0	0
XM_022813540.1	5430	5193.15	0	0
XM_022813541.1	6492	6255.15	0	0
XM_022813542.1	6637	6400.15	0	0
XM_022813543.1	6431	6194.15	0	0
XM_022813544.1	2844	2607.15	0	0
XM_022813545.1	2544	2307.15	0	0
XM_022813546.1	2245	2008.15	0	0
XM_022813547.1	5223	4986.15	0	0
XM_022813548.1	1113	876.148	0	0
XM_022813549.1	4992	4755.15	0	0
XM_022813550.1	5175	4938.15	0	0
XM_022813551.1	5231	4994.15	0	0
XM_022813552.1	5090	4853.15	0	0
XM_022813553.1	4526	4289.15	0	0
XM_022813554.1	5998	5761.15	0	0
XM_022813555.1	6126	5889.15	0	0
XM_022813556.1	5967	5730.15	0	0
XM_022813557.1	5838	5601.15	0	0
XM_022813558.1	1169	932.148	0	0
XM_022813559.1	6853	6616.15	0	0
XM_022813560.1	6847	6610.15	0	0
XM_022813561.1	5839	5602.15	0	0
XM_022813562.1	7501	7264.15	0	0
XM_022813563.1	6130	5893.15	0	0
XM_022813564.1	6195	5958.15	0	0
XM_022813565.1	6121	5884.15	0	0
XM_022813566.1	6036	5799.15	0	0
XM_022813567.1	5976	5739.15	0	0
XM_022813568.1	5930	5693.15	0	0
XM_022813569.1	997	760.148	0	0
XM_022813570.1	5800	5563.15	0	0
XM_022813571.1	5882	5645.15	0	0
XM_022813572.1	5856	5619.15	0	0
XM_022813573.1	5788	5551.15	0	0
XM_022813574.1	5777	5540.15	0	0
XM_022813575.1	4089	3852.15	0	0
XM_022813576.1	3185	2948.15	0	0
XM_022813577.1	3035	2798.15	0	0
XM_022813578.1	2912	2675.15	0	0
XM_022813579.1	895	658.786	0	0
XM_022813580.1	2974	2737.15	0	0
XM_022813581.1	3823	3586.15	0	0
XM_022813582.1	2420	2183.15	0	0
XM_022813583.1	1742	1505.15	0	0
XM_022813584.1	1737	1500.15	0	0
XM_022813585.1	1845	1608.15	0	0
XM_022813586.1	8187	7950.15	0	0
XM_022813587.1	1199	962.148	0	0
XM_022813588.1	810	574.277	0	0
XM_022813589.1	4840	4603.15	0	0
XM_022813590.1	5118	4881.15	0	0
XM_022813591.1	3878	3641.15	0	0
XM_022813592.1	4779	4542.15	0	0
XM_022813593.1	4608	4371.15	0	0
XM_022813594.1	3827	3590.15	0	0
XM_022813595.1	4773	4536.15	0	0
XM_022813596.1	4230	3993.15	0	0
XM_022813597.1	3735	3498.15	0	0
XM_022813598.1	2406	2169.15	0	0
XM_022813599.1	3936	3699.15	0	0
XM_022813600.1	9592	9355.15	0	0
XM_022813601.1	4122	3885.15	0	0
XM_022813602.1	2131	1894.15	0	0
XM_022813603.1	838	602.102	0	0
XM_022813604.1	2129	1892.15	0	0
XM_022813605.1	2315	2078.15	0	0
XM_022813606.1	1465	1228.15	0	0
XM_022813607.1	1509	1272.15	0	0
XM_022813608.1	2260	2023.15	0	0
XM_022813609.1	3307	3070.15	0	0
XM_022813610.1	2128	1891.15	0	0
XM_022813611.1	2811	2574.15	0	0
XM_022813612.1	2923	2686.15	0	0
XM_022813613.1	584	353.218	0	0
XM_022813614.1	1585	1348.15	0	0
XM_022813615.1	2876	2639.15	0	0
XM_022813616.1	4084	3847.15	0	0
XM_022813617.1	2192	1955.15	0	0
XM_022813618.1	6358	6121.15	0	0
XM_022813619.1	6361	6124.15	0	0
XM_022813620.1	6355	6118.15	0	0
XM_022813621.1	6358	6121.15	0	0
XM_022813622.1	585	354.218	0	0
XM_022813623.1	3782	3545.15	0	0
XM_022813624.1	2122	1885.15	0	0
XM_022813625.1	3626	3389.15	0	0
XM_022813626.1	1218	981.148	0	0
XM_022813627.1	1835	1598.15	0	0
XM_022813628.1	1243	1006.15	0	0
XM_022813629.1	1411	1174.15	0	0
XM_022813630.1	1208	971.148	0	0
XM_022813631.1	1229	992.148	0	0
XM_022813632.1	1703	1466.15	0	0
XM_022813633.1	8062	7825.15	0	0
XM_022813634.1	8050	7813.15	0	0
XM_022813635.1	8019	7782.15	0	0
XM_022813636.1	7944	7707.15	0	0
XM_022813637.1	7107	6870.15	0	0
XM_022813638.1	7607	7370.15	0	0
XM_022813639.1	1576	1339.15	0	0
XM_022813640.1	1414	1177.15	0	0
XM_022813641.1	1553	1316.15	0	0
XM_022813642.1	1520	1283.15	0	0
XM_022813643.1	1571	1334.15	0	0
XM_022813644.1	1446	1209.15	0	0
XM_022813645.1	1388	1151.15	0	0
XM_022813646.1	1406	1169.15	0	0
XM_022813647.1	1359	1122.15	0	0
XM_022813648.1	1372	1135.15	0	0
XM_022813649.1	1401	1164.15	0	0
XM_022813650.1	4201	3964.15	0	0
XM_022813651.1	2363	2126.15	0	0
XM_022813652.1	2358	2121.15	0	0
XM_022813653.1	2239	2002.15	0	0
XM_022813654.1	2035	1798.15	0	0
XM_022813655.1	1057	820.148	0	0
XM_022813656.1	7098	6861.15	0	0
XM_022813657.1	7068	6831.15	0	0
XM_022813658.1	2437	2200.15	0	0
XM_022813659.1	1052	815.148	0	0
XM_022813660.1	5560	5323.15	0	0
XM_022813661.1	3384	3147.15	0	0
XM_022813662.1	3449	3212.15	0	0
XM_022813663.1	2580	2343.15	0	0
XM_022813664.1	3089	2852.15	0	0
XM_022813665.1	5491	5254.15	0	0
XM_022813666.1	6965	6728.15	0	0
XM_022813667.1	4538	4301.15	0	0
XM_022813668.1	6740	6503.15	0	0
XM_022813669.1	3612	3375.15	0	0
XM_022813670.1	3334	3097.15	0	0
XM_022813671.1	3386	3149.15	0	0
XM_022813672.1	3315	3078.15	0	0
XM_022813673.1	14346	14109.1	0	0
XM_022813674.1	2906	2669.15	0	0
XM_022813675.1	3448	3211.15	0	0
XM_022813676.1	2931	2694.15	0	0
XM_022813677.1	2910	2673.15	0	0
XM_022813678.1	7002	6765.15	0	0
XM_022813679.1	1550	1313.15	0	0
XM_022813680.1	5507	5270.15	0	0
XM_022813681.1	1426	1189.15	0	0
XM_022813682.1	1216	979.148	0	0
XM_022813683.1	5676	5439.15	0	0
XM_022813684.1	6255	6018.15	0	0
XM_022813685.1	10333	10096.1	0	0
XM_022813686.1	2894	2657.15	0	0
XM_022813687.1	3274	3037.15	0	0
XM_022813688.1	9193	8956.15	0	0
XM_022813689.1	10296	10059.1	0	0
XM_022813690.1	9106	8869.15	0	0
XM_022813691.1	9949	9712.15	0	0
XM_022813692.1	3174	2937.15	0	0
XM_022813693.1	9959	9722.15	0	0
XM_022813694.1	10374	10137.1	0	0
XM_022813695.1	9707	9470.15	0	0
XM_022813696.1	9537	9300.15	0	0
XM_022813697.1	9182	8945.15	0	0
XM_022813698.1	9946	9709.15	0	0
XM_022813699.1	7214	6977.15	0	0
XM_022813700.1	7125	6888.15	0	0
XM_022813701.1	3149	2912.15	0	0
XM_022813702.1	8467	8230.15	0	0
XM_022813703.1	6860	6623.15	0	0
XM_022813704.1	6809	6572.15	0	0
XM_022813705.1	11687	11450.1	0	0
XM_022813706.1	11206	10969.1	0	0
XM_022813707.1	11968	11731.1	0	0
XM_022813708.1	4131	3894.15	0	0
XM_022813709.1	4130	3893.15	0	0
XM_022813710.1	1916	1679.15	0	0
XM_022813711.1	3012	2775.15	0	0
XM_022813712.1	1950	1713.15	0	0
XM_022813713.1	1910	1673.15	0	0
XM_022813714.1	1944	1707.15	0	0
XM_022813715.1	1847	1610.15	0	0
XM_022813716.1	1833	1596.15	0	0
XM_022813717.1	1826	1589.15	0	0
XM_022813718.1	1860	1623.15	0	0
XM_022813719.1	1741	1504.15	0	0
XM_022813720.1	7791	7554.15	0	0
XM_022813721.1	9403	9166.15	0	0
XM_022813722.1	3835	3598.15	0	0
XM_022813723.1	3870	3633.15	0	0
XM_022813724.1	1585	1348.15	0	0
XM_022813725.1	1621	1384.15	0	0
XM_022813726.1	1581	1344.15	0	0
XM_022813727.1	955	718.37	0	0
XM_022813728.1	1006	769.148	0	0
XM_022813729.1	1022	785.148	0	0
XM_022813730.1	2084	1847.15	0	0
XM_022813731.1	1847	1610.15	0	0
XM_022813732.1	1703	1466.15	0	0
XM_022813733.1	1632	1395.15	0	0
XM_022813734.1	1024	787.148	0	0
XM_022813735.1	7023	6786.15	0	0
XM_022813736.1	5686	5449.15	0	0
XM_022813737.1	7011	6774.15	0	0
XM_022813738.1	2806	2569.15	0	0
XM_022813739.1	2901	2664.15	0	0
XM_022813740.1	2810	2573.15	0	0
XM_022813741.1	2865	2628.15	0	0
XM_022813742.1	2888	2651.15	0	0
XM_022813743.1	2663	2426.15	0	0
XM_022813744.1	2860	2623.15	0	0
XM_022813745.1	2926	2689.15	0	0
XM_022813746.1	2630	2393.15	0	0
XM_022813747.1	2921	2684.15	0	0
XM_022813748.1	2590	2353.15	0	0
XM_022813749.1	2587	2350.15	0	0
XM_022813750.1	4285	4048.15	0	0
XM_022813751.1	6444	6207.15	0	0
XM_022813752.1	6242	6005.15	0	0
XM_022813753.1	4194	3957.15	0	0
XM_022813754.1	1871	1634.15	0	0
XM_022813755.1	2069	1832.15	0	0
XM_022813756.1	1850	1613.15	0	0
XM_022813757.1	2074	1837.15	0	0
XM_022813758.1	5005	4768.15	0	0
XM_022813759.1	6419	6182.15	0	0
XM_022813760.1	3916	3679.15	0	0
XM_022813761.1	4938	4701.15	0	0
XM_022813762.1	3849	3612.15	0	0
XM_022813763.1	3164	2927.15	0	0
XM_022813764.1	4448	4211.15	0	0
XM_022813765.1	4381	4144.15	0	0
XM_022813766.1	5002	4765.15	0	0
XM_022813767.1	5509	5272.15	0	0
XM_022813768.1	4732	4495.15	0	0
XM_022813769.1	3584	3347.15	0	0
XM_022813770.1	4422	4185.15	0	0
XM_022813771.1	2100	1863.15	0	0
XM_022813772.1	1737	1500.15	0	0
XM_022813773.1	1885	1648.15	0	0
XM_022813774.1	2590	2353.15	0	0
XM_022813775.1	1674	1437.15	0	0
XM_022813776.1	3013	2776.15	0	0
XM_022813777.1	3614	3377.15	0	0
XM_022813778.1	8117	7880.15	0	0
XM_022813779.1	6064	5827.15	0	0
XM_022813780.1	7901	7664.15	0	0
XM_022813781.1	6054	5817.15	0	0
XM_022813782.1	8080	7843.15	0	0
XM_022813783.1	8045	7808.15	0	0
XM_022813784.1	4679	4442.15	0	0
XM_022813785.1	3610	3373.15	0	0
XM_022813786.1	2888	2651.15	0	0
XM_022813787.1	3114	2877.15	0	0
XM_022813788.1	2835	2598.15	0	0
XM_022813789.1	3063	2826.15	0	0
XM_022813790.1	5643	5406.15	0	0
XM_022813791.1	4297	4060.15	0	0
XM_022813792.1	1796	1559.15	0	0
XM_022813793.1	2027	1790.15	0	0
XM_022813794.1	498	275.081	0	0
XM_022813795.1	502	278.68	0	0
XM_022813796.1	651	417.762	0	0
XM_022813797.1	4647	4410.15	0	0
XM_022813798.1	4534	4297.15	0	0
XM_022813799.1	4639	4402.15	0	0
XM_022813800.1	4530	4293.15	0	0
XM_022813801.1	4510	4273.15	0	0
XM_022813802.1	4443	4206.15	0	0
XM_022813803.1	4373	4136.15	0	0
XM_022813804.1	5553	5316.15	0	0
XM_022813805.1	3873	3636.15	0	0
XM_022813806.1	3077	2840.15	0	0
XM_022813807.1	3016	2779.15	0	0
XM_022813808.1	3804	3567.15	0	0
XM_022813809.1	8303	8066.15	0	0
XM_022813810.1	7263	7026.15	0	0
XM_022813811.1	7034	6797.15	0	0
XM_022813812.1	6890	6653.15	0	0
XM_022813813.1	9285	9048.15	0	0
XM_022813814.1	5974	5737.15	0	0
XM_022813815.1	6838	6601.15	0	0
XM_022813816.1	6465	6228.15	0	0
XM_022813817.1	6301	6064.15	0	0
XM_022813818.1	2822	2585.15	0	0
XM_022813819.1	1994	1757.15	0	0
XM_022813820.1	5689	5452.15	0	0
XM_022813821.1	6814	6577.15	0	0
XM_022813822.1	6794	6557.15	0	0
XM_022813823.1	4730	4493.15	0	0
XM_022813824.1	5386	5149.15	0	0
XM_022813825.1	5667	5430.15	0	0
XM_022813826.1	6444	6207.15	0	0
XM_022813827.1	4374	4137.15	0	0
XM_022813828.1	6252	6015.15	0	0
XM_022813829.1	3025	2788.15	0	0
XM_022813830.1	3037	2800.15	0	0
XM_022813831.1	1227	990.148	0	0
XM_022813832.1	789	553.388	0	0
XM_022813833.1	774	538.607	0	0
XM_022813834.1	4727	4490.15	1	0.0406711
XM_022813835.1	4560	4323.15	0	0
XM_022813836.1	4470	4233.15	0	0
XM_022813837.1	2557	2320.15	0	0
XM_022813838.1	5580	5343.15	0	0
XM_022813839.1	2973	2736.15	0	0
XM_022813840.1	2780	2543.15	0	0
XM_022813841.1	1152	915.148	0	0
XM_022813842.1	2576	2339.15	0	0
XM_022813843.1	2749	2512.15	0	0
XM_022813844.1	2268	2031.15	0	0
XM_022813845.1	2206	1969.15	0	0
XM_022813846.1	1799	1562.15	0	0
XM_022813847.1	1392	1155.15	0	0
XM_022813848.1	1357	1120.15	0	0
XM_022813849.1	1330	1093.15	0	0
XM_022813850.1	1288	1051.15	0	0
XM_022813851.1	1349	1112.15	0	0
XM_022813852.1	1286	1049.15	0	0
XM_022813853.1	2706	2469.15	0	0
XM_022813854.1	1862	1625.15	0	0
XM_022813855.1	893	656.786	0	0
XM_022813856.1	2239	2002.15	0	0
XM_022813857.1	1971	1734.15	0	0
XM_022813858.1	3179	2942.15	0	0
XM_022813859.1	1559	1322.15	0	0
XM_022813860.1	2017	1780.15	0	0
XM_022813861.1	3073	2836.15	0	0
XM_022813862.1	2780	2543.15	0	0
XM_022813863.1	1460	1223.15	0	0
XM_022813864.1	1398	1161.15	0	0
XM_022813865.1	1505	1268.15	0	0
XM_022813866.1	1355	1118.15	0	0
XM_022813867.1	4937	4700.15	0	0
XM_022813868.1	2884	2647.15	0	0
XM_022813869.1	2893	2656.15	0	0
XM_022813870.1	2877	2640.15	0	0
XM_022813871.1	2731	2494.15	0	0
XM_022813872.1	3071	2834.15	0	0
XM_022813873.1	1967	1730.15	0	0
XM_022813874.1	2598	2361.15	0	0
XM_022813875.1	2664	2427.15	0	0
XM_022813876.1	2769	2532.15	0	0
XM_022813877.1	2607	2370.15	0	0
XM_022813878.1	4934	4697.15	0	0
XM_022813879.1	2568	2331.15	0	0
XM_022813880.1	2502	2265.15	0	0
XM_022813881.1	2351	2114.15	0	0
XM_022813882.1	2440	2203.15	0	0
XM_022813883.1	2596	2359.15	0	0
XM_022813884.1	2098	1861.15	0	0
XM_022813885.1	1991	1754.15	0	0
XM_022813886.1	2086	1849.15	0	0
XM_022813887.1	2498	2261.15	0	0
XM_022813888.1	1864	1627.15	0	0
XM_022813889.1	4552	4315.15	0	0
XM_022813890.1	973	736.297	0	0
XM_022813891.1	4921	4684.15	0	0
XM_022813892.1	4912	4675.15	0	0
XM_022813893.1	4135	3898.15	0	0
XM_022813894.1	6208	5971.15	0	0
XM_022813895.1	6051	5814.15	0	0
XM_022813896.1	4911	4674.15	0	0
XM_022813897.1	1118	881.148	0	0
XM_022813898.1	1429	1192.15	0	0
XM_022813899.1	5811	5574.15	0	0
XM_022813900.1	6153	5916.15	0	0
XM_022813901.1	2187	1950.15	0	0
XM_022813902.1	5602	5365.15	0	0
XM_022813903.1	1858	1621.15	0	0
XM_022813904.1	4012	3775.15	0	0
XM_022813905.1	4154	3917.15	0	0
XM_022813906.1	3099	2862.15	0	0
XM_022813907.1	4077	3840.15	0	0
XM_022813908.1	3859	3622.15	0	0
XM_022813909.1	3841	3604.15	0	0
XM_022813910.1	4134	3897.15	0	0
XM_022813911.1	3839	3602.15	0	0
XM_022813912.1	3755	3518.15	0	0
XM_022813913.1	3743	3506.15	0	0
XM_022813914.1	4453	4216.15	0	0
XM_022813915.1	5960	5723.15	0	0
XM_022813916.1	2458	2221.15	0	0
XM_022813917.1	4417	4180.15	0	0
XM_022813918.1	4528	4291.15	0	0
XM_022813919.1	4385	4148.15	0	0
XM_022813920.1	4190	3953.15	0	0
XM_022813921.1	3649	3412.15	0	0
XM_022813922.1	3698	3461.15	0	0
XM_022813923.1	4894	4657.15	0	0
XM_022813924.1	4729	4492.15	0	0
XM_022813925.1	2343	2106.15	0	0
XM_022813926.1	10441	10204.1	0	0
XM_022813927.1	8528	8291.15	0	0
XM_022813928.1	9435	9198.15	0	0
XM_022813929.1	8985	8748.15	0	0
XM_022813930.1	1052	815.148	0	0
XM_022813931.1	10435	10198.1	0	0
XM_022813932.1	10435	10198.1	0	0
XM_022813933.1	10423	10186.1	0	0
XM_022813934.1	10402	10165.1	0	0
XM_022813935.1	10344	10107.1	0	0
XM_022813936.1	8097	7860.15	0	0
XM_022813937.1	3020	2783.15	0	0
XM_022813938.1	2993	2756.15	0	0
XM_022813939.1	1195	958.148	0	0
XM_022813940.1	2400	2163.15	0	0
XM_022813941.1	5374	5137.15	0	0
XM_022813942.1	5649	5412.15	0	0
XM_022813943.1	1180	943.148	0	0
XM_022813944.1	1180	943.148	0	0
XM_022813945.1	1330	1093.15	0	0
XM_022813946.1	1144	907.148	0	0
XM_022813947.1	1187	950.148	0	0
XM_022813948.1	2292	2055.15	0	0
XM_022813949.1	8109	7872.15	0	0
XM_022813950.1	8692	8455.15	0	0
XM_022813951.1	7946	7709.15	0	0
XM_022813952.1	7523	7286.15	0	0
XM_022813953.1	7515	7278.15	0	0
XM_022813954.1	7460	7223.15	0	0
XM_022813955.1	7266	7029.15	0	0
XM_022813956.1	1991	1754.15	0	0
XM_022813957.1	1231	994.148	0	0
XM_022813958.1	7216	6979.15	0	0
XM_022813959.1	7408	7171.15	0	0
XM_022813960.1	7151	6914.15	0	0
XM_022813961.1	7344	7107.15	0	0
XM_022813962.1	5384	5147.15	0	0
XM_022813963.1	5396	5159.15	0	0
XM_022813964.1	5381	5144.15	0	0
XM_022813965.1	1766	1529.15	0	0
XM_022813966.1	6934	6697.15	0	0
XM_022813967.1	6608	6371.15	0	0
XM_022813968.1	6651	6414.15	0	0
XM_022813969.1	6591	6354.15	0	0
XM_022813970.1	7468	7231.15	0	0
XM_022813971.1	7481	7244.15	0	0
XM_022813972.1	7315	7078.15	0	0
XM_022813973.1	6405	6168.15	0	0
XM_022813974.1	6345	6108.15	0	0
XM_022813975.1	5795	5558.15	0	0
XM_022813976.1	1629	1392.15	0	0
XM_022813977.1	4642	4405.15	0	0
XM_022813978.1	4579	4342.15	0	0
XM_022813979.1	4582	4345.15	0	0
XM_022813980.1	4566	4329.15	0	0
XM_022813981.1	1755	1518.15	0	0
XM_022813982.1	3367	3130.15	0	0
XM_022813983.1	3132	2895.15	0	0
XM_022813984.1	3294	3057.15	0	0
XM_022813985.1	5071	4834.15	0	0
XM_022813986.1	3758	3521.15	0	0
XM_022813987.1	3668	3431.15	0	0
XM_022813988.1	4723	4486.15	0	0
XM_022813989.1	2954	2717.15	0	0
XM_022813990.1	2547	2310.15	0	0
XM_022813991.1	1377	1140.15	0	0
XM_022813992.1	1197	960.148	0	0
XM_022813993.1	1191	954.148	0	0
XM_022813994.1	859	623.04	0	0
XM_022813995.1	4689	4452.15	0	0
XM_022813996.1	4666	4429.15	0	0
XM_022813997.1	4908	4671.15	0	0
XM_022813998.1	2991	2754.15	0	0
XM_022813999.1	1822	1585.15	0	0
XM_022814000.1	6945	6708.15	0	0
XM_022814001.1	6529	6292.15	0	0
XM_022814002.1	6525	6288.15	0	0
XM_022814003.1	4824	4587.15	0	0
XM_022814004.1	2463	2226.15	0	0
XM_022814005.1	4310	4073.15	0	0
XM_022814006.1	3345	3108.15	0	0
XM_022814007.1	3480	3243.15	0	0
XM_022814008.1	1701	1464.15	0	0
XM_022814009.1	2740	2503.15	0	0
XM_022814010.1	4459	4222.15	0	0
XM_022814011.1	2728	2491.15	0	0
XM_022814012.1	5332	5095.15	0	0
XM_022814013.1	5287	5050.15	0	0
XM_022814014.1	6608	6371.15	0	0
XM_022814015.1	6403	6166.15	0	0
XM_022814016.1	4825	4588.15	0	0
XM_022814017.1	6103	5866.15	0	0
XM_022814018.1	2550	2313.15	0	0
XM_022814019.1	4385	4148.15	0	0
XM_022814020.1	3317	3080.15	0	0
XM_022814021.1	3336	3099.15	0	0
XM_022814022.1	1740	1503.15	0	0
XM_022814023.1	1760	1523.15	0	0
XM_022814024.1	1786	1549.15	0	0
XM_022814025.1	1647	1410.15	0	0
XM_022814026.1	1539	1302.15	0	0
XM_022814027.1	4413	4176.15	0	0
XM_022814028.1	4538	4301.15	0	0
XM_022814029.1	3329	3092.15	0	0
XM_022814030.1	4285	4048.15	0	0
XM_022814031.1	2401	2164.15	0	0
XM_022814032.1	2291	2054.15	0	0
XM_022814033.1	5407	5170.15	0	0
XM_022814034.1	2031	1794.15	0	0
XM_022814035.1	2273	2036.15	0	0
XM_022814036.1	2239	2002.15	0	0
XM_022814037.1	2057	1820.15	0	0
XM_022814038.1	1958	1721.15	0	0
XM_022814039.1	2127	1890.15	0	0
XM_022814040.1	1997	1760.15	0	0
XM_022814041.1	2269	2032.15	0	0
XM_022814042.1	1616	1379.15	0	0
XM_022814043.1	5391	5154.15	0	0
XM_022814044.1	1936	1699.15	0	0
XM_022814045.1	1930	1693.15	0	0
XM_022814046.1	1936	1699.15	0	0
XM_022814047.1	1696	1459.15	0	0
XM_022814048.1	1431	1194.15	0	0
XM_022814049.1	1816	1579.15	1	0.115644
XM_022814050.1	2166	1929.15	0	0
XM_022814051.1	2090	1853.15	0	0
XM_022814052.1	5649	5412.15	0	0
XM_022814053.1	1927	1690.15	0	0
XM_022814054.1	10919	10682.1	0	0
XM_022814055.1	10692	10455.1	0	0
XM_022814056.1	10904	10667.1	0	0
XM_022814057.1	10242	10005.1	0	0
XM_022814058.1	9858	9621.15	0	0
XM_022814059.1	9763	9526.15	0	0
XM_022814060.1	10844	10607.1	0	0
XM_022814061.1	4111	3874.15	0	0
XM_022814062.1	5488	5251.15	0	0
XM_022814063.1	4171	3934.15	0	0
XM_022814064.1	3330	3093.15	0	0
XM_022814065.1	6376	6139.15	0	0
XM_022814066.1	6373	6136.15	0	0
XM_022814067.1	6289	6052.15	0	0
XM_022814068.1	2969	2732.15	0	0
XM_022814069.1	3113	2876.15	0	0
XM_022814070.1	3738	3501.15	0	0
XM_022814071.1	2677	2440.15	0	0
XM_022814072.1	3841	3604.15	0	0
XM_022814073.1	2644	2407.15	0	0
XM_022814074.1	2529	2292.15	0	0
XM_022814075.1	2526	2289.15	0	0
XM_022814076.1	2183	1946.15	0	0
XM_022814077.1	3715	3478.15	0	0
XM_022814078.1	2168	1931.15	0	0
XM_022814079.1	773	537.607	0	0
XM_022814080.1	3771	3534.15	0	0
XM_022814081.1	3205	2968.15	0	0
XM_022814082.1	3128	2891.15	0	0
XM_022814083.1	3242	3005.15	0	0
XM_022814084.1	2773	2536.15	0	0
XM_022814085.1	2660	2423.15	0	0
XM_022814086.1	6677	6440.15	0	0
XM_022814087.1	6674	6437.15	0	0
XM_022814088.1	2037	1800.15	0	0
XM_022814089.1	2966	2729.15	0	0
XM_022814090.1	8375	8138.15	0	0
XM_022814091.1	9735	9498.15	0	0
XM_022814092.1	8319	8082.15	0	0
XM_022814093.1	8294	8057.15	0	0
XM_022814094.1	8057	7820.15	0	0
XM_022814095.1	1741	1504.15	0	0
XM_022814096.1	3016	2779.15	0	0
XM_022814097.1	2785	2548.15	0	0
XM_022814098.1	2644	2407.15	0	0
XM_022814099.1	2684	2447.15	0	0
XM_022814100.1	7915	7678.15	0	0
XM_022814101.1	7992	7755.15	0	0
XM_022814102.1	8114	7877.15	0	0
XM_022814103.1	7769	7532.15	0	0
XM_022814104.1	4909	4672.15	0	0
XM_022814105.1	4817	4580.15	0	0
XM_022814106.1	4805	4568.15	0	0
XM_022814107.1	4621	4384.15	0	0
XM_022814108.1	4384	4147.15	0	0
XM_022814109.1	3539	3302.15	0	0
XM_022814110.1	4031	3794.15	0	0
XM_022814111.1	4379	4142.15	0	0
XM_022814112.1	4131	3894.15	0	0
XM_022814113.1	2770	2533.15	0	0
XM_022814114.1	3298	3061.15	0	0
XM_022814115.1	2735	2498.15	0	0
XM_022814116.1	2739	2502.15	0	0
XM_022814117.1	2528	2291.15	0	0
XM_022814118.1	4461	4224.15	0	0
XM_022814119.1	4120	3883.15	0	0
XM_022814120.1	2315	2078.15	0	0
XM_022814121.1	4913	4676.15	0	0
XM_022814122.1	4785	4548.15	0	0
XM_022814123.1	3959	3722.15	0	0
XM_022814124.1	9817	9580.15	0	0
XM_022814125.1	9519	9282.15	0	0
XM_022814126.1	7128	6891.15	0	0
XM_022814127.1	8668	8431.15	0	0
XM_022814128.1	2997	2760.15	0	0
XM_022814129.1	1622	1385.15	0	0
XM_022814130.1	1619	1382.15	0	0
XM_022814131.1	1351	1114.15	0	0
XM_022814132.1	1459	1222.15	0	0
XM_022814133.1	1273	1036.15	0	0
XM_022814134.1	1627	1390.15	0	0
XM_022814135.1	1456	1219.15	0	0
XM_022814136.1	2949	2712.15	0	0
XM_022814137.1	1430	1193.15	0	0
XM_022814138.1	3155	2918.15	0	0
XM_022814139.1	2924	2687.15	0	0
XM_022814140.1	4379	4142.15	0	0
XM_022814141.1	2464	2227.15	0	0
XM_022814142.1	2919	2682.15	0	0
XM_022814143.1	2095	1858.15	0	0
XM_022814144.1	5522	5285.15	0	0
XM_022814145.1	5615	5378.15	0	0
XM_022814146.1	3957	3720.15	0	0
XM_022814147.1	3886	3649.15	0	0
XM_022814148.1	3752	3515.15	0	0
XM_022814149.1	3094	2857.15	0	0
XM_022814150.1	3688	3451.15	0	0
XM_022814151.1	3684	3447.15	0	0
XM_022814152.1	3885	3648.15	0	0
XM_022814153.1	3512	3275.15	0	0
XM_022814154.1	4604	4367.15	0	0
XM_022814155.1	4089	3852.15	0	0
XM_022814156.1	4063	3826.15	0	0
XM_022814157.1	3474	3237.15	0	0
XM_022814158.1	5039	4802.15	0	0
XM_022814159.1	3539	3302.15	0	0
XM_022814160.1	8926	8689.15	0	0
XM_022814161.1	2338	2101.15	0	0
XM_022814162.1	8920	8683.15	0	0
XM_022814163.1	2775	2538.15	0	0
XM_022814164.1	11242	11005.1	0	0
XM_022814165.1	2304	2067.15	0	0
XM_022814166.1	2204	1967.15	0	0
XM_022814167.1	1771	1534.15	0	0
XM_022814168.1	1912	1675.15	0	0
XM_022814169.1	2132	1895.15	0	0
XM_022814170.1	1204	967.148	0	0
XM_022814171.1	919	682.652	0	0
XM_022814172.1	1001	764.148	0	0
XM_022814173.1	1216	979.148	0	0
XM_022814174.1	915	678.72	0	0
XM_022814175.1	586	355.218	0	0
XM_022814176.1	4470	4233.15	0	0
XM_022814177.1	1822	1585.15	0	0
XM_022814178.1	4457	4220.15	0	0
XM_022814179.1	4439	4202.15	0	0
XM_022814180.1	724	489.327	0	0
XM_022814181.1	3826	3589.15	0	0
XM_022814182.1	3805	3568.15	0	0
XM_022814183.1	4501	4264.15	0	0
XM_022814184.1	3744	3507.15	0	0
XM_022814185.1	3811	3574.15	0	0
XM_022814186.1	1955	1718.15	0	0
XM_022814187.1	1855	1618.15	0	0
XM_022814188.1	1859	1622.15	0	0
XM_022814189.1	4215	3978.15	0	0
XM_022814190.1	9889	9652.15	0	0
XM_022814191.1	7440	7203.15	0	0
XM_022814192.1	7383	7146.15	0	0
XM_022814193.1	3182	2945.15	0	0
XM_022814194.1	2167	1930.15	0	0
XM_022814195.1	3995	3758.15	0	0
XM_022814196.1	10912	10675.1	0	0
XM_022814197.1	3399	3162.15	0	0
XM_022814198.1	3828	3591.15	0	0
XM_022814199.1	8765	8528.15	0	0
XM_022814200.1	3679	3442.15	0	0
XM_022814201.1	3964	3727.15	0	0
XM_022814202.1	3752	3515.15	0	0
XM_022814203.1	4163	3926.15	0	0
XM_022814204.1	3747	3510.15	0	0
XM_022814205.1	2660	2423.15	0	0
XM_022814206.1	2190	1953.15	0	0
XM_022814207.1	2926	2689.15	0	0
XM_022814208.1	2830	2593.15	0	0
XM_022814209.1	10128	9891.15	0	0
XM_022814210.1	2739	2502.15	0	0
XM_022814211.1	2796	2559.15	0	0
XM_022814212.1	2743	2506.15	0	0
XM_022814213.1	1043	806.148	0	0
XM_022814214.1	974	737.297	0	0
XM_022814215.1	6385	6148.15	0	0
XM_022814216.1	6384	6147.15	0	0
XM_022814217.1	2108	1871.15	0	0
XM_022814218.1	9711	9474.15	0	0
XM_022814219.1	2107	1870.15	0	0
XM_022814220.1	2098	1861.15	0	0
XM_022814221.1	1930	1693.15	0	0
XM_022814222.1	1921	1684.15	0	0
XM_022814223.1	820	584.162	0	0
XM_022814224.1	7708	7471.15	0	0
XM_022814225.1	7690	7453.15	0	0
XM_022814226.1	7437	7200.15	0	0
XM_022814227.1	3972	3735.15	0	0
XM_022814228.1	5642	5405.15	0	0
XM_022814229.1	866	629.915	0	0
XM_022814230.1	1574	1337.15	0	0
XM_022814231.1	1359	1122.15	0	0
XM_022814232.1	701	466.519	0	0
XM_022814233.1	1544	1307.15	0	0
XM_022814234.1	1101	864.148	0	0
XM_022814235.1	6210	5973.15	0	0
XM_022814236.1	6207	5970.15	0	0
XM_022814237.1	924	687.652	0	0
XM_022814238.1	2451	2214.15	0	0
XM_022814239.1	8516	8279.15	0	0
XM_022814240.1	2508	2271.15	0	0
XM_022814241.1	2439	2202.15	0	0
XM_022814242.1	3412	3175.15	0	0
XM_022814243.1	1825	1588.15	0	0
XM_022814244.1	1994	1757.15	0	0
XM_022814245.1	1756	1519.15	0	0
XM_022814246.1	611	378.923	0	0
XM_022814247.1	2845	2608.15	0	0
XM_022814248.1	9572	9335.15	0	0
XM_022814249.1	2842	2605.15	0	0
XM_022814250.1	2895	2658.15	0	0
XM_022814251.1	2507	2270.15	0	0
XM_022814252.1	2501	2264.15	0	0
XM_022814253.1	2470	2233.15	0	0
XM_022814254.1	2469	2232.15	0	0
XM_022814255.1	1810	1573.15	0	0
XM_022814256.1	2491	2254.15	0	0
XM_022814257.1	6685	6448.15	0	0
XM_022814258.1	9526	9289.15	0	0
XM_022814259.1	6465	6228.15	0	0
XM_022814260.1	2961	2724.15	0	0
XM_022814261.1	4898	4661.15	0	0
XM_022814262.1	2018	1781.15	0	0
XM_022814263.1	2184	1947.15	0	0
XM_022814264.1	7934	7697.15	0	0
XM_022814265.1	2089	1852.15	0	0
XM_022814266.1	4712	4475.15	0	0
XM_022814267.1	2398	2161.15	0	0
XM_022814268.1	2366	2129.15	0	0
XM_022814269.1	2498	2261.15	0	0
XM_022814270.1	2338	2101.15	0	0
XM_022814271.1	2335	2098.15	0	0
XM_022814272.1	5205	4968.15	0	0
XM_022814273.1	2863	2626.15	0	0
XM_022814274.1	2344	2107.15	0	0
XM_022814275.1	2054	1817.15	0	0
XM_022814276.1	2895	2658.15	0	0
XM_022814277.1	1860	1623.15	0	0
XM_022814278.1	2302	2065.15	0	0
XM_022814279.1	1832	1595.15	0	0
XM_022814280.1	1633	1396.15	0	0
XM_022814281.1	1897	1660.15	0	0
XM_022814282.1	5196	4959.15	0	0
XM_022814283.1	1884	1647.15	0	0
XM_022814284.1	1881	1644.15	0	0
XM_022814285.1	8641	8404.15	0	0
XM_022814286.1	8538	8301.15	0	0
XM_022814287.1	8312	8075.15	0	0
XM_022814288.1	7733	7496.15	0	0
XM_022814289.1	7700	7463.15	0	0
XM_022814290.1	6529	6292.15	0	0
XM_022814291.1	7309	7072.15	0	0
XM_022814292.1	5169	4932.15	0	0
XM_022814293.1	7327	7090.15	0	0
XM_022814294.1	8491	8254.15	0	0
XM_022814295.1	7963	7726.15	0	0
XM_022814296.1	1732	1495.15	0	0
XM_022814297.1	1444	1207.15	0	0
XM_022814298.1	1198	961.148	0	0
XM_022814299.1	5521	5284.15	0	0
XM_022814300.1	4632	4395.15	0	0
XM_022814301.1	3626	3389.15	0	0
XM_022814302.1	2480	2243.15	0	0
XM_022814303.1	2394	2157.15	0	0
XM_022814304.1	2411	2174.15	0	0
XM_022814305.1	2402	2165.15	0	0
XM_022814306.1	2037	1800.15	0	0
XM_022814307.1	1901	1664.15	0	0
XM_022814308.1	1690	1453.15	0	0
XM_022814309.1	1774	1537.15	0	0
XM_022814310.1	1717	1480.15	0	0
XM_022814311.1	3591	3354.15	0	0
XM_022814312.1	1768	1531.15	0	0
XM_022814313.1	1783	1546.15	0	0
XM_022814314.1	6938	6701.15	0	0
XM_022814315.1	9136	8899.15	0	0
XM_022814316.1	7786	7549.15	0	0
XM_022814317.1	6806	6569.15	0	0
XM_022814318.1	1978	1741.15	0	0
XM_022814319.1	1597	1360.15	0	0
XM_022814320.1	4986	4749.15	0	0
XM_022814321.1	1545	1308.15	0	0
XM_022814322.1	2074	1837.15	0	0
XM_022814323.1	1755	1518.15	0	0
XM_022814324.1	1688	1451.15	0	0
XM_022814325.1	1541	1304.15	0	0
XM_022814326.1	4268	4031.15	0	0
XM_022814327.1	4262	4025.15	0	0
XM_022814328.1	4313	4076.15	0	0
XM_022814329.1	4307	4070.15	0	0
XM_022814330.1	4265	4028.15	0	0
XM_022814331.1	4155	3918.15	0	0
XM_022814332.1	1588	1351.15	0	0
XM_022814333.1	1647	1410.15	0	0
XM_022814334.1	2513	2276.15	0	0
XM_022814335.1	982	745.224	0	0
XM_022814336.1	3951	3714.15	0	0
XM_022814337.1	3526	3289.15	0	0
XM_022814338.1	3978	3741.15	0	0
XM_022814339.1	3808	3571.15	0	0
XM_022814340.1	3342	3105.15	0	0
XM_022814341.1	3272	3035.15	0	0
XM_022814342.1	6601	6364.15	0	0
XM_022814343.1	6517	6280.15	0	0
XM_022814344.1	6451	6214.15	0	0
XM_022814345.1	4935	4698.15	0	0
XM_022814346.1	5717	5480.15	0	0
XM_022814347.1	5664	5427.15	0	0
XM_022814348.1	5847	5610.15	0	0
XM_022814349.1	5459	5222.15	0	0
XM_022814350.1	2803	2566.15	0	0
XM_022814351.1	5121	4884.15	0	0
XM_022814352.1	5176	4939.15	0	0
XM_022814353.1	5079	4842.15	0	0
XM_022814354.1	5538	5301.15	0	0
XM_022814355.1	954	717.37	0	0
XM_022814356.1	1163	926.148	0	0
XM_022814357.1	1132	895.148	0	0
XM_022814358.1	1218	981.148	0	0
XM_022814359.1	1305	1068.15	0	0
XM_022814360.1	1302	1065.15	0	0
XM_022814361.1	1380	1143.15	0	0
XM_022814362.1	1304	1067.15	0	0
XM_022814363.1	1208	971.148	0	0
XM_022814364.1	1385	1148.15	0	0
XM_022814365.1	1213	976.148	0	0
XM_022814366.1	1383	1146.15	0	0
XM_022814367.1	1291	1054.15	0	0
XM_022814368.1	728	493.327	0	0
XM_022814369.1	5112	4875.15	0	0
XM_022814370.1	4908	4671.15	0	0
XM_022814371.1	4981	4744.15	0	0
XM_022814372.1	5052	4815.15	0	0
XM_022814373.1	4983	4746.15	0	0
XM_022814374.1	4719	4482.15	0	0
XM_022814375.1	4590	4353.15	0	0
XM_022814376.1	1051	814.148	0	0
XM_022814377.1	545	316.675	0	0
XM_022814378.1	724	489.327	0	0
XM_022814379.1	2667	2430.15	0	0
XM_022814380.1	2939	2702.15	0	0
XM_022814381.1	1778	1541.15	0	0
XM_022814382.1	3295	3058.15	0	0
XM_022814383.1	3292	3055.15	0	0
XM_022814384.1	1966	1729.15	0	0
XM_022814385.1	3307	3070.15	0	0
XM_022814386.1	4832	4595.15	0	0
XM_022814387.1	703	468.472	0	0
XM_022814388.1	4761	4524.15	0	0
XM_022814389.1	3885	3648.15	0	0
XM_022814390.1	4882	4645.15	0	0
XM_022814391.1	3297	3060.15	0	0
XM_022814392.1	3162	2925.15	0	0
XM_022814393.1	3719	3482.15	0	0
XM_022814394.1	3311	3074.15	0	0
XM_022814395.1	2863	2626.15	0	0
XM_022814396.1	2819	2582.15	0	0
XM_022814397.1	2099	1862.15	0	0
XM_022814398.1	1439	1202.15	0	0
XM_022814399.1	1143	906.148	0	0
XM_022814400.1	6293	6056.15	0	0
XM_022814401.1	1899	1662.15	0	0
XM_022814402.1	1844	1607.15	0	0
XM_022814403.1	1795	1558.15	0	0
XM_022814404.1	2476	2239.15	0	0
XM_022814405.1	2278	2041.15	0	0
XM_022814406.1	2591	2354.15	0	0
XM_022814407.1	2392	2155.15	0	0
XM_022814408.1	2555	2318.15	0	0
XM_022814409.1	11648	11411.1	0	0
XM_022814410.1	2278	2041.15	0	0
XM_022814411.1	2371	2134.15	0	0
XM_022814412.1	2724	2487.15	0	0
XM_022814413.1	631	398.336	0	0
XM_022814414.1	5111	4874.15	0	0
XM_022814415.1	2807	2570.15	0	0
XM_022814416.1	7499	7262.15	0.235527	0.00592273
XM_022814417.1	7496	7259.15	0.354121	0.00890867
XM_022814418.1	7493	7256.15	0.532521	0.0134022
XM_022814419.1	7490	7253.15	0.800931	0.0201658
XM_022814420.1	6032	5795.15	0	0
XM_022814421.1	6311	6074.15	0	0
XM_022814422.1	6115	5878.15	0	0
XM_022814423.1	5950	5713.15	0	0
XM_022814424.1	5570	5333.15	0	0
XM_022814425.1	5495	5258.15	0	0
XM_022814426.1	3511	3274.15	0	0
XM_022814427.1	3854	3617.15	0	0
XM_022814428.1	3839	3602.15	0	0
XM_022814429.1	4164	3927.15	0	0
XM_022814430.1	4077	3840.15	0	0
XM_022814431.1	4159	3922.15	0	0
XM_022814432.1	4169	3932.15	0	0
XM_022814433.1	3628	3391.15	0	0
XM_022814434.1	3633	3396.15	0	0
XM_022814435.1	3387	3150.15	0	0
XM_022814436.1	3397	3160.15	0	0
XM_022814437.1	3293	3056.15	0	0
XM_022814438.1	2246	2009.15	0	0
XM_022814439.1	1450	1213.15	0	0
XM_022814440.1	1530	1293.15	0	0
XM_022814441.1	1890	1653.15	0	0
XM_022814442.1	1921	1684.15	0	0
XM_022814443.1	1887	1650.15	0	0
XM_022814444.1	1460	1223.15	0	0
XM_022814445.1	3447	3210.15	0	0
XM_022814446.1	5672	5435.15	0	0
XM_022814447.1	5845	5608.15	0	0
XM_022814448.1	1890	1653.15	0	0
XM_022814449.1	1976	1739.15	0	0
XM_022814450.1	1962	1725.15	0	0
XM_022814451.1	1753	1516.15	0	0
XM_022814452.1	2420	2183.15	0	0
XM_022814453.1	2830	2593.15	0	0
XM_022814454.1	3467	3230.15	3.06788	0.173445
XM_022814455.1	4718	4481.15	0	0
XM_022814456.1	2269	2032.15	0	0
XM_022814457.1	2032	1795.15	0	0
XM_022814458.1	1329	1092.15	0	0
XM_022814459.1	1120	883.148	0	0
XM_022814460.1	1102	865.148	0	0
XM_022814461.1	1264	1027.15	0	0
XM_022814462.1	1540	1303.15	0	0
XM_022814463.1	5689	5452.15	0	0
XM_022814464.1	5313	5076.15	0	0
XM_022814465.1	4703	4466.15	0	0
XM_022814466.1	4519	4282.15	0	0
XM_022814467.1	4539	4302.15	0	0
XM_022814468.1	4611	4374.15	0	0
XM_022814469.1	5378	5141.15	0	0
XM_022814470.1	3917	3680.15	0	0
XM_022814471.1	3835	3598.15	0	0
XM_022814472.1	3978	3741.15	0	0
XM_022814473.1	3596	3359.15	0	0
XM_022814474.1	4141	3904.15	0	0
XM_022814475.1	4059	3822.15	0	0
XM_022814476.1	4054	3817.15	0	0
XM_022814477.1	3798	3561.15	0	0
XM_022814478.1	3733	3496.15	0	0
XM_022814479.1	5835	5598.15	0	0
XM_022814480.1	3974	3737.15	0	0
XM_022814481.1	3940	3703.15	0	0
XM_022814482.1	2859	2622.15	0	0
XM_022814483.1	2778	2541.15	0	0
XM_022814484.1	1042	805.148	0	0
XM_022814485.1	1708	1471.15	0	0
XM_022814486.1	1053	816.148	0	0
XM_022814487.1	1631	1394.15	0	0
XM_022814488.1	6076	5839.15	0	0
XM_022814489.1	1610	1373.15	0	0
XM_022814490.1	2296	2059.15	0	0
XM_022814491.1	2141	1904.15	0	0
XM_022814492.1	11358	11121.1	0	0
XM_022814493.1	1682	1445.15	0	0
XM_022814494.1	1653	1416.15	0	0
XM_022814495.1	10222	9985.15	0	0
XM_022814496.1	1049	812.148	0	0
XM_022814497.1	6086	5849.15	0	0
XM_022814498.1	4948	4711.15	0	0
XM_022814499.1	4819	4582.15	0	0
XM_022814500.1	4768	4531.15	0	0
XM_022814501.1	2475	2238.15	0	0
XM_022814502.1	2644	2407.15	0	0
XM_022814503.1	5118	4881.15	0	0
XM_022814504.1	4896	4659.15	0	0
XM_022814505.1	4431	4194.15	0	0
XM_022814506.1	5803	5566.15	0	0
XM_022814507.1	1228	991.148	0	0
XM_022814508.1	1200	963.148	0	0
XM_022814509.1	1017	780.148	0	0
XM_022814510.1	1089	852.148	0	0
XM_022814511.1	5326	5089.15	0	0
XM_022814512.1	4471	4234.15	0	0
XM_022814513.1	2638	2401.15	0	0
XM_022814514.1	2532	2295.15	0	0
XM_022814515.1	2506	2269.15	0	0
XM_022814516.1	1712	1475.15	0	0
XM_022814517.1	3672	3435.15	0	0
XM_022814518.1	3322	3085.15	0	0
XM_022814519.1	1914	1677.15	0	0
XM_022814520.1	5336	5099.15	0	0
XM_022814521.1	1414	1177.15	0	0
XM_022814522.1	3466	3229.15	0	0
XM_022814523.1	3519	3282.15	0	0
XM_022814524.1	5881	5644.15	0	0
XM_022814525.1	5847	5610.15	0	0
XM_022814526.1	3020	2783.15	0	0
XM_022814527.1	3005	2768.15	0	0
XM_022814528.1	4868	4631.15	0	0
XM_022814529.1	5793	5556.15	0	0
XM_022814530.1	1071	834.148	0	0
XM_022814531.1	1194	957.148	0	0
XM_022814532.1	711	476.425	0	0
XM_022814533.1	3737	3500.15	0	0
XM_022814534.1	4489	4252.15	0	0
XM_022814535.1	4563	4326.15	0	0
XM_022814536.1	5840	5603.15	0	0
XM_022814537.1	7346	7109.15	0	0
XM_022814538.1	7340	7103.15	0	0
XM_022814539.1	7193	6956.15	0	0
XM_022814540.1	5197	4960.15	0	0
XM_022814541.1	4524	4287.15	0	0
XM_022814542.1	4443	4206.15	0	0
XM_022814543.1	5358	5121.15	0	0
XM_022814544.1	4047	3810.15	0	0
XM_022814545.1	4220	3983.15	0	0
XM_022814546.1	3722	3485.15	0	0
XM_022814547.1	3984	3747.15	0	0
XM_022814548.1	3940	3703.15	0	0
XM_022814549.1	3601	3364.15	0	0
XM_022814550.1	3523	3286.15	0	0
XM_022814551.1	2244	2007.15	0	0
XM_022814552.1	2283	2046.15	0	0
XM_022814553.1	2228	1991.15	0	0
XM_022814554.1	2111	1874.15	0	0
XM_022814555.1	2613	2376.15	0	0
XM_022814556.1	2773	2536.15	0	0
XM_022814557.1	2777	2540.15	0	0
XM_022814558.1	2768	2531.15	0	0
XM_022814559.1	3210	2973.15	0	0
XM_022814560.1	2765	2528.15	0	0
XM_022814561.1	2690	2453.15	0	0
XM_022814562.1	2694	2457.15	0	0
XM_022814563.1	2542	2305.15	0	0
XM_022814564.1	781	545.553	0	0
XM_022814565.1	2939	2702.15	0	0
XM_022814566.1	2630	2393.15	0	0
XM_022814567.1	2584	2347.15	0	0
XM_022814568.1	2686	2449.15	0	0
XM_022814569.1	2131	1894.15	0	0
XM_022814570.1	2854	2617.15	0	0
XM_022814571.1	2768	2531.15	0	0
XM_022814572.1	1820	1583.15	0	0
XM_022814573.1	11546	11309.1	0	0
XM_022814574.1	880	643.851	0	0
XM_022814575.1	8121	7884.15	0	0
XM_022814576.1	8025	7788.15	0	0
XM_022814577.1	2977	2740.15	0	0
XM_022814578.1	1902	1665.15	0	0
XM_022814579.1	4789	4552.15	0	0
XM_022814580.1	4720	4483.15	0	0
XM_022814581.1	4594	4357.15	0	0
XM_022814582.1	4374	4137.15	0	0
XM_022814583.1	3112	2875.15	0	0
XM_022814584.1	3183	2946.15	0	0
XM_022814585.1	3059	2822.15	0	0
XM_022814586.1	2803	2566.15	0	0
XM_022814587.1	3125	2888.15	0	0
XM_022814588.1	2907	2670.15	0	0
XM_022814589.1	2908	2671.15	0	0
XM_022814590.1	2599	2362.15	0	0
XM_022814591.1	1185	948.148	0	0
XM_022814592.1	2202	1965.15	0	0
XM_022814593.1	2168	1931.15	0	0
XM_022814594.1	2788	2551.15	0	0
XM_022814595.1	2216	1979.15	0	0
XM_022814596.1	2013	1776.15	0	0
XM_022814597.1	8113	7876.15	0	0
XM_022814598.1	8119	7882.15	0	0
XM_022814599.1	7061	6824.15	0	0
XM_022814600.1	7044	6807.15	0	0
XM_022814601.1	1956	1719.15	0	0
XM_022814602.1	1432	1195.15	0	0
XM_022814603.1	1496	1259.15	0	0
XM_022814604.1	7611	7374.15	0	0
XM_022814605.1	7183	6946.15	0	0
XM_022814606.1	7121	6884.15	0	0
XM_022814607.1	1049	812.148	0	0
XM_022814608.1	6606	6369.15	0	0
XM_022814609.1	6227	5990.15	0	0
XM_022814610.1	769	533.607	0	0
XM_022814611.1	868	631.915	0	0
XM_022814612.1	910	673.72	0	0
XM_022814613.1	4677	4440.15	0	0
XM_022814614.1	2896	2659.15	0	0
XM_022814615.1	2298	2061.15	0	0
XM_022814616.1	1759	1522.15	0	0
XM_022814617.1	1691	1454.15	0	0
XM_022814618.1	1533	1296.15	0	0
XM_022814619.1	817	581.162	0	0
XM_022814620.1	1545	1308.15	0	0
XM_022814621.1	6962	6725.15	0	0
XM_022814622.1	5257	5020.15	0	0
XM_022814623.1	8395	8158.15	0	0
XM_022814624.1	11178	10941.1	0	0
XM_022814625.1	6889	6652.15	0	0
XM_022814626.1	8691	8454.15	0	0
XM_022814627.1	6594	6357.15	0	0
XM_022814628.1	6635	6398.15	0	0
XM_022814629.1	6500	6263.15	0	0
XM_022814630.1	6449	6212.15	0	0
XM_022814631.1	2716	2479.15	0	0
XM_022814632.1	1813	1576.15	0	0
XM_022814633.1	4330	4093.15	0	0
XM_022814634.1	1902	1665.15	0	0
XM_022814635.1	1227	990.148	0	0
XM_022814636.1	1239	1002.15	0	0
XM_022814637.1	1151	914.148	0	0
XM_022814638.1	5368	5131.15	0	0
XM_022814639.1	5945	5708.15	0	0
XM_022814640.1	1334	1097.15	0	0
XM_022814641.1	4299	4062.15	0	0
XM_022814642.1	1554	1317.15	0	0
XM_022814643.1	2310	2073.15	0	0
XM_022814644.1	9310	9073.15	0	0
XM_022814645.1	6495	6258.15	0	0
XM_022814646.1	7915	7678.15	0	0
XM_022814647.1	6346	6109.15	0	0
XM_022814648.1	6210	5973.15	0	0
XM_022814649.1	2346	2109.15	0	0
XM_022814650.1	4365	4128.15	0	0
XM_022814651.1	2137	1900.15	0	0
XM_022814652.1	2094	1857.15	0	0
XM_022814653.1	1220	983.148	0	0
XM_022814654.1	1231	994.148	0	0
XM_022814655.1	10800	10563.1	0	0
XM_022814656.1	2044	1807.15	0	0
XM_022814657.1	1356	1119.15	0	0
XM_022814658.1	3739	3502.15	0	0
XM_022814659.1	3777	3540.15	0	0
XM_022814660.1	3967	3730.15	0	0
XM_022814661.1	3728	3491.15	0	0
XM_022814662.1	3654	3417.15	0	0
XM_022814663.1	3613	3376.15	0	0
XM_022814664.1	1006	769.148	0	0
XM_022814665.1	2650	2413.15	0	0
XM_022814666.1	2937	2700.15	0	0
XM_022814667.1	2924	2687.15	0	0
XM_022814668.1	2935	2698.15	0	0
XM_022814669.1	2876	2639.15	0	0
XM_022814670.1	2940	2703.15	0	0
XM_022814671.1	2927	2690.15	0	0
XM_022814672.1	1726	1489.15	0	0
XM_022814673.1	1287	1050.15	0	0
XM_022814674.1	2637	2400.15	0	0
XM_022814675.1	1279	1042.15	0	0
XM_022814676.1	1270	1033.15	0	0
XM_022814677.1	1039	802.148	0	0
XM_022814678.1	1697	1460.15	0	0
XM_022814679.1	1712	1475.15	0	0
XM_022814680.1	1684	1447.15	0	0
XM_022814681.1	5000	4763.15	0	0
XM_022814682.1	6901	6664.15	0	0
XM_022814683.1	6978	6741.15	0	0
XM_022814684.1	5064	4827.15	0	0
XM_022814685.1	4757	4520.15	0	0
XM_022814686.1	9330	9093.15	0	0
XM_022814687.1	1757	1520.15	0	0
XM_022814688.1	1981	1744.15	0	0
XM_022814689.1	1192	955.148	0	0
XM_022814690.1	2627	2390.15	0	0
XM_022814691.1	2490	2253.15	0	0
XM_022814692.1	2321	2084.15	0	0
XM_022814693.1	5913	5676.15	0	0
XM_022814694.1	5886	5649.15	0	0
XM_022814695.1	4990	4753.15	0	0
XM_022814696.1	6411	6174.15	0	0
XM_022814697.1	1533	1296.15	0	0
XM_022814698.1	5701	5464.15	0	0
XM_022814699.1	4668	4431.15	0	0
XM_022814700.1	5379	5142.15	0	0
XM_022814701.1	4641	4404.15	0	0
XM_022814702.1	9169	8932.15	0	0
XM_022814703.1	511	286.393	0	0
XM_022814704.1	8174	7937.15	0	0
XM_022814705.1	1500	1263.15	0	0
XM_022814706.1	1330	1093.15	0	0
XM_022814707.1	1814	1577.15	0	0
XM_022814708.1	1828	1591.15	0	0
XM_022814709.1	3501	3264.15	0	0
XM_022814710.1	3652	3415.15	0	0
XM_022814711.1	1262	1025.15	0	0
XM_022814712.1	6438	6201.15	0	0
XM_022814713.1	3839	3602.15	0	0
XM_022814714.1	6862	6625.15	0	0
XM_022814715.1	5733	5496.15	0	0
XM_022814716.1	4173	3936.15	0	0
XM_022814717.1	3703	3466.15	0	0
XM_022814718.1	6579	6342.15	0	0
XM_022814719.1	3596	3359.15	0	0
XM_022814720.1	3519	3282.15	0	0
XM_022814721.1	971	734.297	0	0
XM_022814722.1	529	302.575	0	0
XM_022814723.1	6283	6046.15	0	0
XM_022814724.1	6621	6384.15	0	0
XM_022814725.1	5395	5158.15	0	0
XM_022814726.1	5390	5153.15	0	0
XM_022814727.1	5278	5041.15	0	0
XM_022814728.1	3048	2811.15	0	0
XM_022814729.1	5375	5138.15	0	0
XM_022814730.1	1746	1509.15	0	0
XM_022814731.1	1438	1201.15	0	0
XM_022814732.1	1562	1325.15	0	0
XM_022814733.1	1361	1124.15	0	0
XM_022814734.1	2311	2074.15	0	0
XM_022814735.1	1870	1633.15	0	0
XM_022814736.1	2970	2733.15	0	0
XM_022814737.1	6609	6372.15	0	0
XM_022814738.1	3482	3245.15	0	0
XM_022814739.1	4290	4053.15	0	0
XM_022814740.1	3004	2767.15	1	0.0659955
XM_022814741.1	3474	3237.15	0	0
XM_022814742.1	2169	1932.15	0	0
XM_022814743.1	2688	2451.15	0	0
XM_022814744.1	6297	6060.15	0	0
XM_022814745.1	5507	5270.15	0	0
XM_022814746.1	5614	5377.15	0	0
XM_022814747.1	6185	5948.15	0	0
XM_022814748.1	5424	5187.15	0	0
XM_022814749.1	7826	7589.15	0	0
XM_022814750.1	3721	3484.15	0	0
XM_022814751.1	4466	4229.15	0	0
XM_022814752.1	2061	1824.15	0	0
XM_022814753.1	2230	1993.15	0	0
XM_022814754.1	2020	1783.15	0	0
XM_022814755.1	1116	879.148	0	0
XM_022814756.1	2583	2346.15	0	0
XM_022814757.1	2404	2167.15	0	0
XM_022814758.1	2330	2093.15	0	0
XM_022814759.1	5329	5092.15	0	0
XM_022814760.1	1062	825.148	0	0
XM_022814761.1	1077	840.148	0	0
XM_022814762.1	1987	1750.15	0	0
XM_022814763.1	1028	791.148	0	0
XM_022814764.1	2590	2353.15	0	0
XM_022814765.1	1842	1605.15	0	0
XM_022814766.1	1869	1632.15	0	0
XM_022814767.1	1735	1498.15	0	0
XM_022814768.1	1743	1506.15	0	0
XM_022814769.1	2712	2475.15	0	0
XM_022814770.1	2469	2232.15	0	0
XM_022814771.1	445	230.608	0	0
XM_022814772.1	2211	1974.15	0	0
XM_022814773.1	3590	3353.15	0	0
XM_022814774.1	1264	1027.15	0	0
XM_022814775.1	3504	3267.15	0	0
XM_022814776.1	1920	1683.15	0	0
XM_022814777.1	2511	2274.15	0	0
XM_022814778.1	3500	3263.15	0	0
XM_022814779.1	1762	1525.15	0	0
XM_022814780.1	3275	3038.15	0	0
XM_022814781.1	9552	9315.15	0	0
XM_022814782.1	9340	9103.15	0	0
XM_022814783.1	9531	9294.15	0	0
XM_022814784.1	3683	3446.15	0	0
XM_022814785.1	8540	8303.15	0	0
XM_022814786.1	8532	8295.15	0	0
XM_022814787.1	8511	8274.15	0	0
XM_022814788.1	9387	9150.15	0	0
XM_022814789.1	2637	2400.15	0	0
XM_022814790.1	8397	8160.15	0	0
XM_022814791.1	1470	1233.15	0	0
XM_022814792.1	1467	1230.15	0	0
XM_022814793.1	1403	1166.15	0	0
XM_022814794.1	1382	1145.15	0	0
XM_022814795.1	2420	2183.15	0	0
XM_022814796.1	687	452.796	0	0
XM_022814797.1	4802	4565.15	0	0
XM_022814798.1	1694	1457.15	0	0
XM_022814799.1	4373	4136.15	0	0
XM_022814800.1	6337	6100.15	0	0
XM_022814801.1	6331	6094.15	0	0
XM_022814802.1	6259	6022.15	0	0
XM_022814803.1	5161	4924.15	0	0
XM_022814804.1	4035	3798.15	0	0
XM_022814805.1	1705	1468.15	0	0
XM_022814806.1	7262	7025.15	0	0
XM_022814807.1	6973	6736.15	0	0
XM_022814808.1	6031	5794.15	0	0
XM_022814809.1	8573	8336.15	0	0
XM_022814810.1	7031	6794.15	0	0
XM_022814811.1	9423	9186.15	0	0
XM_022814812.1	4265	4028.15	0	0
XM_022814813.1	4194	3957.15	0	0
XM_022814814.1	4259	4022.15	0	0
XM_022814815.1	3669	3432.15	0	0
XM_022814816.1	649	415.804	0	0
XM_022814817.1	1881	1644.15	0	0
XM_022814818.1	4775	4538.15	0	0
XM_022814819.1	4652	4415.15	0	0
XM_022814820.1	4449	4212.15	0	0
XM_022814821.1	877	640.915	0	0
XM_022814822.1	1085	848.148	0	0
XM_022814823.1	1264	1027.15	0	0
XM_022814824.1	1020	783.148	0	0
XM_022814825.1	647	413.845	0	0
XM_022814826.1	2066	1829.15	0	0
XM_022814827.1	468	249.142	0	0
XM_022814828.1	1476	1239.15	0	0
XM_022814829.1	1321	1084.15	0	0
XM_022814830.1	1300	1063.15	0	0
XM_022814831.1	915	678.72	0	0
XM_022814832.1	668	434.375	0	0
XM_022814833.1	7366	7129.15	0	0
XM_022814834.1	5604	5367.15	0	0
XM_022814835.1	4586	4349.15	0	0
XM_022814836.1	1179	942.148	0	0
XM_022814837.1	1195	958.148	0	0
XM_022814838.1	1096	859.148	0	0
XM_022814839.1	1063	826.148	0	0
XM_022814840.1	1023	786.148	0	0
XM_022814841.1	652	418.762	0	0
XM_022814842.1	1860	1623.15	0	0
XM_022814843.1	2073	1836.15	0	0
XM_022814844.1	3189	2952.15	0	0
XM_022814845.1	2016	1779.15	0	0
XM_022814846.1	569	339.347	0	0
XM_022814847.1	3651	3414.15	0	0
XM_022814848.1	639	406.134	0	0
XM_022814849.1	7464	7227.15	0	0
XM_022814850.1	7689	7452.15	0	0
XM_022814851.1	2939	2702.15	0	0
XM_022814852.1	687	452.796	0	0
XM_022814853.1	4625	4388.15	0	0
XM_022814854.1	4544	4307.15	0	0
XM_022814855.1	3575	3338.15	0	0
XM_022814856.1	3555	3318.15	0	0
XM_022814857.1	1338	1101.15	0	0
XM_022814858.1	6163	5926.15	0	0
XM_022814859.1	2006	1769.15	0	0
XM_022814860.1	2381	2144.15	0	0
XM_022814861.1	625	392.496	0	0
XM_022814862.1	456	239.474	0	0
XM_022814863.1	5324	5087.15	0	0
XM_022814864.1	665	431.505	0	0
XM_022814865.1	1328	1091.15	0	0
XM_022814866.1	690	455.704	0	0
XM_022814867.1	1142	905.148	0	0
XM_022814868.1	2543	2306.15	0	0
XM_022814869.1	40453	40216.1	0	0
XM_022814870.1	39972	39735.1	0	0
XM_022814871.1	34039	33802.1	0	0
XM_022814872.1	30745	30508.1	0	0
XM_022814873.1	23555	23318.1	0	0
XM_022814874.1	23401	23164.1	0	0
XM_022814875.1	23552	23315.1	0	0
XM_022814876.1	23462	23225.1	0	0
XM_022814877.1	23420	23183.1	0	0
XM_022814878.1	23417	23180.1	0	0
XM_022814879.1	23402	23165.1	0	0
XM_022814880.1	23140	22903.1	0	0
XM_022814881.1	23063	22826.1	0	0
XM_022814882.1	1899	1662.15	0	0
XM_022814883.1	21710	21473.1	0	0
XM_022814884.1	7719	7482.15	0	0
XM_022814885.1	8613	8376.15	0	0
XM_022814886.1	8300	8063.15	0	0
XM_022814887.1	6991	6754.15	0	0
XM_022814888.1	6702	6465.15	0	0
XM_022814889.1	4905	4668.15	0	0
XM_022814890.1	4437	4200.15	0	0
XM_022814891.1	1888	1651.15	0	0
XM_022814892.1	1255	1018.15	0	0
XM_022814893.1	3935	3698.15	0	0
XM_022814894.1	1612	1375.15	0	0
XM_022814895.1	6294	6057.15	0	0
XM_022814896.1	1347	1110.15	0	0
XM_022814897.1	1338	1101.15	0	0
XM_022814898.1	1272	1035.15	0	0
XM_022814899.1	1761	1524.15	0	0
XM_022814900.1	4872	4635.15	0	0
XM_022814901.1	4791	4554.15	0	0
XM_022814902.1	4796	4559.15	0	0
XM_022814903.1	4500	4263.15	0	0
XM_022814904.1	4292	4055.15	0	0
XM_022814905.1	4396	4159.15	0	0
XM_022814906.1	7029	6792.15	0	0
XM_022814907.1	6975	6738.15	0	0
XM_022814908.1	2091	1854.15	0	0
XM_022814909.1	3392	3155.15	0	0
XM_022814910.1	3364	3127.15	0	0
XM_022814911.1	7091	6854.15	1.07338e-05	2.85988e-07
XM_022814912.1	2859	2622.15	0	0
XM_022814913.1	1197	960.148	0	0
XM_022814914.1	5084	4847.15	0	0
XM_022814915.1	3013	2776.15	0	0
XM_022814916.1	7012	6775.15	0.999989	0.026954
XM_022814917.1	2523	2286.15	0	0
XM_022814918.1	2619	2382.15	0	0
XM_022814919.1	799	563.277	0	0
XM_022814920.1	5513	5276.15	0	0
XM_022814921.1	7362	7125.15	0	0
XM_022814922.1	1115	878.148	0	0
XM_022814923.1	899	662.72	0	0
XM_022814924.1	3433	3196.15	0	0
XM_022814925.1	4704	4467.15	0	0
XM_022814926.1	2864	2627.15	0	0
XM_022814927.1	7552	7315.15	0	0
XM_022814928.1	2919	2682.15	0	0
XM_022814929.1	3411	3174.15	0	0
XM_022814930.1	2824	2587.15	0	0
XM_022814931.1	2817	2580.15	0	0
XM_022814932.1	2797	2560.15	0	0
XM_022814933.1	2345	2108.15	0	0
XM_022814934.1	2217	1980.15	0	0
XM_022814935.1	2118	1881.15	0	0
XM_022814936.1	2108	1871.15	0	0
XM_022814937.1	2002	1765.15	0	0
XM_022814938.1	6570	6333.15	0	0
XM_022814939.1	7270	7033.15	0	0
XM_022814940.1	2826	2589.15	0	0
XM_022814941.1	1981	1744.15	0	0
XM_022814942.1	2259	2022.15	0	0
XM_022814943.1	2074	1837.15	0	0
XM_022814944.1	3866	3629.15	0	0
XM_022814945.1	1877	1640.15	0	0
XM_022814946.1	4060	3823.15	0	0
XM_022814947.1	3497	3260.15	0	0
XM_022814948.1	2236	1999.15	0	0
XM_022814949.1	7161	6924.15	0	0
XM_022814950.1	1816	1579.15	0	0
XM_022814951.1	2652	2415.15	0	0
XM_022814952.1	2081	1844.15	0	0
XM_022814953.1	2035	1798.15	0	0
XM_022814954.1	2673	2436.15	0	0
XM_022814955.1	2506	2269.15	0	0
XM_022814956.1	2245	2008.15	0	0
XM_022814957.1	697	462.612	0	0
XM_022814958.1	5641	5404.15	0	0
XM_022814959.1	685	450.886	0	0
XM_022814960.1	3207	2970.15	0	0
XM_022814961.1	2818	2581.15	0	0
XM_022814962.1	3051	2814.15	0	0
XM_022814963.1	2848	2611.15	0	0
XM_022814964.1	4131	3894.15	0	0
XM_022814965.1	4691	4454.15	0	0
XM_022814966.1	1811	1574.15	0	0
XM_022814967.1	4713	4476.15	0	0
XM_022814968.1	7236	6999.15	0	0
XM_022814969.1	7170	6933.15	0	0
XM_022814970.1	7151	6914.15	0	0
XM_022814971.1	7151	6914.15	0	0
XM_022814972.1	3299	3062.15	0	0
XM_022814973.1	7155	6918.15	0	0
XM_022814974.1	7062	6825.15	0	0
XM_022814975.1	7070	6833.15	0	0
XM_022814976.1	7069	6832.15	0	0
XM_022814977.1	6975	6738.15	0	0
XM_022814978.1	6979	6742.15	0	0
XM_022814979.1	6890	6653.15	0	0
XM_022814980.1	6892	6655.15	0	0
XM_022814981.1	4375	4138.15	0	0
XM_022814982.1	4546	4309.15	1	0.0423794
XM_022814983.1	2826	2589.15	0	0
XM_022814984.1	1956	1719.15	0	0
XM_022814985.1	1944	1707.15	0	0
XM_022814986.1	1493	1256.15	0	0
XM_022814987.1	1481	1244.15	0	0
XM_022814988.1	1787	1550.15	0	0
XM_022814989.1	936	699.582	0	0
XM_022814990.1	2185	1948.15	0	0
XM_022814991.1	450	234.736	0	0
XM_022814992.1	1920	1683.15	0	0
XM_022814993.1	4264	4027.15	0	0
XM_022814994.1	1201	964.148	0	0
XM_022814995.1	1995	1758.15	0	0
XM_022814996.1	2029	1792.15	0	0
XM_022814997.1	2577	2340.15	0	0
XM_022814998.1	411	203.419	0	0
XM_022814999.1	1317	1080.15	0	0
XM_022815000.1	4242	4005.15	0	0
XM_022815001.1	384	182.393	0	0
XM_022815002.1	2865	2628.15	0	0
XM_022815003.1	842	606.102	0	0
XM_022815004.1	488	266.52	0	0
XM_022815005.1	6060	5823.15	0	0
XM_022815006.1	4238	4001.15	0	0
XM_022815007.1	2021	1784.15	0	0
XM_022815008.1	6486	6249.15	0	0
XM_022815009.1	938	701.582	0	0
XM_022815010.1	943	706.512	0	0
XM_022815011.1	947	710.441	0	0
XM_022815012.1	892	655.786	0	0
XM_022815013.1	2401	2164.15	0	0
XM_022815014.1	1535	1298.15	0	0
XM_022815015.1	4123	3886.15	0	0
XM_022815016.1	1544	1307.15	0	0
XM_022815017.1	2330	2093.15	0	0
XM_022815018.1	1708	1471.15	0	0
XM_022815019.1	651	417.762	0	0
XM_022815020.1	6169	5932.15	0	0
XM_022815021.1	605	373.341	0	0
XM_022815022.1	615	382.808	0	0
XM_022815023.1	533	306.107	0	0
XM_022815024.1	669	435.331	0	0
XM_022815025.1	1087	850.148	0	0
XM_022815026.1	1041	804.148	0	0
XM_022815027.1	1315	1078.15	0	0
XM_022815028.1	6211	5974.15	0	0
XM_022815029.1	1332	1095.15	0	0
XM_022815030.1	4300	4063.15	0	0
XM_022815031.1	3265	3028.15	0	0
XM_022815032.1	2771	2534.15	0	0
XM_022815033.1	2747	2510.15	0	0
XM_022815034.1	2940	2703.15	0	0
XM_022815035.1	4732	4495.15	0	0
XM_022815036.1	1609	1372.15	0	0
XM_022815037.1	1600	1363.15	0	0
XM_022815038.1	1564	1327.15	0	0
XM_022815039.1	3853	3616.15	0	0
XM_022815040.1	5484	5247.15	0	0
XM_022815041.1	5412	5175.15	0	0
XM_022815042.1	6137	5900.15	0	0
XM_022815043.1	7857	7620.15	0	0
XM_022815044.1	3729	3492.15	0	0
XM_022815045.1	1880	1643.15	0	0
XM_022815046.1	1818	1581.15	0	0
XM_022815047.1	2967	2730.15	0	0
XM_022815048.1	3472	3235.15	0	0
XM_022815049.1	3491	3254.15	0	0
XM_022815050.1	4924	4687.15	0	0
XM_022815051.1	19044	18807.1	7.42755e-07	7.21222e-09
XM_022815052.1	16304	16067.1	0	0
XM_022815053.1	18876	18639.1	0.0052128	5.1073e-05
XM_022815054.1	18753	18516.1	3.59008	0.0354079
XM_022815055.1	1823	1586.15	0	0
XM_022815056.1	1429	1192.15	0	0
XM_022815057.1	1236	999.148	0	0
XM_022815058.1	1341	1104.15	0	0
XM_022815059.1	2666	2429.15	0	0
XM_022815060.1	3814	3577.15	0	0
XM_022815061.1	732	497.278	0	0
XM_022815062.1	4215	3978.15	0	0
XM_022815063.1	4031	3794.15	0	0
XM_022815064.1	5821	5584.15	0	0
XM_022815065.1	3882	3645.15	0	0
XM_022815066.1	3983	3746.15	0	0
XM_022815067.1	3552	3315.15	0	0
XM_022815068.1	4028	3791.15	0	0
XM_022815069.1	3693	3456.15	0	0
XM_022815070.1	4211	3974.15	0	0
XM_022815071.1	684	449.977	0	0
XM_022815072.1	4179	3942.15	0	0
XM_022815073.1	3995	3758.15	0	0
XM_022815074.1	5786	5549.15	0	0
XM_022815075.1	3360	3123.15	0	0
XM_022815076.1	6136	5899.15	0	0
XM_022815077.1	5426	5189.15	0	0
XM_022815078.1	5410	5173.15	0	0
XM_022815079.1	4999	4762.15	0	0
XM_022815080.1	6184	5947.15	0	0
XM_022815081.1	5032	4795.15	0	0
XM_022815082.1	4936	4699.15	0	0
XM_022815083.1	2385	2148.15	0	0
XM_022815084.1	903	666.72	0	0
XM_022815085.1	4343	4106.15	0	0
XM_022815086.1	10370	10133.1	0	0
XM_022815087.1	7116	6879.15	0	0
XM_022815088.1	4995	4758.15	0	0
XM_022815089.1	4155	3918.15	0	0
XM_022815090.1	4907	4670.15	0	0
XM_022815091.1	4712	4475.15	0	0
XM_022815092.1	4183	3946.15	0	0
XM_022815093.1	4760	4523.15	0	0
XM_022815094.1	5798	5561.15	0	0
XM_022815095.1	3893	3656.15	0	0
XM_022815096.1	5687	5450.15	0	0
XM_022815097.1	5633	5396.15	0	0
XM_022815098.1	1320	1083.15	0	0
XM_022815099.1	1347	1110.15	0	0
XM_022815100.1	3310	3073.15	0	0
XM_022815101.1	1089	852.148	0	0
XM_022815102.1	4578	4341.15	0	0
XM_022815103.1	6826	6589.15	0	0
XM_022815104.1	6231	5994.15	0	0
XM_022815105.1	5428	5191.15	0	0
XM_022815106.1	1743	1506.15	0	0
XM_022815107.1	1016	779.148	0	0
XM_022815108.1	5605	5368.15	0	0
XM_022815109.1	3334	3097.15	0	0
XM_022815110.1	4123	3886.15	0	0
XM_022815111.1	4122	3885.15	0	0
XM_022815112.1	2570	2333.15	0	0
XM_022815113.1	2460	2223.15	0	0
XM_022815114.1	2357	2120.15	0	0
XM_022815115.1	2458	2221.15	1	0.0822184
XM_022815116.1	2328	2091.15	0	0
XM_022815117.1	2229	1992.15	0	0
XM_022815118.1	1771	1534.15	0	0
XM_022815119.1	1267	1030.15	0	0
XM_022815120.1	2436	2199.15	0	0
XM_022815121.1	2434	2197.15	0	0
XM_022815122.1	2105	1868.15	0	0
XM_022815123.1	2081	1844.15	0	0
XM_022815124.1	2044	1807.15	0	0
XM_022815125.1	1206	969.148	0	0
XM_022815126.1	5821	5584.15	0	0
XM_022815127.1	5818	5581.15	0	0
XM_022815128.1	5177	4940.15	0	0
XM_022815129.1	1615	1378.15	0	0
XM_022815130.1	5485	5248.15	0	0
XM_022815131.1	5186	4949.15	0	0
XM_022815132.1	4406	4169.15	0	0
XM_022815133.1	4847	4610.15	0	0
XM_022815134.1	4793	4556.15	0	0
XM_022815135.1	4765	4528.15	0	0
XM_022815136.1	4712	4475.15	0	0
XM_022815137.1	4202	3965.15	0	0
XM_022815138.1	4158	3921.15	0	0
XM_022815139.1	4150	3913.15	0	0
XM_022815140.1	4157	3920.15	0	0
XM_022815141.1	4122	3885.15	0	0
XM_022815142.1	4103	3866.15	0	0
XM_022815143.1	4071	3834.15	0	0
XM_022815144.1	1822	1585.15	0	0
XM_022815145.1	3202	2965.15	0	0
XM_022815146.1	844	608.102	0	0
XM_022815147.1	768	532.607	0	0
XM_022815148.1	2048	1811.15	0	0
XM_022815149.1	1816	1579.15	0	0
XM_022815150.1	1823	1586.15	0	0
XM_022815151.1	2318	2081.15	0	0
XM_022815152.1	1913	1676.15	0	0
XM_022815153.1	1886	1649.15	0	0
XM_022815154.1	1907	1670.15	0	0
XM_022815155.1	2312	2075.15	0	0
XM_022815156.1	1356	1119.15	0	0
XM_022815157.1	5142	4905.15	0	0
XM_022815158.1	5022	4785.15	0	0
XM_022815159.1	4922	4685.15	0	0
XM_022815160.1	1763	1526.15	0	0
XM_022815161.1	4833	4596.15	0	0
XM_022815162.1	3504	3267.15	0	0
XM_022815163.1	2050	1813.15	0	0
XM_022815164.1	3721	3484.15	0	0
XM_022815165.1	3594	3357.15	0	0
XM_022815166.1	3676	3439.15	0	0
XM_022815167.1	3879	3642.15	0	0
XM_022815168.1	2690	2453.15	0	0
XM_022815169.1	2567	2330.15	0	0
XM_022815170.1	2678	2441.15	0	0
XM_022815171.1	2645	2408.15	0	0
XM_022815172.1	2642	2405.15	0	0
XM_022815173.1	1788	1551.15	0	0
XM_022815174.1	2636	2399.15	0	0
XM_022815175.1	2627	2390.15	0	0
XM_022815176.1	2600	2363.15	0	0
XM_022815177.1	2585	2348.15	0	0
XM_022815178.1	2549	2312.15	0	0
XM_022815179.1	2574	2337.15	0	0
XM_022815180.1	2790	2553.15	0	0
XM_022815181.1	2546	2309.15	0	0
XM_022815182.1	2500	2263.15	0	0
XM_022815183.1	2516	2279.15	0	0
XM_022815184.1	1757	1520.15	0	0
XM_022815185.1	2846	2609.15	0	0
XM_022815186.1	2448	2211.15	0	0
XM_022815187.1	1965	1728.15	0	0
XM_022815188.1	2029	1792.15	0	0
XM_022815189.1	6637	6400.15	0	0
XM_022815190.1	2711	2474.15	0	0
XM_022815191.1	2391	2154.15	0	0
XM_022815192.1	2369	2132.15	0	0
XM_022815193.1	6369	6132.15	0	0
XM_022815194.1	1660	1423.15	0	0
XM_022815195.1	2081	1844.15	0	0
XM_022815196.1	1802	1565.15	0	0
XM_022815197.1	4707	4470.15	0	0
XM_022815198.1	4710	4473.15	0	0
XM_022815199.1	782	546.498	0	0
XM_022815200.1	7902	7665.15	0	0
XM_022815201.1	1611	1374.15	0	0
XM_022815202.1	1792	1555.15	0	0
XM_022815203.1	1674	1437.15	0	0
XM_022815204.1	1857	1620.15	0	0
XM_022815205.1	1716	1479.15	0	0
XM_022815206.1	1644	1407.15	0	0
XM_022815207.1	1690	1453.15	0	0
XM_022815208.1	1532	1295.15	0	0
XM_022815209.1	1465	1228.15	0	0
XM_022815210.1	1446	1209.15	0	0
XM_022815211.1	1653	1416.15	0	0
XM_022815212.1	1412	1175.15	0	0
XM_022815213.1	1195	958.148	0	0
XM_022815214.1	1729	1492.15	0	0
XM_022815215.1	4303	4066.15	0	0
XM_022815216.1	3908	3671.15	0	0
XM_022815217.1	4466	4229.15	0	0
XM_022815218.1	6029	5792.15	0	0
XM_022815219.1	4354	4117.15	0	0
XM_022815220.1	1905	1668.15	0	0
XM_022815221.1	3655	3418.15	0	0
XM_022815222.1	3065	2828.15	0	0
XM_022815223.1	1931	1694.15	0	0
XM_022815224.1	2550	2313.15	0	0
XM_022815225.1	5055	4818.15	0	0
XM_022815226.1	5049	4812.15	0	0
XM_022815227.1	1034	797.148	0	0
XM_022815228.1	1436	1199.15	0	0
XM_022815229.1	3961	3724.15	0	0
XM_022815230.1	3704	3467.15	0	0
XM_022815231.1	4874	4637.15	0	0
XM_022815232.1	3870	3633.15	0	0
XM_022815233.1	3634	3397.15	0	0
XM_022815234.1	784	548.388	0	0
XM_022815235.1	767	531.607	0	0
XM_022815236.1	7004	6767.15	0	0
XM_022815237.1	5516	5279.15	0	0
XM_022815238.1	6980	6743.15	0	0
XM_022815239.1	5955	5718.15	0	0
XM_022815240.1	5449	5212.15	0	0
XM_022815241.1	4436	4199.15	0	0
XM_022815242.1	5226	4989.15	0	0
XM_022815243.1	5076	4839.15	0	0
XM_022815244.1	780	544.553	0	0
XM_022815245.1	2002	1765.15	0	0
XM_022815246.1	2172	1935.15	0	0
XM_022815247.1	3665	3428.15	0	0
XM_022815248.1	1893	1656.15	0	0
XM_022815249.1	2116	1879.15	0	0
XM_022815250.1	1886	1649.15	0	0
XM_022815251.1	2001	1764.15	0	0
XM_022815252.1	1904	1667.15	0	0
XM_022815253.1	2770	2533.15	0	0
XM_022815254.1	2813	2576.15	0	0
XM_022815255.1	2600	2363.15	0	0
XM_022815256.1	3424	3187.15	0	0
XM_022815257.1	4002	3765.15	0	0
XM_022815258.1	3322	3085.15	0	0
XM_022815259.1	6026	5789.15	0	0
XM_022815260.1	6008	5771.15	0	0
XM_022815261.1	7004	6767.15	0	0
XM_022815262.1	6471	6234.15	0	0
XM_022815263.1	8574	8337.15	0	0
XM_022815264.1	1878	1641.15	0	0
XM_022815265.1	2010	1773.15	0	0
XM_022815266.1	1880	1643.15	0	0
XM_022815267.1	1843	1606.15	0	0
XM_022815268.1	1383	1146.15	0	0
XM_022815269.1	1758	1521.15	0	0
XM_022815270.1	5593	5356.15	0	0
XM_022815271.1	5487	5250.15	0	0
XM_022815272.1	8181	7944.15	0	0
XM_022815273.1	5000	4763.15	0	0
XM_022815274.1	3498	3261.15	0	0
XM_022815275.1	2815	2578.15	0	0
XM_022815276.1	6288	6051.15	0	0
XM_022815277.1	2899	2662.15	0	0
XM_022815278.1	1455	1218.15	0	0
XM_022815279.1	2943	2706.15	0	0
XM_022815280.1	2663	2426.15	0	0
XM_022815281.1	8463	8226.15	0	0
XM_022815282.1	2922	2685.15	0	0
XM_022815283.1	2792	2555.15	0	0
XM_022815284.1	2616	2379.15	0	0
XM_022815285.1	2612	2375.15	0	0
XM_022815286.1	2511	2274.15	0	0
XM_022815287.1	2600	2363.15	0	0
XM_022815288.1	2203	1966.15	0	0
XM_022815289.1	4221	3984.15	0	0
XM_022815290.1	8405	8168.15	0	0
XM_022815291.1	8350	8113.15	0	0
XM_022815292.1	6007	5770.15	0	0
XM_022815293.1	6005	5768.15	0	0
XM_022815294.1	5863	5626.15	0	0
XM_022815295.1	11426	11189.1	0	0
XM_022815296.1	11216	10979.1	0	0
XM_022815297.1	14980	14743.1	0	0
XM_022815298.1	11023	10786.1	0	0
XM_022815299.1	1577	1340.15	0	0
XM_022815300.1	7555	7318.15	0	0
XM_022815301.1	2216	1979.15	0	0
XM_022815302.1	2577	2340.15	0	0
XM_022815303.1	2043	1806.15	0	0
XM_022815304.1	1724	1487.15	0	0
XM_022815305.1	2180	1943.15	0	0
XM_022815306.1	2177	1940.15	0	0
XM_022815307.1	2089	1852.15	0	0
XM_022815308.1	2134	1897.15	0	0
XM_022815309.1	6706	6469.15	0	0
XM_022815310.1	2086	1849.15	0	0
XM_022815311.1	2011	1774.15	0	0
XM_022815312.1	1304	1067.15	0	0
XM_022815313.1	3062	2825.15	0	0
XM_022815314.1	2967	2730.15	0	0
XM_022815315.1	2919	2682.15	0	0
XM_022815316.1	1616	1379.15	0	0
XM_022815317.1	4039	3802.15	0	0
XM_022815318.1	3237	3000.15	0	0
XM_022815319.1	6865	6628.15	0	0
XM_022815320.1	3958	3721.15	0	0
XM_022815321.1	6797	6560.15	0	0
XM_022815322.1	581	350.681	0	0
XM_022815323.1	2555	2318.15	0	0
XM_022815324.1	2576	2339.15	0	0
XM_022815325.1	3168	2931.15	0	0
XM_022815326.1	6770	6533.15	0	0
XM_022815327.1	3653	3416.15	0	0
XM_022815328.1	2382	2145.15	0	0
XM_022815329.1	3327	3090.15	0	0
XM_022815330.1	6550	6313.15	0	0
XM_022815331.1	6737	6500.15	0	0
XM_022815332.1	3768	3531.15	0	0
XM_022815333.1	4462	4225.15	0	0
XM_022815334.1	2472	2235.15	0	0
XM_022815335.1	5571	5334.15	0	0
XM_022815336.1	6160	5923.15	0	0
XM_022815337.1	6330	6093.15	0	0
XM_022815338.1	6020	5783.15	0	0
XM_022815339.1	7461	7224.15	0	0
XM_022815340.1	7254	7017.15	0	0
XM_022815341.1	6770	6533.15	0	0
XM_022815342.1	1349	1112.15	0	0
XM_022815343.1	1429	1192.15	0	0
XM_022815344.1	1767	1530.15	0	0
XM_022815345.1	1771	1534.15	0	0
XM_022815346.1	1118	881.148	0	0
XM_022815347.1	951	714.441	0	0
XM_022815348.1	1382	1145.15	0	0
XM_022815349.1	4917	4680.15	0	0
XM_022815350.1	6770	6533.15	0	0
XM_022815351.1	2017	1780.15	0	0
XM_022815352.1	2011	1774.15	0	0
XM_022815353.1	1820	1583.15	0	0
XM_022815354.1	1533	1296.15	0	0
XM_022815355.1	944	707.441	0	0
XM_022815356.1	3946	3709.15	0	0
XM_022815357.1	6817	6580.15	0	0
XM_022815358.1	3829	3592.15	0	0
XM_022815359.1	3671	3434.15	0	0
XM_022815360.1	4474	4237.15	0	0
XM_022815361.1	3520	3283.15	0	0
XM_022815362.1	9612	9375.15	0	0
XM_022815363.1	5640	5403.15	0	0
XM_022815364.1	3874	3637.15	0	0
XM_022815365.1	3583	3346.15	0	0
XM_022815366.1	2231	1994.15	0	0
XM_022815367.1	2268	2031.15	0	0
XM_022815368.1	1684	1447.15	0	0
XM_022815369.1	1786	1549.15	0	0
XM_022815370.1	1210	973.148	0	0
XM_022815371.1	3672	3435.15	0	0
XM_022815372.1	3426	3189.15	0	0
XM_022815373.1	2492	2255.15	0	0
XM_022815374.1	1913	1676.15	0.53061	0.0578109
XM_022815375.1	3266	3029.15	0	0
XM_022815376.1	1532	1295.15	0	0
XM_022815377.1	4784	4547.15	0	0
XM_022815378.1	6557	6320.15	0	0
XM_022815379.1	5948	5711.15	0	0
XM_022815380.1	6119	5882.15	0	0
XM_022815381.1	5805	5568.15	0	0
XM_022815382.1	955	718.37	0	0
XM_022815383.1	5947	5710.15	0	0
XM_022815384.1	4407	4170.15	0	0
XM_022815385.1	4329	4092.15	0	0
XM_022815386.1	4270	4033.15	0	0
XM_022815387.1	3364	3127.15	0	0
XM_022815388.1	3292	3055.15	0	0
XM_022815389.1	6650	6413.15	0	0
XM_022815390.1	1901	1664.15	0	0
XM_022815391.1	4346	4109.15	0	0
XM_022815392.1	3173	2936.15	0	0
XM_022815393.1	5163	4926.15	0	0
XM_022815394.1	4296	4059.15	0	0
XM_022815395.1	4547	4310.15	0	0
XM_022815396.1	3426	3189.15	0	0
XM_022815397.1	3378	3141.15	0	0
XM_022815398.1	3993	3756.15	0	0
XM_022815399.1	5677	5440.15	2	0.0671376
XM_022815400.1	5242	5005.15	0	0
XM_022815401.1	3198	2961.15	0	0
XM_022815402.1	4933	4696.15	0	0
XM_022815403.1	3355	3118.15	0	0
XM_022815404.1	3359	3122.15	0	0
XM_022815405.1	3756	3519.15	0	0
XM_022815406.1	2093	1856.15	0	0
XM_022815407.1	1815	1578.15	0	0
XM_022815408.1	2165	1928.15	0	0
XM_022815409.1	2050	1813.15	0	0
XM_022815410.1	2892	2655.15	0	0
XM_022815411.1	2591	2354.15	0	0
XM_022815412.1	450	234.736	0	0
XM_022815413.1	2480	2243.15	0	0
XM_022815414.1	2551	2314.15	0	0
XM_022815415.1	2649	2412.15	0	0
XM_022815416.1	3043	2806.15	0	0
XM_022815417.1	2870	2633.15	0	0
XM_022815418.1	7277	7040.15	0	0
XM_022815419.1	2296	2059.15	0	0
XM_022815420.1	1797	1560.15	0	0
XM_022815421.1	1794	1557.15	0	0
XM_022815422.1	2323	2086.15	0	0
XM_022815423.1	2860	2623.15	0	0
XM_022815424.1	2922	2685.15	0	0
XM_022815425.1	2905	2668.15	0	0
XM_022815426.1	2761	2524.15	0	0
XM_022815427.1	2601	2364.15	0	0
XM_022815428.1	2698	2461.15	0	0
XM_022815429.1	2760	2523.15	0	0
XM_022815430.1	2373	2136.15	0	0
XM_022815431.1	6510	6273.15	0	0
XM_022815432.1	2251	2014.15	0	0
XM_022815433.1	2420	2183.15	0	0
XM_022815434.1	1214	977.148	0	0
XM_022815435.1	1229	992.148	0	0
XM_022815436.1	1132	895.148	0	0
XM_022815437.1	1324	1087.15	0	0
XM_022815438.1	1273	1036.15	0	0
XM_022815439.1	982	745.224	0	0
XM_022815440.1	1625	1388.15	0	0
XM_022815441.1	2580	2343.15	0	0
XM_022815442.1	2441	2204.15	0	0
XM_022815443.1	1397	1160.15	0	0
XM_022815444.1	1408	1171.15	0	0
XM_022815445.1	1223	986.148	0	0
XM_022815446.1	1305	1068.15	0	0
XM_022815447.1	1226	989.148	0	0
XM_022815448.1	2258	2021.15	0	0
XM_022815449.1	6450	6213.15	0	0
XM_022815450.1	5859	5622.15	0	0
XM_022815451.1	6375	6138.15	0	0
XM_022815452.1	6447	6210.15	0	0
XM_022815453.1	1232	995.148	0	0
XM_022815454.1	8011	7774.15	0	0
XM_022815455.1	9362	9125.15	0	0
XM_022815456.1	8118	7881.15	0	0
XM_022815457.1	4763	4526.15	0	0
XM_022815458.1	4934	4697.15	0	0
XM_022815459.1	4532	4295.15	0	0
XM_022815460.1	4561	4324.15	0	0
XM_022815461.1	4307	4070.15	0	0
XM_022815462.1	2669	2432.15	0	0
XM_022815463.1	2771	2534.15	0	0
XM_022815464.1	6292	6055.15	0	0
XM_022815465.1	6097	5860.15	0	0
XM_022815466.1	4684	4447.15	0	0
XM_022815467.1	2410	2173.15	0	0
XM_022815468.1	4206	3969.15	0	0
XM_022815469.1	3319	3082.15	0	0
XM_022815470.1	2947	2710.15	0	0
XM_022815471.1	2935	2698.15	0	0
XM_022815472.1	8545	8308.15	0	0
XM_022815473.1	8596	8359.15	0	0
XM_022815474.1	9652	9415.15	0	0
XM_022815475.1	1249	1012.15	0	0
XM_022815476.1	1199	962.148	0	0
XM_022815477.1	1443	1206.15	0	0
XM_022815478.1	1541	1304.15	0	0
XM_022815479.1	1342	1105.15	0	0
XM_022815480.1	1114	877.148	0	0
XM_022815481.1	2764	2527.15	0	0
XM_022815482.1	2402	2165.15	0	0
XM_022815483.1	1274	1037.15	0	0
XM_022815484.1	1195	958.148	0	0
XM_022815485.1	1040	803.148	0	0
XM_022815486.1	2732	2495.15	0	0
XM_022815487.1	2144	1907.15	0	0
XM_022815488.1	1521	1284.15	0	0
XM_022815489.1	3051	2814.15	0	0
XM_022815490.1	2690	2453.15	0	0
XM_022815491.1	1754	1517.15	0	0
XM_022815492.1	2676	2439.15	0	0
XM_022815493.1	2582	2345.15	0	0
XM_022815494.1	5459	5222.15	0	0
XM_022815495.1	5394	5157.15	0	0
XM_022815496.1	5363	5126.15	0	0
XM_022815497.1	4378	4141.15	0	0
XM_022815498.1	2741	2504.15	0	0
XM_022815499.1	2658	2421.15	0	0
XM_022815500.1	2747	2510.15	0	0
XM_022815501.1	2915	2678.15	0	0
XM_022815502.1	3016	2779.15	0	0
XM_022815503.1	2902	2665.15	0	0
XM_022815504.1	3107	2870.15	0	0
XM_022815505.1	4483	4246.15	0	0
XM_022815506.1	2636	2399.15	0	0
XM_022815507.1	6574	6337.15	0	0
XM_022815508.1	4189	3952.15	0	0
XM_022815509.1	2526	2289.15	0	0
XM_022815510.1	698	463.566	0	0
XM_022815511.1	3484	3247.15	0	0
XM_022815512.1	3481	3244.15	0	0
XM_022815513.1	3436	3199.15	0	0
XM_022815514.1	5336	5099.15	0	0
XM_022815515.1	5350	5113.15	0	0
XM_022815516.1	4129	3892.15	0	0
XM_022815517.1	5274	5037.15	0	0
XM_022815518.1	2807	2570.15	0	0
XM_022815519.1	2762	2525.15	0	0
XM_022815520.1	4689	4452.15	0	0
XM_022815521.1	2261	2024.15	0	0
XM_022815522.1	2514	2277.15	0	0
XM_022815523.1	2091	1854.15	0	0
XM_022815524.1	2058	1821.15	0	0
XM_022815525.1	2692	2455.15	0	0
XM_022815526.1	5575	5338.15	0	0
XM_022815527.1	5589	5352.15	0	0
XM_022815528.1	4816	4579.15	0	0
XM_022815529.1	4476	4239.15	0	0
XM_022815530.1	4445	4208.15	0	0
XM_022815531.1	4428	4191.15	0	0
XM_022815532.1	16105	15868.1	0	0
XM_022815533.1	16133	15896.1	0	0
XM_022815534.1	15909	15672.1	0	0
XM_022815535.1	14436	14199.1	0	0
XM_022815536.1	9528	9291.15	0	0
XM_022815537.1	16103	15866.1	0	0
XM_022815538.1	16100	15863.1	0	0
XM_022815539.1	16090	15853.1	0	0
XM_022815540.1	16091	15854.1	0	0
XM_022815541.1	4634	4397.15	0	0
XM_022815542.1	4551	4314.15	0	0
XM_022815543.1	4235	3998.15	0	0
XM_022815544.1	5146	4909.15	0	0
XM_022815545.1	2893	2656.15	0	0
XM_022815546.1	2271	2034.15	0	0
XM_022815547.1	2747	2510.15	0	0
XM_022815548.1	2358	2121.15	0	0
XM_022815549.1	2089	1852.15	0	0
XM_022815550.1	1829	1592.15	0	0
XM_022815551.1	2269	2032.15	0	0
XM_022815552.1	2197	1960.15	0	0
XM_022815553.1	2174	1937.15	0	0
XM_022815554.1	1945	1708.15	0	0
XM_022815555.1	573	343.139	0	0
XM_022815556.1	1260	1023.15	0	0
XM_022815557.1	517	291.827	0	0
XM_022815558.1	738	503.227	0	0
XM_022815559.1	3528	3291.15	0	0
XM_022815560.1	2009	1772.15	0	0
XM_022815561.1	1972	1735.15	0	0
XM_022815562.1	847	611.102	0	0
XM_022815563.1	1720	1483.15	0	0
XM_022815564.1	3984	3747.15	0	0
XM_022815565.1	4120	3883.15	0	0
XM_022815566.1	3753	3516.15	0	0
XM_022815567.1	1690	1453.15	0	0
XM_022815568.1	4285	4048.15	0	0
XM_022815569.1	4121	3884.15	0	0
XM_022815570.1	3464	3227.15	0	0
XM_022815571.1	3365	3128.15	0	0
XM_022815572.1	1410	1173.15	0	0
XM_022815573.1	1436	1199.15	0	0
XM_022815574.1	1350	1113.15	0	0
XM_022815575.1	3232	2995.15	0	0
XM_022815576.1	3678	3441.15	0	0
XM_022815577.1	3160	2923.15	0	0
XM_022815578.1	3494	3257.15	0	0
XM_022815579.1	3729	3492.15	0	0
XM_022815580.1	3197	2960.15	0	0
XM_022815581.1	4730	4493.15	0	0
XM_022815582.1	4705	4468.15	0	0
XM_022815583.1	3285	3048.15	0	0
XM_022815584.1	2375	2138.15	0	0
XM_022815585.1	2213	1976.15	0	0
XM_022815586.1	2109	1872.15	0	0
XM_022815587.1	2346	2109.15	0	0
XM_022815588.1	2220	1983.15	0	0
XM_022815589.1	2071	1834.15	0	0
XM_022815590.1	6405	6168.15	0	0
XM_022815591.1	3321	3084.15	0	0
XM_022815592.1	2154	1917.15	0	0
XM_022815593.1	2067	1830.15	0	0
XM_022815594.1	3934	3697.15	0	0
XM_022815595.1	3977	3740.15	0	0
XM_022815596.1	3972	3735.15	0	0
XM_022815597.1	2930	2693.15	0	0
XM_022815598.1	6715	6478.15	0	0
XM_022815599.1	6556	6319.15	5.51978	0.159518
XM_022815600.1	2667	2430.15	0	0
XM_022815601.1	2222	1985.15	0	0
XM_022815602.1	1989	1752.15	0	0
XM_022815603.1	2053	1816.15	0	0
XM_022815604.1	649	415.804	0	0
XM_022815605.1	562	332.688	0	0
XM_022815606.1	2164	1927.15	0	0
XM_022815607.1	3445	3208.15	0	0
XM_022815608.1	3059	2822.15	0	0
XM_022815609.1	1982	1745.15	0	0
XM_022815610.1	7758	7521.15	0	0
XM_022815611.1	7680	7443.15	0	0
XM_022815612.1	5811	5574.15	0	0
XM_022815613.1	5609	5372.15	0	0
XM_022815614.1	4927	4690.15	0	0
XM_022815615.1	4857	4620.15	0	0
XM_022815616.1	5142	4905.15	0	0
XM_022815617.1	4769	4532.15	0	0
XM_022815618.1	4143	3906.15	0	0
XM_022815619.1	11375	11138.1	0	0
XM_022815620.1	10947	10710.1	0	0
XM_022815621.1	4446	4209.15	0	0
XM_022815622.1	4359	4122.15	0	0
XM_022815623.1	2891	2654.15	0	0
XM_022815624.1	5359	5122.15	0	0
XM_022815625.1	2888	2651.15	0	0
XM_022815626.1	2759	2522.15	0	0
XM_022815627.1	2756	2519.15	0	0
XM_022815628.1	1820	1583.15	0	0
XM_022815629.1	1785	1548.15	0	0
XM_022815630.1	1812	1575.15	0	0
XM_022815631.1	5312	5075.15	0	0
XM_022815632.1	5320	5083.15	0	0
XM_022815633.1	5280	5043.15	0	0
XM_022815634.1	5081	4844.15	0	0
XM_022815635.1	8615	8378.15	0	0
XM_022815636.1	10151	9914.15	0	0
XM_022815637.1	8481	8244.15	0	0
XM_022815638.1	8590	8353.15	0	0
XM_022815639.1	9219	8982.15	0	0
XM_022815640.1	9256	9019.15	0	0
XM_022815641.1	9034	8797.15	0	0
XM_022815642.1	8951	8714.15	0	0
XM_022815643.1	8643	8406.15	0	0
XM_022815644.1	8038	7801.15	0	0
XM_022815645.1	1814	1577.15	0	0
XM_022815646.1	1807	1570.15	0	0
XM_022815647.1	3557	3320.15	0	0
XM_022815648.1	2913	2676.15	0	0
XM_022815649.1	2903	2666.15	0	0
XM_022815650.1	1852	1615.15	0	0
XM_022815651.1	1873	1636.15	0	0
XM_022815652.1	1731	1494.15	0	0
XM_022815653.1	1791	1554.15	0	0
XM_022815654.1	1696	1459.15	0	0
XM_022815655.1	1558	1321.15	0	0
XM_022815656.1	2728	2491.15	0	0
XM_022815657.1	1714	1477.15	0	0
XM_022815658.1	1573	1336.15	0	0
XM_022815659.1	1299	1062.15	0	0
XM_022815660.1	1677	1440.15	0	0
XM_022815661.1	1697	1460.15	0	0
XM_022815662.1	3017	2780.15	0	0
XM_022815663.1	3012	2775.15	0	0
XM_022815664.1	2851	2614.15	0	0
XM_022815665.1	2678	2441.15	0	0
XM_022815666.1	2667	2430.15	0	0
XM_022815667.1	6521	6284.15	0	0
XM_022815668.1	4139	3902.15	0	0
XM_022815669.1	4833	4596.15	0	0
XM_022815670.1	1573	1336.15	0	0
XM_022815671.1	2717	2480.15	0	0
XM_022815672.1	4754	4517.15	0	0
XM_022815673.1	3016	2779.15	0	0
XM_022815674.1	3036	2799.15	0	0
XM_022815675.1	2818	2581.15	0	0
XM_022815676.1	6646	6409.15	0	0
XM_022815677.1	6859	6622.15	0	0
XM_022815678.1	6650	6413.15	0	0
XM_022815679.1	6597	6360.15	0	0
XM_022815680.1	2713	2476.15	0	0
XM_022815681.1	4002	3765.15	0	0
XM_022815682.1	1964	1727.15	0	0
XM_022815683.1	4597	4360.15	0	0
XM_022815684.1	4006	3769.15	0	0
XM_022815685.1	3522	3285.15	0	0
XM_022815686.1	3265	3028.15	0	0
XM_022815687.1	3202	2965.15	0	0
XM_022815688.1	3989	3752.15	0	0
XM_022815689.1	4886	4649.15	0	0
XM_022815690.1	4405	4168.15	0	0
XM_022815691.1	5109	4872.15	0	0
XM_022815692.1	3125	2888.15	0	0
XM_022815693.1	5331	5094.15	0	0
XM_022815694.1	5578	5341.15	0	0
XM_022815695.1	5316	5079.15	0	0
XM_022815696.1	5280	5043.15	0	0
XM_022815697.1	5707	5470.15	0	0
XM_022815698.1	2203	1966.15	0	0
XM_022815699.1	1649	1412.15	0	0
XM_022815700.1	1794	1557.15	0	0
XM_022815701.1	6042	5805.15	0	0
XM_022815702.1	5543	5306.15	0	0
XM_022815703.1	2606	2369.15	0	0
XM_022815704.1	2341	2104.15	0	0
XM_022815705.1	2596	2359.15	0	0
XM_022815706.1	2655	2418.15	0	0
XM_022815707.1	2637	2400.15	0	0
XM_022815708.1	2618	2381.15	0	0
XM_022815709.1	784	548.388	0	0
XM_022815710.1	734	499.278	0	0
XM_022815711.1	3697	3460.15	0	0
XM_022815712.1	1485	1248.15	0	0
XM_022815713.1	430	218.421	0	0
XM_022815714.1	1376	1139.15	0	0
XM_022815715.1	1922	1685.15	0	0
XM_022815716.1	4285	4048.15	0	0
XM_022815717.1	4231	3994.15	0	0
XM_022815718.1	4522	4285.15	0	0
XM_022815719.1	3589	3352.15	0	0
XM_022815720.1	3995	3758.15	0	0
XM_022815721.1	4264	4027.15	0	0
XM_022815722.1	4039	3802.15	0	0
XM_022815723.1	4009	3772.15	0	0
XM_022815724.1	3180	2943.15	0	0
XM_022815725.1	3217	2980.15	0	0
XM_022815726.1	2462	2225.15	0	0
XM_022815727.1	4467	4230.15	0	0
XM_022815728.1	2592	2355.15	0	0
XM_022815729.1	2819	2582.15	0	0
XM_022815730.1	2369	2132.15	0	0
XM_022815731.1	2579	2342.15	0	0
XM_022815732.1	2412	2175.15	0	0
XM_022815733.1	2249	2012.15	0	0
XM_022815734.1	2276	2039.15	0	0
XM_022815735.1	6619	6382.15	0	0
XM_022815736.1	6604	6367.15	0	0
XM_022815737.1	6261	6024.15	0	0
XM_022815738.1	2492	2255.15	0	0
XM_022815739.1	2471	2234.15	0	0
XM_022815740.1	2453	2216.15	0	0
XM_022815741.1	2670	2433.15	0	0
XM_022815742.1	2195	1958.15	0	0
XM_022815743.1	16599	16362.1	0	0
XM_022815744.1	16963	16726.1	0	0
XM_022815745.1	16878	16641.1	0	0
XM_022815746.1	8792	8555.15	0	0
XM_022815747.1	11346	11109.1	0	0
XM_022815748.1	3791	3554.15	0	0
XM_022815749.1	2562	2325.15	0	0
XM_022815750.1	2552	2315.15	0	0
XM_022815751.1	4124	3887.15	0	0
XM_022815752.1	2204	1967.15	0	0
XM_022815753.1	2430	2193.15	0	0
XM_022815754.1	7344	7107.15	0	0
XM_022815755.1	7152	6915.15	0	0
XM_022815756.1	7231	6994.15	0	0
XM_022815757.1	1519	1282.15	0	0
XM_022815758.1	2666	2429.15	0	0
XM_022815759.1	2250	2013.15	0	0
XM_022815760.1	1305	1068.15	0	0
XM_022815761.1	1301	1064.15	0	0
XM_022815762.1	1112	875.148	0	0
XM_022815763.1	3635	3398.15	0	0
XM_022815764.1	3572	3335.15	0	0
XM_022815765.1	2242	2005.15	0	0
XM_022815766.1	2184	1947.15	0	0
XM_022815767.1	2233	1996.15	0	0
XM_022815768.1	3547	3310.15	0	0
XM_022815769.1	5474	5237.15	0	0
XM_022815770.1	5110	4873.15	0	0
XM_022815771.1	5434	5197.15	0	0
XM_022815772.1	2469	2232.15	0	0
XM_022815773.1	2713	2476.15	0	0
XM_022815774.1	5216	4979.15	0	0
XM_022815775.1	5091	4854.15	0	0
XM_022815776.1	5209	4972.15	0	0
XM_022815777.1	4696	4459.15	0	0
XM_022815778.1	5132	4895.15	0	0
XM_022815779.1	6512	6275.15	0	0
XM_022815780.1	1679	1442.15	0	0
XM_022815781.1	1929	1692.15	0	0
XM_022815782.1	1925	1688.15	0	0
XM_022815783.1	1670	1433.15	0	0
XM_022815784.1	2481	2244.15	1.00082	0.0814425
XM_022815785.1	1587	1350.15	0	0
XM_022815786.1	7623	7386.15	0	0
XM_022815787.1	2684	2447.15	0	0
XM_022815788.1	2498	2261.15	0	0
XM_022815789.1	2123	1886.15	0	0
XM_022815790.1	1868	1631.15	0	0
XM_022815791.1	3731	3494.15	0	0
XM_022815792.1	986	749.224	0	0
XM_022815793.1	3965	3728.15	0	0
XM_022815794.1	4653	4416.15	0	0
XM_022815795.1	3059	2822.15	0	0
XM_022815796.1	2982	2745.15	0	0
XM_022815797.1	3013	2776.15	0	0
XM_022815798.1	2809	2572.15	0	0
XM_022815799.1	2771	2534.15	0	0
XM_022815800.1	2029	1792.15	0	0
XM_022815801.1	2050	1813.15	0	0
XM_022815802.1	2131	1894.15	0	0
XM_022815803.1	2751	2514.15	0	0
XM_022815804.1	2080	1843.15	0	0
XM_022815805.1	5809	5572.15	0	0
XM_022815806.1	5804	5567.15	0	0
XM_022815807.1	5511	5274.15	0	0
XM_022815808.1	1333	1096.15	0	0
XM_022815809.1	2046	1809.15	0	0
XM_022815810.1	4357	4120.15	0	0
XM_022815811.1	2808	2571.15	0	0
XM_022815812.1	2720	2483.15	0	0
XM_022815813.1	2113	1876.15	0	0
XM_022815814.1	1933	1696.15	0	0
XM_022815815.1	2390	2153.15	0	0
XM_022815816.1	1952	1715.15	0	0
XM_022815817.1	2074	1837.15	0	0
XM_022815818.1	2308	2071.15	0	0
XM_022815819.1	1852	1615.15	0	0
XM_022815820.1	6533	6296.15	0	0
XM_022815821.1	1970	1733.15	0	0
XM_022815822.1	1889	1652.15	0	0
XM_022815823.1	1431	1194.15	0	0
XM_022815824.1	1526	1289.15	0	0
XM_022815825.1	1388	1151.15	0	0
XM_022815826.1	1817	1580.15	0	0
XM_022815827.1	1793	1556.15	0	0
XM_022815828.1	5293	5056.15	0	0
XM_022815829.1	4956	4719.15	0	0
XM_022815830.1	5025	4788.15	0	0
XM_022815831.1	4961	4724.15	0	0
XM_022815832.1	4617	4380.15	0	0
XM_022815833.1	1500	1263.15	0	0
XM_022815834.1	1477	1240.15	0	0
XM_022815835.1	1309	1072.15	0	0
XM_022815836.1	1006	769.148	0	0
XM_022815837.1	765	529.66	0	0
XM_022815838.1	762	526.713	0	0
XM_022815839.1	831	595.102	0	0
XM_022815840.1	1230	993.148	0	0
XM_022815841.1	989	752.224	0	0
XM_022815842.1	1068	831.148	0	0
XM_022815843.1	751	515.871	0	0
XM_022815844.1	828	592.102	0	0
XM_022815845.1	2228	1991.15	0	0
XM_022815846.1	1650	1413.15	0	0
XM_022815847.1	1619	1382.15	0	0
XM_022815848.1	1329	1092.15	0	0
XM_022815849.1	1299	1062.15	0	0
XM_022815850.1	3434	3197.15	0	0
XM_022815851.1	3495	3258.15	0	0
XM_022815852.1	800	564.277	0	0
XM_022815853.1	3308	3071.15	0	0
XM_022815854.1	3481	3244.15	0	0
XM_022815855.1	3244	3007.15	0	0
XM_022815856.1	6686	6449.15	0	0
XM_022815857.1	8955	8718.15	0	0
XM_022815858.1	3989	3752.15	0	0
XM_022815859.1	4006	3769.15	0	0
XM_022815860.1	798	562.277	0	0
XM_022815861.1	5207	4970.15	0	0
XM_022815862.1	4643	4406.15	0	0
XM_022815863.1	5120	4883.15	1.00007	0.0374004
XM_022815864.1	1599	1362.15	0	0
XM_022815865.1	4005	3768.15	0	0
XM_022815866.1	3747	3510.15	0	0
XM_022815867.1	11827	11590.1	0	0
XM_022815868.1	11614	11377.1	0	0
XM_022815869.1	9454	9217.15	0	0
XM_022815870.1	9364	9127.15	0	0
XM_022815871.1	6110	5873.15	0	0
XM_022815872.1	7247	7010.15	0	0
XM_022815873.1	826	590.162	0	0
XM_022815874.1	1000	763.148	0	0
XM_022815875.1	821	585.162	0	0
XM_022815876.1	1944	1707.15	0	0
XM_022815877.1	3204	2967.15	0	0
XM_022815878.1	860	623.978	0	0
XM_022815879.1	864	627.915	0	0
XM_022815880.1	1763	1526.15	0	0
XM_022815881.1	815	579.22	0	0
XM_022815882.1	6285	6048.15	0	0
XM_022815883.1	6057	5820.15	0	0
XM_022815884.1	7102	6865.15	0	0
XM_022815885.1	3845	3608.15	0	0
XM_022815886.1	3871	3634.15	0	0
XM_022815887.1	8949	8712.15	0	0
XM_022815888.1	5195	4958.15	0	0
XM_022815889.1	5159	4922.15	0	0
XM_022815890.1	1397	1160.15	0	0
XM_022815891.1	1247	1010.15	0	0
XM_022815892.1	2838	2601.15	0	0
XM_022815893.1	3030	2793.15	0	0
XM_022815894.1	2768	2531.15	0	0
XM_022815895.1	2343	2106.15	0	0
XM_022815896.1	3331	3094.15	0	0
XM_022815897.1	3328	3091.15	0	0
XM_022815898.1	2552	2315.15	0	0
XM_022815899.1	3046	2809.15	0	0
XM_022815900.1	10127	9890.15	0	0
XM_022815901.1	9682	9445.15	0	0
XM_022815902.1	8163	7926.15	0	0
XM_022815903.1	8130	7893.15	0	0
XM_022815904.1	7427	7190.15	0	0
XM_022815905.1	10032	9795.15	0	0
XM_022815906.1	1512	1275.15	0	0
XM_022815907.1	6272	6035.15	0	0
XM_022815908.1	3408	3171.15	0	0
XM_022815909.1	3421	3184.15	0	0
XM_022815910.1	3415	3178.15	0	0
XM_022815911.1	3360	3123.15	0	0
XM_022815912.1	3233	2996.15	0	0
XM_022815913.1	1100	863.148	0	0
XM_022815914.1	1080	843.148	0	0
XM_022815915.1	1456	1219.15	0	0
XM_022815916.1	2019	1782.15	0	0
XM_022815917.1	1236	999.148	0	0
XM_022815918.1	1904	1667.15	0	0
XM_022815919.1	1121	884.148	0	0
XM_022815920.1	6673	6436.15	0	0
XM_022815921.1	2141	1904.15	0	0
XM_022815922.1	1076	839.148	0	0
XM_022815923.1	4076	3839.15	0	0
XM_022815924.1	1679	1442.15	0	0
XM_022815925.1	1560	1323.15	0	0
XM_022815926.1	2052	1815.15	0	0
XM_022815927.1	5413	5176.15	0	0
XM_022815928.1	5411	5174.15	0	0
XM_022815929.1	1276	1039.15	0	0
XM_022815930.1	2118	1881.15	0	0
XM_022815931.1	1117	880.148	0	0
XM_022815932.1	1266	1029.15	0	0
XM_022815933.1	2107	1870.15	0	0
XM_022815934.1	2146	1909.15	0	0
XM_022815935.1	774	538.607	0	0
XM_022815936.1	890	653.786	0	0
XM_022815937.1	672	438.199	0	0
XM_022815938.1	1036	799.148	0	0
XM_022815939.1	1010	773.148	0	0
XM_022815940.1	2972	2735.15	0	0
XM_022815941.1	2969	2732.15	0	0
XM_022815942.1	2969	2732.15	0	0
XM_022815943.1	1900	1663.15	0	0
XM_022815944.1	1532	1295.15	0	0
XM_022815945.1	2691	2454.15	0	0
XM_022815946.1	2378	2141.15	0	0
XM_022815947.1	2774	2537.15	0	0
XM_022815948.1	2639	2402.15	0	0
XM_022815949.1	2056	1819.15	0	0
XM_022815950.1	3378	3141.15	0	0
XM_022815951.1	3399	3162.15	0	0
XM_022815952.1	6905	6668.15	0	0
XM_022815953.1	1660	1423.15	0	0
XM_022815954.1	1462	1225.15	0	0
XM_022815955.1	1387	1150.15	1.13401	0.180056
XM_022815956.1	3984	3747.15	0	0
XM_022815957.1	2006	1769.15	0	0
XM_022815958.1	1945	1708.15	0	0
XM_022815959.1	3020	2783.15	0	0
XM_022815960.1	2537	2300.15	0	0
XM_022815961.1	447	232.186	0	0
XM_022815962.1	2249	2012.15	0	0
XM_022815963.1	2248	2011.15	0	0
XM_022815964.1	2043	1806.15	0	0
XM_022815965.1	3389	3152.15	0	0
XM_022815966.1	2903	2666.15	0	0
XM_022815967.1	3079	2842.15	0	0
XM_022815968.1	847	611.102	0	0
XM_022815969.1	2688	2451.15	0	0
XM_022815970.1	2807	2570.15	0	0
XM_022815971.1	2389	2152.15	0	0
XM_022815972.1	2567	2330.15	0	0
XM_022815973.1	2707	2470.15	0	0
XM_022815974.1	2621	2384.15	0	0
XM_022815975.1	2482	2245.15	0	0
XM_022815976.1	2282	2045.15	0	0
XM_022815977.1	2611	2374.15	0	0
XM_022815978.1	2629	2392.15	0	0
XM_022815979.1	2205	1968.15	0	0
XM_022815980.1	2543	2306.15	0	0
XM_022815981.1	2138	1901.15	0	0
XM_022815982.1	2087	1850.15	0	0
XM_022815983.1	2404	2167.15	0	0
XM_022815984.1	2507	2270.15	0	0
XM_022815985.1	4511	4274.15	0	0
XM_022815986.1	1999	1762.15	0	0
XM_022815987.1	2682	2445.15	0	0
XM_022815988.1	2211	1974.15	0	0
XM_022815989.1	4088	3851.15	0	0
XM_022815990.1	3884	3647.15	0	0
XM_022815991.1	1881	1644.15	0	0
XM_022815992.1	3152	2915.15	0	0
XM_022815993.1	2360	2123.15	0	0
XM_022815994.1	4503	4266.15	2.49584e-08	1.06838e-09
XM_022815995.1	5504	5267.15	0	0
XM_022815996.1	5528	5291.15	0	0
XM_022815997.1	6022	5785.15	0	0
XM_022815998.1	6030	5793.15	0	0
XM_022815999.1	5367	5130.15	0	0
XM_022816000.1	5770	5533.15	0	0
XM_022816001.1	2555	2318.15	0	0
XM_022816002.1	1931	1694.15	0	0
XM_022816003.1	4428	4191.15	1	0.0435726
XM_022816004.1	3127	2890.15	0	0
XM_022816005.1	3117	2880.15	0	0
XM_022816006.1	3046	2809.15	0	0
XM_022816007.1	2925	2688.15	0	0
XM_022816008.1	2492	2255.15	0	0
XM_022816009.1	3172	2935.15	0	0
XM_022816010.1	2600	2363.15	0	0
XM_022816011.1	2570	2333.15	0	0
XM_022816012.1	3231	2994.15	0	0
XM_022816013.1	3087	2850.15	0	0
XM_022816014.1	2683	2446.15	0	0
XM_022816015.1	499	275.881	0	0
XM_022816016.1	3839	3602.15	0	0
XM_022816017.1	4469	4232.15	0	0
XM_022816018.1	2584	2347.15	0	0
XM_022816019.1	7547	7310.15	0	0
XM_022816020.1	7306	7069.15	0	0
XM_022816021.1	7502	7265.15	0	0
XM_022816022.1	7363	7126.15	0	0
XM_022816023.1	7253	7016.15	0	0
XM_022816024.1	8512	8275.15	0	0
XM_022816025.1	6670	6433.15	0	0
XM_022816026.1	6498	6261.15	0	0
XM_022816027.1	1671	1434.15	0	0
XM_022816028.1	1923	1686.15	0	0
XM_022816029.1	1294	1057.15	0	0
XM_022816030.1	870	633.915	0	0
XM_022816031.1	3124	2887.15	0	0
XM_022816032.1	1268	1031.15	0	0
XM_022816033.1	1334	1097.15	0	0
XM_022816034.1	3117	2880.15	0	0
XM_022816035.1	3185	2948.15	0	0
XM_022816036.1	3181	2944.15	0	0
XM_022816037.1	2937	2700.15	0	0
XM_022816038.1	1979	1742.15	0	0
XM_022816039.1	1947	1710.15	0	0
XM_022816040.1	1453	1216.15	0	0
XM_022816041.1	1681	1444.15	0	0
XM_022816042.1	1666	1429.15	0	0
XM_022816043.1	1951	1714.15	0	0
XM_022816044.1	1693	1456.15	0	0
XM_022816045.1	1675	1438.15	0	0
XM_022816046.1	1738	1501.15	0	0
XM_022816047.1	1796	1559.15	0	0
XM_022816048.1	2522	2285.15	0	0
XM_022816049.1	2655	2418.15	0	0
XM_022816050.1	2387	2150.15	0	0
XM_022816051.1	2624	2387.15	0	0
XM_022816052.1	2227	1990.15	0	0
XM_022816053.1	1046	809.148	0	0
XM_022816054.1	708	473.425	0	0
XM_022816055.1	730	495.278	0	0
XM_022816056.1	1352	1115.15	0	0
XM_022816057.1	1700	1463.15	0	0
XM_022816058.1	1131	894.148	0	0
XM_022816059.1	1307	1070.15	0	0
XM_022816060.1	1273	1036.15	0	0
XM_022816061.1	1185	948.148	0	0
XM_022816062.1	1220	983.148	0	0
XM_022816063.1	1581	1344.15	0	0
XM_022816064.1	722	487.376	0	0
XM_022816065.1	2826	2589.15	0	0
XM_022816066.1	2415	2178.15	0	0
XM_022816067.1	1493	1256.15	0	0
XM_022816068.1	2271	2034.15	0	0
XM_022816069.1	2330	2093.15	0	0
XM_022816070.1	2931	2694.15	0	0
XM_022816071.1	1056	819.148	0	0
XM_022816072.1	2996	2759.15	0	0
XM_022816073.1	2690	2453.15	0	0
XM_022816074.1	1691	1454.15	0	0
XM_022816075.1	1417	1180.15	0	0
XM_022816076.1	1409	1172.15	0	0
XM_022816077.1	2818	2581.15	0	0
XM_022816078.1	3070	2833.15	0	0
XM_022816079.1	4638	4401.15	0	0
XM_022816080.1	2907	2670.15	0	0
XM_022816081.1	2238	2001.15	0	0
XM_022816082.1	2258	2021.15	0	0
XM_022816083.1	2220	1983.15	0	0
XM_022816084.1	2180	1943.15	0	0
XM_022816085.1	2215	1978.15	0	0
XM_022816086.1	1835	1598.15	0	0
XM_022816087.1	1869	1632.15	0	0
XM_022816088.1	1830	1593.15	0	0
XM_022816089.1	1821	1584.15	0	0
XM_022816090.1	1889	1652.15	0	0
XM_022816091.1	7560	7323.15	0	0
XM_022816092.1	5748	5511.15	0	0
XM_022816093.1	5945	5708.15	0	0
XM_022816094.1	7482	7245.15	0	0
XM_022816095.1	7434	7197.15	0	0
XM_022816096.1	5784	5547.15	0	0
XM_022816097.1	7623	7386.15	0	0
XM_022816098.1	7109	6872.15	0	0
XM_022816099.1	3746	3509.15	0	0
XM_022816100.1	3642	3405.15	0	0
XM_022816101.1	1021	784.148	0	0
XM_022816102.1	1127	890.148	0	0
XM_022816103.1	2431	2194.15	0	0
XM_022816104.1	1815	1578.15	0	0
XM_022816105.1	2422	2185.15	0	0
XM_022816106.1	2413	2176.15	0	0
XM_022816107.1	2385	2148.15	0	0
XM_022816108.1	1243	1006.15	0	0
XM_022816109.1	2289	2052.15	0	0
XM_022816110.1	1240	1003.15	0	0
XM_022816111.1	2257	2020.15	0	0
XM_022816112.1	1116	879.148	0	0
XM_022816113.1	973	736.297	0	0
XM_022816114.1	1716	1479.15	0	0
XM_022816115.1	1793	1556.15	0	0
XM_022816116.1	1784	1547.15	0	0
XM_022816117.1	1551	1314.15	0	0
XM_022816118.1	595	363.638	0	0
XM_022816119.1	3130	2893.15	0	0
XM_022816120.1	2969	2732.15	0	0
XM_022816121.1	3001	2764.15	0	0
XM_022816122.1	3168	2931.15	0	0
XM_022816123.1	3127	2890.15	0	0
XM_022816124.1	2966	2729.15	0	0
XM_022816125.1	3122	2885.15	0	0
XM_022816126.1	2709	2472.15	0	0
XM_022816127.1	1422	1185.15	0	0
XM_022816128.1	2612	2375.15	0	0
XM_022816129.1	2505	2268.15	0	0
XM_022816130.1	2192	1955.15	0	0
XM_022816131.1	2741	2504.15	0	0
XM_022816132.1	3230	2993.15	0	0
XM_022816133.1	3557	3320.15	0	0
XM_022816134.1	3524	3287.15	0	0
XM_022816135.1	3869	3632.15	0	0
XM_022816136.1	3450	3213.15	0	0
XM_022816137.1	3098	2861.15	0	0
XM_022816138.1	3084	2847.15	0	0
XM_022816139.1	7548	7311.15	0	0
XM_022816140.1	7547	7310.15	0	0
XM_022816141.1	6775	6538.15	0	0
XM_022816142.1	685	450.886	0	0
XM_022816143.1	686	451.796	0	0
XM_022816144.1	751	515.871	0	0
XM_022816145.1	1129	892.148	0	0
XM_022816146.1	9731	9494.15	0	0
XM_022816147.1	9277	9040.15	0	0
XM_022816148.1	8692	8455.15	0	0
XM_022816149.1	8018	7781.15	0	0
XM_022816150.1	2485	2248.15	0	0
XM_022816151.1	2368	2131.15	0	0
XM_022816152.1	3367	3130.15	0	0
XM_022816153.1	4428	4191.15	0	0
XM_022816154.1	5071	4834.15	0	0
XM_022816155.1	3750	3513.15	0	0
XM_022816156.1	4954	4717.15	0	0
XM_022816157.1	4576	4339.15	0	0
XM_022816158.1	4797	4560.15	0	0
XM_022816159.1	4739	4502.15	0	0
XM_022816160.1	2313	2076.15	0	0
XM_022816161.1	2139	1902.15	0	0
XM_022816162.1	2246	2009.15	0	0
XM_022816163.1	9533	9296.15	0	0
XM_022816164.1	6742	6505.15	0	0
XM_022816165.1	10018	9781.15	0	0
XM_022816166.1	8865	8628.15	0	0
XM_022816167.1	8397	8160.15	0	0
XM_022816168.1	8376	8139.15	0	0
XM_022816169.1	3460	3223.15	0	0
XM_022816170.1	3439	3202.15	0	0
XM_022816171.1	10210	9973.15	0	0
XM_022816172.1	1567	1330.15	0	0
XM_022816173.1	1651	1414.15	0	0
XM_022816174.1	1556	1319.15	0	0
XM_022816175.1	1515	1278.15	0	0
XM_022816176.1	1774	1537.15	0	0
XM_022816177.1	1447	1210.15	0	0
XM_022816178.1	1242	1005.15	0	0
XM_022816179.1	1495	1258.15	0	0
XM_022816180.1	5238	5001.15	0	0
XM_022816181.1	2742	2505.15	0	0
XM_022816182.1	2739	2502.15	0	0
XM_022816183.1	2688	2451.15	0	0
XM_022816184.1	3017	2780.15	0	0
XM_022816185.1	3193	2956.15	0	0
XM_022816186.1	2880	2643.15	0	0
XM_022816187.1	2913	2676.15	0	0
XM_022816188.1	2334	2097.15	0	0
XM_022816189.1	4208	3971.15	0	0
XM_022816190.1	3814	3577.15	0	0
XM_022816191.1	2328	2091.15	0	0
XM_022816192.1	8146	7909.15	0	0
XM_022816193.1	1796	1559.15	0	0
XM_022816194.1	1746	1509.15	0	0
XM_022816195.1	3198	2961.15	0	0
XM_022816196.1	3675	3438.15	0	0
XM_022816197.1	2709	2472.15	0	0
XM_022816198.1	1760	1523.15	0	0
XM_022816199.1	8120	7883.15	0	0
XM_022816200.1	1287	1050.15	0	0
XM_022816201.1	1484	1247.15	0	0
XM_022816202.1	1589	1352.15	0	0
XM_022816203.1	1586	1349.15	0	0
XM_022816204.1	3465	3228.15	0	0
XM_022816205.1	3578	3341.15	0	0
XM_022816206.1	3679	3442.15	0	0
XM_022816207.1	6625	6388.15	0	0
XM_022816208.1	3785	3548.15	0	0
XM_022816209.1	3164	2927.15	0	0
XM_022816210.1	8517	8280.15	0	0
XM_022816211.1	3115	2878.15	0	0
XM_022816212.1	9924	9687.15	0	0
XM_022816213.1	9139	8902.15	0	0
XM_022816214.1	6264	6027.15	0	0
XM_022816215.1	5930	5693.15	0	0
XM_022816216.1	9453	9216.15	0	0
XM_022816217.1	2334	2097.15	0	0
XM_022816218.1	2563	2326.15	0	0
XM_022816219.1	1884	1647.15	0	0
XM_022816220.1	2280	2043.15	0	0
XM_022816221.1	6320	6083.15	0	0
XM_022816222.1	4896	4659.15	0	0
XM_022816223.1	4138	3901.15	0	0
XM_022816224.1	1772	1535.15	0	0
XM_022816225.1	2200	1963.15	0	0
XM_022816226.1	4159	3922.15	0	0
XM_022816227.1	3152	2915.15	0	0
XM_022816228.1	4857	4620.15	0	0
XM_022816229.1	2156	1919.15	0	0
XM_022816230.1	1311	1074.15	0	0
XM_022816231.1	1236	999.148	0	0
XM_022816232.1	1374	1137.15	0	0
XM_022816233.1	1203	966.148	0	0
XM_022816234.1	5388	5151.15	0	0
XM_022816235.1	1400	1163.15	0	0
XM_022816236.1	1354	1117.15	0	0
XM_022816237.1	4668	4431.15	0	0
XM_022816238.1	1296	1059.15	0	0
XM_022816239.1	8946	8709.15	0	0
XM_022816240.1	8943	8706.15	0	0
XM_022816241.1	9153	8916.15	0	0
XM_022816242.1	5715	5478.15	0	0
XM_022816243.1	9612	9375.15	0	0
XM_022816244.1	8094	7857.15	0	0
XM_022816245.1	7998	7761.15	0	0
XM_022816246.1	7983	7746.15	0	0
XM_022816247.1	8741	8504.15	0	0
XM_022816248.1	796	560.277	0	0
XM_022816249.1	1276	1039.15	0	0
XM_022816250.1	784	548.388	0	0
XM_022816251.1	2567	2330.15	0	0
XM_022816252.1	2206	1969.15	0	0
XM_022816253.1	12592	12355.1	0	0
XM_022816254.1	12583	12346.1	0	0
XM_022816255.1	10256	10019.1	0	0
XM_022816256.1	10244	10007.1	0	0
XM_022816257.1	2770	2533.15	0	0
XM_022816258.1	10226	9989.15	0	0
XM_022816259.1	10196	9959.15	0	0
XM_022816260.1	10166	9929.15	0	0
XM_022816261.1	10154	9917.15	0	0
XM_022816262.1	10067	9830.15	0	0
XM_022816263.1	10019	9782.15	0	0
XM_022816264.1	9860	9623.15	0	0
XM_022816265.1	11607	11370.1	0	0
XM_022816266.1	10034	9797.15	0	0
XM_022816267.1	9876	9639.15	0	0
XM_022816268.1	2663	2426.15	0	0
XM_022816269.1	3125	2888.15	0	0
XM_022816270.1	2898	2661.15	0	0
XM_022816271.1	3065	2828.15	0	0
XM_022816272.1	4696	4459.15	0	0
XM_022816273.1	4505	4268.15	0	0
XM_022816274.1	4322	4085.15	0	0
XM_022816275.1	5167	4930.15	0	0
XM_022816276.1	4442	4205.15	0	0
XM_022816277.1	5595	5358.15	0	0
XM_022816278.1	4721	4484.15	0	0
XM_022816279.1	5185	4948.15	0	0
XM_022816280.1	4238	4001.15	0	0
XM_022816281.1	7279	7042.15	0	0
XM_022816282.1	8376	8139.15	0	0
XM_022816283.1	8129	7892.15	0	0
XM_022816284.1	7408	7171.15	0	0
XM_022816285.1	8181	7944.15	0	0
XM_022816286.1	8065	7828.15	0	0
XM_022816287.1	7126	6889.15	0	0
XM_022816288.1	7333	7096.15	0	0
XM_022816289.1	8335	8098.15	0	0
XM_022816290.1	5292	5055.15	0	0
XM_022816291.1	8335	8098.15	0	0
XM_022816292.1	8244	8007.15	0	0
XM_022816293.1	6300	6063.15	0	0
XM_022816294.1	4056	3819.15	0	0
XM_022816295.1	4053	3816.15	0	0
XM_022816296.1	4053	3816.15	0	0
XM_022816297.1	3891	3654.15	0	0
XM_022816298.1	1495	1258.15	0	0
XM_022816299.1	5114	4877.15	0	0
XM_022816300.1	1490	1253.15	0	0
XM_022816301.1	1400	1163.15	0	0
XM_022816302.1	716	481.425	0	0
XM_022816303.1	3431	3194.15	0	0
XM_022816304.1	2329	2092.15	0	0
XM_022816305.1	5101	4864.15	0	0
XM_022816306.1	2916	2679.15	0	0
XM_022816307.1	2718	2481.15	0	0
XM_022816308.1	2712	2475.15	0	0
XM_022816309.1	5107	4870.15	0	0
XM_022816310.1	3088	2851.15	0	0
XM_022816311.1	2815	2578.15	0	0
XM_022816312.1	2610	2373.15	0	0
XM_022816313.1	1137	900.148	0	0
XM_022816314.1	10489	10252.1	0	0
XM_022816315.1	9278	9041.15	0	0
XM_022816316.1	9278	9041.15	0	0
XM_022816317.1	10423	10186.1	0	0
XM_022816318.1	4829	4592.15	0	0
XM_022816319.1	10743	10506.1	0	0
XM_022816320.1	9736	9499.15	0	0
XM_022816321.1	11011	10774.1	0	0
XM_022816322.1	11011	10774.1	0	0
XM_022816323.1	11008	10771.1	0	0
XM_022816324.1	10986	10749.1	0	0
XM_022816325.1	10960	10723.1	0	0
XM_022816326.1	10758	10521.1	0	0
XM_022816327.1	10704	10467.1	0	0
XM_022816328.1	9389	9152.15	0	0
XM_022816329.1	4549	4312.15	0	0
XM_022816330.1	9409	9172.15	0	0
XM_022816331.1	9530	9293.15	0	0
XM_022816332.1	7853	7616.15	0	0
XM_022816333.1	9903	9666.15	0	0
XM_022816334.1	8540	8303.15	0	0
XM_022816335.1	9471	9234.15	0	0
XM_022816336.1	9374	9137.15	0	0
XM_022816337.1	9371	9134.15	0	0
XM_022816338.1	8678	8441.15	0	0
XM_022816339.1	8484	8247.15	0	0
XM_022816340.1	4542	4305.15	0	0
XM_022816341.1	8510	8273.15	0	0
XM_022816342.1	2613	2376.15	0	0
XM_022816343.1	2883	2646.15	0	0
XM_022816344.1	2169	1932.15	0	0
XM_022816345.1	2153	1916.15	0	0
XM_022816346.1	2125	1888.15	0	0
XM_022816347.1	2029	1792.15	0	0
XM_022816348.1	2024	1787.15	0	0
XM_022816349.1	3920	3683.15	0	0
XM_022816350.1	2597	2360.15	0	0
XM_022816351.1	2928	2691.15	0	0
XM_022816352.1	3105	2868.15	0	0
XM_022816353.1	2347	2110.15	0	0
XM_022816354.1	1181	944.148	0	0
XM_022816355.1	1971	1734.15	0	0
XM_022816356.1	492	269.905	0	0
XM_022816357.1	4461	4224.15	0	0
XM_022816358.1	876	639.915	0	0
XM_022816359.1	482	261.292	0	0
XM_022816360.1	393	189.447	0	0
XM_022816361.1	3592	3355.15	0	0
XM_022816362.1	3407	3170.15	0	0
XM_022816363.1	5168	4931.15	0	0
XM_022816364.1	3990	3753.15	0	0
XM_022816365.1	3912	3675.15	0	0
XM_022816366.1	3312	3075.15	0	0
XM_022816367.1	3876	3639.15	0	0
XM_022816368.1	3522	3285.15	0	0
XM_022816369.1	5617	5380.15	0	0
XM_022816370.1	8300	8063.15	2.35102e-06	5.32474e-08
XM_022816371.1	8220	7983.15	0.0441989	0.00101108
XM_022816372.1	6950	6713.15	0	0
XM_022816373.1	8192	7955.15	1.4174	0.0325379
XM_022816374.1	6443	6206.15	0	0
XM_022816375.1	8176	7939.15	10.3393	0.237828
XM_022816376.1	3659	3422.15	0	0
XM_022816377.1	7322	7085.15	0	0
XM_022816378.1	7356	7119.15	0	0
XM_022816379.1	7493	7256.15	0	0
XM_022816380.1	7459	7222.15	0	0
XM_022816381.1	7003	6766.15	0	0
XM_022816382.1	7615	7378.15	0	0
XM_022816383.1	5897	5660.15	0	0
XM_022816384.1	5787	5550.15	0	0
XM_022816385.1	3102	2865.15	0	0
XM_022816386.1	7189	6952.15	0	0
XM_022816387.1	1787	1550.15	2	0.235615
XM_022816388.1	1605	1368.15	0	0
XM_022816389.1	2439	2202.15	0	0
XM_022816390.1	2443	2206.15	0	0
XM_022816391.1	1566	1329.15	0	0
XM_022816392.1	10929	10692.1	0	0
XM_022816393.1	3322	3085.15	0	0
XM_022816394.1	3320	3083.15	0	0
XM_022816395.1	3106	2869.15	0	0
XM_022816396.1	3024	2787.15	0	0
XM_022816397.1	7164	6927.15	0	0
XM_022816398.1	3295	3058.15	0	0
XM_022816399.1	3684	3447.15	0	0
XM_022816400.1	2929	2692.15	0	0
XM_022816401.1	3308	3071.15	0	0
XM_022816402.1	4336	4099.15	2	0.089101
XM_022816403.1	2867	2630.15	0	0
XM_022816404.1	4312	4075.15	0	0
XM_022816405.1	3162	2925.15	0	0
XM_022816406.1	3296	3059.15	0	0
XM_022816407.1	7002	6765.15	0	0
XM_022816408.1	3722	3485.15	0	0
XM_022816409.1	3665	3428.15	0	0
XM_022816410.1	3392	3155.15	0	0
XM_022816411.1	3103	2866.15	0	0
XM_022816412.1	3368	3131.15	0	0
XM_022816413.1	3525	3288.15	0	0
XM_022816414.1	3377	3140.15	0	0
XM_022816415.1	3323	3086.15	0	0
XM_022816416.1	7068	6831.15	0	0
XM_022816417.1	3371	3134.15	0	0
XM_022816418.1	3626	3389.15	0	0
XM_022816419.1	3233	2996.15	0	0
XM_022816420.1	3365	3128.15	0	0
XM_022816421.1	3081	2844.15	0	0
XM_022816422.1	3275	3038.15	0	0
XM_022816423.1	4033	3796.15	0	0
XM_022816424.1	1879	1642.15	0	0
XM_022816425.1	7243	7006.15	0	0
XM_022816426.1	3245	3008.15	0	0
XM_022816427.1	9176	8939.15	0	0
XM_022816428.1	3884	3647.15	0	0
XM_022816429.1	3705	3468.15	0	0
XM_022816430.1	1479	1242.15	0	0
XM_022816431.1	2775	2538.15	0	0
XM_022816432.1	2747	2510.15	0	0
XM_022816433.1	2341	2104.15	0	0
XM_022816434.1	6998	6761.15	0	0
XM_022816435.1	1710	1473.15	0	0
XM_022816436.1	1709	1472.15	0	0
XM_022816437.1	2124	1887.15	0	0
XM_022816438.1	2607	2370.15	0	0
XM_022816439.1	2579	2342.15	0	0
XM_022816440.1	1607	1370.15	0	0
XM_022816441.1	1590	1353.15	0	0
XM_022816442.1	1916	1679.15	0	0
XM_022816443.1	1782	1545.15	0	0
XM_022816444.1	6960	6723.15	0	0
XM_022816445.1	1165	928.148	0	0
XM_022816446.1	5843	5606.15	1.07099	0.0348874
XM_022816447.1	6619	6382.15	0	0
XM_022816448.1	2201	1964.15	0	0
XM_022816449.1	1227	990.148	0	0
XM_022816450.1	1100	863.148	0	0
XM_022816451.1	1070	833.148	0	0
XM_022816452.1	6951	6714.15	0	0
XM_022816453.1	5797	5560.15	0	0
XM_022816454.1	7168	6931.15	0	0
XM_022816455.1	4854	4617.15	0	0
XM_022816456.1	6718	6481.15	0	0
XM_022816457.1	7358	7121.15	0	0
XM_022816458.1	9962	9725.15	0	0
XM_022816459.1	7321	7084.15	0	0
XM_022816460.1	8693	8456.15	0	0
XM_022816461.1	7759	7522.15	0	0
XM_022816462.1	4613	4376.15	0	0
XM_022816463.1	7286	7049.15	0	0
XM_022816464.1	10072	9835.15	0	0
XM_022816465.1	7068	6831.15	0	0
XM_022816466.1	6978	6741.15	0	0
XM_022816467.1	6847	6610.15	0	0
XM_022816468.1	2750	2513.15	0	0
XM_022816469.1	7316	7079.15	0	0
XM_022816470.1	2327	2090.15	0	0
XM_022816471.1	3778	3541.15	0	0
XM_022816472.1	3645	3408.15	0	0
XM_022816473.1	3494	3257.15	0	0
XM_022816474.1	10006	9769.15	0	0
XM_022816475.1	3527	3290.15	0	0
XM_022816476.1	3257	3020.15	0	0
XM_022816477.1	1724	1487.15	0	0
XM_022816478.1	11045	10808.1	0	0
XM_022816479.1	10816	10579.1	0	0
XM_022816480.1	6745	6508.15	0	0
XM_022816481.1	9274	9037.15	0	0
XM_022816482.1	8234	7997.15	0	0
XM_022816483.1	7118	6881.15	0	0
XM_022816484.1	7098	6861.15	0	0
XM_022816485.1	1871	1634.15	0	0
XM_022816486.1	4602	4365.15	0	0
XM_022816487.1	2943	2706.15	0	0
XM_022816488.1	4618	4381.15	0	0
XM_022816489.1	2205	1968.15	0	0
XM_022816490.1	2333	2096.15	0	0
XM_022816491.1	2553	2316.15	0	0
XM_022816492.1	8872	8635.15	0	0
XM_022816493.1	2612	2375.15	0	0
XM_022816494.1	2802	2565.15	0	0
XM_022816495.1	7040	6803.15	0	0
XM_022816496.1	7035	6798.15	0	0
XM_022816497.1	4343	4106.15	0	0
XM_022816498.1	6592	6355.15	0	0
XM_022816499.1	7247	7010.15	0	0
XM_022816500.1	6333	6096.15	0	0
XM_022816501.1	5560	5323.15	0	0
XM_022816502.1	5383	5146.15	0	0
XM_022816503.1	4849	4612.15	0	0
XM_022816504.1	1680	1443.15	0	0
XM_022816505.1	1473	1236.15	0	0
XM_022816506.1	7923	7686.15	0	0
XM_022816507.1	2234	1997.15	0	0
XM_022816508.1	2552	2315.15	0	0
XM_022816509.1	2312	2075.15	0	0
XM_022816510.1	2171	1934.15	0	0
XM_022816511.1	1911	1674.15	0	0
XM_022816512.1	2111	1874.15	0	0
XM_022816513.1	5710	5473.15	0	0
XM_022816514.1	4314	4077.15	0	0
XM_022816515.1	3326	3089.15	0	0
XM_022816516.1	3313	3076.15	0	0
XM_022816517.1	3265	3028.15	0	0
XM_022816518.1	3292	3055.15	0	0
XM_022816519.1	5101	4864.15	0	0
XM_022816520.1	5098	4861.15	0	0
XM_022816521.1	5191	4954.15	0	0
XM_022816522.1	5220	4983.15	0	0
XM_022816523.1	5231	4994.15	0	0
XM_022816524.1	5255	5018.15	0	0
XM_022816525.1	5217	4980.15	0	0
XM_022816526.1	5227	4990.15	0	0
XM_022816527.1	5136	4899.15	0	0
XM_022816528.1	5252	5015.15	0	0
XM_022816529.1	4924	4687.15	0	0
XM_022816530.1	4929	4692.15	0	0
XM_022816531.1	9858	9621.15	0	0
XM_022816532.1	4918	4681.15	0	0
XM_022816533.1	4994	4757.15	0	0
XM_022816534.1	8167	7930.15	0	0
XM_022816535.1	7555	7318.15	0	0
XM_022816536.1	5373	5136.15	0	0
XM_022816537.1	3653	3416.15	0	0
XM_022816538.1	4366	4129.15	0	0
XM_022816539.1	3646	3409.15	0	0
XM_022816540.1	1972	1735.15	0	0
XM_022816541.1	2013	1776.15	0	0
XM_022816542.1	1949	1712.15	0	0
XM_022816543.1	1455	1218.15	0	0
XM_022816544.1	5593	5356.15	0	0
XM_022816545.1	1825	1588.15	0	0
XM_022816546.1	1859	1622.15	0	0
XM_022816547.1	3788	3551.15	0	0
XM_022816548.1	9833	9596.15	0	0
XM_022816549.1	9608	9371.15	0	0
XM_022816550.1	9711	9474.15	0	0
XM_022816551.1	7255	7018.15	0	0
XM_022816552.1	5585	5348.15	0	0
XM_022816553.1	9786	9549.15	0	0
XM_022816554.1	9427	9190.15	0	0
XM_022816555.1	9067	8830.15	0	0
XM_022816556.1	7748	7511.15	0	0
XM_022816557.1	6214	5977.15	1.00006	0.0305546
XM_022816558.1	9818	9581.15	0	0
XM_022816559.1	9805	9568.15	0	0
XM_022816560.1	6459	6222.15	0	0
XM_022816561.1	5303	5066.15	0	0
XM_022816562.1	5664	5427.15	0	0
XM_022816563.1	6312	6075.15	0	0
XM_022816564.1	6300	6063.15	0	0
XM_022816565.1	4057	3820.15	0	0
XM_022816566.1	3356	3119.15	0	0
XM_022816567.1	5064	4827.15	0	0
XM_022816568.1	4830	4593.15	0	0
XM_022816569.1	3611	3374.15	0	0
XM_022816570.1	2792	2555.15	0	0
XM_022816571.1	2679	2442.15	0	0
XM_022816572.1	5546	5309.15	0	0
XM_022816573.1	4066	3829.15	0	0
XM_022816574.1	4082	3845.15	0	0
XM_022816575.1	4041	3804.15	0	0
XM_022816576.1	4030	3793.15	0	0
XM_022816577.1	2786	2549.15	0	0
XM_022816578.1	1956	1719.15	0	0
XM_022816579.1	2546	2309.15	0	0
XM_022816580.1	2562	2325.15	0	0
XM_022816581.1	1788	1551.15	0	0
XM_022816582.1	5554	5317.15	0	0
XM_022816583.1	2315	2078.15	0	0
XM_022816584.1	7419	7182.15	0	0
XM_022816585.1	4266	4029.15	0	0
XM_022816586.1	3925	3688.15	0	0
XM_022816587.1	4129	3892.15	0	0
XM_022816588.1	3943	3706.15	0	0
XM_022816589.1	2598	2361.15	0	0
XM_022816590.1	5055	4818.15	0	0
XM_022816591.1	5028	4791.15	0	0
XM_022816592.1	4956	4719.15	0	0
XM_022816593.1	4751	4514.15	0	0
XM_022816594.1	4880	4643.15	0	0
XM_022816595.1	4637	4400.15	0	0
XM_022816596.1	4724	4487.15	0	0
XM_022816597.1	4701	4464.15	0	0
XM_022816598.1	4746	4509.15	0	0
XM_022816599.1	4455	4218.15	0	0
XM_022816600.1	4428	4191.15	0	0
XM_022816601.1	4433	4196.15	0	0
XM_022816602.1	4243	4006.15	0	0
XM_022816603.1	4062	3825.15	0	0
XM_022816604.1	4018	3781.15	0	0
XM_022816605.1	4047	3810.15	0	0
XM_022816606.1	3707	3470.15	0	0
XM_022816607.1	3704	3467.15	0	0
XM_022816608.1	2794	2557.15	0	0
XM_022816609.1	1907	1670.15	0	0
XM_022816610.1	2382	2145.15	0	0
XM_022816611.1	2275	2038.15	0	0
XM_022816612.1	2831	2594.15	0	0
XM_022816613.1	2550	2313.15	0	0
XM_022816614.1	2883	2646.15	0	0
XM_022816615.1	2455	2218.15	0	0
XM_022816616.1	2501	2264.15	0	0
XM_022816617.1	1185	948.148	0	0
XM_022816618.1	1167	930.148	0	0
XM_022816619.1	1217	980.148	0	0
XM_022816620.1	1168	931.148	0	0
XM_022816621.1	1159	922.148	0	0
XM_022816622.1	1494	1257.15	0	0
XM_022816623.1	4087	3850.15	0	0
XM_022816624.1	4516	4279.15	0	0
XM_022816625.1	6633	6396.15	0	0
XM_022816626.1	4958	4721.15	0	0
XM_022816627.1	4592	4355.15	0	0
XM_022816628.1	3889	3652.15	0	0
XM_022816629.1	3886	3649.15	0	0
XM_022816630.1	3250	3013.15	0	0
XM_022816631.1	4765	4528.15	0	0
XM_022816632.1	3772	3535.15	0	0
XM_022816633.1	3267	3030.15	0	0
XM_022816634.1	3209	2972.15	0	0
XM_022816635.1	3364	3127.15	0	0
XM_022816636.1	6630	6393.15	0	0
XM_022816637.1	4651	4414.15	0	0
XM_022816638.1	3092	2855.15	0	0
XM_022816639.1	2334	2097.15	0	0
XM_022816640.1	2049	1812.15	0	0
XM_022816641.1	2213	1976.15	0	0
XM_022816642.1	1818	1581.15	0	0
XM_022816643.1	4575	4338.15	0	0
XM_022816644.1	4492	4255.15	0	0
XM_022816645.1	6970	6733.15	0	0
XM_022816646.1	6624	6387.15	0	0
XM_022816647.1	1996	1759.15	0	0
XM_022816648.1	1322	1085.15	0	0
XM_022816649.1	1344	1107.15	0	0
XM_022816650.1	5623	5386.15	0	0
XM_022816651.1	6621	6384.15	0	0
XM_022816652.1	4169	3932.15	0	0
XM_022816653.1	481	260.402	0	0
XM_022816654.1	791	555.333	0	0
XM_022816655.1	9691	9454.15	0	0
XM_022816656.1	5747	5510.15	0	0
XM_022816657.1	5830	5593.15	0	0
XM_022816658.1	4388	4151.15	0	0
XM_022816659.1	6492	6255.15	0	0
XM_022816660.1	3694	3457.15	0	0
XM_022816661.1	3911	3674.15	0	0
XM_022816662.1	3749	3512.15	0	0
XM_022816663.1	3732	3495.15	0	0
XM_022816664.1	13681	13444.1	0	0
XM_022816665.1	4004	3767.15	0	0
XM_022816666.1	2907	2670.15	0	0
XM_022816667.1	7203	6966.15	0	0
XM_022816668.1	2166	1929.15	0	0
XM_022816669.1	6483	6246.15	0	0
XM_022816670.1	6986	6749.15	0	0
XM_022816671.1	6880	6643.15	0	0
XM_022816672.1	2537	2300.15	0	0
XM_022816673.1	1410	1173.15	0	0
XM_022816674.1	1598	1361.15	0	0
XM_022816675.1	1404	1167.15	0	0
XM_022816676.1	2770	2533.15	0	0
XM_022816677.1	2737	2500.15	0	0
XM_022816678.1	2567	2330.15	0	0
XM_022816679.1	5853	5616.15	0	0
XM_022816680.1	8661	8424.15	0	0
XM_022816681.1	5738	5501.15	0	0
XM_022816682.1	5651	5414.15	0	0
XM_022816683.1	1058	821.148	0	0
XM_022816684.1	1026	789.148	0	0
XM_022816685.1	1016	779.148	0	0
XM_022816686.1	1055	818.148	0	0
XM_022816687.1	897	660.786	0	0
XM_022816688.1	782	546.498	0	0
XM_022816689.1	1811	1574.15	0	0
XM_022816690.1	2424	2187.15	0	0
XM_022816691.1	2066	1829.15	0	0
XM_022816692.1	1885	1648.15	0	0
XM_022816693.1	608	376.189	0	0
XM_022816694.1	2295	2058.15	0	0
XM_022816695.1	2299	2062.15	0	0
XM_022816696.1	2852	2615.15	0	0
XM_022816697.1	3089	2852.15	0	0
XM_022816698.1	2253	2016.15	0	0
XM_022816699.1	2725	2488.15	0	0
XM_022816700.1	2810	2573.15	0	0
XM_022816701.1	632	399.296	0	0
XM_022816702.1	2190	1953.15	0	0
XM_022816703.1	2079	1842.15	0	0
XM_022816704.1	1960	1723.15	0	0
XM_022816705.1	2431	2194.15	0	0
XM_022816706.1	2422	2185.15	0	0
XM_022816707.1	2284	2047.15	0	0
XM_022816708.1	1747	1510.15	0	0
XM_022816709.1	4692	4455.15	0	0
XM_022816710.1	707	472.425	0	0
XM_022816711.1	4627	4390.15	0	0
XM_022816712.1	4929	4692.15	0	0
XM_022816713.1	3574	3337.15	0	0
XM_022816714.1	3566	3329.15	0	0
XM_022816715.1	3433	3196.15	0	0
XM_022816716.1	2720	2483.15	0	0
XM_022816717.1	3061	2824.15	0	0
XM_022816718.1	3089	2852.15	0	0
XM_022816719.1	602	370.378	0	0
XM_022816720.1	1432	1195.15	0	0
XM_022816721.1	2847	2610.15	0	0
XM_022816722.1	2116	1879.15	0	0
XM_022816723.1	3975	3738.15	0	0
XM_022816724.1	671	437.199	0	0
XM_022816725.1	3887	3650.15	0	0
XM_022816726.1	1649	1412.15	0	0
XM_022816727.1	2183	1946.15	0	0
XM_022816728.1	3937	3700.15	0	0
XM_022816729.1	3928	3691.15	0	0
XM_022816730.1	576	345.999	0	0
XM_022816731.1	495	272.68	0	0
XM_022816732.1	714	479.425	0	0
XM_022816733.1	498	275.081	0	0
XM_022816734.1	415	206.558	0	0
XM_022816735.1	5645	5408.15	0	0
XM_022816736.1	5592	5355.15	0	0
XM_022816737.1	5522	5285.15	0	0
XM_022816738.1	5103	4866.15	0	0
XM_022816739.1	636	403.175	0	0
XM_022816740.1	5414	5177.15	0	0
XM_022816741.1	5594	5357.15	0	0
XM_022816742.1	5079	4842.15	0	0
XM_022816743.1	5015	4778.15	0	0
XM_022816744.1	6742	6505.15	0	0
XM_022816745.1	2937	2700.15	0	0
XM_022816746.1	2906	2669.15	0	0
XM_022816747.1	5611	5374.15	0	0
XM_022816748.1	5589	5352.15	0	0
XM_022816749.1	7558	7321.15	0	0
XM_022816750.1	7536	7299.15	0	0
XM_022816751.1	695	460.658	0	0
XM_022816752.1	7453	7216.15	0	0
XM_022816753.1	7246	7009.15	0	0
XM_022816754.1	5110	4873.15	0	0
XM_022816755.1	598	366.49	0	0
XM_022816756.1	537	309.666	0	0
XM_022816757.1	1278	1041.15	0	0
XM_022816758.1	2625	2388.15	0	0
XM_022816759.1	651	417.762	0	0
XM_022816760.1	1006	769.148	0	0
XM_022816761.1	480	259.538	0	0
XM_022816762.1	1647	1410.15	0	0
XM_022816763.1	7663	7426.15	0	0
XM_022816764.1	7657	7420.15	0	0
XM_022816765.1	7401	7164.15	0	0
XM_022816766.1	7374	7137.15	0	0
XM_022816767.1	1067	830.148	0	0
XM_022816768.1	780	544.553	0	0
XM_022816769.1	2978	2741.15	0	0
XM_022816770.1	1153	916.148	0	0
XM_022816771.1	1550	1313.15	0	0
XM_022816772.1	723	488.376	0	0
XM_022816773.1	2504	2267.15	0	0
XM_022816774.1	10209	9972.15	0	0
XM_022816775.1	4802	4565.15	0	0
XM_022816776.1	4707	4470.15	0	0
XM_022816777.1	3113	2876.15	0	0
XM_022816778.1	2198	1961.15	0	0
XM_022816779.1	1542	1305.15	0	0
XM_022816780.1	1618	1381.15	0	0
XM_022816781.1	1704	1467.15	0	0
XM_022816782.1	2525	2288.15	0	0
XM_022816783.1	10100	9863.15	0	0
XM_022816784.1	2482	2245.15	0	0
XM_022816785.1	4800	4563.15	0	0
XM_022816786.1	4563	4326.15	0	0
XM_022816787.1	678	444.021	0	0
XM_022816788.1	618	385.73	0	0
XM_022816789.1	1800	1563.15	0	0
XM_022816790.1	5024	4787.15	0	0
XM_022816791.1	4033	3796.15	0	0
XM_022816792.1	2992	2755.15	0	0
XM_022816793.1	1606	1369.15	0	0
XM_022816794.1	2040	1803.15	0	0
XM_022816795.1	2296	2059.15	0	0
XM_022816796.1	639	406.134	0	0
XM_022816797.1	2039	1802.15	0	0
XM_022816798.1	3830	3593.15	0	0
XM_022816799.1	2393	2156.15	0	0
XM_022816800.1	1389	1152.15	0	0
XM_022816801.1	948	711.441	0	0
XM_022816802.1	2842	2605.15	0	0
XM_022816803.1	3859	3622.15	0	0
XM_022816804.1	872	635.915	0	0
XM_022816805.1	1202	965.148	0	0
XM_022816806.1	1431	1194.15	0	0
XM_022816807.1	2029	1792.15	0	0
XM_022816808.1	1653	1416.15	0	0
XM_022816809.1	3821	3584.15	0	0
XM_022816810.1	2027	1790.15	0	0
XM_022816811.1	606	374.341	0	0
XM_022816812.1	348	155.386	0	0
XM_022816813.1	3173	2936.15	0	0
XM_022816814.1	2014	1777.15	0	0
XM_022816815.1	4297	4060.15	0	0
XM_022816816.1	5960	5723.15	0	0
XM_022816817.1	9948	9711.15	0	0
XM_022816818.1	8458	8221.15	0	0
XM_022816819.1	2612	2375.15	0	0
XM_022816820.1	2115	1878.15	0	0
XM_022816821.1	2859	2622.15	0	0
XM_022816822.1	2441	2204.15	0	0
XM_022816823.1	4088	3851.15	0	0
XM_022816824.1	686	451.796	60024.8	24262.5
XM_022816825.1	553	324.087	10.058	5.66755
XM_022816826.1	1048	811.148	0	0
XM_022816827.1	1827	1590.15	0	0
XM_022816828.1	4353	4116.15	0	0
XM_022816829.1	2576	2339.15	0	0
XM_022816830.1	2953	2716.15	0	0
XM_022816831.1	2875	2638.15	0	0
XM_022816832.1	2684	2447.15	0	0
XM_022816833.1	4191	3954.15	0	0
XM_022816834.1	4441	4204.15	0	0
XM_022816835.1	5334	5097.15	0	0
XM_022816836.1	5439	5202.15	0	0
XM_022816837.1	3579	3342.15	0	0
XM_022816838.1	2744	2507.15	0	0
XM_022816839.1	2693	2456.15	0	0
XM_022816840.1	2217	1980.15	0	0
XM_022816841.1	1438	1201.15	0	0
XM_022816842.1	1357	1120.15	0	0
XM_022816843.1	588	357.074	0	0
XM_022816844.1	3348	3111.15	0	0
XM_022816845.1	3403	3166.15	0	0
XM_022816846.1	2287	2050.15	0	0
XM_022816847.1	2198	1961.15	0	0
XM_022816848.1	2189	1952.15	0	0
XM_022816849.1	2239	2002.15	0	0
XM_022816850.1	3349	3112.15	0	0
XM_022816851.1	2226	1989.15	0	0
XM_022816852.1	1189	952.148	0	0
XM_022816853.1	5182	4945.15	0	0
XM_022816854.1	1190	953.148	0	0
XM_022816855.1	2107	1870.15	0	0
XM_022816856.1	1715	1478.15	0	0
XM_022816857.1	1707	1470.15	0	0
XM_022816858.1	2023	1786.15	0	0
XM_022816859.1	1669	1432.15	0	0
XM_022816860.1	4411	4174.15	0	0
XM_022816861.1	4404	4167.15	0	0
XM_022816862.1	4389	4152.15	0	0
XM_022816863.1	4384	4147.15	0	0
XM_022816864.1	4365	4128.15	0	0
XM_022816865.1	4359	4122.15	0	0
XM_022816866.1	4343	4106.15	0	0
XM_022816867.1	4336	4099.15	0	0
XM_022816868.1	896	659.786	0	0
XM_022816869.1	11701	11464.1	0	0
XM_022816870.1	12061	11824.1	0	0
XM_022816871.1	11804	11567.1	0	0
XM_022816872.1	9776	9539.15	0	0
XM_022816873.1	9516	9279.15	0	0
XM_022816874.1	9359	9122.15	0	0
XM_022816875.1	3629	3392.15	0	0
XM_022816876.1	4079	3842.15	0	0
XM_022816877.1	2313	2076.15	0	0
XM_022816878.1	4957	4720.15	0	0
XM_022816879.1	4954	4717.15	0	0
XM_022816880.1	4945	4708.15	0	0
XM_022816881.1	4915	4678.15	0	0
XM_022816882.1	4913	4676.15	0	0
XM_022816883.1	4815	4578.15	0	0
XM_022816884.1	7104	6867.15	0	0
XM_022816885.1	4692	4455.15	0	0
XM_022816886.1	4870	4633.15	0	0
XM_022816887.1	2891	2654.15	0	0
XM_022816888.1	9123	8886.15	0	0
XM_022816889.1	4434	4197.15	0	0
XM_022816890.1	6573	6336.15	0	0
XM_022816891.1	6874	6637.15	0	0
XM_022816892.1	7468	7231.15	0	0
XM_022816893.1	3156	2919.15	0	0
XM_022816894.1	9416	9179.15	0	0
XM_022816895.1	7464	7227.15	0	0
XM_022816896.1	9409	9172.15	0	0
XM_022816897.1	6315	6078.15	0	0
XM_022816898.1	7094	6857.15	0	0
XM_022816899.1	7090	6853.15	0	0
XM_022816900.1	3128	2891.15	0	0
XM_022816901.1	1833	1596.15	0	0
XM_022816902.1	3125	2888.15	0	0
XM_022816903.1	864	627.915	0	0
XM_022816904.1	1786	1549.15	0	0
XM_022816905.1	1529	1292.15	0	0
XM_022816906.1	1699	1462.15	0	0
XM_022816907.1	4480	4243.15	0	0
XM_022816908.1	2570	2333.15	0	0
XM_022816909.1	2181	1944.15	0	0
XM_022816910.1	2529	2292.15	0	0
XM_022816911.1	2045	1808.15	0	0
XM_022816912.1	2561	2324.15	0	0
XM_022816913.1	486	264.853	0	0
XM_022816914.1	489	267.38	0	0
XM_022816915.1	1348	1111.15	0	0
XM_022816916.1	2138	1901.15	0	0
XM_022816917.1	2148	1911.15	0	0
XM_022816918.1	1445	1208.15	0	0
XM_022816919.1	2479	2242.15	0	0
XM_022816920.1	2558	2321.15	0	0
XM_022816921.1	1504	1267.15	0	0
XM_022816922.1	3646	3409.15	0	0
XM_022816923.1	2375	2138.15	0	0
XM_022816924.1	2339	2102.15	0	0
XM_022816925.1	991	754.224	0	0
XM_022816926.1	3342	3105.15	0	0
XM_022816927.1	462	244.394	0	0
XM_022816928.1	2508	2271.15	0	0
XM_022816929.1	763	527.713	0	0
XM_022816930.1	2540	2303.15	0	0
XM_022816931.1	1663	1426.15	0	0
XM_022816932.1	1589	1352.15	0	0
XM_022816933.1	2737	2500.15	0	0
XM_022816934.1	3363	3126.15	0	0
XM_022816935.1	1651	1414.15	0	0
XM_022816936.1	1668	1431.15	0	0
XM_022816937.1	1700	1463.15	0	0
XM_022816938.1	1348	1111.15	0	0
XM_022816939.1	1468	1231.15	0	0
XM_022816940.1	1596	1359.15	0	0
XM_022816941.1	1572	1335.15	0	0
XM_022816942.1	1516	1279.15	0	0
XM_022816943.1	1594	1357.15	0	0
XM_022816944.1	2476	2239.15	0	0
XM_022816945.1	1381	1144.15	0	0
XM_022816946.1	1378	1141.15	0	0
XM_022816947.1	5368	5131.15	0	0
XM_022816948.1	1540	1303.15	0	0
XM_022816949.1	5204	4967.15	0	0
XM_022816950.1	1287	1050.15	0	0
XM_022816951.1	745	509.974	0	0
XM_022816952.1	503	279.622	0	0
XM_022816953.1	598	366.49	0	0
XM_022816954.1	561	331.688	0	0
XM_022816955.1	403	196.977	0	0
XM_022816956.1	6184	5947.15	0	0
XM_022816957.1	2497	2260.15	0	0
XM_022816958.1	2689	2452.15	0	0
XM_022816959.1	3603	3366.15	0	0
XM_022816960.1	3956	3719.15	0	0
XM_022816961.1	664	430.548	0	0
XM_022816962.1	3319	3082.15	0	0
XM_022816963.1	858	622.04	0	0
XM_022816964.1	9002	8765.15	0	0
XM_022816965.1	3233	2996.15	0	0
XM_022816966.1	7130	6893.15	0	0
XM_022816967.1	7082	6845.15	0	0
XM_022816968.1	6214	5977.15	0	0
XM_022816969.1	5935	5698.15	0	0
XM_022816970.1	9068	8831.15	0	0
XM_022816971.1	6693	6456.15	0	0
XM_022816972.1	4597	4360.15	0	0
XM_022816973.1	4585	4348.15	0	0
XM_022816974.1	4235	3998.15	0	0
XM_022816975.1	3212	2975.15	0	0
XM_022816976.1	4230	3993.15	0	0
XM_022816977.1	1684	1447.15	0	0
XM_022816978.1	1138	901.148	0	0
XM_022816979.1	5190	4953.15	0	0
XM_022816980.1	5184	4947.15	0	0
XM_022816981.1	4921	4684.15	0	0
XM_022816982.1	2993	2756.15	0	0
XM_022816983.1	2986	2749.15	0	0
XM_022816984.1	3182	2945.15	0	0
XM_022816985.1	2985	2748.15	0	0
XM_022816986.1	2652	2415.15	0	0
XM_022816987.1	1935	1698.15	0	0
XM_022816988.1	1280	1043.15	0	0
XM_022816989.1	1467	1230.15	0	0
XM_022816990.1	1168	931.148	0	0
XM_022816991.1	1079	842.148	0	0
XM_022816992.1	6422	6185.15	0	0
XM_022816993.1	6269	6032.15	0	0
XM_022816994.1	6413	6176.15	0	0
XM_022816995.1	6380	6143.15	0	0
XM_022816996.1	6343	6106.15	0	0
XM_022816997.1	6301	6064.15	0	0
XM_022816998.1	6421	6184.15	0	0
XM_022816999.1	6289	6052.15	0	0
XM_022817000.1	5165	4928.15	0	0
XM_022817001.1	2703	2466.15	0	0
XM_022817002.1	4344	4107.15	0	0
XM_022817003.1	6192	5955.15	0	0
XM_022817004.1	1012	775.148	0	0
XM_022817005.1	7581	7344.15	0	0
XM_022817006.1	6648	6411.15	3.41294	0.0972164
XM_022817007.1	7461	7224.15	0	0
XM_022817008.1	8029	7792.15	0	0
XM_022817009.1	7320	7083.15	0	0
XM_022817010.1	2284	2047.15	0	0
XM_022817011.1	7730	7493.15	0	0
XM_022817012.1	3834	3597.15	0	0
XM_022817013.1	4042	3805.15	0	0
XM_022817014.1	4039	3802.15	0	0
XM_022817015.1	3886	3649.15	0	0
XM_022817016.1	2134	1897.15	0	0
XM_022817017.1	3840	3603.15	0	0
XM_022817018.1	2999	2762.15	0	0
XM_022817019.1	2267	2030.15	0	0
XM_022817020.1	6053	5816.15	0	0
XM_022817021.1	3027	2790.15	0	0
XM_022817022.1	3022	2785.15	0	0
XM_022817023.1	2091	1854.15	0	0
XM_022817024.1	1139	902.148	0	0
XM_022817025.1	656	422.719	0	0
XM_022817026.1	1101	864.148	0	0
XM_022817027.1	1061	824.148	0	0
XM_022817028.1	10221	9984.15	0	0
XM_022817029.1	9199	8962.15	0	0
XM_022817030.1	1063	826.148	0	0
XM_022817031.1	895	658.786	0	0
XM_022817032.1	4616	4379.15	0	0
XM_022817033.1	7063	6826.15	0	0
XM_022817034.1	6890	6653.15	0	0
XM_022817035.1	7060	6823.15	0	0
XM_022817036.1	6817	6580.15	0	0
XM_022817037.1	5810	5573.15	0	0
XM_022817038.1	2810	2573.15	0	0
XM_022817039.1	5724	5487.15	0	0
XM_022817040.1	2551	2314.15	0	0
XM_022817041.1	4233	3996.15	0	0
XM_022817042.1	2509	2272.15	0	0
XM_022817043.1	2450	2213.15	0	0
XM_022817044.1	4614	4377.15	0	0
XM_022817045.1	2519	2282.15	0	0
XM_022817046.1	4141	3904.15	0	0
XM_022817047.1	8669	8432.15	0	0
XM_022817048.1	8229	7992.15	0	0
XM_022817049.1	8017	7780.15	0	0
XM_022817050.1	8570	8333.15	0	0
XM_022817051.1	5190	4953.15	0	0
XM_022817052.1	8129	7892.15	0	0
XM_022817053.1	7904	7667.15	0	0
XM_022817054.1	8573	8336.15	0	0
XM_022817055.1	8190	7953.15	0	0
XM_022817056.1	7388	7151.15	0	0
XM_022817057.1	7684	7447.15	0	0
XM_022817058.1	8029	7792.15	0	0
XM_022817059.1	7523	7286.15	0	0
XM_022817060.1	7388	7151.15	0	0
XM_022817061.1	7156	6919.15	0	0
XM_022817062.1	7043	6806.15	0	0
XM_022817063.1	6776	6539.15	0	0
XM_022817064.1	7197	6960.15	0	0
XM_022817065.1	5035	4798.15	0	0
XM_022817066.1	2463	2226.15	0	0
XM_022817067.1	2494	2257.15	0	0
XM_022817068.1	2230	1993.15	0	0
XM_022817069.1	1717	1480.15	0	0
XM_022817070.1	11127	10890.1	2.00282	0.0335858
XM_022817071.1	1196	959.148	0	0
XM_022817072.1	1785	1548.15	0	0
XM_022817073.1	1691	1454.15	0	0
XM_022817074.1	3997	3760.15	0	0
XM_022817075.1	3646	3409.15	0	0
XM_022817076.1	3411	3174.15	0	0
XM_022817077.1	11378	11141.1	0	0
XM_022817078.1	11191	10954.1	0	0
XM_022817079.1	4478	4241.15	0	0
XM_022817080.1	10927	10690.1	0	0
XM_022817081.1	11159	10922.1	0	0
XM_022817082.1	10666	10429.1	0	0
XM_022817083.1	10977	10740.1	0	0
XM_022817084.1	10884	10647.1	0	0
XM_022817085.1	10203	9966.15	0	0
XM_022817086.1	5161	4924.15	0	0
XM_022817087.1	4985	4748.15	0	0
XM_022817088.1	4678	4441.15	0	0
XM_022817089.1	697	462.612	0	0
XM_022817090.1	5319	5082.15	0	0
XM_022817091.1	2869	2632.15	0	0
XM_022817092.1	3475	3238.15	0	0
XM_022817093.1	3654	3417.15	0	0
XM_022817094.1	1391	1154.15	0	0
XM_022817095.1	1390	1153.15	0	0
XM_022817096.1	1376	1139.15	0	0
XM_022817097.1	5319	5082.15	0	0
XM_022817098.1	6892	6655.15	0	0
XM_022817099.1	1455	1218.15	0	0
XM_022817100.1	5840	5603.15	0	0
XM_022817101.1	5875	5638.15	0	0
XM_022817102.1	5797	5560.15	0	0
XM_022817103.1	5783	5546.15	0	0
XM_022817104.1	9012	8775.15	0	0
XM_022817105.1	6357	6120.15	0	0
XM_022817106.1	6103	5866.15	0	0
XM_022817107.1	6872	6635.15	0	0
XM_022817108.1	7437	7200.15	0	0
XM_022817109.1	5281	5044.15	0	0
XM_022817110.1	3974	3737.15	0	0
XM_022817111.1	3435	3198.15	0	0
XM_022817112.1	4860	4623.15	0	0
XM_022817113.1	5225	4988.15	0	0
XM_022817114.1	3168	2931.15	0	0
XM_022817115.1	4926	4689.15	0	0
XM_022817116.1	4887	4650.15	0	0
XM_022817117.1	4757	4520.15	0	0
XM_022817118.1	1388	1151.15	0	0
XM_022817119.1	3717	3480.15	0	0
XM_022817120.1	5713	5476.15	0	0
XM_022817121.1	3947	3710.15	0	0
XM_022817122.1	3700	3463.15	0	0
XM_022817123.1	4439	4202.15	0	0
XM_022817124.1	3835	3598.15	0	0
XM_022817125.1	4422	4185.15	0	0
XM_022817126.1	3818	3581.15	0	0
XM_022817127.1	3340	3103.15	0	0
XM_022817128.1	7398	7161.15	0	0
XM_022817129.1	6403	6166.15	0	0
XM_022817130.1	6298	6061.15	0	0
XM_022817131.1	7249	7012.15	0	0
XM_022817132.1	7128	6891.15	0	0
XM_022817133.1	7063	6826.15	0	0
XM_022817134.1	2191	1954.15	0	0
XM_022817135.1	3323	3086.15	0	0
XM_022817136.1	3318	3081.15	0	0
XM_022817137.1	10735	10498.1	0	0
XM_022817138.1	6027	5790.15	0	0
XM_022817139.1	10729	10492.1	0	0
XM_022817140.1	2023	1786.15	0	0
XM_022817141.1	1911	1674.15	0	0
XM_022817142.1	1281	1044.15	0	0
XM_022817143.1	1270	1033.15	0	0
XM_022817144.1	2008	1771.15	0	0
XM_022817145.1	3840	3603.15	0	0
XM_022817146.1	2087	1850.15	0	0
XM_022817147.1	2049	1812.15	0	0
XM_022817148.1	1954	1717.15	0	0
XM_022817149.1	1966	1729.15	0	0
XM_022817150.1	1942	1705.15	0	0
XM_022817151.1	1956	1719.15	0	0
XM_022817152.1	1997	1760.15	0	0
XM_022817153.1	1928	1691.15	0	0
XM_022817154.1	1963	1726.15	0	0
XM_022817155.1	8214	7977.15	0	0
XM_022817156.1	5239	5002.15	0	0
XM_022817157.1	6117	5880.15	0	0
XM_022817158.1	11974	11737.1	0	0
XM_022817159.1	6221	5984.15	0	0
XM_022817160.1	5613	5376.15	0	0
XM_022817161.1	5874	5637.15	0	0
XM_022817162.1	11537	11300.1	0	0
XM_022817163.1	11455	11218.1	0	0
XM_022817164.1	5885	5648.15	0	0
XM_022817165.1	5148	4911.15	0	0
XM_022817166.1	3461	3224.15	0	0
XM_022817167.1	5073	4836.15	0	0
XM_022817168.1	5054	4817.15	0	0
XM_022817169.1	5016	4779.15	0	0
XM_022817170.1	5012	4775.15	0	0
XM_022817171.1	11204	10967.1	0	0
XM_022817172.1	10958	10721.1	0	0
XM_022817173.1	5058	4821.15	0	0
XM_022817174.1	3649	3412.15	0	0
XM_022817175.1	3601	3364.15	0	0
XM_022817176.1	5009	4772.15	0	0
XM_022817177.1	4154	3917.15	0	0
XM_022817178.1	3342	3105.15	0	0
XM_022817179.1	3312	3075.15	0	0
XM_022817180.1	3527	3290.15	0	0
XM_022817181.1	7119	6882.15	0	0
XM_022817182.1	1460	1223.15	0	0
XM_022817183.1	1018	781.148	0	0
XM_022817184.1	1904	1667.15	0	0
XM_022817185.1	3723	3486.15	0	0
XM_022817186.1	2393	2156.15	0	0
XM_022817187.1	498	275.081	0	0
XM_022817188.1	2653	2416.15	0	0
XM_022817189.1	1567	1330.15	0	0
XM_022817190.1	18337	18100.1	0	0
XM_022817191.1	3721	3484.15	0	0
XM_022817192.1	3003	2766.15	0	0
XM_022817193.1	723	488.376	0	0
XM_022817194.1	1014	777.148	0	0
XM_022817195.1	1536	1299.15	0	0
XM_022817196.1	4053	3816.15	0	0
XM_022817197.1	2616	2379.15	0	0
XM_022817198.1	2577	2340.15	0	0
XM_022817199.1	2652	2415.15	0	0
XM_022817200.1	2649	2412.15	0	0
XM_022817201.1	2574	2337.15	0	0
XM_022817202.1	2613	2376.15	0	0
XM_022817203.1	2558	2321.15	0	0
XM_022817204.1	2440	2203.15	0	0
XM_022817205.1	2607	2370.15	0	0
XM_022817206.1	618	385.73	0	0
XM_022817207.1	6620	6383.15	0	0
XM_022817208.1	4003	3766.15	0	0
XM_022817209.1	2919	2682.15	3.48551	0.237318
XM_022817210.1	4850	4613.15	0	0
XM_022817211.1	4837	4600.15	0	0
XM_022817212.1	3936	3699.15	0	0
XM_022817213.1	4846	4609.15	0	0
XM_022817214.1	4789	4552.15	0	0
XM_022817215.1	4285	4048.15	0	0
XM_022817216.1	4015	3778.15	0	0
XM_022817217.1	4172	3935.15	0	0
XM_022817218.1	2857	2620.15	0	0
XM_022817219.1	10375	10138.1	0	0
XM_022817220.1	10363	10126.1	0	0
XM_022817221.1	3838	3601.15	0	0
XM_022817222.1	2443	2206.15	0	0
XM_022817223.1	2440	2203.15	0	0
XM_022817224.1	1628	1391.15	0	0
XM_022817225.1	1641	1404.15	0	0
XM_022817226.1	1600	1363.15	0	0
XM_022817227.1	1637	1400.15	0	0
XM_022817228.1	1623	1386.15	0	0
XM_022817229.1	1613	1376.15	0	0
XM_022817230.1	3672	3435.15	0	0
XM_022817231.1	1563	1326.15	0	0
XM_022817232.1	1387	1150.15	0	0
XM_022817233.1	870	633.915	0	0
XM_022817234.1	3173	2936.15	0	0
XM_022817235.1	3465	3228.15	0	0
XM_022817236.1	3390	3153.15	0	0
XM_022817237.1	3714	3477.15	0	0
XM_022817238.1	5130	4893.15	0	0
XM_022817239.1	2333	2096.15	0	0
XM_022817240.1	4677	4440.15	0	0
XM_022817241.1	4721	4484.15	0	0
XM_022817242.1	4706	4469.15	0	0
XM_022817243.1	4899	4662.15	0	0
XM_022817244.1	4575	4338.15	0	0
XM_022817245.1	6482	6245.15	0	0
XM_022817246.1	5426	5189.15	0	0
XM_022817247.1	3788	3551.15	0	0
XM_022817248.1	9271	9034.15	0	0
XM_022817249.1	9265	9028.15	0	0
XM_022817250.1	7119	6882.15	0	0
XM_022817251.1	7847	7610.15	0	0
XM_022817252.1	6983	6746.15	0	0
XM_022817253.1	1906	1669.15	0	0
XM_022817254.1	1635	1398.15	0	0
XM_022817255.1	4374	4137.15	0	0
XM_022817256.1	4165	3928.15	0	0
XM_022817257.1	3451	3214.15	0	0
XM_022817258.1	3636	3399.15	0	0
XM_022817259.1	6985	6748.15	0	0
XM_022817260.1	7762	7525.15	0	0
XM_022817261.1	4621	4384.15	0	0
XM_022817262.1	3208	2971.15	0	0
XM_022817263.1	7746	7509.15	0	0
XM_022817264.1	7651	7414.15	0	0
XM_022817265.1	7433	7196.15	0	0
XM_022817266.1	7167	6930.15	0	0
XM_022817267.1	7654	7417.15	0	0
XM_022817268.1	3250	3013.15	0	0
XM_022817269.1	3304	3067.15	0	0
XM_022817270.1	2417	2180.15	0	0
XM_022817271.1	2911	2674.15	0	0
XM_022817272.1	576	345.999	0	0
XM_022817273.1	1225	988.148	0	0
XM_022817274.1	1198	961.148	0	0
XM_022817275.1	3475	3238.15	0	0
XM_022817276.1	3466	3229.15	0	0
XM_022817277.1	3416	3179.15	0	0
XM_022817278.1	3639	3402.15	0	0
XM_022817279.1	3309	3072.15	0	0
XM_022817280.1	11851	11614.1	0	0
XM_022817281.1	3191	2954.15	0	0
XM_022817282.1	1240	1003.15	0	0
XM_022817283.1	6547	6310.15	0	0
XM_022817284.1	3148	2911.15	0	0
XM_022817285.1	5366	5129.15	0	0
XM_022817286.1	5161	4924.15	0	0
XM_022817287.1	5756	5519.15	0	0
XM_022817288.1	5729	5492.15	0	0
XM_022817289.1	11710	11473.1	0	0
XM_022817290.1	4991	4754.15	0	0
XM_022817291.1	2756	2519.15	0	0
XM_022817292.1	2744	2507.15	0	0
XM_022817293.1	2732	2495.15	0	0
XM_022817294.1	2745	2508.15	0	0
XM_022817295.1	2647	2410.15	0	0
XM_022817296.1	1882	1645.15	0	0
XM_022817297.1	1422	1185.15	0	0
XM_022817298.1	11723	11486.1	0	0
XM_022817299.1	7368	7131.15	0	0
XM_022817300.1	4244	4007.15	0	0
XM_022817301.1	3604	3367.15	0	0
XM_022817302.1	4015	3778.15	0	0
XM_022817303.1	4235	3998.15	0	0
XM_022817304.1	5443	5206.15	0	0
XM_022817305.1	5597	5360.15	0	0
XM_022817306.1	5590	5353.15	0	0
XM_022817307.1	4735	4498.15	0	0
XM_022817308.1	1886	1649.15	0	0
XM_022817309.1	3164	2927.15	0	0
XM_022817310.1	1351	1114.15	0	0
XM_022817311.1	877	640.915	0	0
XM_022817312.1	1409	1172.15	0	0
XM_022817313.1	5074	4837.15	0	0
XM_022817314.1	5056	4819.15	0	0
XM_022817315.1	4987	4750.15	0	0
XM_022817316.1	10332	10095.1	0.873871	0.0158081
XM_022817317.1	4953	4716.15	0	0
XM_022817318.1	3664	3427.15	0	0
XM_022817319.1	3321	3084.15	0	0
XM_022817320.1	3403	3166.15	0	0
XM_022817321.1	3875	3638.15	0	0
XM_022817322.1	1719	1482.15	0	0
XM_022817323.1	6080	5843.15	0	0
XM_022817324.1	3944	3707.15	0	0
XM_022817325.1	3666	3429.15	0	0
XM_022817326.1	4704	4467.15	0	0
XM_022817327.1	4453	4216.15	0	0
XM_022817328.1	4273	4036.15	0	0
XM_022817329.1	3706	3469.15	0	0
XM_022817330.1	4688	4451.15	0	0
XM_022817331.1	3844	3607.15	0	0
XM_022817332.1	3719	3482.15	0	0
XM_022817333.1	6030	5793.15	0	0
XM_022817334.1	3116	2879.15	0	0
XM_022817335.1	3109	2872.15	0	0
XM_022817336.1	2659	2422.15	0	0
XM_022817337.1	2653	2416.15	0	0
XM_022817338.1	4761	4524.15	0	0
XM_022817339.1	3848	3611.15	0	0
XM_022817340.1	4620	4383.15	0	0
XM_022817341.1	4270	4033.15	0	0
XM_022817342.1	2177	1940.15	0	0
XM_022817343.1	4058	3821.15	0	0
XM_022817344.1	3512	3275.15	0	0
XM_022817345.1	5249	5012.15	0	0
XM_022817346.1	3987	3750.15	0	0
XM_022817347.1	3926	3689.15	0	0
XM_022817348.1	3424	3187.15	0	0
XM_022817349.1	3817	3580.15	0	0
XM_022817350.1	5117	4880.15	0	0
XM_022817351.1	3267	3030.15	0	0
XM_022817352.1	9232	8995.15	0	0
XM_022817353.1	9178	8941.15	0	0
XM_022817354.1	3915	3678.15	0	0
XM_022817355.1	4649	4412.15	0	0
XM_022817356.1	3903	3666.15	0	0
XM_022817357.1	3915	3678.15	0	0
XM_022817358.1	3974	3737.15	0	0
XM_022817359.1	1932	1695.15	0	0
XM_022817360.1	1901	1664.15	0	0
XM_022817361.1	2696	2459.15	0	0
XM_022817362.1	5012	4775.15	0	0
XM_022817363.1	5000	4763.15	0	0
XM_022817364.1	4742	4505.15	0	0
XM_022817365.1	5739	5502.15	0	0
XM_022817366.1	2127	1890.15	0	0
XM_022817367.1	2124	1887.15	0	0
XM_022817368.1	3190	2953.15	0	0
XM_022817369.1	2115	1878.15	0	0
XM_022817370.1	2022	1785.15	0	0
XM_022817371.1	1077	840.148	0	0
XM_022817372.1	3702	3465.15	0	0
XM_022817373.1	971	734.297	0	0
XM_022817374.1	6000	5763.15	0	0
XM_022817375.1	5948	5711.15	0	0
XM_022817376.1	3311	3074.15	0	0
XM_022817377.1	2943	2706.15	0	0
XM_022817378.1	3161	2924.15	0	0
XM_022817379.1	3425	3188.15	0	0
XM_022817380.1	1220	983.148	0	0
XM_022817381.1	1801	1564.15	0	0
XM_022817382.1	3138	2901.15	0	0
XM_022817383.1	3627	3390.15	0	0
XM_022817384.1	1914	1677.15	0	0
XM_022817385.1	3680	3443.15	0	0
XM_022817386.1	4202	3965.15	0	0
XM_022817387.1	3058	2821.15	0	0
XM_022817388.1	4665	4428.15	0	0
XM_022817389.1	3714	3477.15	0	0
XM_022817390.1	3727	3490.15	0	0
XM_022817391.1	1300	1063.15	0	0
XM_022817392.1	1204	967.148	0	0
XM_022817393.1	831	595.102	0	0
XM_022817394.1	1092	855.148	0	0
XM_022817395.1	3760	3523.15	0	0
XM_022817396.1	1444	1207.15	0	0
XM_022817397.1	4690	4453.15	0	0
XM_022817398.1	4571	4334.15	0	0
XM_022817399.1	992	755.224	0	0
XM_022817400.1	3340	3103.15	0	0
XM_022817401.1	2622	2385.15	0	0
XM_022817402.1	3013	2776.15	0	0
XM_022817403.1	1723	1486.15	0	0
XM_022817404.1	1422	1185.15	0	0
XM_022817405.1	6769	6532.15	0	0
XM_022817406.1	1279	1042.15	0	0
XM_022817407.1	947	710.441	0	0
XM_022817408.1	6830	6593.15	0	0
XM_022817409.1	3490	3253.15	0	0
XM_022817410.1	5427	5190.15	0	0
XM_022817411.1	3987	3750.15	0	0
XM_022817412.1	2354	2117.15	0	0
XM_022817413.1	2352	2115.15	0	0
XM_022817414.1	1710	1473.15	0	0
XM_022817415.1	4230	3993.15	6.33237	0.289599
XM_022817416.1	2005	1768.15	0	0
XM_022817417.1	1304	1067.15	0	0
XM_022817418.1	1589	1352.15	0	0
XM_022817419.1	1565	1328.15	0	0
XM_022817420.1	948	711.441	0	0
XM_022817421.1	1283	1046.15	0	0
XM_022817422.1	5060	4823.15	0	0
XM_022817423.1	4231	3994.15	0	0
XM_022817424.1	2028	1791.15	0	0
XM_022817425.1	8542	8305.15	0	0
XM_022817426.1	8928	8691.15	0	0
XM_022817427.1	4011	3774.15	0	0
XM_022817428.1	8012	7775.15	0	0
XM_022817429.1	7404	7167.15	0	0
XM_022817430.1	7952	7715.15	0	0
XM_022817431.1	1607	1370.15	0	0
XM_022817432.1	7965	7728.15	0	0
XM_022817433.1	7535	7298.15	0	0
XM_022817434.1	7511	7274.15	0	0
XM_022817435.1	2208	1971.15	0	0
XM_022817436.1	3403	3166.15	0	0
XM_022817437.1	3220	2983.15	0	0
XM_022817438.1	2575	2338.15	0	0
XM_022817439.1	3520	3283.15	0	0
XM_022817440.1	3400	3163.15	0	0
XM_022817441.1	3331	3094.15	0	0
XM_022817442.1	3199	2962.15	0	0
XM_022817443.1	3127	2890.15	0	0
XM_022817444.1	3124	2887.15	0	0
XM_022817445.1	6817	6580.15	0	0
XM_022817446.1	2863	2626.15	0	0
XM_022817447.1	707	472.425	0	0
XM_022817448.1	558	328.755	0	0
XM_022817449.1	5743	5506.15	0	0
XM_022817450.1	6032	5795.15	0	0
XM_022817451.1	6813	6576.15	0	0
XM_022817452.1	6787	6550.15	0	0
XM_022817453.1	5578	5341.15	0	0
XM_022817454.1	5650	5413.15	0	0
XM_022817455.1	5530	5293.15	0	0
XM_022817456.1	5964	5727.15	0	0
XM_022817457.1	4941	4704.15	0	0
XM_022817458.1	4233	3996.15	0	0
XM_022817459.1	4199	3962.15	0	0
XM_022817460.1	5633	5396.15	0	0
XM_022817461.1	6648	6411.15	0	0
XM_022817462.1	2357	2120.15	0	0
XM_022817463.1	2363	2126.15	0	0
XM_022817464.1	2310	2073.15	0	0
XM_022817465.1	2214	1977.15	0	0
XM_022817466.1	903	666.72	0	0
XM_022817467.1	4946	4709.15	0	0
XM_022817468.1	3371	3134.15	0	0
XM_022817469.1	1927	1690.15	0	0
XM_022817470.1	6660	6423.15	0	0
XM_022817471.1	1928	1691.15	0	0
XM_022817472.1	1672	1435.15	0	0
XM_022817473.1	1458	1221.15	0	0
XM_022817474.1	1647	1410.15	0	0
XM_022817475.1	596	364.638	0	0
XM_022817476.1	6721	6484.15	0	0
XM_022817477.1	6700	6463.15	0	0
XM_022817478.1	7378	7141.15	0	0
XM_022817479.1	6837	6600.15	0	0
XM_022817480.1	6799	6562.15	0	0
XM_022817481.1	7350	7113.15	0	0
XM_022817482.1	6791	6554.15	0	0
XM_022817483.1	6894	6657.15	0	0
XM_022817484.1	6752	6515.15	0	0
XM_022817485.1	7662	7425.15	0	0
XM_022817486.1	1893	1656.15	0	0
XM_022817487.1	6495	6258.15	0	0
XM_022817488.1	1341	1104.15	0	0
XM_022817489.1	4086	3849.15	0	0
XM_022817490.1	4397	4160.15	0	0
XM_022817491.1	4738	4501.15	0	0
XM_022817492.1	4639	4402.15	0	0
XM_022817493.1	4001	3764.15	0	0
XM_022817494.1	3630	3393.15	0	0
XM_022817495.1	528	301.637	0	0
XM_022817496.1	8851	8614.15	0	0
XM_022817497.1	8719	8482.15	0	0
XM_022817498.1	1981	1744.15	0	0
XM_022817499.1	6780	6543.15	4.04469	0.112887
XM_022817500.1	2746	2509.15	0	0
XM_022817501.1	1523	1286.15	0	0
XM_022817502.1	1530	1293.15	0	0
XM_022817503.1	1525	1288.15	0	0
XM_022817504.1	8501	8264.15	0	0
XM_022817505.1	1527	1290.15	0	0
XM_022817506.1	3171	2934.15	0	0
XM_022817507.1	3033	2796.15	0	0
XM_022817508.1	2922	2685.15	0	0
XM_022817509.1	6754	6517.15	0	0
XM_022817510.1	5473	5236.15	0	0
XM_022817511.1	6294	6057.15	0	0
XM_022817512.1	6144	5907.15	0	0
XM_022817513.1	7591	7354.15	0	0
XM_022817514.1	4273	4036.15	0	0
XM_022817515.1	4157	3920.15	0	0
XM_022817516.1	6554	6317.15	0	0
XM_022817517.1	3873	3636.15	0	0
XM_022817518.1	4179	3942.15	0	0
XM_022817519.1	6711	6474.15	0	0
XM_022817520.1	4137	3900.15	0	0
XM_022817521.1	3043	2806.15	0	0
XM_022817522.1	2851	2614.15	0	0
XM_022817523.1	3041	2804.15	0	0
XM_022817524.1	8596	8359.15	0	0
XM_022817525.1	2754	2517.15	0	0
XM_022817526.1	4021	3784.15	0	0
XM_022817527.1	1796	1559.15	0	0
XM_022817528.1	4821	4584.15	0	0
XM_022817529.1	4741	4504.15	0	0
XM_022817530.1	8086	7849.15	0	0
XM_022817531.1	4209	3972.15	0	0
XM_022817532.1	3210	2973.15	0	0
XM_022817533.1	3138	2901.15	0	0
XM_022817534.1	2955	2718.15	0	0
XM_022817535.1	2842	2605.15	0	0
XM_022817536.1	2042	1805.15	0	0
XM_022817537.1	5374	5137.15	0	0
XM_022817538.1	773	537.607	0	0
XM_022817539.1	7729	7492.15	0	0
XM_022817540.1	3651	3414.15	0	0
XM_022817541.1	3018	2781.15	0	0
XM_022817542.1	7789	7552.15	0	0
XM_022817543.1	6000	5763.15	0	0
XM_022817544.1	7698	7461.15	0	0
XM_022817545.1	1584	1347.15	0	0
XM_022817546.1	1850	1613.15	0	0
XM_022817547.1	2275	2038.15	0	0
XM_022817548.1	1660	1423.15	0	0
XM_022817549.1	8402	8165.15	0	0
XM_022817550.1	3429	3192.15	0	0
XM_022817551.1	3199	2962.15	0	0
XM_022817552.1	3025	2788.15	0	0
XM_022817553.1	2668	2431.15	0	0
XM_022817554.1	2384	2147.15	0	0
XM_022817555.1	2264	2027.15	0	0
XM_022817556.1	2393	2156.15	0	0
XM_022817557.1	2321	2084.15	0	0
XM_022817558.1	2096	1859.15	0	0
XM_022817559.1	6660	6423.15	0	0
XM_022817560.1	1335	1098.15	0	0
XM_022817561.1	4549	4312.15	0	0
XM_022817562.1	5752	5515.15	0	0
XM_022817563.1	5571	5334.15	0	0
XM_022817564.1	5930	5693.15	0	0
XM_022817565.1	3333	3096.15	0	0
XM_022817566.1	4105	3868.15	0	0
XM_022817567.1	5409	5172.15	0	0
XM_022817568.1	2673	2436.15	0	0
XM_022817569.1	1413	1176.15	0	0
XM_022817570.1	1443	1206.15	0	0
XM_022817571.1	1522	1285.15	0	0
XM_022817572.1	1283	1046.15	0	0
XM_022817573.1	1250	1013.15	0	0
XM_022817574.1	1113	876.148	0	0
XM_022817575.1	1084	847.148	0	0
XM_022817576.1	1219	982.148	0	0
XM_022817577.1	1086	849.148	0	0
XM_022817578.1	952	715.37	0	0
XM_022817579.1	1580	1343.15	0	0
XM_022817580.1	1110	873.148	0	0
XM_022817581.1	1756	1519.15	0	0
XM_022817582.1	965	728.297	0	0
XM_022817583.1	3235	2998.15	0	0
XM_022817584.1	3118	2881.15	0	0
XM_022817585.1	2085	1848.15	0	0
XM_022817586.1	1065	828.148	0	0
XM_022817587.1	1053	816.148	0	0
XM_022817588.1	1322	1085.15	0	0
XM_022817589.1	2011	1774.15	0	0
XM_022817590.1	2103	1866.15	0	0
XM_022817591.1	3715	3478.15	0	0
XM_022817592.1	2442	2205.15	0	0
XM_022817593.1	2840	2603.15	0	0
XM_022817594.1	2399	2162.15	0	0
XM_022817595.1	2845	2608.15	0	0
XM_022817596.1	1829	1592.15	0	0
XM_022817597.1	2056	1819.15	0	0
XM_022817598.1	2045	1808.15	0	0
XM_022817599.1	2064	1827.15	0	0
XM_022817600.1	2712	2475.15	0	0
XM_022817601.1	1752	1515.15	0	0
XM_022817602.1	2093	1856.15	0	0
XM_022817603.1	1846	1609.15	0	0
XM_022817604.1	1307	1070.15	0	0
XM_022817605.1	5876	5639.15	0	0
XM_022817606.1	5873	5636.15	0	0
XM_022817607.1	6162	5925.15	0	0
XM_022817608.1	5699	5462.15	0	0
XM_022817609.1	5368	5131.15	0	0
XM_022817610.1	810	574.277	0	0
XM_022817611.1	1600	1363.15	0	0
XM_022817612.1	3599	3362.15	0	0
XM_022817613.1	3518	3281.15	0	0
XM_022817614.1	1800	1563.15	0	0
XM_022817615.1	3951	3714.15	0	0
XM_022817616.1	3555	3318.15	0	0
XM_022817617.1	3250	3013.15	0	0
XM_022817618.1	1182	945.148	0	0
XM_022817619.1	2244	2007.15	0	0
XM_022817620.1	4609	4372.15	0	0
XM_022817621.1	2935	2698.15	0	0
XM_022817622.1	4604	4367.15	0	0
XM_022817623.1	3474	3237.15	0	0
XM_022817624.1	3850	3613.15	0	0
XM_022817625.1	962	725.297	0	0
XM_022817626.1	3338	3101.15	0	0
XM_022817627.1	3232	2995.15	0	0
XM_022817628.1	894	657.786	0	0
XM_022817629.1	773	537.607	0	0
XM_022817630.1	5379	5142.15	0	0
XM_022817631.1	5352	5115.15	0	0
XM_022817632.1	3960	3723.15	0	0
XM_022817633.1	4128	3891.15	0	0
XM_022817634.1	3755	3518.15	0	0
XM_022817635.1	3882	3645.15	0	0
XM_022817636.1	6414	6177.15	0	0
XM_022817637.1	4636	4399.15	0	0
XM_022817638.1	4266	4029.15	0	0
XM_022817639.1	3745	3508.15	0	0
XM_022817640.1	1467	1230.15	0	0
XM_022817641.1	1227	990.148	0	0
XM_022817642.1	1143	906.148	0	0
XM_022817643.1	1688	1451.15	0	0
XM_022817644.1	3957	3720.15	0	0
XM_022817645.1	3138	2901.15	0	0
XM_022817646.1	3234	2997.15	0	0
XM_022817647.1	3132	2895.15	0	0
XM_022817648.1	3569	3332.15	0	0
XM_022817649.1	3015	2778.15	0	0
XM_022817650.1	915	678.72	0	0
XM_022817651.1	2908	2671.15	0	0
XM_022817652.1	2787	2550.15	0	0
XM_022817653.1	2821	2584.15	0	0
XM_022817654.1	2701	2464.15	0	0
XM_022817655.1	2584	2347.15	0	0
XM_022817656.1	3203	2966.15	0	0
XM_022817657.1	3066	2829.15	0	0
XM_022817658.1	3203	2966.15	0	0
XM_022817659.1	2644	2407.15	0	0
XM_022817660.1	2839	2602.15	0	0
XM_022817661.1	2667	2430.15	0	0
XM_022817662.1	3301	3064.15	0	0
XM_022817663.1	3270	3033.15	0	0
XM_022817664.1	2691	2454.15	0	0
XM_022817665.1	1788	1551.15	0	0
XM_022817666.1	3134	2897.15	0	0
XM_022817667.1	3130	2893.15	0	0
XM_022817668.1	3123	2886.15	0	0
XM_022817669.1	2961	2724.15	0	0
XM_022817670.1	8602	8365.15	0	0
XM_022817671.1	2949	2712.15	0	0
XM_022817672.1	1184	947.148	0	0
XM_022817673.1	1277	1040.15	0	0
XM_022817674.1	4427	4190.15	0	0
XM_022817675.1	2039	1802.15	0	0
XM_022817676.1	2270	2033.15	0	0
XM_022817677.1	2042	1805.15	0	0
XM_022817678.1	5103	4866.15	0	0
XM_022817679.1	8187	7950.15	0	0
XM_022817680.1	5364	5127.15	0	0
XM_022817681.1	4538	4301.15	0	0
XM_022817682.1	4213	3976.15	0	0
XM_022817683.1	4702	4465.15	0	0
XM_022817684.1	4705	4468.15	0	0
XM_022817685.1	4108	3871.15	0	0
XM_022817686.1	4467	4230.15	0	0
XM_022817687.1	8123	7886.15	0	0
XM_022817688.1	8069	7832.15	0	0
XM_022817689.1	8348	8111.15	0	0
XM_022817690.1	2328	2091.15	0	0
XM_022817691.1	2781	2544.15	0	0
XM_022817692.1	1835	1598.15	0	0
XM_022817693.1	2501	2264.15	0	0
XM_022817694.1	2283	2046.15	0	0
XM_022817695.1	2970	2733.15	0	0
XM_022817696.1	2222	1985.15	0	0
XM_022817697.1	8212	7975.15	0	0
XM_022817698.1	7218	6981.15	0	0
XM_022817699.1	3023	2786.15	0	0
XM_022817700.1	2843	2606.15	0	0
XM_022817701.1	3290	3053.15	0	0
XM_022817702.1	3697	3460.15	1	0.0527779
XM_022817703.1	6815	6578.15	0	0
XM_022817704.1	1468	1231.15	0	0
XM_022817705.1	4275	4038.15	0	0
XM_022817706.1	3642	3405.15	0	0
XM_022817707.1	3382	3145.15	0	0
XM_022817708.1	4440	4203.15	0	0
XM_022817709.1	2590	2353.15	0	0
XM_022817710.1	2858	2621.15	0	0
XM_022817711.1	4396	4159.15	0	0
XM_022817712.1	4065	3828.15	0	0
XM_022817713.1	2896	2659.15	0	0
XM_022817714.1	6528	6291.15	0	0
XM_022817715.1	3780	3543.15	0	0
XM_022817716.1	3532	3295.15	0	0
XM_022817717.1	3545	3308.15	0	0
XM_022817718.1	978	741.224	0	0
XM_022817719.1	3355	3118.15	0	0
XM_022817720.1	5397	5160.15	0	0
XM_022817721.1	4392	4155.15	0	0
XM_022817722.1	5219	4982.15	0	0
XM_022817723.1	6453	6216.15	0	0
XM_022817724.1	3923	3686.15	0	0
XM_022817725.1	3130	2893.15	0	0
XM_022817726.1	2764	2527.15	0	0
XM_022817727.1	571	341.278	0	0
XM_022817728.1	6034	5797.15	0	0
XM_022817729.1	5761	5524.15	0	0
XM_022817730.1	6025	5788.15	0	0
XM_022817731.1	2691	2454.15	0	0
XM_022817732.1	4110	3873.15	0	0
XM_022817733.1	4001	3764.15	0	0
XM_022817734.1	4098	3861.15	0	0
XM_022817735.1	3064	2827.15	1	0.0645948
XM_022817736.1	3972	3735.15	0	0
XM_022817737.1	2299	2062.15	0	0
XM_022817738.1	4286	4049.15	1	0.0451006
XM_022817739.1	2030	1793.15	0	0
XM_022817740.1	2171	1934.15	0	0
XM_022817741.1	2227	1990.15	0	0
XM_022817742.1	2236	1999.15	0	0
XM_022817743.1	2204	1967.15	0	0
XM_022817744.1	2039	1802.15	0	0
XM_022817745.1	1947	1710.15	0	0
XM_022817746.1	1940	1703.15	0	0
XM_022817747.1	1837	1600.15	0	0
XM_022817748.1	1322	1085.15	0	0
XM_022817749.1	1200	963.148	0	0
XM_022817750.1	2968	2731.15	0	0
XM_022817751.1	2418	2181.15	0	0
XM_022817752.1	2921	2684.15	0	0
XM_022817753.1	1667	1430.15	0	0
XM_022817754.1	579	348.788	0	0
XM_022817755.1	3892	3655.15	0	0
XM_022817756.1	4057	3820.15	0	0
XM_022817757.1	3871	3634.15	0	0
XM_022817758.1	3865	3628.15	0	0
XM_022817759.1	3874	3637.15	0	0
XM_022817760.1	3997	3760.15	0	0
XM_022817761.1	1508	1271.15	0	0
XM_022817762.1	1457	1220.15	0	0
XM_022817763.1	2853	2616.15	0	0
XM_022817764.1	2800	2563.15	0	0
XM_022817765.1	2287	2050.15	0	0
XM_022817766.1	3461	3224.15	0	0
XM_022817767.1	3444	3207.15	0	0
XM_022817768.1	3287	3050.15	0	0
XM_022817769.1	4013	3776.15	0	0
XM_022817770.1	1964	1727.15	0	0
XM_022817771.1	8710	8473.15	0	0
XM_022817772.1	8722	8485.15	0	0
XM_022817773.1	8130	7893.15	0	0
XM_022817774.1	9234	8997.15	0	0
XM_022817775.1	10254	10017.1	0	0
XM_022817776.1	9179	8942.15	0	0
XM_022817777.1	9321	9084.15	0	0
XM_022817778.1	8354	8117.15	0	0
XM_022817779.1	1997	1760.15	0	0
XM_022817780.1	2191	1954.15	0	0
XM_022817781.1	3871	3634.15	0	0
XM_022817782.1	3240	3003.15	0	0
XM_022817783.1	4824	4587.15	0	0
XM_022817784.1	2910	2673.15	0	0
XM_022817785.1	2856	2619.15	0	0
XM_022817786.1	2733	2496.15	0	0
XM_022817787.1	2655	2418.15	0	0
XM_022817788.1	2613	2376.15	0	0
XM_022817789.1	2545	2308.15	0	0
XM_022817790.1	853	617.102	1	0.29593
XM_022817791.1	1499	1262.15	0	0
XM_022817792.1	4241	4004.15	0	0
XM_022817793.1	4483	4246.15	0	0
XM_022817794.1	4193	3956.15	0	0
XM_022817795.1	2537	2300.15	0	0
XM_022817796.1	4064	3827.15	0	0
XM_022817797.1	4037	3800.15	0	0
XM_022817798.1	2315	2078.15	0	0
XM_022817799.1	2465	2228.15	0	0
XM_022817800.1	813	577.22	0	0
XM_022817801.1	584	353.218	0	0
XM_022817802.1	5092	4855.15	0	0
XM_022817803.1	2419	2182.15	0	0
XM_022817804.1	2354	2117.15	0	0
XM_022817805.1	506	282.07	0	0
XR_002670157.1	4138	3901.15	0	0
XR_002670158.1	1714	1477.15	0	0
XR_002670159.1	1995	1758.15	0	0
XR_002670160.1	568	338.381	0	0
XR_002670161.1	4553	4316.15	0	0
XR_002670162.1	966	729.297	0	0
XR_002670163.1	1373	1136.15	0	0
XR_002670164.1	546	317.643	0	0
XR_002670165.1	636	403.175	0	0
XR_002670166.1	641	408.052	0	0
XR_002670167.1	454	237.779	0	0
XR_002670168.1	1738	1501.15	0	0
XR_002670169.1	1514	1277.15	0	0
XR_002670170.1	540	312.253	0	0
XR_002670171.1	732	497.278	0	0
XR_002670172.1	917	680.72	0	0
XR_002670173.1	3859	3622.15	0	0
XR_002670174.1	3433	3196.15	0	0
XR_002670175.1	3800	3563.15	0	0
XR_002670176.1	548	319.545	0	0
XR_002670177.1	5466	5229.15	0	0
XR_002670178.1	481	260.402	0	0
XR_002670179.1	2118	1881.15	0	0
XR_002670180.1	2813	2576.15	0	0
XR_002670181.1	1242	1005.15	0	0
XR_002670182.1	520	294.465	0	0
XR_002670183.1	2751	2514.15	0	0
XR_002670184.1	657	423.677	0	0
XR_002670185.1	677	443.11	0	0
XR_002670186.1	2362	2125.15	0	0
XR_002670187.1	4240	4003.15	0	0
XR_002670188.1	3214	2977.15	0	0
XR_002670189.1	2423	2186.15	0	0
XR_002670190.1	1146	909.148	0	0
XR_002670191.1	3532	3295.15	0	0
XR_002670192.1	3734	3497.15	0	0
XR_002670193.1	1036	799.148	0	0
XR_002670194.1	695	460.658	0	0
XR_002670195.1	3809	3572.15	0	0
XR_002670196.1	325	138.148	0	0
XR_002670197.1	4120	3883.15	0	0
XR_002670198.1	3611	3374.15	0	0
XR_002670199.1	3063	2826.15	0	0
XR_002670200.1	909	672.72	0	0
XR_002670201.1	568	338.381	0	0
XR_002670202.1	1076	839.148	0	0
XR_002670203.1	570	340.278	0	0
XR_002670204.1	832	596.102	0	0
XR_002670205.1	287	113.609	0	0
XR_002670206.1	999	762.148	0	0
XR_002670207.1	418	208.963	0	0
XR_002670208.1	1722	1485.15	0	0
XR_002670209.1	632	399.296	0	0
XR_002670210.1	725	490.327	0	0
XR_002670211.1	2102	1865.15	0	0
XR_002670212.1	1532	1295.15	0	0
XR_002670213.1	1529	1292.15	0	0
XR_002670214.1	1584	1347.15	0	0
XR_002670215.1	11747	11510.1	0	0
XR_002670216.1	11731	11494.1	0	0
XR_002670217.1	762	526.713	0	0
XR_002670218.1	1109	872.148	0	0
XR_002670219.1	1064	827.148	0	0
XR_002670220.1	1069	832.148	0	0
XR_002670221.1	948	711.441	0	0
XR_002670222.1	763	527.713	0	0
XR_002670223.1	3452	3215.15	0	0
XR_002670224.1	3497	3260.15	0	0
XR_002670225.1	3281	3044.15	0	0
XR_002670226.1	3065	2828.15	0	0
XR_002670227.1	2130	1893.15	0	0
XR_002670228.1	2213	1976.15	0	0
XR_002670229.1	2017	1780.15	0	0
XR_002670230.1	342	150.555	0	0
XR_002670231.1	1009	772.148	0	0
XR_002670232.1	1008	771.148	0	0
XR_002670233.1	1075	838.148	0	0
XR_002670234.1	1028	791.148	0	0
XR_002670235.1	967	730.297	0	0
XR_002670236.1	1701	1464.15	0	0
XR_002670237.1	2343	2106.15	0	0
XR_002670238.1	5939	5702.15	0	0
XR_002670239.1	1749	1512.15	0	0
XR_002670240.1	1674	1437.15	0	0
XR_002670241.1	1512	1275.15	0	0
XR_002670242.1	443	228.929	0	0
XR_002670243.1	458	241.142	0	0
XR_002670244.1	8928	8691.15	0	0
XR_002670245.1	1995	1758.15	0	0
XR_002670246.1	5504	5267.15	0	0
XR_002670247.1	825	589.162	0	0
XR_002670248.1	2045	1808.15	0	0
XR_002670249.1	1161	924.148	0	0
XR_002670250.1	5456	5219.15	0	0
XR_002670251.1	5248	5011.15	0	0
XR_002670252.1	8237	8000.15	0	0
XR_002670253.1	503	279.622	0	0
XR_002670254.1	1817	1580.15	0	0
XR_002670255.1	920	683.652	0	0
XR_002670256.1	1690	1453.15	0	0
XR_002670257.1	590	358.82	0	0
XR_002670258.1	1581	1344.15	0	0
XR_002670259.1	1639	1402.15	0	0
XR_002670260.1	2994	2757.15	0	0
XR_002670261.1	5361	5124.15	0	0
XR_002670262.1	875	638.915	0	0
XR_002670263.1	406	199.27	0	0
XR_002670264.1	945	708.441	0	0
XR_002670265.1	1349	1112.15	0	0
XR_002670266.1	1012	775.148	0	0
XR_002670267.1	1359	1122.15	0	0
XR_002670268.1	883	646.786	0	0
XR_002670269.1	4315	4078.15	0	0
XR_002670270.1	281	109.701	0	0
XR_002670271.1	1673	1436.15	0	0
XR_002670272.1	2453	2216.15	0	0
XR_002670273.1	9641	9404.15	0	0
XR_002670274.1	9803	9566.15	0	0
XR_002670275.1	9429	9192.15	0	0
XR_002670276.1	9678	9441.15	0	0
XR_002670277.1	9840	9603.15	0	0
XR_002670278.1	9079	8842.15	0.984039	0.0203236
XR_002670279.1	9466	9229.15	0	0
XR_002670280.1	9116	8879.15	0.0159615	0.000328282
XR_002670281.1	2374	2137.15	0	0
XR_002670282.1	948	711.441	0	0
XR_002670283.1	629	396.376	0	0
XR_002670284.1	358	162.785	0	0
XR_002670285.1	3486	3249.15	0	0
XR_002670286.1	3189	2952.15	0	0
XR_002670287.1	17677	17440.1	0	0
XR_002670288.1	14833	14596.1	0	0
XR_002670289.1	616	383.769	0	0
XR_002670290.1	4004	3767.15	0	0
XR_002670291.1	4421	4184.15	0	0
XR_002670292.1	4180	3943.15	0	0
XR_002670293.1	1631	1394.15	0	0
XR_002670294.1	1621	1384.15	0	0
XR_002670295.1	1688	1451.15	0	0
XR_002670296.1	2460	2223.15	0	0
XR_002670297.1	1426	1189.15	0	0
XR_002670298.1	1573	1336.15	0	0
XR_002670299.1	466	247.639	0	0
XR_002670300.1	589	357.929	0	0
XR_002670301.1	10827	10590.1	0	0
XR_002670302.1	11099	10862.1	0	0
XR_002670303.1	2336	2099.15	0	0
XR_002670304.1	282	110.248	0	0
XR_002670305.1	778	542.553	0	0
XR_002670306.1	6059	5822.15	0	0
XR_002670307.1	6047	5810.15	0	0
XR_002670308.1	1769	1532.15	0	0
XR_002670309.1	6175	5938.15	0	0
XR_002670310.1	1867	1630.15	0	0
XR_002670311.1	1331	1094.15	0	0
XR_002670312.1	2275	2038.15	0	0
XR_002670313.1	1593	1356.15	0	0
XR_002670314.1	1512	1275.15	0	0
XR_002670315.1	2639	2402.15	0	0
XR_002670316.1	1076	839.148	0	0
XR_002670317.1	1259	1022.15	0	0
XR_002670318.1	1175	938.148	0	0
XR_002670319.1	3150	2913.15	0	0
XR_002670320.1	3212	2975.15	0	0
XR_002670321.1	1551	1314.15	0	0
XR_002670322.1	3022	2785.15	0	0
XR_002670323.1	3123	2886.15	0	0
XR_002670324.1	584	353.218	0	0
XR_002670325.1	1808	1571.15	0	0
XR_002670326.1	1808	1571.15	0	0
XR_002670327.1	1799	1562.15	0	0
XR_002670328.1	1795	1558.15	0	0
XR_002670329.1	544	315.772	0	0
XR_002670330.1	1819	1582.15	0	0
XR_002670331.1	4007	3770.15	0	0
XR_002670332.1	1224	987.148	0	0
XR_002670333.1	1117	880.148	0	0
XR_002670334.1	906	669.72	0	0
XR_002670335.1	1096	859.148	0	0
XR_002670336.1	654	420.762	0	0
XR_002670337.1	371	172.604	0	0
XR_002670338.1	3741	3504.15	0	0
XR_002670339.1	3439	3202.15	0	0
XR_002670340.1	3134	2897.15	0	0
XR_002670341.1	3018	2781.15	0	0
XR_002670342.1	2883	2646.15	0	0
XR_002670343.1	3304	3067.15	0	0
XR_002670344.1	2727	2490.15	0	0
XR_002670345.1	6520	6283.15	0	0
XR_002670346.1	6440	6203.15	0	0
XR_002670347.1	1114	877.148	0	0
XR_002670348.1	2660	2423.15	0	0
XR_002670349.1	3211	2974.15	0	0
XR_002670350.1	3241	3004.15	0	0
XR_002670351.1	744	509.025	0	0
XR_002670352.1	412	204.171	0	0
XR_002670353.1	3709	3472.15	0	0
XR_002670354.1	3146	2909.15	0	0
XR_002670355.1	3716	3479.15	0	0
XR_002670356.1	3358	3121.15	0	0
XR_002670357.1	3705	3468.15	0	0
XR_002670358.1	821	585.162	0	0
XR_002670359.1	491	269.045	0	0
XR_002670360.1	2475	2238.15	0	0
XR_002670361.1	1620	1383.15	0	0
XR_002670362.1	1568	1331.15	0	0
XR_002670363.1	2126	1889.15	0	0
XR_002670364.1	733	498.278	0	0
XR_002670365.1	456	239.474	0	0
XR_002670366.1	279	108.464	0	0
XR_002670367.1	930	693.652	0	0
XR_002670368.1	746	510.974	0	0
XR_002670369.1	1586	1349.15	0	0
XR_002670370.1	1233	996.148	0	0
XR_002670371.1	1240	1003.15	0	0
XR_002670372.1	771	535.607	0	0
XR_002670373.1	502	278.68	0	0
XR_002670374.1	801	565.277	0	0
XR_002670375.1	351	157.502	0	0
XR_002670376.1	311	128.395	0	0
XR_002670377.1	670	436.243	0	0
XR_002670378.1	631	398.336	0	0
XR_002670379.1	638	405.175	0	0
XR_002670380.1	1566	1329.15	0	0
XR_002670381.1	1793	1556.15	0	0
XR_002670382.1	1771	1534.15	0	0
XR_002670383.1	763	527.713	0	0
XR_002670384.1	989	752.224	0	0
XR_002670385.1	966	729.297	0	0
XR_002670386.1	904	667.72	0	0
XR_002670387.1	743	508.076	0	0
XR_002670388.1	775	539.607	0	0
XR_002670389.1	2170	1933.15	0	0
XR_002670390.1	1056	819.148	0	0
XR_002670391.1	926	689.652	0	0
XR_002670392.1	944	707.441	0	0
XR_002670393.1	1310	1073.15	0	0
XR_002670394.1	756	520.871	0	0
XR_002670395.1	738	503.227	0	0
XR_002670396.1	970	733.297	0	0
XR_002670397.1	869	632.915	0	0
XR_002670398.1	643	410.011	0	0
XR_002670399.1	340	149.101	0	0
XR_002670400.1	489	267.38	0	0
XR_002670401.1	4799	4562.15	0	0
XR_002670402.1	4823	4586.15	0	0
XR_002670403.1	4761	4524.15	0	0
XR_002670404.1	1386	1149.15	0	0
XR_002670405.1	433	220.92	0	0
XR_002670406.1	5310	5073.15	0	0
XR_002670407.1	852	616.102	0	0
XR_002670408.1	944	707.441	0	0
XR_002670409.1	411	203.419	0	0
XR_002670410.1	5037	4800.15	0	0
XR_002670411.1	5000	4763.15	0	0
XR_002670412.1	4871	4634.15	0	0
XR_002670413.1	1521	1284.15	0	0
XR_002670414.1	228	77.1541	0	0
XR_002670415.1	3065	2828.15	0	0
XR_002670416.1	4226	3989.15	0	0
XR_002670417.1	1325	1088.15	0	0
XR_002670418.1	511	286.393	0	0
XR_002670419.1	2186	1949.15	0	0
XR_002670420.1	2084	1847.15	0	0
XR_002670421.1	1547	1310.15	0	0
XR_002670422.1	315	131.376	0	0
XR_002670423.1	812	576.22	0	0
XR_002670424.1	774	538.607	0	0
XR_002670425.1	896	659.786	0	0
XR_002670426.1	1289	1052.15	0	0
XR_002670427.1	1304	1067.15	0	0
XR_002670428.1	2774	2537.15	0	0
XR_002670429.1	4491	4254.15	0	0
XR_002670430.1	3454	3217.15	0	0
XR_002670431.1	4486	4249.15	0	0
XR_002670432.1	3489	3252.15	0	0
XR_002670433.1	3473	3236.15	0	0
XR_002670434.1	2698	2461.15	0	0
XR_002670435.1	2692	2455.15	0	0
XR_002670436.1	498	275.081	0	0
XR_002670437.1	3735	3498.15	0	0
XR_002670438.1	2480	2243.15	0	0
XR_002670439.1	3538	3301.15	0	0
XR_002670440.1	3738	3501.15	0	0
XR_002670441.1	2487	2250.15	0	0
XR_002670442.1	2078	1841.15	0	0
XR_002670443.1	1889	1652.15	0	0
XR_002670444.1	1058	821.148	0	0
XR_002670445.1	1218	981.148	0	0
XR_002670446.1	3880	3643.15	0	0
XR_002670447.1	1128	891.148	0	0
XR_002670448.1	1566	1329.15	0	0
XR_002670449.1	2831	2594.15	0	0
XR_002670450.1	2823	2586.15	0	0
XR_002670451.1	628	395.416	0	0
XR_002670452.1	728	493.327	0	0
XR_002670453.1	11563	11326.1	0	0
XR_002670454.1	4326	4089.15	0	0
XR_002670455.1	220	72.4553	0	0
XR_002670456.1	1065	828.148	0	0
XR_002670457.1	1113	876.148	0	0
XR_002670458.1	2855	2618.15	0	0
XR_002670459.1	2851	2614.15	0	0
XR_002670460.1	1778	1541.15	0	0
XR_002670461.1	3827	3590.15	0	0
XR_002670462.1	3686	3449.15	0	0
XR_002670463.1	3774	3537.15	0	0
XR_002670464.1	3161	2924.15	0	0
XR_002670465.1	2045	1808.15	0	0
XR_002670466.1	10166	9929.15	0	0
XR_002670467.1	10329	10092.1	0	0
XR_002670468.1	10145	9908.15	0	0
XR_002670469.1	8680	8443.15	0	0
XR_002670470.1	8014	7777.15	0	0
XR_002670471.1	9043	8806.15	0	0
XR_002670472.1	10045	9808.15	0	0
XR_002670473.1	9995	9758.15	0	0
XR_002670474.1	10026	9789.15	0	0
XR_002670475.1	8682	8445.15	0	0
XR_002670476.1	1595	1358.15	0	0
XR_002670477.1	4387	4150.15	0	0
XR_002670478.1	4956	4719.15	0	0
XR_002670479.1	7788	7551.15	0	0
XR_002670480.1	7608	7371.15	0	0
XR_002670481.1	7612	7375.15	0	0
XR_002670482.1	8491	8254.15	0	0
XR_002670483.1	8668	8431.15	0	0
XR_002670484.1	8374	8137.15	0	0
XR_002670485.1	8324	8087.15	0	0
XR_002670486.1	1106	869.148	0	0
XR_002670487.1	1438	1201.15	0	0
XR_002670488.1	1329	1092.15	0	0
XR_002670489.1	1372	1135.15	0	0
XR_002670490.1	2355	2118.15	0	0
XR_002670491.1	895	658.786	0	0
XR_002670492.1	419	209.641	0	0
XR_002670493.1	696	461.658	0	0
XR_002670494.1	415	206.558	0	0
XR_002670495.1	562	332.688	0	0
XR_002670496.1	813	577.22	0	0
XR_002670497.1	1217	980.148	0	0
XR_002670498.1	10156	9919.15	0	0
XR_002670499.1	1389	1152.15	0	0
XR_002670500.1	12768	12531.1	0	0
XR_002670501.1	2351	2114.15	0	0
XR_002670502.1	2393	2156.15	0	0
XR_002670503.1	13401	13164.1	0	0
XR_002670504.1	926	689.652	0	0
XR_002670505.1	1303	1066.15	0	0
XR_002670506.1	830	594.102	0	0
XR_002670507.1	483	262.155	0	0
XR_002670508.1	12715	12478.1	0	0
XR_002670509.1	1239	1002.15	0	0
XR_002670510.1	1873	1636.15	0	0
XR_002670511.1	607	375.303	0	0
XR_002670512.1	751	515.871	0	0
XR_002670513.1	4945	4708.15	0	0
XR_002670514.1	4973	4736.15	0	0
XR_002670515.1	4966	4729.15	0	0
XR_002670516.1	4938	4701.15	0	0
XR_002670517.1	4725	4488.15	0	0
XR_002670518.1	12820	12583.1	0	0
XR_002670519.1	1901	1664.15	0	0
XR_002670520.1	1651	1414.15	0	0
XR_002670521.1	2334	2097.15	0	0
XR_002670522.1	1643	1406.15	0	0
XR_002670523.1	2446	2209.15	0	0
XR_002670524.1	1401	1164.15	0	0
XR_002670525.1	338	147.554	0	0
XR_002670526.1	760	524.818	0	0
XR_002670527.1	1855	1618.15	0	0
XR_002670528.1	1838	1601.15	0	0
XR_002670529.1	3062	2825.15	0	0
XR_002670530.1	2748	2511.15	0	0
XR_002670531.1	2161	1924.15	0	0
XR_002670532.1	455	238.652	0	0
XR_002670533.1	316	132.089	0	0
XR_002670534.1	1392	1155.15	0	0
XR_002670535.1	232	79.2627	0	0
XR_002670536.1	419	209.641	0	0
XR_002670537.1	1921	1684.15	0	0
XR_002670538.1	544	315.772	0	0
XR_002670539.1	1386	1149.15	0	0
XR_002670540.1	1114	877.148	0	0
XR_002670541.1	1308	1071.15	0	0
XR_002670542.1	1324	1087.15	0	0
XR_002670543.1	1330	1093.15	0	0
XR_002670544.1	338	147.554	0	0
XR_002670545.1	2548	2311.15	0	0
XR_002670546.1	8114	7877.15	0	0
XR_002670547.1	2435	2198.15	0	0
XR_002670548.1	1448	1211.15	0	0
XR_002670549.1	662	428.548	0	0
XR_002670550.1	2278	2041.15	0	0
XR_002670551.1	1800	1563.15	0	0
XR_002670552.1	1730	1493.15	0	0
XR_002670553.1	1570	1333.15	0	0
XR_002670554.1	1790	1553.15	0	0
XR_002670555.1	1444	1207.15	0	0
XR_002670556.1	1498	1261.15	0	0
XR_002670557.1	2137	1900.15	0	0
XR_002670558.1	1428	1191.15	0	0
XR_002670559.1	1644	1407.15	0	0
XR_002670560.1	6146	5909.15	0	0
XR_002670561.1	3639	3402.15	0	0
XR_002670562.1	3836	3599.15	0	0
XR_002670563.1	4152	3915.15	0	0
XR_002670564.1	9977	9740.15	6	0.112495
XR_002670565.1	3104	2867.15	0	0
XR_002670566.1	1230	993.148	0	0
XR_002670567.1	1878	1641.15	0	0
XR_002670568.1	3103	2866.15	0	0
XR_002670569.1	2812	2575.15	0	0
XR_002670570.1	2998	2761.15	0	0
XR_002670571.1	2439	2202.15	0	0
XR_002670572.1	2574	2337.15	0	0
XR_002670573.1	213	67.9168	0	0
XR_002670574.1	2570	2333.15	0	0
XR_002670575.1	1630	1393.15	0	0
XR_002670576.1	1507	1270.15	0	0
XR_002670577.1	1500	1263.15	0	0
XR_002670578.1	1937	1700.15	0	0
XR_002670579.1	1619	1382.15	0	0
XR_002670580.1	1535	1298.15	0	0
XR_002670581.1	1775	1538.15	0	0
XR_002670582.1	1532	1295.15	0	0
XR_002670583.1	944	707.441	0	0
XR_002670584.1	923	686.652	0	0
XR_002670585.1	8595	8358.15	0	0
XR_002670586.1	3051	2814.15	0	0
XR_002670587.1	2568	2331.15	0	0
XR_002670588.1	3880	3643.15	0	0
XR_002670589.1	4205	3968.15	0	0
XR_002670590.1	3759	3522.15	0	0
XR_002670591.1	3640	3403.15	0	0
XR_002670592.1	3364	3127.15	0	0
XR_002670593.1	1226	989.148	0	0
XR_002670594.1	3763	3526.15	0	0
XR_002670595.1	3155	2918.15	0	0
XR_002670596.1	5396	5159.15	0	0
XR_002670597.1	4899	4662.15	0	0
XR_002670598.1	2924	2687.15	0	0
XR_002670599.1	2727	2490.15	0	0
XR_002670600.1	1177	940.148	0	0
XR_002670601.1	1902	1665.15	0	0
XR_002670602.1	580	349.788	0	0
XR_002670603.1	3162	2925.15	0	0
XR_002670604.1	3144	2907.15	0	0
XR_002670605.1	3194	2957.15	0	0
XR_002670606.1	338	147.554	0	0
XR_002670607.1	2934	2697.15	0	0
XR_002670608.1	2244	2007.15	0	0
XR_002670609.1	2206	1969.15	0	0
XR_002670610.1	1227	990.148	0	0
XR_002670611.1	699	464.566	0	0
XR_002670612.1	1138	901.148	0	0
XR_002670613.1	531	304.451	0	0
XR_002670614.1	642	409.052	0	0
XR_002670615.1	555	325.955	0	0
XR_002670616.1	536	308.729	0	0
XR_002670617.1	781	545.553	0	0
XR_002670618.1	771	535.607	0	0
XR_002670619.1	695	460.658	0	0
XR_002670620.1	707	472.425	0	0
XR_002670621.1	3853	3616.15	0	0
XR_002670622.1	3865	3628.15	0	0
XR_002670623.1	2358	2121.15	0	0
XR_002670624.1	2139	1902.15	0	0
XR_002670625.1	2023	1786.15	0	0
XR_002670626.1	2156	1919.15	0	0
XR_002670627.1	2081	1844.15	0	0
XR_002670628.1	300	120.861	0	0
XR_002670629.1	564	334.587	0	0
XR_002670630.1	1630	1393.15	0	0
XR_002670631.1	8991	8754.15	0	0
XR_002670632.1	8996	8759.15	0	0
XR_002670633.1	8304	8067.15	0	0
XR_002670634.1	7863	7626.15	0	0
XR_002670635.1	3285	3048.15	0	0
XR_002670636.1	4695	4458.15	0	0
XR_002670637.1	4173	3936.15	0	0
XR_002670638.1	596	364.638	0	0
XR_002670639.1	3945	3708.15	0	0
XR_002670640.1	3643	3406.15	0	0
XR_002670641.1	1211	974.148	0	0
XR_002670642.1	4314	4077.15	0	0
XR_002670643.1	2605	2368.15	0	0
XR_002670644.1	1129	892.148	0	0
XR_002670645.1	852	616.102	0	0
XR_002670646.1	1022	785.148	0	0
XR_002670647.1	1022	785.148	0	0
XR_002670648.1	1850	1613.15	0	0
XR_002670649.1	1310	1073.15	0	0
XR_002670650.1	2090	1853.15	0	0
XR_002670651.1	4994	4757.15	0	0
XR_002670652.1	4588	4351.15	0	0
XR_002670653.1	1832	1595.15	0	0
XR_002670654.1	1817	1580.15	0	0
XR_002670655.1	3861	3624.15	0	0
XR_002670656.1	3314	3077.15	0	0
XR_002670657.1	3654	3417.15	0	0
XR_002670658.1	2585	2348.15	0	0
XR_002670659.1	3305	3068.15	0	0
XR_002670660.1	772	536.607	0	0
XR_002670661.1	12266	12029.1	0	0
XR_002670662.1	12039	11802.1	0	0
XR_002670663.1	5064	4827.15	0	0
XR_002670664.1	5327	5090.15	0	0
XR_002670665.1	1607	1370.15	0	0
XR_002670666.1	787	551.388	0	0
XR_002670667.1	1829	1592.15	0	0
XR_002670668.1	1758	1521.15	0	0
XR_002670669.1	1541	1304.15	0	0
XR_002670670.1	5873	5636.15	0	0
XR_002670671.1	5078	4841.15	0	0
XR_002670672.1	1962	1725.15	0	0
XR_002670673.1	1477	1240.15	0	0
XR_002670674.1	394	190.211	0	0
XR_002670675.1	1284	1047.15	0	0
XR_002670676.1	2872	2635.15	0	0
XR_002670677.1	4477	4240.15	0	0
XR_002670678.1	1976	1739.15	0	0
XR_002670679.1	1880	1643.15	0	0
XR_002670680.1	4274	4037.15	0	0
XR_002670681.1	1718	1481.15	0	0
XR_002670682.1	1692	1455.15	0	0
XR_002670683.1	8920	8683.15	0	0
XR_002670684.1	7052	6815.15	0	0
XR_002670685.1	20517	20280.1	0	0
XR_002670686.1	19370	19133.1	0	0
XR_002670687.1	19519	19282.1	0	0
XR_002670688.1	3754	3517.15	0	0
XR_002670689.1	3559	3322.15	0	0
XR_002670690.1	3505	3268.15	0	0
XR_002670691.1	2270	2033.15	0	0
XR_002670692.1	2887	2650.15	0	0
XR_002670693.1	2853	2616.15	0	0
XR_002670694.1	3289	3052.15	0	0
XR_002670695.1	3126	2889.15	0	0
XR_002670696.1	3268	3031.15	0	0
XR_002670697.1	3271	3034.15	0	0
XR_002670698.1	2029	1792.15	0	0
XR_002670699.1	3274	3037.15	0	0
XR_002670700.1	2490	2253.15	0	0
XR_002670701.1	2463	2226.15	0	0
XR_002670702.1	2461	2224.15	0	0
XR_002670703.1	2091	1854.15	0	0
XR_002670704.1	1034	797.148	0	0
XR_002670705.1	742	507.076	0	0
XR_002670706.1	3948	3711.15	0	0
XR_002670707.1	423	212.807	0	0
XR_002670708.1	5176	4939.15	0	0
XR_002670709.1	5089	4852.15	0	0
XR_002670710.1	2831	2594.15	0	0
XR_002670711.1	8260	8023.15	0	0
XR_002670712.1	1149	912.148	0	0
XR_002670713.1	1248	1011.15	0	0
XR_002670714.1	1079	842.148	0	0
XR_002670715.1	7014	6777.15	0	0
XR_002670716.1	6900	6663.15	0	0
XR_002670717.1	5266	5029.15	0	0
XR_002670718.1	1753	1516.15	0	0
XR_002670719.1	388	185.637	0	0
XR_002670720.1	14965	14728.1	0	0
XR_002670721.1	13104	12867.1	0	0
XR_002670722.1	10388	10151.1	0	0
XR_002670723.1	10517	10280.1	0	0
XR_002670724.1	10326	10089.1	0	0
XR_002670725.1	9752	9515.15	0	0
XR_002670726.1	1981	1744.15	0	0
XR_002670727.1	2243	2006.15	0	0
XR_002670728.1	570	340.278	0	0
XR_002670729.1	2407	2170.15	0	0
XR_002670730.1	521	295.404	0	0
XR_002670731.1	3985	3748.15	0	0
XR_002670732.1	1112	875.148	0	0
XR_002670733.1	1614	1377.15	0	0
XR_002670734.1	5616	5379.15	0	0
XR_002670735.1	1124	887.148	0	0
XR_002670736.1	2012	1775.15	0	0
XR_002670737.1	1458	1221.15	0	0
XR_002670738.1	882	645.786	0	0
XR_002670739.1	1595	1358.15	0	0
XR_002670740.1	2426	2189.15	0	0
XR_002670741.1	2315	2078.15	0	0
XR_002670742.1	2015	1778.15	0	0
XR_002670743.1	6432	6195.15	0	0
XR_002670744.1	2465	2228.15	0	0
XR_002670745.1	2230	1993.15	0	0
XR_002670746.1	5145	4908.15	0	0
XR_002670747.1	4618	4381.15	0	0
XR_002670748.1	4436	4199.15	0	0
XR_002670749.1	2129	1892.15	0	0
XR_002670750.1	4068	3831.15	0	0
XR_002670751.1	2066	1829.15	0	0
XR_002670752.1	4548	4311.15	0	0
XR_002670753.1	4517	4280.15	0	0
XR_002670754.1	1475	1238.15	0	0
XR_002670755.1	1282	1045.15	0	0
XR_002670756.1	2470	2233.15	0	0
XR_002670757.1	3300	3063.15	0	0
XR_002670758.1	2474	2237.15	0	0
XR_002670759.1	2035	1798.15	0	0
XR_002670760.1	3162	2925.15	0	0
XR_002670761.1	3223	2986.15	0	0
XR_002670762.1	1811	1574.15	0	0
XR_002670763.1	951	714.441	0	0
XR_002670764.1	933	696.652	0	0
XR_002670765.1	1013	776.148	0	0
XR_002670766.1	1186	949.148	0	0
XR_002670767.1	6833	6596.15	0	0
XR_002670768.1	2035	1798.15	0	0
XR_002670769.1	7277	7040.15	0	0
XR_002670770.1	1261	1024.15	0	0
XR_002670771.1	1562	1325.15	0	0
XR_002670772.1	2560	2323.15	0	0
XR_002670773.1	2557	2320.15	0	0
XR_002670774.1	652	418.762	0	0
XR_002670775.1	4406	4169.15	0	0
XR_002670776.1	4373	4136.15	0	0
XR_002670777.1	4397	4160.15	0	0
XR_002670778.1	3978	3741.15	0	0
XR_002670779.1	1801	1564.15	0	0
XR_002670780.1	2147	1910.15	0	0
XR_002670781.1	3558	3321.15	0	0
XR_002670782.1	1755	1518.15	0	0
XR_002670783.1	2441	2204.15	0	0
XR_002670784.1	2040	1803.15	0	0
XR_002670785.1	1277	1040.15	0	0
XR_002670786.1	2400	2163.15	0	0
XR_002670787.1	671	437.199	0	0
XR_002670788.1	664	430.548	0	0
XR_002670789.1	2294	2057.15	0	0
XR_002670790.1	874	637.915	0	0
XR_002670791.1	3198	2961.15	0	0
XR_002670792.1	7351	7114.15	0	0
XR_002670793.1	289	114.593	0	0
XR_002670794.1	5366	5129.15	0	0
XR_002670795.1	5369	5132.15	0	0
XR_002670796.1	9980	9743.15	0	0
XR_002670797.1	9970	9733.15	0	0
XR_002670798.1	11828	11591.1	0	0
XR_002670799.1	521	295.404	0	0
XR_002670800.1	598	366.49	0	0
XR_002670801.1	1120	883.148	0	0
XR_002670802.1	11065	10828.1	0	0
XR_002670803.1	1796	1559.15	0	0
XR_002670804.1	1307	1070.15	0	0
XR_002670805.1	1375	1138.15	0	0
XR_002670806.1	1520	1283.15	0	0
XR_002670807.1	1149	912.148	0	0
XR_002670808.1	1039	802.148	0	0
XR_002670809.1	2676	2439.15	0	0
XR_002670810.1	2300	2063.15	0	0
XR_002670811.1	2399	2162.15	0	0
XR_002670812.1	2842	2605.15	0	0
XR_002670813.1	2944	2707.15	0	0
XR_002670814.1	2511	2274.15	0	0
XR_002670815.1	3220	2983.15	0	0
XR_002670816.1	1981	1744.15	0	0
XR_002670817.1	1637	1400.15	0	0
XR_002670818.1	674	440.199	0	0
XR_002670819.1	2212	1975.15	0	0
XR_002670820.1	3873	3636.15	0	0
XR_002670821.1	4110	3873.15	0	0
XR_002670822.1	4104	3867.15	0	0
XR_002670823.1	3867	3630.15	0	0
XR_002670824.1	3491	3254.15	0	0
XR_002670825.1	3824	3587.15	0	0
XR_002670826.1	3343	3106.15	0	0
XR_002670827.1	1092	855.148	0	0
XR_002670828.1	854	618.102	0	0
XR_002670829.1	1852	1615.15	0	0
XR_002670830.1	1506	1269.15	0	0
XR_002670831.1	1336	1099.15	0	0
XR_002670832.1	1129	892.148	0	0
XR_002670833.1	2958	2721.15	0	0
XR_002670834.1	2417	2180.15	0	0
XR_002670835.1	2089	1852.15	0	0
XR_002670836.1	499	275.881	0	0
XR_002670837.1	486	264.853	0	0
XR_002670838.1	495	272.68	0	0
XR_002670839.1	3220	2983.15	0	0
XR_002670840.1	478	257.918	0	0
XR_002670841.1	2474	2237.15	0	0
XR_002670842.1	1146	909.148	0	0
XR_002670843.1	1467	1230.15	0	0
XR_002670844.1	2865	2628.15	0	0
XR_002670845.1	1132	895.148	0	0
XR_002670846.1	1129	892.148	0	0
XR_002670847.1	1652	1415.15	0	0
XR_002670848.1	1843	1606.15	0	0
XR_002670849.1	1665	1428.15	0	0
XR_002670850.1	1571	1334.15	0	0
XR_002670851.1	1541	1304.15	0	0
XR_002670852.1	1460	1223.15	0	0
XR_002670853.1	3431	3194.15	0	0
XR_002670854.1	2088	1851.15	0	0
XR_002670855.1	3349	3112.15	0	0
XR_002670856.1	3490	3253.15	0	0
XR_002670857.1	3374	3137.15	0	0
XR_002670858.1	3169	2932.15	0	0
XR_002670859.1	4661	4424.15	0	0
XR_002670860.1	362	165.72	0	0
XR_002670861.1	7908	7671.15	0	0
XR_002670862.1	6163	5926.15	0	0
XR_002670863.1	5338	5101.15	0	0
XR_002670864.1	4971	4734.15	0	0
XR_002670865.1	2450	2213.15	0	0
XR_002670866.1	1897	1660.15	0	0
XR_002670867.1	1738	1501.15	0	0
XR_002670868.1	1159	922.148	0	0
XR_002670869.1	2496	2259.15	0	0
XR_002670870.1	939	702.582	0	0
XR_002670871.1	820	584.162	0	0
XR_002670872.1	839	603.102	0	0
XR_002670873.1	578	347.859	0	0
XR_002670874.1	2714	2477.15	0	0
XR_002670875.1	2332	2095.15	0	0
XR_002670876.1	1660	1423.15	0	0
XR_002670877.1	1553	1316.15	0	0
XR_002670878.1	1884	1647.15	0	0
XR_002670879.1	1460	1223.15	0	0
XR_002670880.1	2970	2733.15	0	0
XR_002670881.1	720	485.425	0	0
XR_002670882.1	1683	1446.15	0	0
XR_002670883.1	2079	1842.15	0	0
XR_002670884.1	1793	1556.15	0	0
XR_002670885.1	2040	1803.15	0	0
XR_002670886.1	1963	1726.15	0	0
XR_002670887.1	1181	944.148	0	0
XR_002670888.1	2769	2532.15	0	0
XR_002670889.1	1858	1621.15	0	0
XR_002670890.1	2741	2504.15	0	0
XR_002670891.1	2744	2507.15	0	0
XR_002670892.1	415	206.558	0	0
XR_002670893.1	1407	1170.15	0	0
XR_002670894.1	1079	842.148	0	0
XR_002670895.1	1025	788.148	0	0
XR_002670896.1	1055	818.148	0	0
XR_002670897.1	3146	2909.15	0	0
XR_002670898.1	1873	1636.15	0	0
XR_002670899.1	349	156.18	0	0
XR_002670900.1	1012	775.148	0	0
XR_002670901.1	1487	1250.15	0	0
XR_002670902.1	1608	1371.15	0	0
XR_002670903.1	2765	2528.15	0	0
XR_002670904.1	12096	11859.1	0	0
XR_002670905.1	11896	11659.1	0	0
XR_002670906.1	237	82.3177	0	0
XR_002670907.1	2068	1831.15	0	0
XR_002670908.1	1942	1705.15	0	0
XR_002670909.1	1910	1673.15	0	0
XR_002670910.1	1788	1551.15	0	0
XR_002670911.1	1961	1724.15	0	0
XR_002670912.1	1629	1392.15	0	0
XR_002670913.1	1695	1458.15	0	0
XR_002670914.1	1657	1420.15	0	0
XR_002670915.1	1434	1197.15	0	0
XR_002670916.1	2356	2119.15	0	0
XR_002670917.1	791	555.333	0	0
XR_002670918.1	835	599.102	0	0
XR_002670919.1	835	599.102	0	0
XR_002670920.1	1642	1405.15	0	0
XR_002670921.1	1362	1125.15	0	0
XR_002670922.1	1541	1304.15	0	0
XR_002670923.1	1584	1347.15	0	0
XR_002670924.1	1702	1465.15	0	0
XR_002670925.1	1701	1464.15	0	0
XR_002670926.1	1635	1398.15	0	0
XR_002670927.1	1572	1335.15	0	0
XR_002670928.1	2328	2091.15	0	0
XR_002670929.1	5487	5250.15	0	0
XR_002670930.1	871	634.915	0	0
XR_002670931.1	994	757.224	0	0
XR_002670932.1	1107	870.148	0	0
XR_002670933.1	991	754.224	0	0
XR_002670934.1	892	655.786	0	0
XR_002670935.1	935	698.582	0	0
XR_002670936.1	1070	833.148	0	0
XR_002670937.1	1182	945.148	0	0
XR_002670938.1	940	703.582	0	0
XR_002670939.1	800	564.277	0	0
XR_002670940.1	793	557.333	0	0
XR_002670941.1	860	623.978	0	0
XR_002670942.1	700	465.519	0	0
XR_002670943.1	766	530.607	0	0
XR_002670944.1	696	461.658	0	0
XR_002670945.1	701	466.519	0	0
XR_002670946.1	2075	1838.15	0	0
XR_002670947.1	8774	8537.15	0	0
XR_002670948.1	6869	6632.15	0	0
XR_002670949.1	7009	6772.15	0	0
XR_002670950.1	1487	1250.15	0	0
XR_002670951.1	1005	768.148	0	0
XR_002670952.1	3268	3031.15	0	0
XR_002670953.1	1266	1029.15	0	0
XR_002670954.1	1906	1669.15	0	0
XR_002670955.1	2970	2733.15	0	0
XR_002670956.1	2370	2133.15	0	0
XR_002670957.1	9103	8866.15	0	0
XR_002670958.1	8700	8463.15	0	0
XR_002670959.1	6030	5793.15	0	0
XR_002670960.1	5468	5231.15	0	0
XR_002670961.1	7287	7050.15	0	0
XR_002670962.1	2955	2718.15	0	0
XR_002670963.1	2733	2496.15	0	0
XR_002670964.1	2309	2072.15	0	0
XR_002670965.1	1642	1405.15	0	0
XR_002670966.1	1490	1253.15	0	0
XR_002670967.1	4264	4027.15	0	0
XR_002670968.1	4258	4021.15	0	0
XR_002670969.1	737	502.227	0	0
XR_002670970.1	1311	1074.15	0	0
XR_002670971.1	4049	3812.15	0	0
XR_002670972.1	2369	2132.15	0	0
XR_002670973.1	1358	1121.15	0	0
XR_002670974.1	7106	6869.15	0	0
XR_002670975.1	1399	1162.15	0	0
XR_002670976.1	1177	940.148	0	0
XR_002670977.1	1110	873.148	0	0
XR_002670978.1	375	175.674	0	0
XR_002670979.1	277	107.098	0	0
XR_002670980.1	7977	7740.15	0	0
XR_002670981.1	1922	1685.15	0	0
XR_002670982.1	1883	1646.15	0	0
XR_002670983.1	1453	1216.15	0	0
XR_002670984.1	3470	3233.15	0	0
XR_002670985.1	999	762.148	0	0
XR_002670986.1	7033	6796.15	0	0
XR_002670987.1	882	645.786	0	0
XR_002670988.1	4147	3910.15	0	0
XR_002670989.1	863	626.978	0	0
XR_002670990.1	2582	2345.15	0	0
XR_002670991.1	2051	1814.15	1.00018	0.100682
XR_002670992.1	4711	4474.15	0	0
XR_002670993.1	4037	3800.15	0	0
XR_002670994.1	3910	3673.15	0	0
XR_002670995.1	4423	4186.15	0	0
XR_002670996.1	1321	1084.15	0	0
XR_002670997.1	2246	2009.15	0	0
XR_002670998.1	1681	1444.15	0	0
XR_002670999.1	457	240.27	0	0
XR_002671000.1	1706	1469.15	0	0
XR_002671001.1	3325	3088.15	0	0
XR_002671002.1	1334	1097.15	0	0
XR_002671003.1	1829	1592.15	0	0
XR_002671004.1	828	592.102	0	0
XR_002671005.1	6948	6711.15	0	0
XR_002671006.1	6546	6309.15	0	0
XR_002671007.1	6780	6543.15	0	0
XR_002671008.1	5522	5285.15	0	0
XR_002671009.1	479	258.836	0	0
XR_002671010.1	1869	1632.15	0	0
XR_002671011.1	672	438.199	0	0
XR_002671012.1	967	730.297	0	0
XR_002671013.1	904	667.72	0	0
XR_002671014.1	3766	3529.15	0	0
XR_002671015.1	3343	3106.15	0	0
XR_002671016.1	846	610.102	0	0
XR_002671017.1	1284	1047.15	0	0
XR_002671018.1	1070	833.148	0	0
XR_002671019.1	1194	957.148	0	0
XR_002671020.1	1184	947.148	0	0
XR_002671021.1	405	198.514	0	0
XR_002671022.1	1533	1296.15	0	0
XR_002671023.1	1452	1215.15	0	0
XR_002671024.1	2271	2034.15	1.00914	0.0905973
XR_002671025.1	705	470.425	0	0
XR_002671026.1	1397	1160.15	0	0
XR_002671027.1	1501	1264.15	0	0
XR_002671028.1	1387	1150.15	0	0
XR_002671029.1	1554	1317.15	0	0
XR_002671030.1	1594	1357.15	0	0
XR_002671031.1	1618	1381.15	0	0
XR_002671032.1	977	740.224	0	0
XR_002671033.1	1105	868.148	0	0
XR_002671034.1	901	664.72	0	0
XR_002671035.1	3649	3412.15	0	0
XR_002671036.1	2132	1895.15	0	0
XR_002671037.1	2075	1838.15	0	0
XR_002671038.1	1458	1221.15	0	0
XR_002671039.1	2347	2110.15	0	0
XR_002671040.1	1569	1332.15	0	0
XR_002671041.1	542	314.093	0	0
XR_002671042.1	4363	4126.15	0	0
XR_002671043.1	2792	2555.15	0	0
XR_002671044.1	3765	3528.15	0	0
XR_002671045.1	2679	2442.15	0	0
XR_002671046.1	3601	3364.15	0	0
XR_002671047.1	1914	1677.15	0	0
XR_002671048.1	1128	891.148	0	0
XR_002671049.1	1826	1589.15	0	0
XR_002671050.1	1017	780.148	0	0
XR_002671051.1	5259	5022.15	0	0
XR_002671052.1	413	204.967	0	0
XR_002671053.1	366	168.799	0	0
XR_002671054.1	1277	1040.15	0	0
XR_002671055.1	906	669.72	0	0
XR_002671056.1	1553	1316.15	0	0
XR_002671057.1	3306	3069.15	0	0
XR_002671058.1	2778	2541.15	0	0
XR_002671059.1	5642	5405.15	0	0
XR_002671060.1	910	673.72	0	0
XR_002671061.1	997	760.148	0	0
XR_002671062.1	1679	1442.15	0	0
XR_002671063.1	1651	1414.15	0	0
XR_002671064.1	7339	7102.15	0	0
XR_002671065.1	1870	1633.15	0	0
XR_002671066.1	327	139.697	0	0
XR_002671067.1	282	110.248	0	0
XR_002671068.1	1343	1106.15	0	0
XR_002671069.1	269	102.415	0	0
XR_002671070.1	6189	5952.15	0	0
XR_002671071.1	4705	4468.15	0	0
XR_002671072.1	5356	5119.15	0	0
XR_002671073.1	3753	3516.15	0	0
XR_002671074.1	6407	6170.15	0	0
XR_002671075.1	813	577.22	0	0
XR_002671076.1	956	719.37	0	0
XR_002671077.1	1496	1259.15	0	0
XR_002671078.1	1467	1230.15	0	0
XR_002671079.1	279	108.464	0	0
XR_002671080.1	363	166.29	0	0
XR_002671081.1	1287	1050.15	0	0
XR_002671082.1	467	248.351	0	0
XR_002671083.1	1186	949.148	0	0
XR_002671084.1	1093	856.148	0	0
XR_002671085.1	2506	2269.15	0	0
XR_002671086.1	4429	4192.15	0	0
XR_002671087.1	1127	890.148	0	0
XR_002671088.1	4801	4564.15	0	0
XR_002671089.1	4852	4615.15	0	0
XR_002671090.1	2899	2662.15	0	0
XR_002671091.1	1606	1369.15	0	0
XR_002671092.1	1398	1161.15	0	0
XR_002671093.1	1394	1157.15	0	0
XR_002671094.1	1481	1244.15	0	0
XR_002671095.1	1330	1093.15	0	0
XR_002671096.1	1330	1093.15	0	0
XR_002671097.1	1330	1093.15	0	0
XR_002671098.1	284	111.636	0	0
XR_002671099.1	3007	2770.15	0	0
XR_002671100.1	615	382.808	0	0
XR_002671101.1	429	217.564	0	0
XR_002671102.1	307	125.501	0	0
XR_002671103.1	1807	1570.15	0	0
XR_002671104.1	1306	1069.15	0	0
XR_002671105.1	1296	1059.15	0	0
XR_002671106.1	1038	801.148	0	0
XR_002671107.1	1057	820.148	0	0
XR_002671108.1	783	547.388	0	0
XR_002671109.1	680	445.977	0	0
XR_002671110.1	1159	922.148	0	0
XR_002671111.1	394	190.211	0	0
XR_002671112.1	6608	6371.15	0	0
XR_002671113.1	5992	5755.15	0	0
XR_002671114.1	266	100.538	0	0
XR_002671115.1	667	433.375	0	0
XR_002671116.1	449	233.911	0	0
XR_002671117.1	259	95.9165	0	0
XR_002671118.1	1552	1315.15	0	0
XR_002671119.1	1494	1257.15	0	0
XR_002671120.1	3738	3501.15	0	0
XR_002671121.1	3127	2890.15	0	0
XR_002671122.1	3695	3458.15	0	0
XR_002671123.1	1899	1662.15	0	0
XR_002671124.1	2231	1994.15	0	0
XR_002671125.1	2076	1839.15	0	0
XR_002671126.1	2085	1848.15	0	0
XR_002671127.1	5849	5612.15	0	0
XR_002671128.1	3473	3236.15	0	0
XR_002671129.1	5944	5707.15	0	0
XR_002671130.1	10384	10147.1	0	0
XR_002671131.1	4308	4071.15	0	0
XR_002671132.1	4255	4018.15	0	0
XR_002671133.1	1067	830.148	0	0
XR_002671134.1	9907	9670.15	0	0
XR_002671135.1	1051	814.148	0	0
XR_002671136.1	911	674.72	0	0
XR_002671137.1	954	717.37	0	0
XR_002671138.1	7463	7226.15	0	0
XR_002671139.1	2712	2475.15	0	0
XR_002671140.1	1740	1503.15	0	0
XR_002671141.1	3187	2950.15	0	0
XR_002671142.1	4284	4047.15	0	0
XR_002671143.1	4069	3832.15	0	0
XR_002671144.1	3002	2765.15	0	0
XR_002671145.1	2421	2184.15	0	0
XR_002671146.1	1431	1194.15	0	0
XR_002671147.1	1247	1010.15	0	0
XR_002671148.1	1036	799.148	0	0
XR_002671149.1	8601	8364.15	0	0
XR_002671150.1	3654	3417.15	0	0
XR_002671151.1	3275	3038.15	0	0
XR_002671152.1	5420	5183.15	0	0
XR_002671153.1	5201	4964.15	0	0
XR_002671154.1	934	697.652	0	0
XR_002671155.1	743	508.076	0	0
XR_002671156.1	747	511.974	0	0
XR_002671157.1	413	204.967	0	0
XR_002671158.1	341	149.773	0	0
XR_002671159.1	94	20.6055	0	0
XR_002671160.1	1434	1197.15	0	0
XR_002671161.1	934	697.652	0	0
XR_002671162.1	685	450.886	0	0
XR_002671163.1	3156	2919.15	0	0
XR_002671164.1	3055	2818.15	0	0
XR_002671165.1	2789	2552.15	0	0
XR_002671166.1	2515	2278.15	0	0
XR_002671167.1	2969	2732.15	0	0
XR_002671168.1	897	660.786	0	0
XR_002671169.1	6420	6183.15	0	0
XR_002671170.1	1174	937.148	0	0
XR_002671171.1	2769	2532.15	0	0
XR_002671172.1	6057	5820.15	0	0
XR_002671173.1	6053	5816.15	0	0
XR_002671174.1	860	623.978	0	0
XR_002671175.1	5894	5657.15	0	0
XR_002671176.1	697	462.612	0	0
XR_002671177.1	1079	842.148	0	0
XR_002671178.1	590	358.82	0	0
XR_002671179.1	846	610.102	0	0
XR_002671180.1	838	602.102	0	0
XR_002671181.1	1011	774.148	0	0
XR_002671182.1	2708	2471.15	0	0
XR_002671183.1	243	86.2978	0	0
XR_002671184.1	6193	5956.15	0	0
XR_002671185.1	4501	4264.15	0	0
XR_002671186.1	5056	4819.15	0	0
XR_002671187.1	4975	4738.15	0	0
XR_002671188.1	4109	3872.15	0	0
XR_002671189.1	4470	4233.15	0	0
XR_002671190.1	3456	3219.15	0	0
XR_002671191.1	4395	4158.15	0	0
XR_002671192.1	551	322.218	0	0
XR_002671193.1	6098	5861.15	0	0
XR_002671194.1	5667	5430.15	0	0
XR_002671195.1	9265	9028.15	0	0
XR_002671196.1	6093	5856.15	0	0
XR_002671197.1	6095	5858.15	0	0
XR_002671198.1	5980	5743.15	0	0
XR_002671199.1	6103	5866.15	0	0
XR_002671200.1	6106	5869.15	0	0
XR_002671201.1	6101	5864.15	0	0
XR_002671202.1	2646	2409.15	0	0
XR_002671203.1	865	628.915	0	0
XR_002671204.1	1393	1156.15	0	0
XR_002671205.1	909	672.72	0	0
XR_002671206.1	862	625.978	0	0
XR_002671207.1	4042	3805.15	0	0
XR_002671208.1	1043	806.148	0	0
XR_002671209.1	2717	2480.15	0	0
XR_002671210.1	621	388.575	0	0
XR_002671211.1	1462	1225.15	0	0
XR_002671212.1	1185	948.148	0	0
XR_002671213.1	2456	2219.15	0	0
XR_002671214.1	2713	2476.15	0	0
XR_002671215.1	1900	1663.15	0	0
XR_002671216.1	1904	1667.15	0	0
XR_002671217.1	983	746.224	0	0
XR_002671218.1	587	356.218	0	0
XR_002671219.1	670	436.243	0	0
XR_002671220.1	1273	1036.15	0	0
XR_002671221.1	1018	781.148	0	0
XR_002671222.1	1394	1157.15	0	0
XR_002671223.1	1355	1118.15	0	0
XR_002671224.1	2914	2677.15	0	0
XR_002671225.1	3206	2969.15	0	0
XR_002671226.1	5148	4911.15	0	0
XR_002671227.1	836	600.102	0	0
XR_002671228.1	666	432.418	0	0
XR_002671229.1	941	704.582	0	0
XR_002671230.1	901	664.72	0	0
XR_002671231.1	976	739.224	0	0
XR_002671232.1	549	320.48	0	0
XR_002671233.1	709	474.425	0	0
XR_002671234.1	4973	4736.15	0	0
XR_002671235.1	1592	1355.15	0	0
XR_002671236.1	884	647.786	0	0
XR_002671237.1	1569	1332.15	0	0
XR_002671238.1	4253	4016.15	0	0
XR_002671239.1	4587	4350.15	0	0
XR_002671240.1	2793	2556.15	0	0
XR_002671241.1	573	343.139	0	0
XR_002671242.1	2607	2370.15	0	0
XR_002671243.1	1147	910.148	0	0
XR_002671244.1	1558	1321.15	0	0
XR_002671245.1	2018	1781.15	0	0
XR_002671246.1	2878	2641.15	0	0
XR_002671247.1	2675	2438.15	0	0
XR_002671248.1	7079	6842.15	0	0
XR_002671249.1	4801	4564.15	0	0
XR_002671250.1	2680	2443.15	0	0
XR_002671251.1	639	406.134	0	0
XR_002671252.1	1229	992.148	0	0
XR_002671253.1	361	164.856	0	0
XR_002671254.1	4686	4449.15	0	0
XR_002671255.1	762	526.713	0	0
XR_002671256.1	2165	1928.15	0	0
XR_002671257.1	3327	3090.15	0	0
XR_002671258.1	1879	1642.15	0	0
XR_002671259.1	1282	1045.15	0	0
XR_002671260.1	409	201.868	0	0
XR_002671261.1	388	185.637	0	0
XR_002671262.1	3433	3196.15	0	0
XR_002671263.1	583	352.361	0	0
XR_002671264.1	5375	5138.15	0	0
XR_002671265.1	4904	4667.15	0	0
XR_002671266.1	867	630.915	0	0
XR_002671267.1	510	285.63	0	0
XR_002671268.1	657	423.677	0	0
XR_002671269.1	1379	1142.15	0	0
XR_002671270.1	482	261.292	0	0
XR_002671271.1	1805	1568.15	0	0
XR_002671272.1	346	153.927	0	0
XR_002671273.1	340	149.101	0	0
XR_002671274.1	416	207.398	0	0
XR_002671275.1	370	171.805	0	0
XR_002671276.1	695	460.658	0	0
XR_002671277.1	853	617.102	0	0
XR_002671278.1	2192	1955.15	0	0
XR_002671279.1	1751	1514.15	0	0
XR_002671280.1	621	388.575	0	0
XR_002671281.1	1909	1672.15	0	0
XR_002671282.1	410	202.666	0	0
XR_002671283.1	3462	3225.15	0	0
XR_002671284.1	2868	2631.15	0	0
XR_002671285.1	3617	3380.15	0	0
XR_002671286.1	3687	3450.15	0	0
XR_002671287.1	3277	3040.15	0	0
XR_002671288.1	3597	3360.15	0	0
XR_002671289.1	2087	1850.15	0	0
XR_002671290.1	1404	1167.15	0	0
XR_002671291.1	1077	840.148	0	0
XR_002671292.1	1387	1150.15	0	0
XR_002671293.1	1205	968.148	0	0
XR_002671294.1	1194	957.148	0	0
XR_002671295.1	3808	3571.15	0	0
XR_002671296.1	11562	11325.1	0	0
XR_002671297.1	11393	11156.1	0	0
XR_002671298.1	5338	5101.15	0	0
XR_002671299.1	564	334.587	0	0
XR_002671300.1	1535	1298.15	0	0
XR_002671301.1	531	304.451	0	0
XR_002671302.1	667	433.375	0	0
XR_002671303.1	462	244.394	0	0
XR_002671304.1	742	507.076	0	0
XR_002671305.1	6764	6527.15	0	0
XR_002671306.1	6674	6437.15	0	0
XR_002671307.1	6728	6491.15	0	0
XR_002671308.1	5990	5753.15	0	0
XR_002671309.1	1799	1562.15	0	0
XR_002671310.1	1915	1678.15	0	0
XR_002671311.1	1226	989.148	0	0
XR_002671312.1	1790	1553.15	0	0
XR_002671313.1	5151	4914.15	0	0
XR_002671314.1	2285	2048.15	0	0
XR_002671315.1	2157	1920.15	0	0
XR_002671316.1	5325	5088.15	0	0
XR_002671317.1	4417	4180.15	0	0
XR_002671318.1	1741	1504.15	0	0
XR_002671319.1	3025	2788.15	0	0
XR_002671320.1	3554	3317.15	0	0
XR_002671321.1	3018	2781.15	0	0
XR_002671322.1	9373	9136.15	0	0
XR_002671323.1	3019	2782.15	0	0
XR_002671324.1	5023	4786.15	0	0
XR_002671325.1	7957	7720.15	0	0
XR_002671326.1	4533	4296.15	0	0
XR_002671327.1	4395	4158.15	0	0
XR_002671328.1	1038	801.148	0	0
XR_002671329.1	1034	797.148	0	0
XR_002671330.1	2329	2092.15	0	0
XR_002671331.1	872	635.915	0	0
XR_002671332.1	3184	2947.15	0	0
XR_002671333.1	1336	1099.15	0	0
XR_002671334.1	520	294.465	0	0
XR_002671335.1	1940	1703.15	0	0
XR_002671336.1	903	666.72	0	0
XR_002671337.1	691	456.704	0	0
XR_002671338.1	2317	2080.15	0	0
XR_002671339.1	464	246.005	0	0
XR_002671340.1	5516	5279.15	0	0
XR_002671341.1	2586	2349.15	0	0
XR_002671342.1	3082	2845.15	0	0
XR_002671343.1	1023	786.148	0	0
XR_002671344.1	2227	1990.15	0	0
XR_002671345.1	437	224.1	0	0
XR_002671346.1	2119	1882.15	0	0
XR_002671347.1	3335	3098.15	0	0
XR_002671348.1	2207	1970.15	0	0
XR_002671349.1	1137	900.148	0	0
XR_002671350.1	561	331.688	0	0
XR_002671351.1	1476	1239.15	0	0
XR_002671352.1	1273	1036.15	0	0
XR_002671353.1	1271	1034.15	0	0
XR_002671354.1	1235	998.148	0	0
XR_002671355.1	1402	1165.15	0	0
XR_002671356.1	664	430.548	0	0
XR_002671357.1	1976	1739.15	0	0
XR_002671358.1	865	628.915	0	0
XR_002671359.1	661	427.591	0	0
XR_002671360.1	1361	1124.15	0	0
XR_002671361.1	1121	884.148	0	0
XR_002671362.1	649	415.804	0	0
XR_002671363.1	2303	2066.15	0	0
XR_002671364.1	847	611.102	0	0
XR_002671365.1	483	262.155	0	0
XR_002671366.1	438	224.858	0	0
XR_002671367.1	2603	2366.15	0	0
XR_002671368.1	954	717.37	0	0
XR_002671369.1	2034	1797.15	0	0
XR_002671370.1	3948	3711.15	0	0
XR_002671371.1	3038	2801.15	0	0
XR_002671372.1	1890	1653.15	0	0
XR_002671373.1	879	642.851	0	0
XR_002671374.1	806	570.277	0	0
XR_002671375.1	745	509.974	0	0
XR_002671376.1	675	441.199	0	0
XR_002671377.1	533	306.107	0	0
XR_002671378.1	3765	3528.15	0	0
XR_002671379.1	3761	3524.15	0	0
XR_002671380.1	3746	3509.15	0	0
XR_002671381.1	818	582.162	0	0
XR_002671382.1	3348	3111.15	0	0
XR_002671383.1	998	761.148	0	0
XR_002671384.1	1023	786.148	0	0
XR_002671385.1	2212	1975.15	0	0
XR_002671386.1	2215	1978.15	0	0
XR_002671387.1	9438	9201.15	0	0
XR_002671388.1	9444	9207.15	0	0
XR_002671389.1	9312	9075.15	0	0
XR_002671390.1	9003	8766.15	0	0
XR_002671391.1	1070	833.148	0	0
XR_002671392.1	4969	4732.15	0	0
XR_002671393.1	1264	1027.15	0	0
XR_002671394.1	1708	1471.15	0	0
XR_002671395.1	1667	1430.15	0	0
XR_002671396.1	1961	1724.15	0	0
XR_002671397.1	1702	1465.15	0	0
XR_002671398.1	1924	1687.15	0	0
XR_002671399.1	772	536.607	0	0
XR_002671400.1	592	360.748	0	0
XR_002671401.1	1561	1324.15	0	0
XR_002671402.1	2118	1881.15	0	0
XR_002671403.1	8251	8014.15	4.09519	0.0933176
XR_002671404.1	8256	8019.15	2.21271	0.0503899
XR_002671405.1	1361	1124.15	0	0
XR_002671406.1	3244	3007.15	0	0
XR_002671407.1	353	159.029	0	0
XR_002671408.1	2798	2561.15	0	0
XR_002671409.1	1455	1218.15	0	0
XR_002671410.1	1174	937.148	0	0
XR_002671411.1	1203	966.148	0	0
XR_002671412.1	684	449.977	0	0
XR_002671413.1	3251	3014.15	0	0
XR_002671414.1	1281	1044.15	0	0
XR_002671415.1	268	101.765	0	0
XR_002671416.1	755	519.871	0	0
XR_002671417.1	3517	3280.15	0	0
XR_002671418.1	7140	6903.15	0	0
XR_002671419.1	1581	1344.15	0	0
XR_002671420.1	1598	1361.15	0	0
XR_002671421.1	1793	1556.15	0	0
XR_002671422.1	693	458.704	0	0
XR_002671423.1	3125	2888.15	0	0
XR_002671424.1	2204	1967.15	0	0
XR_002671425.1	2950	2713.15	0	0
XR_002671426.1	1325	1088.15	0	0
XR_002671427.1	2009	1772.15	0	0
XR_002671428.1	1413	1176.15	0	0
XR_002671429.1	1634	1397.15	0	0
XR_002671430.1	4244	4007.15	0	0
XR_002671431.1	1755	1518.15	0	0
XR_002671432.1	3880	3643.15	0	0
XR_002671433.1	3281	3044.15	0	0
XR_002671434.1	3668	3431.15	0	0
XR_002671435.1	2892	2655.15	0	0
XR_002671436.1	4079	3842.15	0	0
XR_002671437.1	2761	2524.15	0	0
XR_002671438.1	3707	3470.15	0	0
XR_002671439.1	598	366.49	0	0
XR_002671440.1	818	582.162	0	0
XR_002671441.1	624	391.496	0	0
XR_002671442.1	547	318.61	0	0
XR_002671443.1	534	307.013	0	0
XR_002671444.1	4984	4747.15	0	0
XR_002671445.1	4780	4543.15	0	0
XR_002671446.1	4376	4139.15	0	0
XR_002671447.1	2680	2443.15	0	0
XR_002671448.1	350	156.822	0	0
XR_002671449.1	777	541.553	0	0
XR_002671450.1	970	733.297	0	0
XR_002671451.1	11402	11165.1	0	0
XR_002671452.1	878	641.851	0	0
XR_002671453.1	668	434.375	0	0
XR_002671454.1	907	670.72	0	0
XR_002671455.1	1155	918.148	0	0
XR_002671456.1	1878	1641.15	0	0
XR_002671457.1	2420	2183.15	0	0
XR_002671458.1	3381	3144.15	0	0
XR_002671459.1	3492	3255.15	0	0
XR_002671460.1	799	563.277	0	0
XR_002671461.1	1205	968.148	0	0
XR_002671462.1	894	657.786	0	0
XR_002671463.1	922	685.652	0	0
XR_002671464.1	1060	823.148	0	0
XR_002671465.1	1451	1214.15	0	0
XR_002671466.1	1626	1389.15	0	0
XR_002671467.1	1412	1175.15	0	0
XR_002671468.1	2074	1837.15	0	0
XR_002671469.1	1448	1211.15	0	0
XR_002671470.1	9949	9712.15	0	0
XR_002671471.1	1367	1130.15	0	0
XR_002671472.1	1337	1100.15	0	0
XR_002671473.1	1316	1079.15	0	0
XR_002671474.1	1020	783.148	0	0
XR_002671475.1	3313	3076.15	0	0
XR_002671476.1	3439	3202.15	0	0
XR_002671477.1	3194	2957.15	0	0
XR_002671478.1	1084	847.148	0	0
XR_002671479.1	3323	3086.15	0	0
XR_002671480.1	2901	2664.15	0	0
XR_002671481.1	3304	3067.15	0	0
XR_002671482.1	3178	2941.15	0	0
XR_002671483.1	1763	1526.15	0	0
XR_002671484.1	1767	1530.15	0	0
XR_002671485.1	4409	4172.15	0	0
XR_002671486.1	661	427.591	0	0
XR_002671487.1	1505	1268.15	0	0
XR_002671488.1	1666	1429.15	0	0
XR_002671489.1	1078	841.148	0	0
XR_002671490.1	1068	831.148	0	0
XR_002671491.1	1735	1498.15	0	0
XR_002671492.1	2723	2486.15	0	0
XR_002671493.1	1919	1682.15	0	0
XR_002671494.1	1985	1748.15	0	0
XR_002671495.1	1177	940.148	0	0
XR_002671496.1	1158	921.148	0	0
XR_002671497.1	1007	770.148	0	0
XR_002671498.1	2435	2198.15	0	0
XR_002671499.1	2452	2215.15	0	0
XR_002671500.1	1250	1013.15	0	0
XR_002671501.1	1890	1653.15	0	0
XR_002671502.1	462	244.394	0	0
XR_002671503.1	254	92.8717	0	0
XR_002671504.1	901	664.72	0	0
XR_002671505.1	761	525.765	0	0
XR_002671506.1	2256	2019.15	0	0
XR_002671507.1	2036	1799.15	0	0
XR_002671508.1	4839	4602.15	0	0
XR_002671509.1	2655	2418.15	0	0
XR_002671510.1	3605	3368.15	0	0
XR_002671511.1	2089	1852.15	0	0
XR_002671512.1	1550	1313.15	0	0
XR_002671513.1	5698	5461.15	0	0
XR_002671514.1	5702	5465.15	0	0
XR_002671515.1	2099	1862.15	0	0
XR_002671516.1	3060	2823.15	0	0
XR_002671517.1	3136	2899.15	0	0
XR_002671518.1	2604	2367.15	0	0
XR_002671519.1	2260	2023.15	0	0
XR_002671520.1	2832	2595.15	0	0
XR_002671521.1	994	757.224	0	0
XR_002671522.1	927	690.652	0	0
XR_002671523.1	8174	7937.15	0	0
XR_002671524.1	8077	7840.15	0	0
XR_002671525.1	8067	7830.15	0	0
XR_002671526.1	8027	7790.15	0	0
XR_002671527.1	8171	7934.15	0	0
XR_002671528.1	7859	7622.15	0	0
XR_002671529.1	6753	6516.15	0	0
XR_002671530.1	787	551.388	0	0
XR_002671531.1	1021	784.148	0	0
XR_002671532.1	2393	2156.15	0	0
XR_002671533.1	10768	10531.1	0	0
XR_002671534.1	11522	11285.1	0	0
XR_002671535.1	10788	10551.1	0	0
XR_002671536.1	12820	12583.1	0	0
XR_002671537.1	1762	1525.15	0	0
XR_002671538.1	1166	929.148	0	0
XR_002671539.1	1305	1068.15	0	0
XR_002671540.1	982	745.224	0	0
XR_002671541.1	4926	4689.15	0	0
XR_002671542.1	502	278.68	0	0
XR_002671543.1	2069	1832.15	0	0
XR_002671544.1	2066	1829.15	0	0
XR_002671545.1	1194	957.148	0	0
XR_002671546.1	1109	872.148	0	0
XR_002671547.1	1209	972.148	0	0
XR_002671548.1	773	537.607	0	0
XR_002671549.1	724	489.327	0	0
XR_002671550.1	697	462.612	0	0
XR_002671551.1	1140	903.148	0	0
XR_002671552.1	1588	1351.15	0	0
XR_002671553.1	6986	6749.15	0	0
XR_002671554.1	6465	6228.15	0	0
XR_002671555.1	3825	3588.15	0	0
XR_002671556.1	2280	2043.15	0	0
XR_002671557.1	5685	5448.15	0	0
XR_002671558.1	1220	983.148	0	0
XR_002671559.1	1397	1160.15	0	0
XR_002671560.1	484	263.018	0	0
XR_002671561.1	13134	12897.1	0	0
XR_002671562.1	1280	1043.15	0	0
XR_002671563.1	890	653.786	0	0
XR_002671564.1	6916	6679.15	0	0
XR_002671565.1	5649	5412.15	0	0
XR_002671566.1	4508	4271.15	0	0
XR_002671567.1	12774	12537.1	0	0
XR_002671568.1	6137	5900.15	0	0
XR_002671569.1	6187	5950.15	0	0
XR_002671570.1	6000	5763.15	0	0
XR_002671571.1	4940	4703.15	0	0
XR_002671572.1	4670	4433.15	0	0
XR_002671573.1	8215	7978.15	0	0
XR_002671574.1	1343	1106.15	0	0
XR_002671575.1	1310	1073.15	0	0
XR_002671576.1	1509	1272.15	0	0
XR_002671577.1	3518	3281.15	0	0
XR_002671578.1	1905	1668.15	0	0
XR_002671579.1	711	476.425	0	0
XR_002671580.1	7106	6869.15	0	0
XR_002671581.1	5852	5615.15	0	0
XR_002671582.1	5205	4968.15	0	0
XR_002671583.1	4871	4634.15	0	0
XR_002671584.1	2949	2712.15	0	0
XR_002671585.1	1321	1084.15	0	0
XR_002671586.1	2672	2435.15	0	0
XR_002671587.1	3746	3509.15	0	0
XR_002671588.1	317	132.751	0	0
XR_002671589.1	379	178.571	0	0
XR_002671590.1	2615	2378.15	0	0
XR_002671591.1	1629	1392.15	0	0
XR_002671592.1	3629	3392.15	0	0
XR_002671593.1	4814	4577.15	0	0
XR_002671594.1	3261	3024.15	0	0
XR_002671595.1	3339	3102.15	0	0
XR_002671596.1	3136	2899.15	0	0
XR_002671597.1	835	599.102	0	0
XR_002671598.1	781	545.553	0	0
XR_002671599.1	3238	3001.15	0	0
XR_002671600.1	2906	2669.15	0	0
XR_002671601.1	2892	2655.15	0	0
XR_002671602.1	1098	861.148	0	0
XR_002671603.1	1098	861.148	0	0
XR_002671604.1	504	280.361	0	0
XR_002671605.1	751	515.871	0	0
XR_002671606.1	190	53.8586	0	0
XR_002671607.1	684	449.977	0	0
XR_002671608.1	547	318.61	0	0
XR_002671609.1	1316	1079.15	0	0
XR_002671610.1	496	273.566	0	0
XR_002671611.1	1849	1612.15	0	0
XR_002671612.1	6221	5984.15	0	0
XR_002671613.1	1266	1029.15	0	0
XR_002671614.1	3135	2898.15	0	0
XR_002671615.1	452	236.132	0	0
XR_002671616.1	605	373.341	0	0
XR_002671617.1	1201	964.148	0	0
XR_002671618.1	7553	7316.15	0	0
XR_002671619.1	3162	2925.15	0	0
XR_002671620.1	2223	1986.15	0	0
XR_002671621.1	5912	5675.15	0	0
XR_002671622.1	6040	5803.15	0	0
XR_002671623.1	5789	5552.15	0	0
XR_002671624.1	1512	1275.15	0	0
XR_002671625.1	1310	1073.15	0	0
XR_002671626.1	1985	1748.15	0	0
XR_002671627.1	2449	2212.15	0	0
XR_002671628.1	277	107.098	0	0
XR_002671629.1	193	55.7211	0	0
XR_002671630.1	6148	5911.15	0	0
XR_002671631.1	2586	2349.15	0	0
XR_002671632.1	13212	12975.1	0	0
XR_002671633.1	9753	9516.15	0	0
XR_002671634.1	7412	7175.15	0	0
XR_002671635.1	7587	7350.15	0	0
XR_002671636.1	10804	10567.1	0	0
XR_002671637.1	2458	2221.15	0	0
XR_002671638.1	2535	2298.15	0	0
XR_002671639.1	10530	10293.1	0	0
XR_002671640.1	335	145.379	0	0
XR_002671641.1	746	510.974	0	0
XR_002671642.1	1511	1274.15	0	0
XR_002671643.1	5418	5181.15	0	0
XR_002671644.1	1870	1633.15	0	0
XR_002671645.1	911	674.72	0	0
XR_002671646.1	1423	1186.15	0	0
XR_002671647.1	1093	856.148	0	0
XR_002671648.1	1204	967.148	0	0
XR_002671649.1	1311	1074.15	0	0
XR_002671650.1	2014	1777.15	0	0
XR_002671651.1	871	634.915	0	0
XR_002671652.1	2862	2625.15	0	0
XR_002671653.1	6832	6595.15	0	0
XR_002671654.1	6359	6122.15	0	0
XR_002671655.1	985	748.224	0	0
XR_002671656.1	1138	901.148	0	0
XR_002671657.1	944	707.441	0	0
XR_002671658.1	878	641.851	0	0
XR_002671659.1	9802	9565.15	0	0
XR_002671660.1	1738	1501.15	0	0
XR_002671661.1	1734	1497.15	0	0
XR_002671662.1	1351	1114.15	0	0
XR_002671663.1	5343	5106.15	0	0
XR_002671664.1	4804	4567.15	0	0
XR_002671665.1	4795	4558.15	0	0
XR_002671666.1	700	465.519	0	0
XR_002671667.1	548	319.545	0	0
XR_002671668.1	4817	4580.15	0	0
XR_002671669.1	5747	5510.15	0	0
XR_002671670.1	6899	6662.15	0	0
XR_002671671.1	6870	6633.15	0	0
XR_002671672.1	6385	6148.15	0	0
XR_002671673.1	6255	6018.15	0	0
XR_002671674.1	3087	2850.15	0	0
XR_002671675.1	2690	2453.15	0	0
XR_002671676.1	2990	2753.15	0	0
XR_002671677.1	1514	1277.15	0	0
XR_002671678.1	715	480.425	0	0
XR_002671679.1	1408	1171.15	0	0
XR_002671680.1	4043	3806.15	0	0
XR_002671681.1	2268	2031.15	0	0
XR_002671682.1	1941	1704.15	0	0
XR_002671683.1	1309	1072.15	0	0
XR_002671684.1	6119	5882.15	0	0
XR_002671685.1	2538	2301.15	0	0
XR_002671686.1	3326	3089.15	0	0
XR_002671687.1	2051	1814.15	0	0
XR_002671688.1	2550	2313.15	0	0
XR_002671689.1	4867	4630.15	0	0
XR_002671690.1	2221	1984.15	0	0
XR_002671691.1	2215	1978.15	0	0
XR_002671692.1	751	515.871	0	0
XR_002671693.1	1329	1092.15	0	0
XR_002671694.1	1308	1071.15	0	0
XR_002671695.1	957	720.37	0	0
XR_002671696.1	2113	1876.15	0	0
XR_002671697.1	3209	2972.15	0	0
XR_002671698.1	1144	907.148	0	0
XR_002671699.1	964	727.297	0	0
XR_002671700.1	1525	1288.15	0	0
XR_002671701.1	1909	1672.15	0	0
XR_002671702.1	6211	5974.15	0	0
XR_002671703.1	1524	1287.15	0	0
XR_002671704.1	1713	1476.15	0	0
XR_002671705.1	1878	1641.15	0	0
XR_002671706.1	1846	1609.15	0	0
XR_002671707.1	1374	1137.15	0	0
XR_002671708.1	15047	14810.1	0	0
XR_002671709.1	1032	795.148	0	0
XR_002671710.1	1907	1670.15	0	0
XR_002671711.1	2158	1921.15	0	0
XR_002671712.1	7564	7327.15	0	0
XR_002671713.1	2797	2560.15	0	0
XR_002671714.1	3484	3247.15	0	0
XR_002671715.1	3429	3192.15	0	0
XR_002671716.1	1954	1717.15	0	0
XR_002671717.1	267	101.144	0	0
XR_002671718.1	1411	1174.15	0	0
XR_002671719.1	2953	2716.15	0	0
XR_002671720.1	3091	2854.15	0	0
XR_002671721.1	3508	3271.15	0	0
XR_002671722.1	1879	1642.15	0	0
XR_002671723.1	1948	1711.15	0	0
XR_002671724.1	2738	2501.15	0	0
XR_002671725.1	1151	914.148	0	0
XR_002671726.1	1174	937.148	0	0
XR_002671727.1	1164	927.148	0	0
XR_002671728.1	2828	2591.15	0	0
XR_002671729.1	1289	1052.15	0	0
XR_002671730.1	1200	963.148	0	0
XR_002671731.1	1308	1071.15	0	0
XR_002671732.1	1082	845.148	0	0
XR_002671733.1	1618	1381.15	0	0
XR_002671734.1	832	596.102	0	0
XR_002671735.1	1368	1131.15	0	0
XR_002671736.1	315	131.376	0	0
XR_002671737.1	732	497.278	0	0
XR_002671738.1	538	310.476	0	0
XR_002671739.1	2401	2164.15	0	0
XR_002671740.1	7745	7508.15	0	0
XR_002671741.1	7768	7531.15	0	0
XR_002671742.1	1248	1011.15	0	0
XR_002671743.1	1466	1229.15	0	0
XR_002671744.1	8095	7858.15	0	0
XR_002671745.1	8111	7874.15	0	0
XR_002671746.1	10138	9901.15	0	0
XR_002671747.1	662	428.548	0	0
XR_002671748.1	840	604.102	0	0
XR_002671749.1	4061	3824.15	0	0
XR_002671750.1	936	699.582	0	0
XR_002671751.1	1562	1325.15	0	0
XR_002671752.1	333	144.04	0	0
XR_002671753.1	355	160.515	0	0
XR_002671754.1	4304	4067.15	0	0
XR_002671755.1	3898	3661.15	0	0
XR_002671756.1	3674	3437.15	0	0
XR_002671757.1	6826	6589.15	0	0
XR_002671758.1	950	713.441	0	0
XR_002671759.1	2159	1922.15	0	0
XR_002671760.1	2143	1906.15	0	0
XR_002671761.1	2013	1776.15	0	0
XR_002671762.1	1655	1418.15	0	0
XR_002671763.1	977	740.224	0	0
XR_002671764.1	894	657.786	0	0
XR_002671765.1	1017	780.148	0	0
XR_002671766.1	5609	5372.15	0	0
XR_002671767.1	5525	5288.15	0	0
XR_002671768.1	4899	4662.15	0	0
XR_002671769.1	4884	4647.15	0	0
XR_002671770.1	917	680.72	0	0
XR_002671771.1	600	368.453	0	0
XR_002671772.1	2014	1777.15	0	0
XR_002671773.1	1196	959.148	0	0
XR_002671774.1	2954	2717.15	0	0
XR_002671775.1	1479	1242.15	0	0
XR_002671776.1	559	329.722	0	0
XR_002671777.1	1023	786.148	0	0
XR_002671778.1	1092	855.148	0	0
XR_002671779.1	5279	5042.15	0	0
XR_002671780.1	4774	4537.15	0	0
XR_002671781.1	4647	4410.15	0	0
XR_002671782.1	4542	4305.15	0	0
XR_002671783.1	4791	4554.15	0	0
XR_002671784.1	2126	1889.15	0	0
XR_002671785.1	3171	2934.15	0	0
XR_002671786.1	416	207.398	0	0
XR_002671787.1	2364	2127.15	0	0
XR_002671788.1	1247	1010.15	0	0
XR_002671789.1	10296	10059.1	0	0
XR_002671790.1	10628	10391.1	0	0
XR_002671791.1	10619	10382.1	0	0
XR_002671792.1	9976	9739.15	0	0
XR_002671793.1	1070	833.148	0	0
XR_002671794.1	917	680.72	0	0
XR_002671795.1	409	201.868	0	0
XR_002671796.1	2075	1838.15	0	0
XR_002671797.1	1489	1252.15	0	0
XR_002671798.1	5007	4770.15	1	0.0382838
XR_002671799.1	645	411.887	0	0
XR_002671800.1	3570	3333.15	0	0
XR_002671801.1	3334	3097.15	0	0
XR_002671802.1	3479	3242.15	0	0
XR_002671803.1	3494	3257.15	0	0
XR_002671804.1	3566	3329.15	0	0
XR_002671805.1	841	605.102	0	0
XR_002671806.1	838	602.102	0	0
XR_002671807.1	822	586.162	0	0
XR_002671808.1	1403	1166.15	0	0
XR_002671809.1	1262	1025.15	0	0
XR_002671810.1	1376	1139.15	0	0
XR_002671811.1	2049	1812.15	0	0
XR_002671812.1	1198	961.148	0	0
XR_002671813.1	1304	1067.15	0	0
XR_002671814.1	3182	2945.15	0	0
XR_002671815.1	380	179.344	0	0
XR_002671816.1	3707	3470.15	0	0
XR_002671817.1	3489	3252.15	0	0
XR_002671818.1	3417	3180.15	0	0
XR_002671819.1	2436	2199.15	0	0
XR_002671820.1	2057	1820.15	0	0
XR_002671821.1	1955	1718.15	0	0
XR_002671822.1	1437	1200.15	0	0
XR_002671823.1	816	580.22	0	0
XR_002671824.1	2884	2647.15	0	0
XR_002671825.1	2418	2181.15	0	0
XR_002671826.1	4211	3974.15	0	0
XR_002671827.1	4433	4196.15	0	0
XR_002671828.1	4446	4209.15	0	0
XR_002671829.1	4288	4051.15	0	0
XR_002671830.1	7902	7665.15	0	0
XR_002671831.1	5354	5117.15	0	0
XR_002671832.1	5688	5451.15	0	0
XR_002671833.1	5327	5090.15	0	0
XR_002671834.1	5285	5048.15	0	0
XR_002671835.1	5258	5021.15	0	0
XR_002671836.1	6749	6512.15	0	0
XR_002671837.1	6431	6194.15	0	0
XR_002671838.1	6026	5789.15	0	0
XR_002671839.1	4693	4456.15	0	0
XR_002671840.1	4458	4221.15	0	0
XR_002671841.1	4653	4416.15	0	0
XR_002671842.1	4349	4112.15	0	0
XR_002671843.1	4248	4011.15	0	0
XR_002671844.1	4993	4756.15	0	0
XR_002671845.1	4288	4051.15	0	0
XR_002671846.1	3421	3184.15	0	0
XR_002671847.1	3453	3216.15	0	0
XR_002671848.1	3426	3189.15	0	0
XR_002671849.1	3318	3081.15	0	0
XR_002671850.1	2590	2353.15	0	0
XR_002671851.1	3250	3013.15	0	0
XR_002671852.1	3361	3124.15	0	0
XR_002671853.1	2977	2740.15	0	0
XR_002671854.1	1958	1721.15	0	0
XR_002671855.1	1815	1578.15	0	0
XR_002671856.1	953	716.37	0	0
XR_002671857.1	810	574.277	0	0
XR_002671858.1	1113	876.148	0	0
XR_002671859.1	2031	1794.15	0	0
XR_002671860.1	1220	983.148	0	0
XR_002671861.1	689	454.75	0	0
XR_002671862.1	7539	7302.15	0	0
XR_002671863.1	7294	7057.15	0	0
XR_002671864.1	7534	7297.15	0	0
XR_002671865.1	7552	7315.15	0	0
XR_002671866.1	7289	7052.15	0	0
XR_002671867.1	4634	4397.15	0	0
XR_002671868.1	6427	6190.15	0	0
XR_002671869.1	7318	7081.15	0	0
XR_002671870.1	6014	5777.15	0	0
XR_002671871.1	7311	7074.15	0	0
XR_002671872.1	4629	4392.15	0	0
XR_002671873.1	4602	4365.15	0	0
XR_002671874.1	3450	3213.15	0	0
XR_002671875.1	4597	4360.15	0	0
XR_002671876.1	3445	3208.15	0	0
XR_002671877.1	3418	3181.15	0	0
XR_002671878.1	2406	2169.15	0	0
XR_002671879.1	361	164.856	0	0
XR_002671880.1	1620	1383.15	0	0
XR_002671881.1	1674	1437.15	0	0
XR_002671882.1	6808	6571.15	0	0
XR_002671883.1	1113	876.148	0	0
XR_002671884.1	1094	857.148	0	0
XR_002671885.1	1010	773.148	0	0
XR_002671886.1	427	215.941	0	0
XR_002671887.1	456	239.474	0	0
XR_002671888.1	4601	4364.15	0	0
XR_002671889.1	3156	2919.15	0	0
XR_002671890.1	3187	2950.15	0	0
XR_002671891.1	1876	1639.15	0	0
XR_002671892.1	1973	1736.15	0	0
XR_002671893.1	1226	989.148	0	0
XR_002671894.1	3559	3322.15	0	0
XR_002671895.1	581	350.681	0	0
XR_002671896.1	2456	2219.15	0	0
XR_002671897.1	915	678.72	0	0
XR_002671898.1	844	608.102	0	0
XR_002671899.1	907	670.72	0	0
XR_002671900.1	858	622.04	0	0
XR_002671901.1	956	719.37	0	0
XR_002671902.1	3824	3587.15	0	0
XR_002671903.1	3281	3044.15	0	0
XR_002671904.1	3548	3311.15	0	0
XR_002671905.1	2572	2335.15	0	0
XR_002671906.1	1639	1402.15	0	0
XR_002671907.1	1625	1388.15	0	0
XR_002671908.1	3984	3747.15	0	0
XR_002671909.1	2427	2190.15	0	0
XR_002671910.1	1743	1506.15	0	0
XR_002671911.1	1169	932.148	0	0
XR_002671912.1	2527	2290.15	0	0
XR_002671913.1	1548	1311.15	0	0
XR_002671914.1	2080	1843.15	0	0
XR_002671915.1	2059	1822.15	0	0
XR_002671916.1	742	507.076	0	0
XR_002671917.1	603	371.341	0	0
XR_002671918.1	2080	1843.15	0	0
XR_002671919.1	5267	5030.15	0	0
XR_002671920.1	1767	1530.15	0	0
XR_002671921.1	2985	2748.15	0	0
XR_002671922.1	1268	1031.15	0	0
XR_002671923.1	1089	852.148	0	0
XR_002671924.1	1066	829.148	0	0
XR_002671925.1	942	705.582	0	0
XR_002671926.1	1180	943.148	0	0
XR_002671927.1	1117	880.148	0	0
XR_002671928.1	871	634.915	0	0
XR_002671929.1	781	545.553	0	0
XR_002671930.1	370	171.805	0	0
XR_002671931.1	3213	2976.15	0	0
XR_002671932.1	1583	1346.15	0	0
XR_002671933.1	1873	1636.15	0	0
XR_002671934.1	1833	1596.15	0	0
XR_002671935.1	433	220.92	0	0
XR_002671936.1	2770	2533.15	0	0
XR_002671937.1	1073	836.148	0	0
XR_002671938.1	1509	1272.15	0	0
XR_002671939.1	1990	1753.15	0	0
XR_002671940.1	784	548.388	0	0
XR_002671941.1	738	503.227	0	0
XR_002671942.1	713	478.425	0	0
XR_002671943.1	730	495.278	0	0
XR_002671944.1	1041	804.148	0	0
XR_002671945.1	824	588.162	0	0
XR_002671946.1	1761	1524.15	0	0
XR_002671947.1	1269	1032.15	0	0
XR_002671948.1	4226	3989.15	0	0
XR_002671949.1	742	507.076	0	0
XR_002671950.1	1907	1670.15	0	0
XR_002671951.1	5985	5748.15	0	0
XR_002671952.1	780	544.553	0	0
XR_002671953.1	3182	2945.15	0	0
XR_002671954.1	602	370.378	0	0
XR_002671955.1	1177	940.148	0	0
XR_002671956.1	845	609.102	0	0
XR_002671957.1	273	105.037	0	0
XR_002671958.1	3192	2955.15	0	0
XR_002671959.1	669	435.331	0	0
XR_002671960.1	637	404.175	0	0
XR_002671961.1	528	301.637	0	0
XR_002671962.1	898	661.72	0	0
XR_002671963.1	957	720.37	0	0
XR_002671964.1	796	560.277	0	0
XR_002671965.1	1822	1585.15	0	0
XR_002671966.1	2073	1836.15	0	0
XR_002671967.1	789	553.388	0	0
XR_002671968.1	955	718.37	0	0
XR_002671969.1	1873	1636.15	0	0
XR_002671970.1	5616	5379.15	0	0
XR_002671971.1	1635	1398.15	0	0
XR_002671972.1	511	286.393	0	0
XR_002671973.1	1653	1416.15	0	0
XR_002671974.1	851	615.102	0	0
XR_002671975.1	2345	2108.15	0	0
XR_002671976.1	2335	2098.15	0	0
XR_002671977.1	5192	4955.15	0	0
XR_002671978.1	1027	790.148	0	0
XR_002671979.1	1000	763.148	0	0
XR_002671980.1	1034	797.148	0	0
XR_002671981.1	4899	4662.15	0	0
XR_002671982.1	5447	5210.15	0	0
XR_002671983.1	4418	4181.15	0	0
XR_002671984.1	1144	907.148	0	0
XR_002671985.1	3785	3548.15	0	0
XR_002671986.1	1077	840.148	0	0
XR_002671987.1	677	443.11	0	0
XR_002671988.1	1282	1045.15	0	0
XR_002671989.1	1743	1506.15	0	0
XR_002671990.1	933	696.652	0	0
XR_002671991.1	665	431.505	0	0
XR_002671992.1	1643	1406.15	0	0
XR_002671993.1	2583	2346.15	0	0
XR_002671994.1	522	296.313	0	0
XR_002671995.1	973	736.297	0	0
XR_002671996.1	1395	1158.15	0	0
XR_002671997.1	699	464.566	0	0
XR_002671998.1	753	517.871	0	0
XR_002671999.1	646	412.887	0	0
XR_002672000.1	538	310.476	0	0
XR_002672001.1	1705	1468.15	0	0
XR_002672002.1	1675	1438.15	0	0
XR_002672003.1	1623	1386.15	0	0
XR_002672004.1	1805	1568.15	0	0
XR_002672005.1	1321	1084.15	0	0
XR_002672006.1	2214	1977.15	0	0
XR_002672007.1	3716	3479.15	0	0
XR_002672008.1	3610	3373.15	0	0
XR_002672009.1	1431	1194.15	0	0
XR_002672010.1	844	608.102	0	0
XR_002672011.1	1819	1582.15	0	0
XR_002672012.1	1258	1021.15	0	0
XR_002672013.1	561	331.688	0	0
XR_002672014.1	1844	1607.15	0	0
XR_002672015.1	1846	1609.15	0	0
XR_002672016.1	1064	827.148	0	0
XR_002672017.1	916	679.72	0	0
XR_002672018.1	1486	1249.15	0	0
XR_002672019.1	2938	2701.15	0	0
XR_002672020.1	2670	2433.15	0	0
XR_002672021.1	2959	2722.15	0	0
XR_002672022.1	2924	2687.15	0	0
XR_002672023.1	2502	2265.15	0	0
XR_002672024.1	2708	2471.15	0	0
XR_002672025.1	2702	2465.15	0	0
XR_002672026.1	2783	2546.15	0	0
XR_002672027.1	2775	2538.15	0	0
XR_002672028.1	2933	2696.15	0	0
XR_002672029.1	2735	2498.15	0	0
XR_002672030.1	2769	2532.15	0	0
XR_002672031.1	2827	2590.15	0	0
XR_002672032.1	2934	2697.15	0	0
XR_002672033.1	2518	2281.15	0	0
XR_002672034.1	1237	1000.15	0	0
XR_002672035.1	1279	1042.15	0	0
XR_002672036.1	1445	1208.15	0	0
XR_002672037.1	1107	870.148	0	0
XR_002672038.1	1418	1181.15	0	0
XR_002672039.1	485	263.963	0	0
XR_002672040.1	472	252.561	0	0
XR_002672041.1	929	692.652	0	0
XR_002672042.1	1044	807.148	0	0
XR_002672043.1	936	699.582	0	0
XR_002672044.1	333	144.04	0	0
XR_002672045.1	15277	15040.1	0	0
XR_002672046.1	910	673.72	0	0
XR_002672047.1	713	478.425	0	0
XR_002672048.1	353	159.029	0	0
XR_002672049.1	182	49.343	0	0
XR_002672050.1	1814	1577.15	0	0
XR_002672051.1	933	696.652	0	0
XR_002672052.1	7688	7451.15	0	0
XR_002672053.1	938	701.582	0	0
XR_002672054.1	809	573.277	0	0
XR_002672055.1	691	456.704	0	0
XR_002672056.1	1390	1153.15	0	0
XR_002672057.1	7386	7149.15	0	0
XR_002672058.1	7467	7230.15	0	0
XR_002672059.1	7002	6765.15	0	0
XR_002672060.1	6367	6130.15	0	0
XR_002672061.1	5569	5332.15	0	0
XR_002672062.1	1075	838.148	0	0
XR_002672063.1	1084	847.148	0	0
XR_002672064.1	1222	985.148	0	0
XR_002672065.1	5635	5398.15	0	0
XR_002672066.1	9560	9323.15	0	0
XR_002672067.1	5418	5181.15	0	0
XR_002672068.1	1161	924.148	0	0
XR_002672069.1	8605	8368.15	0	0
XR_002672070.1	8024	7787.15	0	0
XR_002672071.1	1162	925.148	0	0
XR_002672072.1	1395	1158.15	0	0
XR_002672073.1	688	453.75	0	0
XR_002672074.1	2535	2298.15	0	0
XR_002672075.1	619	386.614	0	0
XR_002672076.1	1545	1308.15	0	0
XR_002672077.1	1858	1621.15	0	0
XR_002672078.1	1765	1528.15	0	0
XR_002672079.1	1429	1192.15	0	0
XR_002672080.1	338	147.554	0	0
XR_002672081.1	351	157.502	0	0
XR_002672082.1	320	134.61	0	0
XR_002672083.1	317	132.751	0	0
XR_002672084.1	7202	6965.15	0	0
XR_002672085.1	2383	2146.15	0	0
XR_002672086.1	591	359.748	0	0
XR_002672087.1	1253	1016.15	0	0
XR_002672088.1	1257	1020.15	0	0
XR_002672089.1	6278	6041.15	0	0
XR_002672090.1	1555	1318.15	0	0
XR_002672091.1	1106	869.148	0	0
XR_002672092.1	8523	8286.15	0	0
XR_002672093.1	919	682.652	0	0
XR_002672094.1	548	319.545	0	0
XR_002672095.1	1513	1276.15	0	0
XR_002672096.1	3039	2802.15	0	0
XR_002672097.1	1405	1168.15	0	0
XR_002672098.1	2044	1807.15	0	0
XR_002672099.1	2810	2573.15	0	0
XR_002672100.1	2279	2042.15	0	0
XR_002672101.1	2271	2034.15	0	0
XR_002672102.1	6658	6421.15	0	0
XR_002672103.1	6397	6160.15	0	0
XR_002672104.1	6772	6535.15	0	0
XR_002672105.1	5716	5479.15	0	0
XR_002672106.1	1070	833.148	0	0
XR_002672107.1	1394	1157.15	0	0
XR_002672108.1	6154	5917.15	0	0
XR_002672109.1	1056	819.148	0	0
XR_002672110.1	872	635.915	0	0
XR_002672111.1	2570	2333.15	0	0
XR_002672112.1	2652	2415.15	0	0
XR_002672113.1	7918	7681.15	0	0
XR_002672114.1	6830	6593.15	0	0
XR_002672115.1	1005	768.148	0	0
XR_002672116.1	1337	1100.15	0	0
XR_002672117.1	1288	1051.15	0	0
XR_002672118.1	790	554.333	0	0
XR_002672119.1	3791	3554.15	0	0
XR_002672120.1	258	95.3596	0	0
XR_002672121.1	3203	2966.15	0	0
XR_002672122.1	1205	968.148	0	0
XR_002672123.1	1220	983.148	0	0
XR_002672124.1	2366	2129.15	0	0
XR_002672125.1	1977	1740.15	0	0
XR_002672126.1	1008	771.148	0	0
XR_002672127.1	687	452.796	0	0
XR_002672128.1	988	751.224	0	0
XR_002672129.1	7480	7243.15	0	0
XR_002672130.1	6054	5817.15	0	0
XR_002672131.1	3814	3577.15	0	0
XR_002672132.1	5907	5670.15	0	0
XR_002672133.1	5715	5478.15	0	0
XR_002672134.1	5096	4859.15	0	0
XR_002672135.1	5680	5443.15	0	0
XR_002672136.1	1315	1078.15	0	0
XR_002672137.1	3817	3580.15	0	0
XR_002672138.1	4090	3853.15	0	0
XR_002672139.1	3043	2806.15	0	0
XR_002672140.1	3886	3649.15	0	0
XR_002672141.1	348	155.386	0	0
XR_002672142.1	546	317.643	0	0
XR_002672143.1	450	234.736	0	0
XR_002672144.1	484	263.018	0	0
XR_002672145.1	2223	1986.15	0	0
XR_002672146.1	771	535.607	0	0
XR_002672147.1	952	715.37	0	0
XR_002672148.1	558	328.755	0	0
XR_002672149.1	824	588.162	0	0
XR_002672150.1	646	412.887	0	0
XR_002672151.1	811	575.22	0	0
XR_002672152.1	712	477.425	0	0
XR_002672153.1	1379	1142.15	0	0
XR_002672154.1	647	413.845	0	0
XR_002672155.1	3569	3332.15	0	0
XR_002672156.1	723	488.376	0	0
XR_002672157.1	660	426.634	0	0
XR_002672158.1	1191	954.148	0	0
XR_002672159.1	600	368.453	0	0
XR_002672160.1	4399	4162.15	0	0
XR_002672161.1	4390	4153.15	0	0
XR_002672162.1	918	681.652	0	0
XR_002672163.1	991	754.224	0	0
XR_002672164.1	814	578.22	0	0
XR_002672165.1	811	575.22	0	0
XR_002672166.1	170	43.0461	0	0
XR_002672167.1	499	275.881	0	0
XR_002672168.1	532	305.232	0	0
XR_002672169.1	1770	1533.15	0	0
XR_002672170.1	1798	1561.15	0	0
XR_002672171.1	7093	6856.15	0	0
XR_002672172.1	3339	3102.15	0	0
XR_002672173.1	758	522.871	0	0
XR_002672174.1	1067	830.148	0	0
XR_002672175.1	3217	2980.15	0	0
XR_002672176.1	3748	3511.15	0	0
XR_002672177.1	938	701.582	0	0
XR_002672178.1	6427	6190.15	0	0
XR_002672179.1	5465	5228.15	0	0
XR_002672180.1	5462	5225.15	0	0
XR_002672181.1	5349	5112.15	0	0
XR_002672182.1	518	292.707	0	0
XR_002672183.1	565	335.553	0	0
XR_002672184.1	701	466.519	0	0
XR_002672185.1	4440	4203.15	0	0
XR_002672186.1	4461	4224.15	0	0
XR_002672187.1	1345	1108.15	0	0
XR_002672188.1	655	421.719	0	0
XR_002672189.1	984	747.224	0	0
XR_002672190.1	5757	5520.15	0	0
XR_002672191.1	862	625.978	0	0
XR_002672192.1	562	332.688	0	0
XR_002672193.1	1094	857.148	0	0
XR_002672194.1	440	226.42	0	0
XR_002672195.1	1064	827.148	0	0
XR_002672196.1	820	584.162	0	0
XR_002672197.1	2854	2617.15	0	0
XR_002672198.1	2866	2629.15	0	0
XR_002672199.1	2615	2378.15	0	0
XR_002672200.1	2629	2392.15	0	0
XR_002672201.1	2572	2335.15	0	0
XR_002672202.1	1110	873.148	0	0
XR_002672203.1	1084	847.148	0	0
XR_002672204.1	2080	1843.15	0	0
XR_002672205.1	5216	4979.15	0	0
XR_002672206.1	6153	5916.15	0	0
XR_002672207.1	5081	4844.15	0	0
XR_002672208.1	5698	5461.15	0	0
XR_002672209.1	4626	4389.15	0	0
XR_002672210.1	7677	7440.15	0	0
XR_002672211.1	7323	7086.15	0	0
XR_002672212.1	5021	4784.15	0	0
XR_002672213.1	1616	1379.15	0	0
XR_002672214.1	1239	1002.15	0	0
XR_002672215.1	945	708.441	0	0
XR_002672216.1	854	618.102	0	0
XR_002672217.1	2397	2160.15	0	0
XR_002672218.1	1354	1117.15	0	0
XR_002672219.1	1903	1666.15	0	0
XR_002672220.1	937	700.582	0	0
XR_002672221.1	1025	788.148	0	0
XR_002672222.1	450	234.736	0	0
XR_002672223.1	543	314.965	0	0
XR_002672224.1	1981	1744.15	0	0
XR_002672225.1	2334	2097.15	0	0
XR_002672226.1	942	705.582	0	0
XR_002672227.1	1061	824.148	0	0
XR_002672228.1	820	584.162	0	0
XR_002672229.1	4828	4591.15	0	0
XR_002672230.1	4681	4444.15	0	0
XR_002672231.1	4537	4300.15	0	0
XR_002672232.1	4556	4319.15	0	0
XR_002672233.1	2278	2041.15	0	0
XR_002672234.1	430	218.421	0	0
XR_002672235.1	544	315.772	0	0
XR_002672236.1	814	578.22	0	0
XR_002672237.1	477	256.972	0	0
XR_002672238.1	4258	4021.15	0	0
XR_002672239.1	4156	3919.15	0	0
XR_002672240.1	1195	958.148	0	0
XR_002672241.1	603	371.341	0	0
XR_002672242.1	6151	5914.15	0	0
XR_002672243.1	3690	3453.15	0	0
XR_002672244.1	2503	2266.15	0	0
XR_002672245.1	2853	2616.15	0	0
XR_002672246.1	1194	957.148	0	0
XR_002672247.1	1608	1371.15	0	0
XR_002672248.1	2701	2464.15	0	0
XR_002672249.1	691	456.704	0	0
XR_002672250.1	673	439.199	0	0
XR_002672251.1	1454	1217.15	0	0
XR_002672252.1	1593	1356.15	0	0
XR_002672253.1	1749	1512.15	0	0
XR_002672254.1	1256	1019.15	0	0
XR_002672255.1	4266	4029.15	0	0
XR_002672256.1	3397	3160.15	0	0
XR_002672257.1	1279	1042.15	0	0
XR_002672258.1	576	345.999	0	0
XR_002672259.1	2605	2368.15	0	0
XR_002672260.1	260	96.5318	0	0
XR_002672261.1	429	217.564	0	0
XR_002672262.1	7013	6776.15	0	0
XR_002672263.1	7144	6907.15	0	0
XR_002672264.1	760	524.818	0	0
XR_002672265.1	1063	826.148	0	0
XR_002672266.1	7138	6901.15	0	0
XR_002672267.1	6224	5987.15	0	0
XR_002672268.1	6241	6004.15	0	0
XR_002672269.1	1535	1298.15	0	0
XR_002672270.1	2185	1948.15	0	0
XR_002672271.1	2894	2657.15	0	0
XR_002672272.1	589	357.929	0	0
XR_002672273.1	935	698.582	0	0
XR_002672274.1	1707	1470.15	0	0
XR_002672275.1	1723	1486.15	0	0
XR_002672276.1	14552	14315.1	0	0
XR_002672277.1	2860	2623.15	0	0
XR_002672278.1	623	390.575	0	0
XR_002672279.1	1229	992.148	0	0
XR_002672280.1	644	411.011	0	0
XR_002672281.1	720	485.425	0	0
XR_002672282.1	3672	3435.15	0	0
XR_002672283.1	5565	5328.15	0	0
XR_002672284.1	5747	5510.15	0	0
XR_002672285.1	4361	4124.15	0	0
XR_002672286.1	966	729.297	0	0
XR_002672287.1	773	537.607	0	0
XR_002672288.1	964	727.297	0	0
XR_002672289.1	1479	1242.15	0	0
XR_002672290.1	1476	1239.15	0	0
XR_002672291.1	2623	2386.15	0	0
XR_002672292.1	3803	3566.15	0	0
XR_002672293.1	4353	4116.15	0	0
XR_002672294.1	3462	3225.15	0	0
XR_002672295.1	2474	2237.15	0	0
XR_002672296.1	2015	1778.15	0	0
XR_002672297.1	1900	1663.15	0	0
XR_002672298.1	3178	2941.15	0	0
XR_002672299.1	1392	1155.15	0	0
XR_002672300.1	2888	2651.15	0	0
XR_002672301.1	2352	2115.15	0	0
XR_002672302.1	626	393.456	0	0
XR_002672303.1	583	352.361	0	0
XR_002672304.1	668	434.375	0	0
XR_002672305.1	1291	1054.15	0	0
XR_002672306.1	887	650.786	0	0
XR_002672307.1	637	404.175	0	0
XR_002672308.1	1122	885.148	0	0
XR_002672309.1	667	433.375	0	0
XR_002672310.1	659	425.634	0	0
XR_002672311.1	688	453.75	0	0
XR_002672312.1	2157	1920.15	0	0
XR_002672313.1	1283	1046.15	0	0
XR_002672314.1	1438	1201.15	0	0
XR_002672315.1	801	565.277	0	0
XR_002672316.1	284	111.636	0	0
XR_002672317.1	301	121.491	0	0
XR_002672318.1	428	216.776	0	0
XR_002672319.1	2506	2269.15	0	0
XR_002672320.1	985	748.224	0	0
XR_002672321.1	898	661.72	0	0
XR_002672322.1	313	129.746	0	0
XR_002672323.1	1518	1281.15	0	0
XR_002672324.1	730	495.278	0	0
XR_002672325.1	635	402.216	0	0
XR_002672326.1	487	265.714	0	0
XR_002672327.1	804	568.277	0	0
XR_002672328.1	809	573.277	0	0
XR_002672329.1	817	581.162	0	0
XR_002672330.1	804	568.277	0	0
XR_002672331.1	687	452.796	0	0
XR_002672332.1	820	584.162	0	0
XR_002672333.1	758	522.871	0	0
XR_002672334.1	840	604.102	0	0
XR_002672335.1	750	514.922	0	0
XR_002672336.1	7645	7408.15	0	0
XR_002672337.1	7830	7593.15	0	0
XR_002672338.1	8202	7965.15	0	0
XR_002672339.1	4882	4645.15	0	0
XR_002672340.1	494	271.68	0	0
XR_002672341.1	2778	2541.15	0	0
XR_002672342.1	2837	2600.15	0	0
XR_002672343.1	2972	2735.15	0	0
XR_002672344.1	3116	2879.15	0	0
XR_002672345.1	3160	2923.15	0	0
XR_002672346.1	2901	2664.15	0	0
XR_002672347.1	3302	3065.15	0	0
XR_002672348.1	2773	2536.15	0	0
XR_002672349.1	1539	1302.15	0	0
XR_002672350.1	425	214.317	0	0
XR_002672351.1	1299	1062.15	0	0
XR_002672352.1	1038	801.148	0	0
XR_002672353.1	1783	1546.15	0	0
XR_002672354.1	2442	2205.15	0	0
XR_002672355.1	818	582.162	0	0
XR_002672356.1	858	622.04	0	0
XR_002672357.1	743	508.076	0	0
XR_002672358.1	3830	3593.15	0	0
XR_002672359.1	3822	3585.15	0	0
XR_002672360.1	3321	3084.15	0	0
XR_002672361.1	3066	2829.15	0	0
XR_002672362.1	3359	3122.15	0	0
XR_002672363.1	3133	2896.15	0	0
XR_002672364.1	1337	1100.15	0	0
XR_002672365.1	1184	947.148	0	0
XR_002672366.1	958	721.37	0	0
XR_002672367.1	250	90.4569	0	0
XR_002672368.1	2921	2684.15	0	0
XR_002672369.1	3569	3332.15	0	0
XR_002672370.1	1188	951.148	0	0
XR_002672371.1	11612	11375.1	0	0
XR_002672372.1	3084	2847.15	0	0
XR_002672373.1	748	512.922	0	0
XR_002672374.1	1036	799.148	0	0
XR_002672375.1	602	370.378	0	0
XR_002672376.1	809	573.277	0	0
XR_002672377.1	830	594.102	0	0
XR_002672378.1	1490	1253.15	0	0
XR_002672379.1	1520	1283.15	0	0
XR_002672380.1	3577	3340.15	0	0
XR_002672381.1	1601	1364.15	0	0
XR_002672382.1	1208	971.148	0	0
XR_002672383.1	1714	1477.15	0	0
XR_002672384.1	272	104.298	0	0
XR_002672385.1	3672	3435.15	0	0
XR_002672386.1	3612	3375.15	0	0
XR_002672387.1	2459	2222.15	0	0
XR_002672388.1	3607	3370.15	0	0
XR_002672389.1	3388	3151.15	0	0
XR_002672390.1	679	445.021	0	0
XR_002672391.1	462	244.394	0	0
XR_002672392.1	1005	768.148	0	0
XR_002672393.1	679	445.021	0	0
XR_002672394.1	587	356.218	0	0
XR_002672395.1	1144	907.148	0	0
XR_002672396.1	1105	868.148	0	0
XR_002672397.1	1130	893.148	0	0
XR_002672398.1	2297	2060.15	0	0
XR_002672399.1	719	484.425	0	0
XR_002672400.1	642	409.052	0	0
XR_002672401.1	639	406.134	0	0
XR_002672402.1	1325	1088.15	0	0
XR_002672403.1	1504	1267.15	0	0
XR_002672404.1	1480	1243.15	0	0
XR_002672405.1	1129	892.148	0	0
XR_002672406.1	333	144.04	0	0
XR_002672407.1	2314	2077.15	0	0
XR_002672408.1	486	264.853	0	0
XR_002672409.1	1303	1066.15	0	0
XR_002672410.1	1651	1414.15	0	0
XR_002672411.1	1645	1408.15	0	0
XR_002672412.1	1567	1330.15	0	0
XR_002672413.1	2058	1821.15	0	0
XR_002672414.1	1621	1384.15	0	0
XR_002672415.1	1897	1660.15	0	0
XR_002672416.1	2062	1825.15	0	0
XR_002672417.1	1994	1757.15	0	0
XR_002672418.1	546	317.643	0	0
XR_002672419.1	939	702.582	0	0
XR_002672420.1	2301	2064.15	0	0
XR_002672421.1	1379	1142.15	0	0
XR_002672422.1	1523	1286.15	0	0
XR_002672423.1	1247	1010.15	0	0
XR_002672424.1	1773	1536.15	0	0
XR_002672425.1	1286	1049.15	0	0
XR_002672426.1	1046	809.148	0	0
XR_002672427.1	829	593.102	0	0
XR_002672428.1	3062	2825.15	0	0
XR_002672429.1	1875	1638.15	0	0
XR_002672430.1	2513	2276.15	0	0
XR_002672431.1	812	576.22	0	0
XR_002672432.1	1643	1406.15	0	0
XR_002672433.1	1371	1134.15	0	0
XR_002672434.1	965	728.297	0	0
XR_002672435.1	908	671.72	0	0
XR_002672436.1	1357	1120.15	0	0
XR_002672437.1	1166	929.148	0	0
XR_002672438.1	667	433.375	0	0
XR_002672439.1	543	314.965	0	0
XR_002672440.1	2856	2619.15	0	0
XR_002672441.1	1448	1211.15	0	0
XR_002672442.1	2390	2153.15	0	0
XR_002672443.1	1622	1385.15	0	0
XR_002672444.1	2711	2474.15	0	0
XR_002672445.1	2243	2006.15	0	0
XR_002672446.1	1836	1599.15	0	0
XR_002672447.1	2298	2061.15	0	0
XR_002672448.1	17118	16881.1	0	0
XR_002672449.1	2043	1806.15	0	0
XR_002672450.1	5117	4880.15	0	0
XR_002672451.1	1816	1579.15	0	0
XR_002672452.1	1756	1519.15	0	0
XR_002672453.1	1338	1101.15	0	0
XR_002672454.1	3024	2787.15	0	0
XR_002672455.1	1213	976.148	0	0
XR_002672456.1	933	696.652	0	0
XR_002672457.1	1320	1083.15	0	0
XR_002672458.1	1492	1255.15	0	0
XR_002672459.1	873	636.915	0	0
XR_002672460.1	3758	3521.15	0	0
XR_002672461.1	1740	1503.15	0	0
XR_002672462.1	509	284.718	0	0
XR_002672463.1	1823	1586.15	0	0
XR_002672464.1	16922	16685.1	0	0
XR_002672465.1	16701	16464.1	0	0
XR_002672466.1	6268	6031.15	0	0
XR_002672467.1	8993	8756.15	0	0
XR_002672468.1	7917	7680.15	0	0
XR_002672469.1	6331	6094.15	0	0
XR_002672470.1	8446	8209.15	0	0
XR_002672471.1	6095	5858.15	0	0
XR_002672472.1	1693	1456.15	0	0
XR_002672473.1	1733	1496.15	0	0
XR_002672474.1	647	413.845	0	0
XR_002672475.1	1335	1098.15	0	0
XR_002672476.1	1333	1096.15	0	0
XR_002672477.1	2608	2371.15	0	0
XR_002672478.1	2757	2520.15	0	0
XR_002672479.1	2618	2381.15	0	0
XR_002672480.1	2562	2325.15	0	0
XR_002672481.1	3635	3398.15	0	0
XR_002672482.1	4892	4655.15	0	0
XR_002672483.1	5020	4783.15	0	0
XR_002672484.1	885	648.786	0	0
XR_002672485.1	9436	9199.15	0	0
XR_002672486.1	2393	2156.15	0	0
XR_002672487.1	2410	2173.15	0	0
XR_002672488.1	5102	4865.15	0	0
XR_002672489.1	4700	4463.15	0	0
XR_002672490.1	4663	4426.15	0	0
XR_002672491.1	4811	4574.15	0	0
XR_002672492.1	4119	3882.15	0	0
XR_002672493.1	1399	1162.15	0	0
XR_002672494.1	1277	1040.15	0	0
XR_002672495.1	5705	5468.15	0	0
XR_002672496.1	1113	876.148	0	0
XR_002672497.1	8567	8330.15	0	0
XR_002672498.1	8678	8441.15	0	0
XR_002672499.1	6465	6228.15	0	0
XR_002672500.1	8000	7763.15	0	0
XR_002672501.1	6285	6048.15	0	0
XR_002672502.1	6295	6058.15	0	0
XR_002672503.1	1828	1591.15	0	0
XR_002672504.1	1182	945.148	0	0
XR_002672505.1	2670	2433.15	0	0
XR_002672506.1	2673	2436.15	0	0
XR_002672507.1	4472	4235.15	0	0
XR_002672508.1	1253	1016.15	0	0
XR_002672509.1	1321	1084.15	0	0
XR_002672510.1	2634	2397.15	0	0
XR_002672511.1	797	561.277	0	0
XR_002672512.1	1612	1375.15	0	0
XR_002672513.1	774	538.607	0	0
XR_002672514.1	2234	1997.15	0	0
XR_002672515.1	2056	1819.15	0	0
XR_002672516.1	2050	1813.15	0	0
XR_002672517.1	1716	1479.15	0	0
XR_002672518.1	829	593.102	0	0
XR_002672519.1	7081	6844.15	0	0
XR_002672520.1	1374	1137.15	0	0
XR_002672521.1	6385	6148.15	0	0
XR_002672522.1	6506	6269.15	0	0
XR_002672523.1	6864	6627.15	25.7671	0.710044
XR_002672524.1	703	468.472	0	0
XR_002672525.1	8237	8000.15	0	0
XR_002672526.1	7262	7025.15	0	0
XR_002672527.1	7193	6956.15	0	0
XR_002672528.1	3821	3584.15	4.10601e-07	2.09209e-08
XR_002672529.1	3768	3531.15	0.998447	0.0516364
XR_002672530.1	3020	2783.15	0	0
XR_002672531.1	643	410.011	0	0
XR_002672532.1	2420	2183.15	0	0
XR_002672533.1	1851	1614.15	0	0
XR_002672534.1	1563	1326.15	0	0
XR_002672535.1	408	201.092	0	0
XR_002672536.1	3804	3567.15	0	0
XR_002672537.1	238	82.9827	0	0
XR_002672538.1	413	204.967	0	0
XR_002672539.1	6880	6643.15	0	0
XR_002672540.1	3187	2950.15	0	0
XR_002672541.1	3053	2816.15	0	0
XR_002672542.1	1005	768.148	0	0
XR_002672543.1	12185	11948.1	0	0
XR_002672544.1	5765	5528.15	0.404455	0.0133609
XR_002672545.1	4006	3769.15	0	0
XR_002672546.1	1298	1061.15	0	0
XR_002672547.1	1301	1064.15	0	0
XR_002672548.1	1295	1058.15	0	0
XR_002672549.1	2930	2693.15	0	0
XR_002672550.1	1615	1378.15	0	0
XR_002672551.1	2956	2719.15	0	0
XR_002672552.1	2153	1916.15	0	0
XR_002672553.1	828	592.102	0	0
XR_002672554.1	726	491.327	0	0
XR_002672555.1	1146	909.148	0	0
XR_002672556.1	147	31.9566	0	0
XR_002672557.1	1607	1370.15	0	0
XR_002672558.1	325	138.148	0	0
XR_002672559.1	5002	4765.15	0	0
XR_002672560.1	3377	3140.15	0	0
XR_002672561.1	4532	4295.15	0	0
XR_002672562.1	4529	4292.15	0	0
XR_002672563.1	3189	2952.15	0	0
XR_002672564.1	1034	797.148	0	0
XR_002672565.1	1162	925.148	0	0
XR_002672566.1	1024	787.148	0	0
XR_002672567.1	3298	3061.15	0	0
XR_002672568.1	3845	3608.15	2.50716	0.126895
XR_002672569.1	3841	3604.15	7.49284	0.379656
XR_002672570.1	2472	2235.15	0	0
XR_002672571.1	1348	1111.15	0	0
XR_002672572.1	3256	3019.15	0	0
XR_002672573.1	2755	2518.15	0	0
XR_002672574.1	3239	3002.15	0	0
XR_002672575.1	1004	767.148	0	0
XR_002672576.1	1438	1201.15	0	0
XR_002672577.1	5021	4784.15	0	0
XR_002672578.1	4455	4218.15	0	0
XR_002672579.1	4882	4645.15	0	0
XR_002672580.1	4708	4471.15	0	0
XR_002672581.1	4451	4214.15	0	0
XR_002672582.1	4142	3905.15	0	0
XR_002672583.1	4138	3901.15	0	0
XR_002672584.1	3940	3703.15	0	0
XR_002672585.1	5730	5493.15	0	0
XR_002672586.1	4420	4183.15	0	0
XR_002672587.1	3474	3237.15	0	0
XR_002672588.1	4430	4193.15	0	0
XR_002672589.1	6801	6564.15	0	0
XR_002672590.1	6791	6554.15	0	0
XR_002672591.1	1935	1698.15	0	0
XR_002672592.1	912	675.72	0	0
XR_002672593.1	1001	764.148	0	0
XR_002672594.1	1756	1519.15	0	0
XR_002672595.1	954	717.37	0	0
XR_002672596.1	420	210.479	0	0
XR_002672597.1	2963	2726.15	0	0
XR_002672598.1	1144	907.148	0	0
XR_002672599.1	6897	6660.15	0	0
XR_002672600.1	1130	893.148	0	0
XR_002672601.1	1090	853.148	0	0
XR_002672602.1	4979	4742.15	0	0
XR_002672603.1	4954	4717.15	0	0
XR_002672604.1	2816	2579.15	0	0
XR_002672605.1	1489	1252.15	0	0
XR_002672606.1	947	710.441	0	0
XR_002672607.1	5346	5109.15	0	0
XR_002672608.1	1607	1370.15	0	0
XR_002672609.1	315	131.376	0	0
XR_002672610.1	328	140.487	0	0
XR_002672611.1	324	137.442	0	0
XR_002672612.1	4145	3908.15	0	0
XR_002672613.1	4648	4411.15	0	0
XR_002672614.1	3977	3740.15	0	0
XR_002672615.1	3008	2771.15	0	0
XR_002672616.1	2070	1833.15	0	0
XR_002672617.1	4843	4606.15	0	0
XR_002672618.1	592	360.748	0	0
XR_002672619.1	612	379.885	0	0
XR_002672620.1	7094	6857.15	0	0
XR_002672621.1	1372	1135.15	0	0
XR_002672622.1	10346	10109.1	0	0
XR_002672623.1	3235	2998.15	0	0
XR_002672624.1	6871	6634.15	0	0
XR_002672625.1	3103	2866.15	0	0
XR_002672626.1	4797	4560.15	0	0
XR_002672627.1	3099	2862.15	0	0
XR_002672628.1	4747	4510.15	0	0
XR_002672629.1	4661	4424.15	0	0
XR_002672630.1	4665	4428.15	0	0
XR_002672631.1	4615	4378.15	0	0
XR_002672632.1	4611	4374.15	0	0
XR_002672633.1	6632	6395.15	0	0
XR_002672634.1	4001	3764.15	0	0
XR_002672635.1	2834	2597.15	0	0
XR_002672636.1	2824	2587.15	0	0
XR_002672637.1	601	369.416	0	0
XR_002672638.1	1016	779.148	0	0
XR_002672639.1	1724	1487.15	0	0
XR_002672640.1	6464	6227.15	0	0
XR_002672641.1	7563	7326.15	0	0
XR_002672642.1	5986	5749.15	0	0
XR_002672643.1	1534	1297.15	0	0
XR_002672644.1	1014	777.148	0	0
XR_002672645.1	1420	1183.15	0	0
XR_002672646.1	472	252.561	0	0
XR_002672647.1	480	259.538	0	0
XR_002672648.1	9613	9376.15	0	0
XR_002672649.1	3056	2819.15	0	0
XR_002672650.1	922	685.652	0	0
XR_002672651.1	6510	6273.15	0	0
XR_002672652.1	1412	1175.15	0	0
XR_002672653.1	838	602.102	0	0
XR_002672654.1	289	114.593	0	0
XR_002672655.1	3352	3115.15	0	0
XR_002672656.1	3323	3086.15	0	0
XR_002672657.1	989	752.224	0	0
XR_002672658.1	3842	3605.15	0	0
XR_002672659.1	575	345.104	0	0
XR_002672660.1	2266	2029.15	0	0
XR_002672661.1	2350	2113.15	0	0
XR_002672662.1	2213	1976.15	0	0
XR_002672663.1	4864	4627.15	0	0
XR_002672664.1	2266	2029.15	0	0
XR_002672665.1	1190	953.148	0	0
XR_002672666.1	3172	2935.15	0	0
XR_002672667.1	2052	1815.15	0	0
XR_002672668.1	1528	1291.15	0	0
XR_002672669.1	5552	5315.15	0	0
XR_002672670.1	4713	4476.15	0	0
XR_002672671.1	3910	3673.15	0	0
XR_002672672.1	1694	1457.15	0	0
XR_002672673.1	262	97.8927	0	0
XR_002672674.1	640	407.052	0	0
XR_002672675.1	3334	3097.15	0	0
XR_002672676.1	6270	6033.15	0	0
XR_002672677.1	6127	5890.15	0	0
XR_002672678.1	7497	7260.15	0	0
XR_002672679.1	1004	767.148	0	0
XR_002672680.1	383	181.621	0	0
XR_002672681.1	1818	1581.15	0	0
XR_002672682.1	1797	1560.15	0	0
XR_002672683.1	2378	2141.15	0	0
XR_002672684.1	2261	2024.15	0	0
XR_002672685.1	1460	1223.15	0	0
XR_002672686.1	11445	11208.1	0	0
XR_002672687.1	1736	1499.15	0	0
XR_002672688.1	540	312.253	0	0
XR_002672689.1	1635	1398.15	0	0
XR_002672690.1	3477	3240.15	0	0
XR_002672691.1	3516	3279.15	0	0
XR_002672692.1	679	445.021	0	0
XR_002672693.1	4546	4309.15	0	0
XR_002672694.1	4543	4306.15	0	0
XR_002672695.1	1674	1437.15	0	0
XR_002672696.1	1671	1434.15	0	0
XR_002672697.1	5339	5102.15	0	0
XR_002672698.1	6215	5978.15	0	0
XR_002672699.1	7488	7251.15	0	0
XR_002672700.1	6639	6402.15	0	0
XR_002672701.1	6302	6065.15	0	0
XR_002672702.1	5052	4815.15	0	0
XR_002672703.1	5438	5201.15	0	0
XR_002672704.1	4715	4478.15	0	0
XR_002672705.1	286	112.941	0	0
XR_002672706.1	6858	6621.15	0	0
XR_002672707.1	1463	1226.15	0	0
XR_002672708.1	512	287.334	0	0
XR_002672709.1	5879	5642.15	0	0
XR_002672710.1	5236	4999.15	0	0
XR_002672711.1	4948	4711.15	0	0
XR_002672712.1	9688	9451.15	0	0
XR_002672713.1	4153	3916.15	0	0
XR_002672714.1	3956	3719.15	0	0
XR_002672715.1	830	594.102	0	0
XR_002672716.1	1550	1313.15	0	0
XR_002672717.1	1529	1292.15	0	0
XR_002672718.1	7188	6951.15	0	0
XR_002672719.1	7459	7222.15	0	0
XR_002672720.1	952	715.37	0	0
XR_002672721.1	3343	3106.15	0	0
XR_002672722.1	2475	2238.15	0	0
XR_002672723.1	500	276.853	0	0
XR_002672724.1	101	19.2661	0	0
XR_002672725.1	5344	5107.15	0	0
XR_002672726.1	5579	5342.15	0	0
XR_002672727.1	4074	3837.15	0	0
XR_002672728.1	2121	1884.15	0	0
XR_002672729.1	2319	2082.15	0	0
XR_002672730.1	1088	851.148	0	0
XR_002672731.1	840	604.102	0	0
XR_002672732.1	870	633.915	0	0
XR_002672733.1	1831	1594.15	0	0
XR_002672734.1	607	375.303	0	0
XR_002672735.1	1820	1583.15	0	0
XR_002672736.1	1736	1499.15	0	0
XR_002672737.1	1221	984.148	0	0
XR_002672738.1	5360	5123.15	0	0
XR_002672739.1	3643	3406.15	0	0
XR_002672740.1	1372	1135.15	0	0
XR_002672741.1	3551	3314.15	0	0
XR_002672742.1	3315	3078.15	0	0
XR_002672743.1	1019	782.148	0	0
XR_002672744.1	3770	3533.15	0	0
XR_002672745.1	4288	4051.15	0	0
XR_002672746.1	3298	3061.15	0	0
XR_002672747.1	7282	7045.15	0	0
XR_002672748.1	3581	3344.15	0	0
XR_002672749.1	5217	4980.15	0	0
XR_002672750.1	4234	3997.15	0	0
XR_002672751.1	572	342.139	0	0
XR_002672752.1	237	82.3177	0	0
XR_002672753.1	1980	1743.15	0	0
XR_002672754.1	1698	1461.15	0	0
XR_002672755.1	1377	1140.15	1	0.160172
XR_002672756.1	1361	1124.15	0	0
XR_002672757.1	2417	2180.15	0	0
XR_002672758.1	6707	6470.15	0	0
XR_002672759.1	5127	4890.15	0	0
XR_002672760.1	806	570.277	0	0
XR_002672761.1	2789	2552.15	0	0
XR_002672762.1	1225	988.148	0	0
XR_002672763.1	766	530.607	0	0
XR_002672764.1	5762	5525.15	0.691116	0.022843
XR_002672765.1	339	148.373	0	0
XR_002672766.1	11498	11261.1	0	0
XR_002672767.1	5718	5481.15	0	0
XR_002672768.1	5758	5521.15	0	0
XR_002672769.1	322	136.164	0	0
XR_002672770.1	643	410.011	0	0
XR_002672771.1	769	533.607	0	0
XR_002672772.1	6839	6602.15	0	0
XR_002672773.1	2071	1834.15	0	0
XR_002672774.1	5075	4838.15	0	0
XR_002672775.1	6354	6117.15	0	0
XR_002672776.1	447	232.186	0	0
XR_002672777.1	950	713.441	0	0
XR_002672778.1	2868	2631.15	0	0
XR_002672779.1	2004	1767.15	0	0
XR_002672780.1	18629	18392.1	0	0
XR_002672781.1	18711	18474.1	0	0
XR_002672782.1	18752	18515.1	0	0
XR_002672783.1	18027	17790.1	0	0
XR_002672784.1	6561	6324.15	0	0
XR_002672785.1	1122	885.148	0	0
XR_002672786.1	843	607.102	0	0
XR_002672787.1	1104	867.148	0	0
XR_002672788.1	1075	838.148	0	0
XR_002672789.1	1087	850.148	0	0
XR_002672790.1	4935	4698.15	0	0
XR_002672791.1	5525	5288.15	0	0
XR_002672792.1	5513	5276.15	0	0
XR_002672793.1	5483	5246.15	0	0
XR_002672794.1	5477	5240.15	0	0
XR_002672795.1	1162	925.148	0	0
XR_002672796.1	2118	1881.15	0	0
XR_002672797.1	1432	1195.15	0	0
XR_002672798.1	2868	2631.15	0	0
XR_002672799.1	3067	2830.15	0	0
XR_002672800.1	2782	2545.15	0	0
XR_002672801.1	4491	4254.15	0	0
XR_002672802.1	4386	4149.15	0	0
XR_002672803.1	2712	2475.15	0	0
XR_002672804.1	10348	10111.1	0	0
XR_002672805.1	886	649.786	0	0
XR_002672806.1	973	736.297	0	0
XR_002672807.1	3705	3468.15	0	0
XR_002672808.1	3719	3482.15	0	0
XR_002672809.1	7550	7313.15	0	0
XR_002672810.1	4951	4714.15	0	0
XR_002672811.1	3443	3206.15	0	0
XR_002672812.1	3439	3202.15	0	0
XR_002672813.1	1199	962.148	0	0
XR_002672814.1	1126	889.148	0	0
XR_002672815.1	1539	1302.15	0	0
XR_002672816.1	1874	1637.15	0	0
XR_002672817.1	2229	1992.15	0	0
XR_002672818.1	3478	3241.15	0	0
XR_002672819.1	2682	2445.15	0	0
XR_002672820.1	1054	817.148	0	0
XR_002672821.1	665	431.505	0	0
XR_002672822.1	675	441.199	0	0
XR_002672823.1	959	722.37	0	0
XR_002672824.1	4678	4441.15	0	0
XR_002672825.1	1852	1615.15	0	0
XR_002672826.1	1485	1248.15	0	0
XR_002672827.1	601	369.416	0	0
XR_002672828.1	5092	4855.15	0	0
XR_002672829.1	5001	4764.15	0	0
XR_002672830.1	5222	4985.15	0	0
XR_002672831.1	5219	4982.15	0	0
XR_002672832.1	3181	2944.15	0	0
XR_002672833.1	3178	2941.15	0	0
XR_002672834.1	2940	2703.15	0	0
XR_002672835.1	515	290.037	0	0
XR_002672836.1	2053	1816.15	0	0
XR_002672837.1	2048	1811.15	0	0
XR_002672838.1	4253	4016.15	0	0
XR_002672839.1	2573	2336.15	0	0
XR_002672840.1	1389	1152.15	0	0
XR_002672841.1	1164	927.148	0	0
XR_002672842.1	5932	5695.15	0	0
XR_002672843.1	5746	5509.15	12.0963	0.400974
XR_002672844.1	1598	1361.15	0	0
XR_002672845.1	2540	2303.15	0	0
XR_002672846.1	1746	1509.15	0	0
XR_002672847.1	1956	1719.15	0	0
XR_002672848.1	504	280.361	0	0
XR_002672849.1	414	205.808	0	0
XR_002672850.1	671	437.199	0	0
XR_002672851.1	910	673.72	0	0
XR_002672852.1	620	387.575	0	0
XR_002672853.1	1330	1093.15	0	0
XR_002672854.1	1254	1017.15	0	0
XR_002672855.1	1294	1057.15	0	0
XR_002672856.1	1558	1321.15	0	0
XR_002672857.1	698	463.566	0	0
XR_002672858.1	2262	2025.15	0	0
XR_002672859.1	343	151.353	0	0
XR_002672860.1	1928	1691.15	0	0
XR_002672861.1	950	713.441	0	0
XR_002672862.1	3060	2823.15	0	0
XR_002672863.1	243	86.2978	0	0
XR_002672864.1	2021	1784.15	0	0
XR_002672865.1	2009	1772.15	0	0
XR_002672866.1	1566	1329.15	0	0
XR_002672867.1	1384	1147.15	0	0
XR_002672868.1	1553	1316.15	0	0
XR_002672869.1	952	715.37	0	0
XR_002672870.1	1642	1405.15	0	0
XR_002672871.1	2474	2237.15	0	0
XR_002672872.1	732	497.278	0	0
XR_002672873.1	714	479.425	0	0
XR_002672874.1	664	430.548	0	0
XR_002672875.1	456	239.474	0	0
XR_002672876.1	1100	863.148	0	0
XR_002672877.1	1092	855.148	0	0
XR_002672878.1	2516	2279.15	0	0
XR_002672879.1	1046	809.148	0	0
XR_002672880.1	493	270.764	0	0
XR_002672881.1	1173	936.148	0	0
XR_002672882.1	1155	918.148	0	0
XR_002672883.1	501	277.795	0	0
XR_002672884.1	2359	2122.15	0	0
XR_002672885.1	2689	2452.15	0	0
XR_002672886.1	2241	2004.15	0	0
XR_002672887.1	2259	2022.15	0	0
XR_002672888.1	2244	2007.15	0	0
XR_002672889.1	1011	774.148	0	0
XR_002672890.1	371	172.604	0	0
XR_002672891.1	681	446.977	0	0
XR_002672892.1	2281	2044.15	0	0
XR_002672893.1	2287	2050.15	0	0
XR_002672894.1	2070	1833.15	0	0
XR_002672895.1	912	675.72	0	0
XR_002672896.1	1036	799.148	0	0
XR_002672897.1	2905	2668.15	0	0
XR_002672898.1	434	221.728	0	0
XR_002672899.1	1243	1006.15	0	0
XR_002672900.1	547	318.61	0	0
XR_002672901.1	1802	1565.15	0	0
XR_002672902.1	2872	2635.15	0	0
XR_002672903.1	1878	1641.15	0	0
XR_002672904.1	3508	3271.15	0	0
XR_002672905.1	2000	1763.15	0	0
XR_002672906.1	1814	1577.15	0	0
XR_002672907.1	663	429.548	0	0
XR_002672908.1	1054	817.148	0	0
XR_002672909.1	659	425.634	0	0
XR_002672910.1	1859	1622.15	0	0
XR_002672911.1	2889	2652.15	0	0
XR_002672912.1	1901	1664.15	0	0
XR_002672913.1	2072	1835.15	0	0
XR_002672914.1	965	728.297	0	0
XR_002672915.1	1850	1613.15	0	0
XR_002672916.1	1821	1584.15	0	0
XR_002672917.1	1305	1068.15	0	0
XR_002672918.1	1300	1063.15	0	0
XR_002672919.1	6760	6523.15	0	0
XR_002672920.1	5852	5615.15	0	0
XR_002672921.1	5302	5065.15	0	0
XR_002672922.1	5793	5556.15	0	0
XR_002672923.1	5299	5062.15	0	0
XR_002672924.1	5399	5162.15	0	0
XR_002672925.1	1123	886.148	0	0
XR_002672926.1	1246	1009.15	0	0
XR_002672927.1	454	237.779	0	0
XR_002672928.1	2626	2389.15	0	0
XR_002672929.1	902	665.72	0	0
XR_002672930.1	849	613.102	0	0
XR_002672931.1	1031	794.148	0	0
XR_002672932.1	982	745.224	0	0
XR_002672933.1	1233	996.148	0	0
XR_002672934.1	1684	1447.15	0	0
XR_002672935.1	935	698.582	0	0
XR_002672936.1	1527	1290.15	0	0
XR_002672937.1	561	331.688	0	0
XR_002672938.1	1446	1209.15	0	0
XR_002672939.1	1142	905.148	0	0
XR_002672940.1	992	755.224	0	0
XR_002672941.1	2849	2612.15	0	0
XR_002672942.1	353	159.029	0	0
XR_002672943.1	620	387.575	0	0
XR_002672944.1	746	510.974	0	0
XR_002672945.1	2156	1919.15	0	0
XR_002672946.1	2061	1824.15	0	0
XR_002672947.1	2040	1803.15	0	0
XR_002672948.1	2006	1769.15	0	0
XR_002672949.1	1652	1415.15	0	0
XR_002672950.1	4880	4643.15	0	0
XR_002672951.1	4752	4515.15	0	0
XR_002672952.1	285	112.337	0	0
XR_002672953.1	6265	6028.15	0	0
XR_002672954.1	973	736.297	0	0
XR_002672955.1	1509	1272.15	0	0
XR_002672956.1	1653	1416.15	0	0
XR_002672957.1	1649	1412.15	0	0
XR_002672958.1	937	700.582	0	0
XR_002672959.1	11308	11071.1	0	0
XR_002672960.1	1186	949.148	0	0
XR_002672961.1	1136	899.148	0	0
XR_002672962.1	1548	1311.15	0	0
XR_002672963.1	2171	1934.15	0	0
XR_002672964.1	1620	1383.15	0	0
XR_002672965.1	6462	6225.15	0	0
XR_002672966.1	1076	839.148	0	0
XR_002672967.1	252	91.7168	0	0
XR_002672968.1	759	523.871	0	0
XR_002672969.1	2246	2009.15	0	0
XR_002672970.1	2248	2011.15	0	0
XR_002672971.1	939	702.582	0	0
XR_002672972.1	1048	811.148	0	0
XR_002672973.1	906	669.72	0	0
XR_002672974.1	436	223.39	0	0
XR_002672975.1	1141	904.148	0	0
XR_002672976.1	1742	1505.15	0	0
XR_002672977.1	6414	6177.15	0	0
XR_002672978.1	1471	1234.15	0	0
XR_002672979.1	369	170.944	0	0
XR_002672980.1	467	248.351	0	0
XR_002672981.1	1414	1177.15	0	0
XR_002672982.1	1396	1159.15	0	0
XR_002672983.1	1070	833.148	0	0
XR_002672984.1	1175	938.148	0	0
XR_002672985.1	1884	1647.15	0	0
XR_002672986.1	5415	5178.15	0	0
XR_002672987.1	5359	5122.15	0	0
XR_002672988.1	654	420.762	0	0
XR_002672989.1	592	360.748	0	0
XR_002672990.1	2426	2189.15	0	0
XR_002672991.1	2374	2137.15	0	0
XR_002672992.1	700	465.519	0	0
XR_002672993.1	1665	1428.15	0	0
XR_002672994.1	1337	1100.15	0	0
XR_002672995.1	1159	922.148	0	0
XR_002672996.1	1181	944.148	0	0
XR_002672997.1	1134	897.148	0	0
XR_002672998.1	1572	1335.15	0	0
XR_002672999.1	1624	1387.15	0	0
XR_002673000.1	6398	6161.15	0	0
XR_002673001.1	591	359.748	0	0
XR_002673002.1	683	448.977	0	0
XR_002673003.1	1501	1264.15	0	0
XR_002673004.1	1298	1061.15	0	0
XR_002673005.1	7689	7452.15	0	0
XR_002673006.1	2164	1927.15	0	0
XR_002673007.1	540	312.253	0	0
XR_002673008.1	543	314.965	0	0
XR_002673009.1	1286	1049.15	0	0
XR_002673010.1	544	315.772	0	0
XR_002673011.1	9095	8858.15	0	0
XR_002673012.1	1717	1480.15	5.55669e-06	6.8558e-07
XR_002673013.1	1798	1561.15	0	0
XR_002673014.1	1779	1542.15	0	0
XR_002673015.1	1699	1462.15	0.976217	0.121927
XR_002673016.1	1476	1239.15	0	0
XR_002673017.1	10046	9809.15	0	0
XR_002673018.1	7160	6923.15	0	0
XR_002673019.1	1014	777.148	0	0
XR_002673020.1	2182	1945.15	0	0
XR_002673021.1	897	660.786	0	0
XR_002673022.1	622	389.575	0	0
XR_002673023.1	1111	874.148	0	0
XR_002673024.1	1603	1366.15	0	0
XR_002673025.1	1318	1081.15	0	0
XR_002673026.1	9655	9418.15	0	0
XR_002673027.1	4110	3873.15	0	0
XR_002673028.1	11307	11070.1	0	0
XR_002673029.1	948	711.441	0	0
XR_002673030.1	7675	7438.15	0	0
XR_002673031.1	893	656.786	0	0
XR_002673032.1	4574	4337.15	0	0
XR_002673033.1	4176	3939.15	0	0
XR_002673034.1	4143	3906.15	0	0
XR_002673035.1	4431	4194.15	0	0
XR_002673036.1	1435	1198.15	0	0
XR_002673037.1	3999	3762.15	0	0
XR_002673038.1	4785	4548.15	0	0
XR_002673039.1	2327	2090.15	0	0
XR_002673040.1	2921	2684.15	0	0
XR_002673041.1	547	318.61	0	0
XR_002673042.1	1052	815.148	0	0
XR_002673043.1	8055	7818.15	0	0
XR_002673044.1	7928	7691.15	0	0
XR_002673045.1	8018	7781.15	0	0
XR_002673046.1	3694	3457.15	0	0
XR_002673047.1	3592	3355.15	0	0
XR_002673048.1	3411	3174.15	0	0
XR_002673049.1	2894	2657.15	0	0
XR_002673050.1	3268	3031.15	0	0
XR_002673051.1	2891	2654.15	0	0
XR_002673052.1	3610	3373.15	0	0
XR_002673053.1	3578	3341.15	0	0
XR_002673054.1	3483	3246.15	0	0
XR_002673055.1	3824	3587.15	0	0
XR_002673056.1	3096	2859.15	0	0
XR_002673057.1	2791	2554.15	0	0
XR_002673058.1	4658	4421.15	0	0
XR_002673059.1	3890	3653.15	0	0
XR_002673060.1	374	174.897	0	0
XR_002673061.1	5539	5302.15	0	0
XR_002673062.1	9395	9158.15	0	0
XR_002673063.1	9066	8829.15	0	0
XR_002673064.1	2714	2477.15	0	0
XR_002673065.1	4013	3776.15	0	0
XR_002673066.1	671	437.199	0	0
XR_002673067.1	674	440.199	0	0
XR_002673068.1	1443	1206.15	0	0
XR_002673069.1	1323	1086.15	0	0
XR_002673070.1	355	160.515	0	0
XR_002673071.1	703	468.472	0	0
XR_002673072.1	795	559.277	0	0
XR_002673073.1	1023	786.148	0	0
XR_002673074.1	335	145.379	0	0
XR_002673075.1	200	59.727	0	0
XR_002673076.1	2997	2760.15	0	0
XR_002673077.1	1561	1324.15	0	0
XR_002673078.1	1564	1327.15	0	0
XR_002673079.1	1081	844.148	0	0
XR_002673080.1	5291	5054.15	0	0
XR_002673081.1	688	453.75	0	0
XR_002673082.1	5881	5644.15	0	0
XR_002673083.1	15331	15094.1	0	0
XR_002673084.1	1350	1113.15	0	0
XR_002673085.1	1682	1445.15	0	0
XR_002673086.1	1653	1416.15	0	0
XR_002673087.1	529	302.575	0	0
XR_002673088.1	384	182.393	0	0
XR_002673089.1	4298	4061.15	0	0
XR_002673090.1	4229	3992.15	0	0
XR_002673091.1	898	661.72	0	0
XR_002673092.1	5931	5694.15	0	0
XR_002673093.1	252	91.7168	0	0
XR_002673094.1	4007	3770.15	0	0
XR_002673095.1	4009	3772.15	0	0
XR_002673096.1	3276	3039.15	0	0
XR_002673097.1	579	348.788	0	0
XR_002673098.1	582	351.575	0	0
XR_002673099.1	2409	2172.15	0	0
XR_002673100.1	462	244.394	0	0
XR_002673101.1	2222	1985.15	0	0
XR_002673102.1	4004	3767.15	0	0
XR_002673103.1	1897	1660.15	0	0
XR_002673104.1	6111	5874.15	0	0
XR_002673105.1	1080	843.148	0	0
XR_002673106.1	1679	1442.15	0	0
XR_002673107.1	1114	877.148	0	0
XR_002673108.1	1366	1129.15	0	0
XR_002673109.1	1350	1113.15	0	0
XR_002673110.1	1316	1079.15	0	0
XR_002673111.1	1001	764.148	0	0
XR_002673112.1	4687	4450.15	6	0.24622
XR_002673113.1	347	154.648	0	0
XR_002673114.1	346	153.927	0	0
XR_002673115.1	1956	1719.15	0	0
XR_002673116.1	1019	782.148	0	0
XR_002673117.1	757	521.871	0	0
XR_002673118.1	1598	1361.15	0	0
XR_002673119.1	841	605.102	0	0
XR_002673120.1	3624	3387.15	0	0
XR_002673121.1	1153	916.148	0	0
XR_002673122.1	847	611.102	0	0
XR_002673123.1	2170	1933.15	0	0
XR_002673124.1	429	217.564	0	0
XR_002673125.1	1810	1573.15	0	0
XR_002673126.1	441	227.347	0	0
XR_002673127.1	6232	5995.15	0	0
XR_002673128.1	6195	5958.15	0	0
XR_002673129.1	3108	2871.15	0	0
XR_002673130.1	2480	2243.15	0	0
XR_002673131.1	2563	2326.15	0	0
XR_002673132.1	414	205.808	0	0
XR_002673133.1	3098	2861.15	0	0
XR_002673134.1	2973	2736.15	0	0
XR_002673135.1	1001	764.148	0	0
XR_002673136.1	3141	2904.15	0	0
XR_002673137.1	3313	3076.15	0	0
XR_002673138.1	3097	2860.15	0	0
XR_002673139.1	3341	3104.15	0	0
XR_002673140.1	2580	2343.15	0	0
XR_002673141.1	3188	2951.15	0	0
XR_002673142.1	499	275.881	0	0
XR_002673143.1	3595	3358.15	0	0
XR_002673144.1	2785	2548.15	0	0
XR_002673145.1	3068	2831.15	0	0
XR_002673146.1	558	328.755	0	0
XR_002673147.1	783	547.388	0	0
XR_002673148.1	2983	2746.15	0	0
XR_002673149.1	3740	3503.15	0	0
XR_002673150.1	552	323.12	0	0
XR_002673151.1	3118	2881.15	0	0
XR_002673152.1	1848	1611.15	0	0
XR_002673153.1	1570	1333.15	0	0
XR_002673154.1	1597	1360.15	0	0
XR_002673155.1	3070	2833.15	0	0
XR_002673156.1	695	460.658	0	0
XR_002673157.1	629	396.376	0	0
XR_002673158.1	1194	957.148	0	0
XR_002673159.1	5932	5695.15	0	0
XR_002673160.1	5374	5137.15	0	0
XR_002673161.1	2725	2488.15	0	0
XR_002673162.1	2569	2332.15	0	0
XR_002673163.1	2447	2210.15	0	0
XR_002673164.1	1160	923.148	0	0
XR_002673165.1	1194	957.148	0	0
XR_002673166.1	979	742.224	0	0
XR_002673167.1	501	277.795	0	0
XR_002673168.1	326	138.836	0	0
XR_002673169.1	6274	6037.15	0	0
XR_002673170.1	685	450.886	0	0
XR_002673171.1	755	519.871	0	0
XR_002673172.1	940	703.582	0	0
XR_002673173.1	7680	7443.15	0	0
XR_002673174.1	1329	1092.15	0	0
XR_002673175.1	855	619.102	0	0
XR_002673176.1	2051	1814.15	0	0
XR_002673177.1	762	526.713	0	0
XR_002673178.1	974	737.297	0	0
XR_002673179.1	986	749.224	0	0
XR_002673180.1	906	669.72	0	0
XR_002673181.1	1753	1516.15	0	0
XR_002673182.1	1489	1252.15	0	0
XR_002673183.1	568	338.381	0	0
XR_002673184.1	2857	2620.15	0	0
XR_002673185.1	198	58.6161	0	0
XR_002673186.1	5276	5039.15	0	0
XR_002673187.1	5291	5054.15	0	0
XR_002673188.1	265	99.9308	0	0
XR_002673189.1	4500	4263.15	0	0
XR_002673190.1	2763	2526.15	0	0
XR_002673191.1	730	495.278	0	0
XR_002673192.1	2129	1892.15	0	0
XR_002673193.1	1954	1717.15	0	0
XR_002673194.1	1957	1720.15	0	0
XR_002673195.1	2246	2009.15	0	0
XR_002673196.1	6526	6289.15	0	0
XR_002673197.1	4069	3832.15	0	0
XR_002673198.1	990	753.224	0	0
XR_002673199.1	3588	3351.15	0	0
XR_002673200.1	1918	1681.15	0	0
XR_002673201.1	504	280.361	0	0
XR_002673202.1	2054	1817.15	0	0
XR_002673203.1	3128	2891.15	0	0
XR_002673204.1	3016	2779.15	0	0
XR_002673205.1	331	142.589	0	0
XR_002673206.1	4107	3870.15	0	0
XR_002673207.1	4084	3847.15	0	0
XR_002673208.1	1723	1486.15	0	0
XR_002673209.1	1790	1553.15	0	0
XR_002673210.1	610	377.961	0	0
XR_002673211.1	1684	1447.15	0	0
XR_002673212.1	797	561.277	0	0
XR_002673213.1	1311	1074.15	0	0
XR_002673214.1	3025	2788.15	0	0
XR_002673215.1	686	451.796	0	0
XR_002673216.1	2302	2065.15	0	0
XR_002673217.1	4946	4709.15	0	0
XR_002673218.1	2061	1824.15	0	0
XR_002673219.1	2595	2358.15	0	0
XR_002673220.1	2327	2090.15	0	0
XR_002673221.1	1276	1039.15	0	0
XR_002673222.1	936	699.582	0	0
XR_002673223.1	2378	2141.15	0	0
XR_002673224.1	1687	1450.15	0	0
XR_002673225.1	5982	5745.15	0	0
XR_002673226.1	1381	1144.15	0	0
XR_002673227.1	1340	1103.15	0	0
XR_002673228.1	1311	1074.15	0	0
XR_002673229.1	1182	945.148	0	0
XR_002673230.1	1153	916.148	0	0
XR_002673231.1	342	150.555	0	0
XR_002673232.1	1205	968.148	0	0
XR_002673233.1	1028	791.148	0	0
XR_002673234.1	188	52.7556	0	0
XR_002673235.1	7095	6858.15	0	0
XR_002673236.1	1628	1391.15	0	0
XR_002673237.1	2434	2197.15	0	0
XR_002673238.1	1572	1335.15	0	0
XR_002673239.1	1936	1699.15	0	0
XR_002673240.1	1398	1161.15	0	0
XR_002673241.1	2456	2219.15	0	0
XR_002673242.1	2566	2329.15	0	0
XR_002673243.1	2423	2186.15	0	0
XR_002673244.1	1040	803.148	0	0
XR_002673245.1	2566	2329.15	0	0
XR_002673246.1	2530	2293.15	0	0
XR_002673247.1	1045	808.148	0	0
XR_002673248.1	1314	1077.15	0	0
XR_002673249.1	866	629.915	0	0
XR_002673250.1	951	714.441	0	0
XR_002673251.1	2476	2239.15	0	0
XR_002673252.1	2233	1996.15	0	0
XR_002673253.1	2150	1913.15	0	0
XR_002673254.1	3185	2948.15	0	0
XR_002673255.1	3191	2954.15	0	0
XR_002673256.1	2978	2741.15	0	0
XR_002673257.1	3707	3470.15	0	0
XR_002673258.1	3213	2976.15	0	0
XR_002673259.1	1515	1278.15	0	0
XR_002673260.1	503	279.622	0	0
XR_002673261.1	3809	3572.15	0	0
XR_002673262.1	4470	4233.15	0	0
XR_002673263.1	3768	3531.15	0	0
XR_002673264.1	3734	3497.15	0	0
XR_002673265.1	3611	3374.15	0	0
XR_002673266.1	4083	3846.15	0	0
XR_002673267.1	3235	2998.15	0	0
XR_002673268.1	3069	2832.15	0	0
XR_002673269.1	3040	2803.15	0	0
XR_002673270.1	2796	2559.15	0	0
XR_002673271.1	2768	2531.15	0	0
XR_002673272.1	3196	2959.15	0	0
XR_002673273.1	1795	1558.15	0	0
XR_002673274.1	4139	3902.15	0	0
XR_002673275.1	3733	3496.15	0	0
XR_002673276.1	3408	3171.15	0	0
XR_002673277.1	2628	2391.15	0	0
XR_002673278.1	1212	975.148	0	0
XR_002673279.1	2835	2598.15	0	0
XR_002673280.1	2679	2442.15	0	0
XR_002673281.1	2672	2435.15	0	0
XR_002673282.1	2670	2433.15	0	0
XR_002673283.1	717	482.425	0	0
XR_002673284.1	672	438.199	0	0
XR_002673285.1	2507	2270.15	0	0
XR_002673286.1	2590	2353.15	0	0
XR_002673287.1	2591	2354.15	0	0
XR_002673288.1	2582	2345.15	0	0
XR_002673289.1	2478	2241.15	0	0
XR_002673290.1	1984	1747.15	0	0
XR_002673291.1	378	177.878	0	0
XR_002673292.1	1177	940.148	0	0
XR_002673293.1	6563	6326.15	0	0
XR_002673294.1	1746	1509.15	0	0
XR_002673295.1	1773	1536.15	0	0
XR_002673296.1	5381	5144.15	0	0
XR_002673297.1	3168	2931.15	0	0
XR_002673298.1	2239	2002.15	0	0
XR_002673299.1	2602	2365.15	0	0
XR_002673300.1	2096	1859.15	0	0
XR_002673301.1	1089	852.148	0	0
XR_002673302.1	7295	7058.15	0	0
XR_002673303.1	3677	3440.15	0	0
XR_002673304.1	3466	3229.15	0	0
XR_002673305.1	1414	1177.15	0	0
XR_002673306.1	1359	1122.15	0	0
XR_002673307.1	5919	5682.15	0	0
XR_002673308.1	4763	4526.15	0	0
XR_002673309.1	4525	4288.15	0	0
XR_002673310.1	4750	4513.15	0	0
XR_002673311.1	4340	4103.15	0	0
XR_002673312.1	4608	4371.15	0	0
XR_002673313.1	4740	4503.15	0	0
XR_002673314.1	4595	4358.15	0	0
XR_002673315.1	4467	4230.15	0	0
XR_002673316.1	3436	3199.15	0	0
XR_002673317.1	4295	4058.15	0	0
XR_002673318.1	1602	1365.15	0	0
XR_002673319.1	3740	3503.15	0	0
XR_002673320.1	2374	2137.15	0	0
XR_002673321.1	3976	3739.15	0	0
XR_002673322.1	4603	4366.15	0	0
XR_002673323.1	4239	4002.15	0	0
XR_002673324.1	4492	4255.15	0	0
XR_002673325.1	7530	7293.15	0	0
XR_002673326.1	1201	964.148	0	0
XR_002673327.1	3417	3180.15	0	0
XR_002673328.1	2973	2736.15	0	0
XR_002673329.1	3367	3130.15	0	0
XR_002673330.1	3084	2847.15	0	0
XR_002673331.1	2044	1807.15	0	0
XR_002673332.1	1995	1758.15	0	0
XR_002673333.1	1240	1003.15	0	0
XR_002673334.1	3330	3093.15	0	0
XR_002673335.1	5304	5067.15	0	0
XR_002673336.1	5943	5706.15	0	0
XR_002673337.1	5243	5006.15	0	0
XR_002673338.1	1040	803.148	0	0
XR_002673339.1	1175	938.148	0	0
XR_002673340.1	1538	1301.15	0	0
XR_002673341.1	1557	1320.15	0	0
XR_002673342.1	1310	1073.15	0	0
XR_002673343.1	4577	4340.15	0	0
XR_002673344.1	5254	5017.15	0	0
XR_002673345.1	8546	8309.15	0	0
XR_002673346.1	2012	1775.15	0	0
XR_002673347.1	3131	2894.15	0	0
XR_002673348.1	3101	2864.15	0	0
XR_002673349.1	1077	840.148	0	0
XR_002673350.1	3955	3718.15	0	0
XR_002673351.1	3802	3565.15	0	0
XR_002673352.1	2854	2617.15	0	0
XR_002673353.1	2532	2295.15	0	0
XR_002673354.1	2423	2186.15	0	0
XR_002673355.1	3572	3335.15	0	0
XR_002673356.1	3166	2929.15	0	0
XR_002673357.1	2917	2680.15	0	0
XR_002673358.1	1954	1717.15	0	0
XR_002673359.1	1146	909.148	0	0
XR_002673360.1	1248	1011.15	0	0
XR_002673361.1	1371	1134.15	0	0
XR_002673362.1	1149	912.148	0	0
XR_002673363.1	2939	2702.15	0	0
XR_002673364.1	3126	2889.15	0	0
XR_002673365.1	3030	2793.15	0	0
XR_002673366.1	1842	1605.15	0	0
XR_002673367.1	3391	3154.15	0	0
XR_002673368.1	2954	2717.15	0	0
XR_002673369.1	1242	1005.15	0	0
XR_002673370.1	1996	1759.15	0	0
XR_002673371.1	1295	1058.15	0	0
XR_002673372.1	11641	11404.1	0	0
XR_002673373.1	16759	16522.1	0	0
XR_002673374.1	16511	16274.1	0	0
XR_002673375.1	16573	16336.1	0	0
XR_002673376.1	545	316.675	0	0
XR_002673377.1	2037	1800.15	0	0
XR_002673378.1	1219	982.148	0	0
XR_002673379.1	559	329.722	0	0
XR_002673380.1	1858	1621.15	0	0
XR_002673381.1	864	627.915	0	0
XR_002673382.1	3458	3221.15	0	0
XR_002673383.1	2477	2240.15	0	0
XR_002673384.1	1762	1525.15	0	0
XR_002673385.1	1182	945.148	0	0
XR_002673386.1	1090	853.148	0	0
XR_002673387.1	964	727.297	0	0
XR_002673388.1	1982	1745.15	0	0
XR_002673389.1	1856	1619.15	0	0
XR_002673390.1	1011	774.148	0	0
XR_002673391.1	2008	1771.15	0	0
XR_002673392.1	1940	1703.15	0	0
XR_002673393.1	1878	1641.15	0	0
XR_002673394.1	1788	1551.15	0	0
XR_002673395.1	3520	3283.15	0	0
XR_002673396.1	2650	2413.15	0	0
XR_002673397.1	1270	1033.15	0	0
XR_002673398.1	3528	3291.15	0	0
XR_002673399.1	3166	2929.15	0	0
XR_002673400.1	6162	5925.15	0	0
XR_002673401.1	4473	4236.15	0	0
XR_002673402.1	2459	2222.15	0	0
XR_002673403.1	2872	2635.15	0	0
XR_002673404.1	3117	2880.15	0	0
XR_002673405.1	2785	2548.15	0	0
XR_002673406.1	1558	1321.15	0	0
XR_002673407.1	1909	1672.15	0	0
XR_002673408.1	5191	4954.15	0	0
XR_002673409.1	1867	1630.15	0	0
XR_002673410.1	6033	5796.15	0	0
XR_002673411.1	12061	11824.1	0	0
XR_002673412.1	10141	9904.15	0	0
XR_002673413.1	9198	8961.15	0	0
XR_002673414.1	5119	4882.15	0	0
XR_002673415.1	4668	4431.15	0	0
XR_002673416.1	4532	4295.15	0	0
XR_002673417.1	1118	881.148	0	0
XR_002673418.1	4140	3903.15	0	0
XR_002673419.1	4090	3853.15	0	0
XR_002673420.1	3804	3567.15	0	0
XR_002673421.1	1509	1272.15	0	0
XR_002673422.1	1059	822.148	0	0
XR_002673423.1	852	616.102	0	0
XR_002673424.1	895	658.786	0	0
XR_002673425.1	1519	1282.15	0	0
XR_002673426.1	1569	1332.15	0	0
XR_002673427.1	1559	1322.15	0	0
XR_002673428.1	1476	1239.15	0	0
XR_002673429.1	456	239.474	0	0
XR_002673430.1	490	268.129	0	0
XR_002673431.1	1062	825.148	0	0
XR_002673432.1	785	549.388	0	0
XR_002673433.1	1163	926.148	0	0
XR_002673434.1	3399	3162.15	0	0
XR_002673435.1	4271	4034.15	0	0
XR_002673436.1	4258	4021.15	0	0
XR_002673437.1	1873	1636.15	0	0
XR_002673438.1	1903	1666.15	0	0
XR_002673439.1	897	660.786	0	0
XR_002673440.1	4302	4065.15	0	0
XR_002673441.1	5090	4853.15	0	0
XR_002673442.1	4301	4064.15	0	0
XR_002673443.1	4264	4027.15	0	0
XR_002673444.1	6049	5812.15	0	0
XR_002673445.1	6046	5809.15	0	0
XR_002673446.1	5601	5364.15	0	0
XR_002673447.1	6671	6434.15	0	0
XR_002673448.1	6778	6541.15	0	0
XR_002673449.1	6775	6538.15	0	0
XR_002673450.1	5010	4773.15	0	0
XR_002673451.1	5116	4879.15	0	0
XR_002673452.1	6445	6208.15	0	0
XR_002673453.1	5369	5132.15	0	0
XR_002673454.1	5350	5113.15	0	0
XR_002673455.1	6121	5884.15	0	0
XR_002673456.1	6380	6143.15	0	0
XR_002673457.1	2499	2262.15	0	0
XR_002673458.1	1593	1356.15	0	0
XR_002673459.1	3843	3606.15	0	0
XR_002673460.1	2752	2515.15	0	0
XR_002673461.1	2488	2251.15	0	0
XR_002673462.1	1940	1703.15	0	0
XR_002673463.1	1191	954.148	0	0
XR_002673464.1	992	755.224	0	0
XR_002673465.1	1039	802.148	0	0
XR_002673466.1	944	707.441	0	0
XR_002673467.1	2066	1829.15	0	0
XR_002673468.1	1119	882.148	0	0
XR_002673469.1	2134	1897.15	0	0
XR_002673470.1	3921	3684.15	0	0
XR_002673471.1	2660	2423.15	0	0
XR_002673472.1	1742	1505.15	0	0
XR_002673473.1	1279	1042.15	0	0
XR_002673474.1	4503	4266.15	0	0
XR_002673475.1	1687	1450.15	0	0
XR_002673476.1	391	187.937	0	0
XR_002673477.1	829	593.102	0	0
XR_002673478.1	822	586.162	0	0
XR_002673479.1	769	533.607	0	0
XR_002673480.1	1083	846.148	0	0
XR_002673481.1	715	480.425	0	0
XR_002673482.1	2647	2410.15	0	0
XR_002673483.1	2757	2520.15	0	0
XR_002673484.1	1437	1200.15	0	0
XR_002673485.1	1508	1271.15	0	0
XR_002673486.1	1867	1630.15	0	0
XR_002673487.1	3066	2829.15	0	0
XR_002673488.1	2318	2081.15	0	0
XR_002673489.1	272	104.298	0	0
XR_002673490.1	698	463.566	0	0
XR_002673491.1	9180	8943.15	1	0.02042
XR_002673492.1	4263	4026.15	0	0
XR_002673493.1	2701	2464.15	0	0
XR_002673494.1	4106	3869.15	0	0
XR_002673495.1	3516	3279.15	0	0
XR_002673496.1	3332	3095.15	0	0
XR_002673497.1	1802	1565.15	0	0
XR_002673498.1	1588	1351.15	0	0
XR_002673499.1	2610	2373.15	0	0
XR_002673500.1	1742	1505.15	0	0
XR_002673501.1	387	184.806	0	0
XR_002673502.1	4916	4679.15	0	0
XR_002673503.1	4540	4303.15	0	0
XR_002673504.1	4653	4416.15	0	0
XR_002673505.1	4814	4577.15	0	0
XR_002673506.1	4186	3949.15	0	0
XR_002673507.1	3907	3670.15	0	0
XR_002673508.1	3044	2807.15	0	0
XR_002673509.1	2955	2718.15	0	0
XR_002673510.1	1143	906.148	0	0
XR_002673511.1	5744	5507.15	0	0
XR_002673512.1	5797	5560.15	0	0
XR_002673513.1	5049	4812.15	0	0
XR_002673514.1	2808	2571.15	0	0
XR_002673515.1	2058	1821.15	0	0
XR_002673516.1	1923	1686.15	0	0
XR_002673517.1	1718	1481.15	0	0
XR_002673518.1	1661	1424.15	0	0
XR_002673519.1	331	142.589	0	0
XR_002673520.1	5851	5614.15	0	0
XR_002673521.1	5920	5683.15	0	0
XR_002673522.1	2075	1838.15	0	0
XR_002673523.1	3677	3440.15	0	0
XR_002673524.1	3651	3414.15	0	0
XR_002673525.1	1483	1246.15	0	0
XR_002673526.1	2080	1843.15	0	0
XR_002673527.1	4293	4056.15	0	0
XR_002673528.1	301	121.491	0	0
XR_002673529.1	3566	3329.15	0	0
XR_002673530.1	3879	3642.15	0	0
XR_002673531.1	3631	3394.15	0	0
XR_002673532.1	3362	3125.15	0	0
XR_002673533.1	3358	3121.15	0	0
XR_002673534.1	1225	988.148	0	0
XR_002673535.1	288	114.117	0	0
XR_002673536.1	1719	1482.15	0	0
XR_002673537.1	1100	863.148	0	0
XR_002673538.1	1384	1147.15	0	0
XR_002673539.1	478	257.918	0	0
XR_002673540.1	5187	4950.15	0	0
XR_002673541.1	5999	5762.15	0	0
XR_002673542.1	10295	10058.1	0	0
XR_002673543.1	4239	4002.15	0	0
XR_002673544.1	993	756.224	0	0
XR_002673545.1	301	121.491	0	0
XR_002673546.1	2829	2592.15	0	0
XR_002673547.1	1218	981.148	0	0
XR_002673548.1	287	113.609	0	0
XR_002673549.1	1616	1379.15	0	0
XR_002673550.1	1565	1328.15	0	0
XR_002673551.1	1470	1233.15	0	0
XR_002673552.1	3319	3082.15	0	0
XR_002673553.1	857	621.102	0	0
XR_002673554.1	413	204.967	0	0
XR_002673555.1	1197	960.148	0	0
XR_002673556.1	1009	772.148	0	0
XR_002673557.1	784	548.388	0	0
XR_002673558.1	1789	1552.15	0	0
XR_002673559.1	2286	2049.15	0	0
XR_002673560.1	847	611.102	0	0
XR_002673561.1	4030	3793.15	0	0
XR_002673562.1	1669	1432.15	0	0
XR_002673563.1	1846	1609.15	0	0
XR_002673564.1	1666	1429.15	0	0
XR_002673565.1	763	527.713	0	0
XR_002673566.1	365	167.917	0	0
XR_002673567.1	3339	3102.15	0	0
XR_002673568.1	2806	2569.15	0	0
XR_002673569.1	3113	2876.15	0	0
XR_002673570.1	2447	2210.15	0	0
XR_002673571.1	2180	1943.15	0	0
XR_002673572.1	2436	2199.15	0	0
XR_002673573.1	2377	2140.15	0	0
XR_002673574.1	2081	1844.15	0	0
XR_002673575.1	2115	1878.15	0	0
XR_002673576.1	2372	2135.15	0	0
XR_002673577.1	1729	1492.15	0	0
XR_002673578.1	2011	1774.15	0	0
XR_002673579.1	1176	939.148	0	0
XR_002673580.1	1092	855.148	0	0
XR_002673581.1	1552	1315.15	0	0
XR_002673582.1	3585	3348.15	0	0
XR_002673583.1	3735	3498.15	0	0
XR_002673584.1	3601	3364.15	0	0
XR_002673585.1	3666	3429.15	0	0
XR_002673586.1	4149	3912.15	0	0
XR_002673587.1	1213	976.148	0	0
XR_002673588.1	6710	6473.15	0	0
XR_002673589.1	6747	6510.15	0	0
XR_002673590.1	1499	1262.15	0	0
XR_002673591.1	487	265.714	0	0
XR_002673592.1	2282	2045.15	0	0
XR_002673593.1	2047	1810.15	0	0
XR_002673594.1	1274	1037.15	0	0
XR_002673595.1	2093	1856.15	0	0
XR_002673596.1	460	242.833	0	0
XR_002673597.1	7260	7023.15	0	0
XR_002673598.1	6410	6173.15	0	0
XR_002673599.1	6414	6177.15	0	0
XR_002673600.1	884	647.786	0	0
XR_002673601.1	5848	5611.15	0	0
XR_002673602.1	2753	2516.15	0	0
XR_002673603.1	541	313.189	0	0
XR_002673604.1	474	254.347	0	0
XR_002673605.1	1513	1276.15	0	0
XR_002673606.1	793	557.333	0	0
XR_002673607.1	458	241.142	0	0
XR_002673608.1	1050	813.148	0	0
XR_002673609.1	886	649.786	0	0
XR_002673610.1	2005	1768.15	0	0
XR_002673611.1	304	123.215	0	0
XR_002673612.1	5794	5557.15	0	0
XR_002673613.1	3404	3167.15	0	0
XR_002673614.1	5798	5561.15	0	0
XR_002673615.1	2325	2088.15	0	0
XR_002673616.1	3011	2774.15	0	0
XR_002673617.1	3161	2924.15	0	0
XR_002673618.1	839	603.102	0	0
XR_002673619.1	667	433.375	0	0
XR_002673620.1	2397	2160.15	0	0
XR_002673621.1	3499	3262.15	0	0
XR_002673622.1	3142	2905.15	0	0
XR_002673623.1	2090	1853.15	0	0
XR_002673624.1	1945	1708.15	0	0
XR_002673625.1	514	289.067	0	0
XR_002673626.1	7274	7037.15	0	0
XR_002673627.1	389	186.405	0	0
XR_002673628.1	10671	10434.1	0	0
XR_002673629.1	491	269.045	0	0
XR_002673630.1	6490	6253.15	0	0
XR_002673631.1	7190	6953.15	0	0
XR_002673632.1	1738	1501.15	0	0
XR_002673633.1	6885	6648.15	0	0
XR_002673634.1	7210	6973.15	0	0
XR_002673635.1	10587	10350.1	0	0
XR_002673636.1	3948	3711.15	0	0
XR_002673637.1	2114	1877.15	0	0
XR_002673638.1	2245	2008.15	0	0
XR_002673639.1	3972	3735.15	0	0
XR_002673640.1	1192	955.148	0	0
XR_002673641.1	3799	3562.15	0	0
XR_002673642.1	3798	3561.15	0	0
XR_002673643.1	807	571.277	0	0
XR_002673644.1	3775	3538.15	0	0
XR_002673645.1	814	578.22	0	0
XR_002673646.1	2955	2718.15	0	0
XR_002673647.1	1476	1239.15	0	0
XR_002673648.1	1934	1697.15	0	0
XR_002673649.1	2836	2599.15	0	0
XR_002673650.1	3296	3059.15	0	0
XR_002673651.1	371	172.604	0	0
XR_002673652.1	999	762.148	0	0
XR_002673653.1	844	608.102	0	0
XR_002673654.1	396	191.63	0	0
XR_002673655.1	733	498.278	0	0
XR_002673656.1	6849	6612.15	0	0
XR_002673657.1	6785	6548.15	0	0
XR_002673658.1	4142	3905.15	0	0
XR_002673659.1	4431	4194.15	0	0
XR_002673660.1	867	630.915	0	0
XR_002673661.1	2059	1822.15	0	0
XR_002673662.1	526	299.977	0	0
XR_002673663.1	906	669.72	0	0
XR_002673664.1	951	714.441	0	0
XR_002673665.1	696	461.658	0	0
XR_002673666.1	3272	3035.15	0	0
XR_002673667.1	1924	1687.15	0	0
XR_002673668.1	2038	1801.15	0	0
XR_002673669.1	2102	1865.15	0	0
XR_002673670.1	2121	1884.15	0	0
XR_002673671.1	2618	2381.15	0	0
XR_002673672.1	1373	1136.15	0	0
XR_002673673.1	3116	2879.15	0	0
XR_002673674.1	2442	2205.15	0	0
XR_002673675.1	648	414.804	0	0
XR_002673676.1	803	567.277	0	0
XR_002673677.1	6778	6541.15	0	0
XR_002673678.1	2266	2029.15	0	0
XR_002673679.1	1458	1221.15	0	0
XR_002673680.1	1115	878.148	0	0
XR_002673681.1	2073	1836.15	0	0
XR_002673682.1	1722	1485.15	0	0
XR_002673683.1	628	395.416	0	0
XR_002673684.1	1132	895.148	0	0
XR_002673685.1	1071	834.148	0	0
XR_002673686.1	1162	925.148	0	0
XR_002673687.1	288	114.117	0	0
XR_002673688.1	539	311.285	0	0
XR_002673689.1	975	738.297	0	0
XR_002673690.1	1139	902.148	0	0
XR_002673691.1	2053	1816.15	0	0
XR_002673692.1	4644	4407.15	0	0
XR_002673693.1	2790	2553.15	0	0
XR_002673694.1	2763	2526.15	0	0
XR_002673695.1	4625	4388.15	0	0
XR_002673696.1	2934	2697.15	0	0
XR_002673697.1	4747	4510.15	0	0
XR_002673698.1	738	503.227	0	0
XR_002673699.1	1260	1023.15	0	0
XR_002673700.1	1209	972.148	0	0
XR_002673701.1	2540	2303.15	0	0
XR_002673702.1	800	564.277	0	0
XR_002673703.1	1432	1195.15	0	0
XR_002673704.1	1582	1345.15	0	0
XR_002673705.1	1606	1369.15	0	0
XR_002673706.1	1404	1167.15	0	0
XR_002673707.1	1381	1144.15	0	0
XR_002673708.1	2674	2437.15	0	0
XR_002673709.1	1027	790.148	0	0
XR_002673710.1	723	488.376	0	0
XR_002673711.1	1953	1716.15	0	0
XR_002673712.1	1812	1575.15	0	0
XR_002673713.1	1271	1034.15	0	0
XR_002673714.1	867	630.915	0	0
XR_002673715.1	1664	1427.15	0	0
XR_002673716.1	1699	1462.15	0	0
XR_002673717.1	2314	2077.15	0	0
XR_002673718.1	582	351.575	0	0
XR_002673719.1	3806	3569.15	0	0
XR_002673720.1	458	241.142	0	0
XR_002673721.1	440	226.42	0	0
XR_002673722.1	1261	1024.15	0	0
XR_002673723.1	3263	3026.15	0	0
XR_002673724.1	5418	5181.15	0	0
XR_002673725.1	5719	5482.15	0	0
XR_002673726.1	2616	2379.15	0	0
XR_002673727.1	1875	1638.15	0	0
XR_002673728.1	1312	1075.15	0	0
XR_002673729.1	1434	1197.15	0	0
XR_002673730.1	797	561.277	0	0
XR_002673731.1	2588	2351.15	0	0
XR_002673732.1	677	443.11	0	0
XR_002673733.1	1701	1464.15	0	0
XR_002673734.1	2209	1972.15	0	0
XR_002673735.1	1494	1257.15	0	0
XR_002673736.1	3059	2822.15	0	0
XR_002673737.1	2946	2709.15	0	0
XR_002673738.1	3058	2821.15	0	0
XR_002673739.1	1513	1276.15	0	0
XR_002673740.1	971	734.297	0	0
XR_002673741.1	1442	1205.15	0	0
XR_002673742.1	9024	8787.15	0	0
XR_002673743.1	672	438.199	0	0
XR_002673744.1	1573	1336.15	0	0
XR_002673745.1	829	593.102	0	0
XR_002673746.1	1013	776.148	0	0
XR_002673747.1	758	522.871	0	0
XR_002673748.1	900	663.72	0	0
XR_002673749.1	2050	1813.15	0	0
XR_002673750.1	616	383.769	0	0
XR_002673751.1	1510	1273.15	0	0
XR_002673752.1	1479	1242.15	0	0
XR_002673753.1	1303	1066.15	0	0
XR_002673754.1	7032	6795.15	0	0
XR_002673755.1	1232	995.148	0	0
XR_002673756.1	742	507.076	0	0
XR_002673757.1	1504	1267.15	0	0
XR_002673758.1	2200	1963.15	0	0
XR_002673759.1	6961	6724.15	0	0
XR_002673760.1	910	673.72	0	0
XR_002673761.1	1201	964.148	0	0
XR_002673762.1	1598	1361.15	0	0
XR_002673763.1	1515	1278.15	0	0
XR_002673764.1	1209	972.148	0	0
XR_002673765.1	285	112.337	0	0
XR_002673766.1	1028	791.148	0	0
XR_002673767.1	874	637.915	0	0
XR_002673768.1	7105	6868.15	0	0
XR_002673769.1	5978	5741.15	0	0
XR_002673770.1	1343	1106.15	0	0
XR_002673771.1	1846	1609.15	0	0
XR_002673772.1	1624	1387.15	0	0
XR_002673773.1	1776	1539.15	0	0
XR_002673774.1	1875	1638.15	0	0
XR_002673775.1	1441	1204.15	0	0
XR_002673776.1	3604	3367.15	0	0
XR_002673777.1	940	703.582	0	0
XR_002673778.1	972	735.297	0	0
XR_002673779.1	896	659.786	0	0
XR_002673780.1	1627	1390.15	0	0
XR_002673781.1	1896	1659.15	0	0
XR_002673782.1	420	210.479	0	0
XR_002673783.1	1927	1690.15	0	0
XR_002673784.1	1340	1103.15	0	0
XR_002673785.1	770	534.607	0	0
XR_002673786.1	5803	5566.15	0	0
XR_002673787.1	5793	5556.15	0	0
XR_002673788.1	304	123.215	0	0
XR_002673789.1	456	239.474	0	0
XR_002673790.1	5438	5201.15	0	0
XR_002673791.1	4776	4539.15	0	0
XR_002673792.1	1240	1003.15	0	0
XR_002673793.1	865	628.915	0	0
XR_002673794.1	2265	2028.15	0	0
XR_002673795.1	805	569.277	0	0
XR_002673796.1	783	547.388	0	0
XR_002673797.1	2020	1783.15	0	0
XR_002673798.1	869	632.915	0	0
XR_002673799.1	6155	5918.15	0	0
XR_002673800.1	922	685.652	0	0
XR_002673801.1	1131	894.148	0	0
XR_002673802.1	1184	947.148	0	0
XR_002673803.1	7715	7478.15	0	0
XR_002673804.1	7874	7637.15	0	0
XR_002673805.1	8081	7844.15	0	0
XR_002673806.1	7682	7445.15	0	0
XR_002673807.1	6599	6362.15	2	0.057408
XR_002673808.1	2704	2467.15	0	0
XR_002673809.1	711	476.425	0	0
XR_002673810.1	458	241.142	0	0
XR_002673811.1	837	601.102	0	0
XR_002673812.1	667	433.375	0	0
XR_002673813.1	698	463.566	0	0
XR_002673814.1	662	428.548	0	0
XR_002673815.1	625	392.496	0	0
XR_002673816.1	1913	1676.15	0	0
XR_002673817.1	1492	1255.15	0	0
XR_002673818.1	441	227.347	0	0
XR_002673819.1	2206	1969.15	0	0
XR_002673820.1	844	608.102	0	0
XR_002673821.1	697	462.612	0	0
XR_002673822.1	1535	1298.15	0	0
XR_002673823.1	1024	787.148	0	0
XR_002673824.1	2843	2606.15	0	0
XR_002673825.1	1921	1684.15	0	0
XR_002673826.1	5826	5589.15	0	0
XR_002673827.1	5050	4813.15	0	0
XR_002673828.1	3742	3505.15	0	0
XR_002673829.1	3718	3481.15	0	0
XR_002673830.1	1851	1614.15	0	0
XR_002673831.1	3570	3333.15	0	0
XR_002673832.1	1608	1371.15	0	0
XR_002673833.1	7328	7091.15	0	0
XR_002673834.1	793	557.333	0	0
XR_002673835.1	631	398.336	0	0
XR_002673836.1	1197	960.148	0	0
XR_002673837.1	5882	5645.15	0	0
XR_002673838.1	5245	5008.15	0	0
XR_002673839.1	4777	4540.15	0	0
XR_002673840.1	5659	5422.15	0	0
XR_002673841.1	5630	5393.15	0	0
XR_002673842.1	4525	4288.15	0	0
XR_002673843.1	5655	5418.15	0	0
XR_002673844.1	5589	5352.15	0	0
XR_002673845.1	4484	4247.15	0	0
XR_002673846.1	4050	3813.15	0	0
XR_002673847.1	3592	3355.15	0	0
XR_002673848.1	3499	3262.15	0	0
XR_002673849.1	521	295.404	0	0
XR_002673850.1	440	226.42	0	0
XR_002673851.1	608	376.189	0	0
XR_002673852.1	488	266.52	0	0
XR_002673853.1	312	129.046	0	0
XR_002673854.1	663	429.548	0	0
XR_002673855.1	2732	2495.15	0	0
XR_002673856.1	611	378.923	0	0
XR_002673857.1	534	307.013	0	0
XR_002673858.1	918	681.652	0	0
XR_002673859.1	922	685.652	0	0
XR_002673860.1	915	678.72	0	0
XR_002673861.1	621	388.575	0	0
XR_002673862.1	731	496.278	0	0
XR_002673863.1	690	455.704	0	0
XR_002673864.1	710	475.425	0	0
XR_002673865.1	458	241.142	0	0
XR_002673866.1	4131	3894.15	0	0
XR_002673867.1	3525	3288.15	0	0
XR_002673868.1	798	562.277	0	0
XR_002673869.1	429	217.564	0	0
XR_002673870.1	362	165.72	0	0
XR_002673871.1	463	245.239	0	0
XR_002673872.1	965	728.297	0	0
XR_002673873.1	2290	2053.15	0	0
XR_002673874.1	674	440.199	0	0
XR_002673875.1	2176	1939.15	0	0
XR_002673876.1	1008	771.148	0	0
XR_002673877.1	943	706.512	0	0
XR_002673878.1	2059	1822.15	0	0
XR_002673879.1	1402	1165.15	0	0
XR_002673880.1	598	366.49	0	0
XR_002673881.1	2281	2044.15	0	0
XR_002673882.1	1013	776.148	0	0
XR_002673883.1	243	86.2978	0	0
XR_002673884.1	382	180.787	0	0
XR_002673885.1	803	567.277	0	0
XR_002673886.1	7148	6911.15	0	0
XR_002673887.1	7216	6979.15	0	0
XR_002673888.1	6690	6453.15	0	0
XR_002673889.1	950	713.441	0	0
XR_002673890.1	684	449.977	0	0
XR_002673891.1	590	358.82	0	0
XR_002673892.1	3236	2999.15	0	0
XR_002673893.1	3242	3005.15	0	0
XR_002673894.1	801	565.277	0	0
XR_002673895.1	370	171.805	0	0
XR_002673896.1	3206	2969.15	0	0
XR_002673897.1	1886	1649.15	0	0
XR_002673898.1	1283	1046.15	0	0
XR_002673899.1	1268	1031.15	0	0
XR_002673900.1	307	125.501	0	0
XR_002673901.1	778	542.553	0	0
XR_002673902.1	3298	3061.15	0	0
XR_002673903.1	3187	2950.15	0	0
XR_002673904.1	1750	1513.15	0	0
XR_002673905.1	4146	3909.15	0	0
XR_002673906.1	3992	3755.15	0	0
XR_002673907.1	2536	2299.15	0	0
XR_002673908.1	1250	1013.15	0	0
XR_002673909.1	2703	2466.15	0	0
XR_002673910.1	2537	2300.15	0	0
XR_002673911.1	741	506.126	0	0
XR_002673912.1	1313	1076.15	0	0
XR_002673913.1	668	434.375	0	0
XR_002673914.1	1240	1003.15	0	0
XR_002673915.1	1349	1112.15	0	0
XR_002673916.1	1300	1063.15	0	0
XR_002673917.1	2007	1770.15	0	0
XR_002673918.1	1974	1737.15	0	0
XR_002673919.1	827	591.162	0	0
XR_002673920.1	2300	2063.15	0	0
XR_002673921.1	4735	4498.15	0	0
XR_002673922.1	3917	3680.15	0	0
XR_002673923.1	4590	4353.15	0	0
XR_002673924.1	4581	4344.15	0	0
XR_002673925.1	4259	4022.15	0	0
XR_002673926.1	4114	3877.15	0	0
XR_002673927.1	5178	4941.15	0	0
XR_002673928.1	4958	4721.15	0	0
XR_002673929.1	5358	5121.15	0	0
XR_002673930.1	4173	3936.15	0	0
XR_002673931.1	976	739.224	0	0
XR_002673932.1	669	435.331	0	0
XR_002673933.1	2593	2356.15	0	0
XR_002673934.1	2256	2019.15	0	0
XR_002673935.1	1450	1213.15	0	0
XR_002673936.1	1342	1105.15	0	0
XR_002673937.1	1107	870.148	0	0
XR_002673938.1	655	421.719	0	0
XR_002673939.1	3393	3156.15	0	0
XR_002673940.1	471	251.746	0	0
XR_002673941.1	1913	1676.15	0	0
XR_002673942.1	2420	2183.15	0	0
XR_002673943.1	3481	3244.15	0	0
XR_002673944.1	451	235.459	0	0
XR_002673945.1	1158	921.148	0	0
XR_002673946.1	856	620.102	0	0
XR_002673947.1	778	542.553	0	0
XR_002673948.1	570	340.278	0	0
XR_002673949.1	8574	8337.15	0	0
XR_002673950.1	8570	8333.15	0	0
XR_002673951.1	2389	2152.15	0	0
XR_002673952.1	2248	2011.15	0	0
XR_002673953.1	2142	1905.15	0	0
XR_002673954.1	2392	2155.15	0	0
XR_002673955.1	2281	2044.15	0	0
XR_002673956.1	687	452.796	0	0
XR_002673957.1	3359	3122.15	0	0
XR_002673958.1	2158	1921.15	0	0
XR_002673959.1	2231	1994.15	0	0
XR_002673960.1	919	682.652	0	0
XR_002673961.1	4715	4478.15	0	0
XR_002673962.1	5390	5153.15	0	0
XR_002673963.1	1750	1513.15	0	0
XR_002673964.1	705	470.425	0	0
XR_002673965.1	1977	1740.15	0	0
XR_002673966.1	1825	1588.15	0	0
XR_002673967.1	1873	1636.15	0	0
XR_002673968.1	1896	1659.15	0	0
XR_002673969.1	1155	918.148	0	0
XR_002673970.1	1443	1206.15	0	0
XR_002673971.1	7842	7605.15	0	0
XR_002673972.1	1436	1199.15	0	0
XR_002673973.1	1228	991.148	0	0
XR_002673974.1	664	430.548	0	0
XR_002673975.1	1526	1289.15	0	0
XR_002673976.1	1506	1269.15	0	0
XR_002673977.1	1040	803.148	0	0
XR_002673978.1	466	247.639	0	0
XR_002673979.1	1158	921.148	0	0
XR_002673980.1	1236	999.148	0	0
XR_002673981.1	3995	3758.15	0	0
XR_002673982.1	3023	2786.15	0	0
XR_002673983.1	3623	3386.15	0	0
XR_002673984.1	2386	2149.15	0	0
XR_002673985.1	1350	1113.15	0	0
XR_002673986.1	648	414.804	0	0
XR_002673987.1	2154	1917.15	0	0
XR_002673988.1	2103	1866.15	0	0
XR_002673989.1	2278	2041.15	0	0
XR_002673990.1	1136	899.148	0	0
XR_002673991.1	716	481.425	0	0
XR_002673992.1	228	77.1541	0	0
XR_002673993.1	545	316.675	0	0
XR_002673994.1	1136	899.148	0	0
XR_002673995.1	2034	1797.15	0	0
XR_002673996.1	1920	1683.15	0	0
XR_002673997.1	5825	5588.15	0	0
XR_002673998.1	379	178.571	0	0
XR_002673999.1	3366	3129.15	0	0
XR_002674000.1	12506	12269.1	0	0
XR_002674001.1	11963	11726.1	0	0
XR_002674002.1	11234	10997.1	0	0
XR_002674003.1	11262	11025.1	0	0
XR_002674004.1	5114	4877.15	0	0
XR_002674005.1	4971	4734.15	0	0
XR_002674006.1	2915	2678.15	0	0
XR_002674007.1	1239	1002.15	0	0
XR_002674008.1	1413	1176.15	0	0
XR_002674009.1	1296	1059.15	0	0
XR_002674010.1	1364	1127.15	0	0
XR_002674011.1	1480	1243.15	0	0
XR_002674012.1	1495	1258.15	0	0
XR_002674013.1	2604	2367.15	0	0
XR_002674014.1	609	377.075	0	0
XR_002674015.1	1853	1616.15	0	0
XR_002674016.1	3755	3518.15	0	0
XR_002674017.1	5097	4860.15	0	0
XR_002674018.1	3746	3509.15	0	0
XR_002674019.1	344	152.243	0	0
XR_002674020.1	806	570.277	0	0
XR_002674021.1	1141	904.148	0	0
XR_002674022.1	2062	1825.15	0	0
XR_002674023.1	1777	1540.15	0	0
XR_002674024.1	968	731.297	0	0
XR_002674025.1	996	759.148	0	0
XR_002674026.1	779	543.553	0	0
XR_002674027.1	1455	1218.15	0	0
XR_002674028.1	2437	2200.15	0	0
XR_002674029.1	2469	2232.15	0	0
XR_002674030.1	2325	2088.15	0	0
XR_002674031.1	2516	2279.15	0	0
XR_002674032.1	2205	1968.15	0	0
XR_002674033.1	6024	5787.15	0	0
XR_002674034.1	7284	7047.15	0	0
XR_002674035.1	548	319.545	0	0
XR_002674036.1	724	489.327	0	0
XR_002674037.1	769	533.607	0	0
XR_002674038.1	1460	1223.15	0	0
XR_002674039.1	2433	2196.15	0	0
XR_002674040.1	2235	1998.15	0	0
XR_002674041.1	2224	1987.15	0	0
XR_002674042.1	2962	2725.15	0	0
XR_002674043.1	2052	1815.15	0	0
XR_002674044.1	574	344.104	0	0
XR_002674045.1	297	119.014	0	0
XR_002674046.1	1235	998.148	0	0
XR_002674047.1	1236	999.148	0	0
XR_002674048.1	2821	2584.15	0	0
XR_002674049.1	1674	1437.15	0	0
XR_002674050.1	3004	2767.15	0	0
XR_002674051.1	2880	2643.15	0	0
XR_002674052.1	872	635.915	0	0
XR_002674053.1	489	267.38	0	0
XR_002674054.1	2921	2684.15	0	0
XR_002674055.1	464	246.005	0	0
XR_002674056.1	462	244.394	0	0
XR_002674057.1	1075	838.148	0	0
XR_002674058.1	377	177.144	0	0
XR_002674059.1	1147	910.148	0	0
XR_002674060.1	1853	1616.15	0	0
XR_002674061.1	282	110.248	0	0
XR_002674062.1	1338	1101.15	0	0
XR_002674063.1	1473	1236.15	0	0
XR_002674064.1	1621	1384.15	0	0
XR_002674065.1	408	201.092	0	0
XR_002674066.1	12331	12094.1	0	0
XR_002674067.1	1228	991.148	0	0
XR_002674068.1	1222	985.148	0	0
XR_002674069.1	2914	2677.15	0	0
XR_002674070.1	2212	1975.15	0	0
XR_002674071.1	3133	2896.15	0	0
XR_002674072.1	2863	2626.15	4.18715	0.29117
XR_002674073.1	5901	5664.15	0	0
XR_002674074.1	3039	2802.15	0	0
XR_002674075.1	3130	2893.15	0	0
XR_002674076.1	3228	2991.15	0	0
XR_002674077.1	1012	775.148	0	0
XR_002674078.1	1091	854.148	0	0
XR_002674079.1	552	323.12	0	0
XR_002674080.1	1041	804.148	0	0
XR_002674081.1	971	734.297	0	0
XR_002674082.1	804	568.277	0	0
XR_002674083.1	743	508.076	0	0
XR_002674084.1	803	567.277	0	0
XR_002674085.1	1676	1439.15	0	0
XR_002674086.1	559	329.722	0	0
XR_002674087.1	346	153.927	0	0
XR_002674088.1	2147	1910.15	0	0
XR_002674089.1	1789	1552.15	0	0
XR_002674090.1	2122	1885.15	0	0
XR_002674091.1	2144	1907.15	0	0
XR_002674092.1	2125	1888.15	0	0
XR_002674093.1	3162	2925.15	0	0
XR_002674094.1	618	385.73	0	0
XR_002674095.1	3023	2786.15	0	0
XR_002674096.1	4055	3818.15	0	0
XR_002674097.1	4012	3775.15	0	0
XR_002674098.1	1845	1608.15	0	0
XR_002674099.1	6547	6310.15	0	0
XR_002674100.1	782	546.498	0	0
XR_002674101.1	5616	5379.15	0	0
XR_002674102.1	6740	6503.15	0	0
XR_002674103.1	5583	5346.15	0	0
XR_002674104.1	965	728.297	0	0
XR_002674105.1	1531	1294.15	0	0
XR_002674106.1	1131	894.148	0	0
XR_002674107.1	770	534.607	0	0
XR_002674108.1	2539	2302.15	0	0
XR_002674109.1	4492	4255.15	0	0
XR_002674110.1	2142	1905.15	0	0
XR_002674111.1	4533	4296.15	0	0
XR_002674112.1	4571	4334.15	0	0
XR_002674113.1	1865	1628.15	0	0
XR_002674114.1	4550	4313.15	0	0
XR_002674115.1	4487	4250.15	0	0
XR_002674116.1	4311	4074.15	0	0
XR_002674117.1	6937	6700.15	0	0
XR_002674118.1	7056	6819.15	0	0
XR_002674119.1	5420	5183.15	0	0
XR_002674120.1	5461	5224.15	0	0
XR_002674121.1	4317	4080.15	0	0
XR_002674122.1	1691	1454.15	0	0
XR_002674123.1	1770	1533.15	0	0
XR_002674124.1	706	471.425	0	0
XR_002674125.1	980	743.224	0	0
XR_002674126.1	1602	1365.15	0	0
XR_002674127.1	2011	1774.15	0	0
XR_002674128.1	1352	1115.15	0	0
XR_002674129.1	1055	818.148	0	0
XR_002674130.1	453	236.93	0	0
XR_002674131.1	1731	1494.15	0	0
XR_002674132.1	4127	3890.15	0	0
XR_002674133.1	8604	8367.15	0	0
XR_002674134.1	8520	8283.15	0	0
XR_002674135.1	9963	9726.15	0	0
XR_002674136.1	11141	10904.1	0	0
XR_002674137.1	2325	2088.15	0	0
XR_002674138.1	4686	4449.15	0	0
XR_002674139.1	3126	2889.15	0	0
XR_002674140.1	519	293.616	0	0
XR_002674141.1	519	293.616	0	0
XR_002674142.1	364	167.133	0	0
XR_002674143.1	568	338.381	0	0
XR_002674144.1	466	247.639	0	0
XR_002674145.1	532	305.232	0	0
XR_002674146.1	2416	2179.15	0	0
XR_002674147.1	2420	2183.15	0	0
XR_002674148.1	1260	1023.15	0	0
XR_002674149.1	3339	3102.15	0	0
XR_002674150.1	2968	2731.15	0	0
XR_002674151.1	7556	7319.15	0	0
XR_002674152.1	6652	6415.15	0	0
XR_002674153.1	805	569.277	0	0
XR_002674154.1	300	120.861	0	0
XR_002674155.1	9270	9033.15	0	0
XR_002674156.1	7635	7398.15	0	0
XR_002674157.1	10552	10315.1	0	0
XR_002674158.1	10540	10303.1	0	0
XR_002674159.1	16483	16246.1	0	0
XR_002674160.1	16011	15774.1	0	0
XR_002674161.1	2443	2206.15	0	0
XR_002674162.1	6077	5840.15	0	0
XR_002674163.1	3036	2799.15	0	0
XR_002674164.1	4305	4068.15	0	0
XR_002674165.1	1786	1549.15	0	0
XR_002674166.1	938	701.582	0	0
XR_002674167.1	4154	3917.15	0	0
XR_002674168.1	4171	3934.15	0	0
XR_002674169.1	4177	3940.15	0	0
XR_002674170.1	316	132.089	0	0
XR_002674171.1	1897	1660.15	0	0
XR_002674172.1	9936	9699.15	0	0
XR_002674173.1	3820	3583.15	0	0
XR_002674174.1	3298	3061.15	0	0
XR_002674175.1	8072	7835.15	0	0
XR_002674176.1	5855	5618.15	0	0
XR_002674177.1	6732	6495.15	0	0
XR_002674178.1	8068	7831.15	0	0
XR_002674179.1	5768	5531.15	0	0
XR_002674180.1	934	697.652	0	0
XR_002674181.1	2811	2574.15	0	0
XR_002674182.1	5405	5168.15	0	0
XR_002674183.1	5268	5031.15	0	0
XR_002674184.1	373	174.282	0	0
XR_002674185.1	1169	932.148	0	0
XR_002674186.1	1152	915.148	0	0
XR_002674187.1	5040	4803.15	0	0
XR_002674188.1	19388	19151.1	0	0
XR_002674189.1	19335	19098.1	0	0
XR_002674190.1	2608	2371.15	0	0
XR_002674191.1	6418	6181.15	0	0
XR_002674192.1	1327	1090.15	0	0
XR_002674193.1	1040	803.148	0	0
XR_002674194.1	3721	3484.15	0	0
XR_002674195.1	1088	851.148	0	0
XR_002674196.1	2398	2161.15	0	0
XR_002674197.1	4147	3910.15	0	0
XR_002674198.1	3954	3717.15	0	0
XR_002674199.1	3703	3466.15	0	0
XR_002674200.1	3399	3162.15	0	0
XR_002674201.1	3302	3065.15	0	0
XR_002674202.1	229	77.5928	0	0
XR_002674203.1	11798	11561.1	0	0
XR_002674204.1	895	658.786	0	0
XR_002674205.1	2256	2019.15	0	0
XR_002674206.1	9257	9020.15	0	0
XR_002674207.1	7673	7436.15	0	0
XR_002674208.1	7408	7171.15	0	0
XR_002674209.1	7365	7128.15	0	0
XR_002674210.1	7669	7432.15	0	0
XR_002674211.1	9253	9016.15	0	0
XR_002674212.1	7564	7327.15	0	0
XR_002674213.1	8529	8292.15	0	0
XR_002674214.1	8526	8289.15	0	0
XR_002674215.1	8215	7978.15	0	0
XR_002674216.1	8703	8466.15	0	0
XR_002674217.1	8700	8463.15	0	0
XR_002674218.1	8691	8454.15	0	0
XR_002674219.1	3540	3303.15	0	0
XR_002674220.1	1832	1595.15	0	0
XR_002674221.1	1831	1594.15	0	0
XR_002674222.1	1289	1052.15	0	0
XR_002674223.1	697	462.612	0	0
XR_002674224.1	945	708.441	0	0
XR_002674225.1	1899	1662.15	0	0
XR_002674226.1	891	654.786	0	0
XR_002674227.1	3320	3083.15	0	0
XR_002674228.1	4387	4150.15	0	0
XR_002674229.1	5638	5401.15	0	0
XR_002674230.1	4452	4215.15	0	0
XR_002674231.1	4272	4035.15	0	0
XR_002674232.1	4186	3949.15	0	0
XR_002674233.1	1270	1033.15	0	0
XR_002674234.1	1000	763.148	0	0
XR_002674235.1	2118	1881.15	0	0
XR_002674236.1	4295	4058.15	0	0
XR_002674237.1	1766	1529.15	0	0
XR_002674238.1	1332	1095.15	0	0
XR_002674239.1	3184	2947.15	0	0
XR_002674240.1	5013	4776.15	0	0
XR_002674241.1	4939	4702.15	0	0
XR_002674242.1	557	327.755	0	0
XR_002674243.1	4964	4727.15	0	0
XR_002674244.1	4893	4656.15	0	0
XR_002674245.1	9377	9140.15	0	0
XR_002674246.1	538	310.476	0	0
XR_002674247.1	1820	1583.15	0	0
XR_002674248.1	1862	1625.15	0	0
XR_002674249.1	1855	1618.15	0	0
XR_002674250.1	610	377.961	0	0
XR_002674251.1	1874	1637.15	0	0
XR_002674252.1	1676	1439.15	0	0
XR_002674253.1	2045	1808.15	0	0
XR_002674254.1	2059	1822.15	0	0
XR_002674255.1	9088	8851.15	0	0
XR_002674256.1	9016	8779.15	0	0
XR_002674257.1	8938	8701.15	0	0
XR_002674258.1	8836	8599.15	0	0
XR_002674259.1	2048	1811.15	0	0
XR_002674260.1	13247	13010.1	0	0
XR_002674261.1	12642	12405.1	0	0
XR_002674262.1	1010	773.148	0	0
XR_002674263.1	1017	780.148	0	0
XR_002674264.1	909	672.72	0	0
XR_002674265.1	836	600.102	0	0
XR_002674266.1	5198	4961.15	0	0
XR_002674267.1	897	660.786	0	0
XR_002674268.1	479	258.836	0	0
XR_002674269.1	625	392.496	0	0
XR_002674270.1	2479	2242.15	0	0
XR_002674271.1	2896	2659.15	0	0
XR_002674272.1	3072	2835.15	0	0
XR_002674273.1	3042	2805.15	0	0
XR_002674274.1	420	210.479	0	0
XR_002674275.1	2867	2630.15	0	0
XR_002674276.1	688	453.75	0	0
XR_002674277.1	575	345.104	0	0
XR_002674278.1	493	270.764	0	0
XR_002674279.1	2854	2617.15	0	0
XR_002674280.1	1941	1704.15	0	0
XR_002674281.1	1935	1698.15	0	0
XR_002674282.1	7168	6931.15	0	0
XR_002674283.1	4525	4288.15	0	0
XR_002674284.1	4519	4282.15	0	0
XR_002674285.1	4062	3825.15	0	0
XR_002674286.1	3261	3024.15	0	0
XR_002674287.1	3279	3042.15	0	0
XR_002674288.1	3030	2793.15	0	0
XR_002674289.1	3244	3007.15	0	0
XR_002674290.1	2439	2202.15	0	0
XR_002674291.1	3052	2815.15	0	0
XR_002674292.1	379	178.571	0	0
XR_002674293.1	5353	5116.15	0	0
XR_002674294.1	578	347.859	0	0
XR_002674295.1	1046	809.148	0	0
XR_002674296.1	987	750.224	0	0
XR_002674297.1	4202	3965.15	0	0
XR_002674298.1	3424	3187.15	0	0
XR_002674299.1	3718	3481.15	0	0
XR_002674300.1	4607	4370.15	0	0
XR_002674301.1	7433	7196.15	0	0
XR_002674302.1	1353	1116.15	0	0
XR_002674303.1	979	742.224	0	0
XR_002674304.1	6436	6199.15	0	0
XR_002674305.1	6040	5803.15	0	0
XR_002674306.1	5060	4823.15	0	0
XR_002674307.1	6019	5782.15	0	0
XR_002674308.1	6368	6131.15	0	0
XR_002674309.1	841	605.102	0	0
XR_002674310.1	1484	1247.15	0	0
XR_002674311.1	8527	8290.15	0	0
XR_002674312.1	8132	7895.15	0	0
XR_002674313.1	8024	7787.15	0	0
XR_002674314.1	7154	6917.15	0	0
XR_002674315.1	8903	8666.15	0	0
XR_002674316.1	7042	6805.15	0	0
XR_002674317.1	3590	3353.15	0	0
XR_002674318.1	1420	1183.15	0	0
XR_002674319.1	3338	3101.15	0	0
XR_002674320.1	6519	6282.15	0	0
XR_002674321.1	6218	5981.15	0	0
XR_002674322.1	6293	6056.15	0	0
XR_002674323.1	5962	5725.15	0	0
XR_002674324.1	7256	7019.15	0	0
XR_002674325.1	1271	1034.15	0	0
XR_002674326.1	817	581.162	0	0
XR_002674327.1	1491	1254.15	0	0
XR_002674328.1	564	334.587	0	0
XR_002674329.1	1212	975.148	0	0
XR_002674330.1	706	471.425	0	0
XR_002674331.1	1209	972.148	0	0
XR_002674332.1	784	548.388	0	0
XR_002674333.1	765	529.66	0	0
XR_002674334.1	1041	804.148	0	0
XR_002674335.1	3296	3059.15	0	0
XR_002674336.1	3989	3752.15	0	0
XR_002674337.1	3999	3762.15	0	0
XR_002674338.1	5622	5385.15	0	0
XR_002674339.1	3600	3363.15	0	0
XR_002674340.1	1036	799.148	0	0
XR_002674341.1	932	695.652	0	0
XR_002674342.1	7715	7478.15	0	0
XR_002674343.1	7712	7475.15	0	0
XR_002674344.1	6291	6054.15	0	0
XR_002674345.1	7710	7473.15	0	0
XR_002674346.1	5175	4938.15	0	0
XR_002674347.1	5172	4935.15	0	0
XR_002674348.1	7697	7460.15	0	0
XR_002674349.1	7595	7358.15	0	0
XR_002674350.1	3001	2764.15	0	0
XR_002674351.1	3207	2970.15	0	0
XR_002674352.1	3298	3061.15	0	0
XR_002674353.1	796	560.277	0	0
XR_002674354.1	4116	3879.15	0	0
XR_002674355.1	964	727.297	0	0
XR_002674356.1	6439	6202.15	0	0
XR_002674357.1	4953	4716.15	0	0
XR_002674358.1	3430	3193.15	0	0
XR_002674359.1	3076	2839.15	0	0
XR_002674360.1	4935	4698.15	0	0
XR_002674361.1	2682	2445.15	0	0
XR_002674362.1	2780	2543.15	0	0
XR_002674363.1	809	573.277	0	0
XR_002674364.1	3796	3559.15	0	0
XR_002674365.1	6756	6519.15	0	0
XR_002674366.1	668	434.375	0	0
XR_002674367.1	571	341.278	0	0
XR_002674368.1	6497	6260.15	0	0
XR_002674369.1	5176	4939.15	0	0
XR_002674370.1	6502	6265.15	0	0
XR_002674371.1	5265	5028.15	0	0
XR_002674372.1	5685	5448.15	0	0
XR_002674373.1	6314	6077.15	0	0
XR_002674374.1	6661	6424.15	0	0
XR_002674375.1	6487	6250.15	0	0
XR_002674376.1	6521	6284.15	0	0
XR_002674377.1	5573	5336.15	0	0
XR_002674378.1	4101	3864.15	0	0
XR_002674379.1	1089	852.148	0	0
XR_002674380.1	3733	3496.15	0	0
XR_002674381.1	660	426.634	0	0
XR_002674382.1	2753	2516.15	0	0
XR_002674383.1	1121	884.148	0	0
XR_002674384.1	1612	1375.15	0	0
XR_002674385.1	2708	2471.15	0	0
XR_002674386.1	3431	3194.15	0	0
XR_002674387.1	4737	4500.15	0	0
XR_002674388.1	4889	4652.15	0	0
XR_002674389.1	2170	1933.15	0	0
XR_002674390.1	2150	1913.15	0	0
XR_002674391.1	620	387.575	0	0
XR_002674392.1	1342	1105.15	0	0
XR_002674393.1	7815	7578.15	0	0
XR_002674394.1	6280	6043.15	0	0
XR_002674395.1	5928	5691.15	0	0
XR_002674396.1	3085	2848.15	0	0
XR_002674397.1	714	479.425	0	0
XR_002674398.1	894	657.786	0	0
XR_002674399.1	1035	798.148	0	0
XR_002674400.1	4208	3971.15	0	0
XR_002674401.1	7835	7598.15	0	0
XR_002674402.1	7269	7032.15	0	0
XR_002674403.1	7193	6956.15	0	0
XR_002674404.1	7351	7114.15	0	0
XR_002674405.1	193	55.7211	0	0
XR_002674406.1	548	319.545	0	0
XR_002674407.1	13329	13092.1	0	0
XR_002674408.1	2621	2384.15	0	0
XR_002674409.1	3051	2814.15	0	0
XR_002674410.1	2299	2062.15	0	0
XR_002674411.1	312	129.046	0	0
XR_002674412.1	335	145.379	0	0
XR_002674413.1	2254	2017.15	0	0
XR_002674414.1	2272	2035.15	0	0
XR_002674415.1	457	240.27	0	0
XR_002674416.1	540	312.253	0	0
XR_002674417.1	4495	4258.15	0	0
XR_002674418.1	4424	4187.15	0	0
XR_002674419.1	3685	3448.15	0	0
XR_002674420.1	3504	3267.15	0	0
XR_002674421.1	6045	5808.15	0	0
XR_002674422.1	6608	6371.15	0	0
XR_002674423.1	5785	5548.15	0	0
XR_002674424.1	347	154.648	0	0
XR_002674425.1	334	144.844	0	0
XR_002674426.1	3036	2799.15	0	0
XR_002674427.1	256	94.1106	0	0
XR_002674428.1	12693	12456.1	0	0
XR_002674429.1	12800	12563.1	0	0
XR_002674430.1	12964	12727.1	0	0
XR_002674431.1	4463	4226.15	0	0
XR_002674432.1	3459	3222.15	0	0
XR_002674433.1	182	49.343	0	0
XR_002674434.1	940	703.582	0	0
XR_002674435.1	1297	1060.15	0	0
XR_002674436.1	1154	917.148	0	0
XR_002674437.1	4868	4631.15	0	0
XR_002674438.1	2679	2442.15	0	0
XR_002674439.1	2394	2157.15	0	0
XR_002674440.1	2522	2285.15	0	0
XR_002674441.1	2518	2281.15	0	0
XR_002674442.1	2036	1799.15	0	0
XR_002674443.1	2042	1805.15	0	0
XR_002674444.1	527	300.761	0	0
XR_002674445.1	423	212.807	0	0
XR_002674446.1	1905	1668.15	0	0
XR_002674447.1	284	111.636	0	0
XR_002674448.1	937	700.582	0	0
XR_002674449.1	941	704.582	0	0
XR_002674450.1	2554	2317.15	0	0
XR_002674451.1	2793	2556.15	0	0
XR_002674452.1	2411	2174.15	0	0
XR_002674453.1	778	542.553	0	0
XR_002674454.1	1173	936.148	0	0
XR_002674455.1	1043	806.148	0	0
XR_002674456.1	1291	1054.15	0	0
XR_002674457.1	1772	1535.15	0	0
XR_002674458.1	4952	4715.15	0	0
XR_002674459.1	4732	4495.15	0	0
XR_002674460.1	2288	2051.15	1.81399	0.161505
XR_002674461.1	4729	4492.15	0	0
XR_002674462.1	2883	2646.15	4	0.276053
XR_002674463.1	2857	2620.15	0	0
XR_002674464.1	1689	1452.15	0	0
XR_002674465.1	2050	1813.15	0	0
XR_002674466.1	2256	2019.15	0	0
XR_002674467.1	2253	2016.15	0	0
XR_002674468.1	5508	5271.15	0	0
XR_002674469.1	3585	3348.15	0	0
XR_002674470.1	2974	2737.15	0	0
XR_002674471.1	3560	3323.15	0	0
XR_002674472.1	1689	1452.15	0	0
XR_002674473.1	2044	1807.15	0	0
XR_002674474.1	6138	5901.15	0	0
XR_002674475.1	6320	6083.15	0	0
XR_002674476.1	4797	4560.15	0	0
XR_002674477.1	5372	5135.15	0	0
XR_002674478.1	5423	5186.15	0	0
XR_002674479.1	2928	2691.15	0	0
XR_002674480.1	2685	2448.15	0	0
XR_002674481.1	4545	4308.15	0	0
XR_002674482.1	4409	4172.15	0	0
XR_002674483.1	4208	3971.15	0	0
XR_002674484.1	4093	3856.15	0	0
XR_002674485.1	3269	3032.15	0	0
XR_002674486.1	817	581.162	0	0
XR_002674487.1	329	141.276	0	0
XR_002674488.1	518	292.707	0	0
XR_002674489.1	1400	1163.15	0	0
XR_002674490.1	1322	1085.15	0	0
XR_002674491.1	1227	990.148	0	0
XR_002674492.1	1385	1148.15	0	0
XR_002674493.1	1617	1380.15	0	0
XR_002674494.1	2530	2293.15	0	0
XR_002674495.1	658	424.634	0	0
XR_002674496.1	6107	5870.15	0	0
XR_002674497.1	2781	2544.15	0	0
XR_002674498.1	691	456.704	0	0
XR_002674499.1	581	350.681	0	0
XR_002674500.1	3436	3199.15	0	0
XR_002674501.1	784	548.388	0	0
XR_002674502.1	836	600.102	0	0
XR_002674503.1	648	414.804	0	0
XR_002674504.1	1427	1190.15	0	0
XR_002674505.1	4399	4162.15	0	0
XR_002674506.1	1348	1111.15	0	0
XR_002674507.1	10233	9996.15	0	0
XR_002674508.1	8720	8483.15	0	0
XR_002674509.1	7112	6875.15	0	0
XR_002674510.1	993	756.224	0	0
XR_002674511.1	670	436.243	0	0
XR_002674512.1	4771	4534.15	0	0
XR_002674513.1	3363	3126.15	0	0
XR_002674514.1	6511	6274.15	0	0
XR_002674515.1	2560	2323.15	0	0
XR_002674516.1	454	237.779	0	0
XR_002674517.1	2375	2138.15	0	0
XR_002674518.1	980	743.224	0	0
XR_002674519.1	2137	1900.15	0	0
XR_002674520.1	1841	1604.15	0	0
XR_002674521.1	2130	1893.15	0	0
XR_002674522.1	2074	1837.15	0	0
XR_002674523.1	2132	1895.15	0	0
XR_002674524.1	3669	3432.15	0	0
XR_002674525.1	3579	3342.15	0	0
XR_002674526.1	484	263.018	0	0
XR_002674527.1	3832	3595.15	0	0
XR_002674528.1	3829	3592.15	0	0
XR_002674529.1	14286	14049.1	0	0
XR_002674530.1	837	601.102	0	0
XR_002674531.1	2649	2412.15	0	0
XR_002674532.1	2902	2665.15	0	0
XR_002674533.1	1567	1330.15	0	0
XR_002674534.1	1549	1312.15	0	0
XR_002674535.1	1997	1760.15	0	0
XR_002674536.1	2925	2688.15	0	0
XR_002674537.1	323	136.7	0	0
XR_002674538.1	857	621.102	0	0
XR_002674539.1	860	623.978	0	0
XR_002674540.1	3144	2907.15	0	0
XR_002674541.1	3624	3387.15	0	0
XR_002674542.1	2132	1895.15	0	0
XR_002674543.1	1949	1712.15	0	0
XR_002674544.1	1853	1616.15	0	0
XR_002674545.1	4544	4307.15	0	0
XR_002674546.1	4541	4304.15	0	0
XR_002674547.1	4544	4307.15	0	0
XR_002674548.1	939	702.582	0	0
XR_002674549.1	874	637.915	0	0
XR_002674550.1	921	684.652	0	0
XR_002674551.1	1183	946.148	0	0
XR_002674552.1	1595	1358.15	0	0
XR_002674553.1	964	727.297	0	0
XR_002674554.1	960	723.297	0	0
XR_002674555.1	923	686.652	0	0
XR_002674556.1	7943	7706.15	0	0
XR_002674557.1	7985	7748.15	0	0
XR_002674558.1	7855	7618.15	0	0
XR_002674559.1	2365	2128.15	0	0
XR_002674560.1	2023	1786.15	0	0
XR_002674561.1	746	510.974	0	0
XR_002674562.1	1902	1665.15	0	0
XR_002674563.1	1474	1237.15	0	0
XR_002674564.1	1530	1293.15	0	0
XR_002674565.1	1756	1519.15	0	0
XR_002674566.1	1569	1332.15	0	0
XR_002674567.1	3245	3008.15	0	0
XR_002674568.1	2969	2732.15	0	0
XR_002674569.1	3035	2798.15	0	0
XR_002674570.1	3054	2817.15	0	0
XR_002674571.1	2437	2200.15	0	0
XR_002674572.1	3032	2795.15	0	0
XR_002674573.1	2979	2742.15	0	0
XR_002674574.1	2934	2697.15	0	0
XR_002674575.1	2875	2638.15	0	0
XR_002674576.1	3135	2898.15	0	0
XR_002674577.1	1965	1728.15	0	0
XR_002674578.1	3001	2764.15	0	0
XR_002674579.1	1721	1484.15	0	0
XR_002674580.1	1721	1484.15	0	0
XR_002674581.1	10678	10441.1	0	0
XR_002674582.1	10463	10226.1	0	0
XR_002674583.1	10459	10222.1	0	0
XR_002674584.1	9843	9606.15	0	0
XR_002674585.1	7670	7433.15	0	0
XR_002674586.1	7283	7046.15	0	0
XR_002674587.1	5744	5507.15	0	0
XR_002674588.1	6435	6198.15	0	0
XR_002674589.1	5715	5478.15	0	0
XR_002674590.1	297	119.014	0	0
XR_002674591.1	319	134.155	0	0
XR_002674592.1	298	119.582	0	0
XR_002674593.1	682	447.977	0	0
XR_002674594.1	516	290.887	0	0
XR_002674595.1	4593	4356.15	0	0
XR_002674596.1	513	288.215	0	0
XR_002674597.1	623	390.575	0	0
XR_002674598.1	1235	998.148	0	0
XR_002674599.1	1282	1045.15	0	0
XR_002674600.1	5329	5092.15	0	0
XR_002674601.1	5622	5385.15	0	0
XR_002674602.1	1468	1231.15	0	0
XR_002674603.1	1665	1428.15	0	0
XR_002674604.1	1491	1254.15	0	0
XR_002674605.1	1149	912.148	0	0
XR_002674606.1	1232	995.148	0	0
XR_002674607.1	1307	1070.15	0	0
XR_002674608.1	3010	2773.15	0	0
XR_002674609.1	4023	3786.15	0	0
XR_002674610.1	5587	5350.15	0	0
XR_002674611.1	5430	5193.15	0	0
XR_002674612.1	4778	4541.15	0	0
XR_002674613.1	4707	4470.15	0	0
XR_002674614.1	3709	3472.15	0	0
XR_002674615.1	4927	4690.15	0	0
XR_002674616.1	3989	3752.15	0	0
XR_002674617.1	10096	9859.15	0	0
XR_002674618.1	10570	10333.1	0	0
XR_002674619.1	10093	9856.15	0	0
XR_002674620.1	9583	9346.15	0	0
XR_002674621.1	9279	9042.15	0	0
XR_002674622.1	2006	1769.15	0	0
XR_002674623.1	2014	1777.15	0	0
XR_002674624.1	802	566.277	0	0
XR_002674625.1	1941	1704.15	0	0
XR_002674626.1	4464	4227.15	0	0
XR_002674627.1	1602	1365.15	0	0
XR_002674628.1	2224	1987.15	0	0
XR_002674629.1	5442	5205.15	0	0
XR_002674630.1	4837	4600.15	0	0
XR_002674631.1	5105	4868.15	0	0
XR_002674632.1	526	299.977	0	0
XR_002674633.1	714	479.425	0	0
XR_002674634.1	1103	866.148	0.77038	0.162427
XR_002674635.1	3470	3233.15	0	0
XR_002674636.1	1274	1037.15	0	0
XR_002674637.1	2416	2179.15	0	0
XR_002674638.1	1218	981.148	0	0
XR_002674639.1	4146	3909.15	0	0
XR_002674640.1	2230	1993.15	0	0
XR_002674641.1	4121	3884.15	0	0
XR_002674642.1	1631	1394.15	0	0
XR_002674643.1	1592	1355.15	0	0
XR_002674644.1	3394	3157.15	0	0
XR_002674645.1	2982	2745.15	0	0
XR_002674646.1	3689	3452.15	0	0
XR_002674647.1	1719	1482.15	0	0
XR_002674648.1	2927	2690.15	0	0
XR_002674649.1	2554	2317.15	0	0
XR_002674650.1	2550	2313.15	0	0
XR_002674651.1	2430	2193.15	0	0
XR_002674652.1	578	347.859	0	0
XR_002674653.1	581	350.681	0	0
XR_002674654.1	1665	1428.15	0	0
XR_002674655.1	958	721.37	0	0
XR_002674656.1	3966	3729.15	0	0
XR_002674657.1	637	404.175	0	0
XR_002674658.1	854	618.102	0	0
XR_002674659.1	310	127.743	0	0
XR_002674660.1	444	229.732	0	0
XR_002674661.1	726	491.327	0	0
XR_002674662.1	559	329.722	0	0
XR_002674663.1	742	507.076	0	0
XR_002674664.1	1532	1295.15	0	0
XR_002674665.1	1157	920.148	0	0
XR_002674666.1	631	398.336	0	0
XR_002674667.1	1360	1123.15	0	0
XR_002674668.1	8975	8738.15	0	0
XR_002674669.1	7837	7600.15	0	0
XR_002674670.1	990	753.224	0	0
XR_002674671.1	5101	4864.15	0	0
XR_002674672.1	5237	5000.15	0	0
XR_002674673.1	638	405.175	0	0
XR_002674674.1	884	647.786	0	0
XR_002674675.1	2810	2573.15	0	0
XR_002674676.1	5709	5472.15	0	0
XR_002674677.1	5706	5469.15	0	0
XR_002674678.1	2641	2404.15	0	0
XR_002674679.1	2702	2465.15	0	0
XR_002674680.1	2610	2373.15	0	0
XR_002674681.1	1328	1091.15	0	0
XR_002674682.1	1491	1254.15	0	0
XR_002674683.1	215	69.2613	0	0
XR_002674684.1	2440	2203.15	0	0
XR_002674685.1	4460	4223.15	0	0
XR_002674686.1	4357	4120.15	0	0
XR_002674687.1	4351	4114.15	0	0
XR_002674688.1	4331	4094.15	0	0
XR_002674689.1	864	627.915	10.2193	2.97213
XR_002674690.1	2565	2328.15	0	0
XR_002674691.1	6655	6418.15	0	0
XR_002674692.1	1290	1053.15	0	0
XR_002674693.1	1362	1125.15	0	0
XR_002674694.1	3142	2905.15	0	0
XR_002674695.1	1790	1553.15	0	0
XR_002674696.1	1293	1056.15	0	0
XR_002674697.1	1359	1122.15	0	0
XR_002674698.1	1873	1636.15	0	0
XR_002674699.1	16765	16528.1	0	0
XR_002674700.1	16695	16458.1	0	0
XR_002674701.1	16436	16199.1	0	0
XR_002674702.1	2034	1797.15	0	0
XR_002674703.1	956	719.37	0	0
XR_002674704.1	1583	1346.15	0	0
XR_002674705.1	3361	3124.15	0	0
XR_002674706.1	7036	6799.15	0	0
XR_002674707.1	464	246.005	0	0
XR_002674708.1	288	114.117	0	0
XR_002674709.1	7502	7265.15	0	0
XR_002674710.1	5366	5129.15	0	0
XR_002674711.1	1705	1468.15	0	0
XR_002674712.1	1652	1415.15	0	0
XR_002674713.1	2228	1991.15	0	0
XR_002674714.1	1685	1448.15	0	0
XR_002674715.1	3196	2959.15	0	0
XR_002674716.1	666	432.418	0	0
XR_002674717.1	4270	4033.15	0	0
XR_002674718.1	12963	12726.1	0	0
XR_002674719.1	1670	1433.15	0	0
XR_002674720.1	4185	3948.15	0	0
XR_002674721.1	2215	1978.15	0	0
XR_002674722.1	3575	3338.15	0	0
XR_002674723.1	3223	2986.15	0	0
XR_002674724.1	407	200.159	0	0
XR_002674725.1	3620	3383.15	0	0
XR_002674726.1	1883	1646.15	0	0
XR_002674727.1	1991	1754.15	0	0
XR_002674728.1	1667	1430.15	0	0
XR_002674729.1	2095	1858.15	0	0
XR_002674730.1	929	692.652	0	0
XR_002674731.1	544	315.772	0	0
XR_002674732.1	1122	885.148	0	0
XR_002674733.1	801	565.277	0	0
XR_002674734.1	1114	877.148	0	0
XR_002674735.1	926	689.652	0	0
XR_002674736.1	1776	1539.15	0	0
XR_002674737.1	1151	914.148	0	0
XR_002674738.1	1679	1442.15	0	0
XR_002674739.1	1670	1433.15	0	0
XR_002674740.1	2447	2210.15	0	0
XR_002674741.1	2443	2206.15	0	0
XR_002674742.1	1632	1395.15	0	0
XR_002674743.1	1299	1062.15	0	0
XR_002674744.1	2287	2050.15	0	0
XR_002674745.1	347	154.648	0	0
XR_002674746.1	11496	11259.1	0	0
XR_002674747.1	5723	5486.15	0	0
XR_002674748.1	5759	5522.15	0	0
XR_002674749.1	3630	3393.15	0	0
XR_002674750.1	1531	1294.15	0	0
XR_002674751.1	1679	1442.15	0	0
XR_002674752.1	1674	1437.15	0	0
XR_002674753.1	1725	1488.15	0	0
XR_002674754.1	2407	2170.15	0	0
XR_002674755.1	1652	1415.15	0	0
XR_002674756.1	1607	1370.15	0	0
XR_002674757.1	2590	2353.15	0	0
XR_002674758.1	378	177.878	0	0
XR_002674759.1	5574	5337.15	0	0
XR_002674760.1	813	577.22	0	0
XR_002674761.1	3109	2872.15	0	0
XR_002674762.1	6365	6128.15	0	0
XR_002674763.1	5578	5341.15	0	0
XR_002674764.1	6389	6152.15	0	0
XR_002674765.1	2778	2541.15	0	0
XR_002674766.1	6616	6379.15	0	0
XR_002674767.1	6041	5804.15	0	0
XR_002674768.1	1801	1564.15	0	0
XR_002674769.1	1861	1624.15	0	0
XR_002674770.1	4416	4179.15	0	0
XR_002674771.1	1676	1439.15	0	0
XR_002674772.1	1780	1543.15	0	0
XR_002674773.1	4767	4530.15	0	0
XR_002674774.1	683	448.977	0	0
XR_002674775.1	1783	1546.15	0	0
XR_002674776.1	3089	2852.15	0	0
XR_002674777.1	3081	2844.15	0	0
XR_002674778.1	5352	5115.15	0	0
XR_002674779.1	287	113.609	0	0
XR_002674780.1	3289	3052.15	0	0
XR_002674781.1	898	661.72	0	0
XR_002674782.1	808	572.277	0	0
XR_002674783.1	922	685.652	0	0
XR_002674784.1	969	732.297	0	0
XR_002674785.1	886	649.786	0	0
XR_002674786.1	7643	7406.15	0	0
XR_002674787.1	959	722.37	0	0
XR_002674788.1	3923	3686.15	0	0
XR_002674789.1	2161	1924.15	0	0
XR_002674790.1	2991	2754.15	0	0
XR_002674791.1	3090	2853.15	0	0
XR_002674792.1	10139	9902.15	0	0
XR_002674793.1	9904	9667.15	0	0
XR_002674794.1	9624	9387.15	0	0
XR_002674795.1	9645	9408.15	0	0
XR_002674796.1	6329	6092.15	0	0
XR_002674797.1	9303	9066.15	0	0
XR_002674798.1	5883	5646.15	0.801785	0.0259329
XR_002674799.1	5891	5654.15	0.198215	0.00640201
XR_002674800.1	8347	8110.15	0	0
XR_002674801.1	8070	7833.15	0	0
XR_002674802.1	7925	7688.15	0	0
XR_002674803.1	10118	9881.15	0	0
XR_002674804.1	9888	9651.15	0	0
XR_002674805.1	12722	12485.1	0	0
XR_002674806.1	8604	8367.15	0	0
XR_002674807.1	8601	8364.15	0	0
XR_002674808.1	8601	8364.15	0	0
XR_002674809.1	3435	3198.15	0	0
XR_002674810.1	3386	3149.15	0	0
XR_002674811.1	2977	2740.15	0	0
XR_002674812.1	877	640.915	0	0
XR_002674813.1	2798	2561.15	0	0
XR_002674814.1	2713	2476.15	0	0
XR_002674815.1	877	640.915	0	0
XR_002674816.1	634	401.216	0	0
XR_002674817.1	4824	4587.15	0	0
XR_002674818.1	3607	3370.15	0	0
XR_002674819.1	3630	3393.15	0	0
XR_002674820.1	1552	1315.15	0	0
XR_002674821.1	4818	4581.15	0	0
XR_002674822.1	7985	7748.15	0	0
XR_002674823.1	5171	4934.15	0	0
XR_002674824.1	2167	1930.15	0	0
XR_002674825.1	2926	2689.15	0	0
XR_002674826.1	1238	1001.15	0	0
XR_002674827.1	1896	1659.15	0	0
XR_002674828.1	1891	1654.15	0	0
XR_002674829.1	1640	1403.15	0	0
XR_002674830.1	1652	1415.15	0	0
XR_002674831.1	2005	1768.15	0	0
XR_002674832.1	1975	1738.15	0	0
XR_002674833.1	809	573.277	0	0
XR_002674834.1	497	274.338	0	0
XR_002674835.1	2725	2488.15	0	0
XR_002674836.1	1603	1366.15	0	0
XR_002674837.1	385	183.226	0	0
XR_002674838.1	301	121.491	0	0
XR_002674839.1	418	208.963	0	0
XR_002674840.1	286	112.941	0	0
XR_002674841.1	1595	1358.15	0	0
XR_002674842.1	6660	6423.15	0	0
XR_002674843.1	5891	5654.15	0	0
XR_002674844.1	4195	3958.15	0	0
XR_002674845.1	6667	6430.15	0	0
XR_002674846.1	6656	6419.15	0	0
XR_002674847.1	2832	2595.15	0	0
XR_002674848.1	2490	2253.15	0	0
XR_002674849.1	703	468.472	0	0
XR_002674850.1	790	554.333	0	0
XR_002674851.1	1012	775.148	0	0
XR_002674852.1	1943	1706.15	0	0
XR_002674853.1	668	434.375	0	0
XR_002674854.1	2462	2225.15	0	0
XR_002674855.1	2258	2021.15	0	0
XR_002674856.1	1422	1185.15	0	0
XR_002674857.1	3714	3477.15	0	0
XR_002674858.1	3112	2875.15	0	0
XR_002674859.1	2813	2576.15	0	0
XR_002674860.1	3061	2824.15	0	0
XR_002674861.1	3047	2810.15	0	0
XR_002674862.1	939	702.582	0	0
XR_002674863.1	7128	6891.15	0	0
XR_002674864.1	7140	6903.15	0	0
XR_002674865.1	4929	4692.15	0	0
XR_002674866.1	4916	4679.15	0	0
XR_002674867.1	4905	4668.15	0	0
XR_002674868.1	2982	2745.15	0	0
XR_002674869.1	6073	5836.15	0	0
XR_002674870.1	2003	1766.15	0	0
XR_002674871.1	2617	2380.15	0	0
XR_002674872.1	2921	2684.15	0	0
XR_002674873.1	2055	1818.15	0	0
XR_002674874.1	3466	3229.15	0	0
XR_002674875.1	1008	771.148	0	0
XR_002674876.1	4353	4116.15	0	0
XR_002674877.1	9673	9436.15	0	0
XR_002674878.1	450	234.736	0	0
XR_002674879.1	1634	1397.15	0	0
XR_002674880.1	3599	3362.15	0	0
XR_002674881.1	1994	1757.15	0	0
XR_002674882.1	855	619.102	0	0
XR_002674883.1	6154	5917.15	0	0
XR_002674884.1	2712	2475.15	0	0
XR_002674885.1	1589	1352.15	0	0
XR_002674886.1	1617	1380.15	0	0
XR_002674887.1	1641	1404.15	0	0
XR_002674888.1	1465	1228.15	0	0
XR_002674889.1	1938	1701.15	0	0
XR_002674890.1	2279	2042.15	0	0
XR_002674891.1	1072	835.148	0	0
XR_002674892.1	297	119.014	0	0
XR_002674893.1	3844	3607.15	0	0
XR_002674894.1	3683	3446.15	0	0
XR_002674895.1	2455	2218.15	0	0
XR_002674896.1	5851	5614.15	0	0
XR_002674897.1	4195	3958.15	0	0
XR_002674898.1	5667	5430.15	0	0
XR_002674899.1	4184	3947.15	0	0
XR_002674900.1	1721	1484.15	0	0
XR_002674901.1	354	159.705	0	0
XR_002674902.1	2782	2545.15	0	0
XR_002674903.1	978	741.224	0	0
XR_002674904.1	1045	808.148	0	0
XR_002674905.1	1186	949.148	0	0
XR_002674906.1	1200	963.148	0	0
XR_002674907.1	656	422.719	0	0
XR_002674908.1	1106	869.148	0	0
XR_002674909.1	3370	3133.15	0	0
XR_002674910.1	1972	1735.15	0	0
XR_002674911.1	2519	2282.15	0	0
XR_002674912.1	1591	1354.15	0	0
XR_002674913.1	474	254.347	0	0
XR_002674914.1	873	636.915	0	0
XR_002674915.1	1599	1362.15	0	0
XR_002674916.1	276	106.499	0	0
XR_002674917.1	1619	1382.15	0	0
XR_002674918.1	1478	1241.15	0	0
XR_002674919.1	1408	1171.15	0	0
XR_002674920.1	611	378.923	0	0
XR_002674921.1	1169	932.148	0	0
XR_002674922.1	1023	786.148	0	0
XR_002674923.1	4862	4625.15	0	0
XR_002674924.1	1185	948.148	0	0
XR_002674925.1	3321	3084.15	0	0
XR_002674926.1	1180	943.148	0	0
XR_002674927.1	3090	2853.15	0	0
XR_002674928.1	2018	1781.15	0	0
XR_002674929.1	4543	4306.15	0	0
XR_002674930.1	4800	4563.15	0	0
XR_002674931.1	1106	869.148	0	0
XR_002674932.1	936	699.582	0	0
XR_002674933.1	548	319.545	0	0
XR_002674934.1	2452	2215.15	0	0
XR_002674935.1	2486	2249.15	0	0
XR_002674936.1	833	597.102	0	0
XR_002674937.1	478	257.918	0	0
XR_002674938.1	1143	906.148	0	0
XR_002674939.1	2448	2211.15	0	0
XR_002674940.1	1083	846.148	0	0
XR_002674941.1	1465	1228.15	0	0
XR_002674942.1	1448	1211.15	0	0
XR_002674943.1	1456	1219.15	0	0
XR_002674944.1	405	198.514	0	0
XR_002674945.1	1553	1316.15	0	0
XR_002674946.1	2269	2032.15	0	0
XR_002674947.1	1528	1291.15	0	0
XR_002674948.1	686	451.796	0	0
XR_002674949.1	885	648.786	0	0
XR_002674950.1	653	419.762	0	0
XR_002674951.1	1790	1553.15	0	0
XR_002674952.1	239	83.7023	0	0
XR_002674953.1	2457	2220.15	0	0
XR_002674954.1	582	351.575	0	0
XR_002674955.1	670	436.243	0	0
XR_002674956.1	678	444.021	0	0
XR_002674957.1	2783	2546.15	0	0
XR_002674958.1	1779	1542.15	0	0
XR_002674959.1	1452	1215.15	0	0
XR_002674960.1	9336	9099.15	0	0
XR_002674961.1	1014	777.148	0	0
XR_002674962.1	1011	774.148	0	0
XR_002674963.1	1163	926.148	0	0
XR_002674964.1	2547	2310.15	0	0
XR_002674965.1	2401	2164.15	0	0
XR_002674966.1	2216	1979.15	0	0
XR_002674967.1	2417	2180.15	0	0
XR_002674968.1	748	512.922	0	0
XR_002674969.1	4508	4271.15	0	0
XR_002674970.1	2207	1970.15	0	0
XR_002674971.1	920	683.652	0	0
XR_002674972.1	842	606.102	0	0
XR_002674973.1	1662	1425.15	0	0
XR_002674974.1	996	759.148	0	0
XR_002674975.1	343	151.353	0	0
XR_002674976.1	747	511.974	0	0
XR_002674977.1	856	620.102	0	0
XR_002674978.1	4518	4281.15	0	0
XR_002674979.1	8000	7763.15	0	0
XR_002674980.1	1300	1063.15	0	0
XR_002674981.1	894	657.786	0	0
XR_002674982.1	1084	847.148	0	0
XR_002674983.1	983	746.224	0	0
XR_002674984.1	1448	1211.15	0	0
XR_002674985.1	1653	1416.15	0	0
XR_002674986.1	618	385.73	0	0
XR_002674987.1	1172	935.148	0	0
XR_002674988.1	1773	1536.15	0	0
XR_002674989.1	247	88.8167	0	0
XR_002674990.1	1235	998.148	0	0
XR_002674991.1	650	416.804	0	0
XR_002674992.1	630	397.376	0	0
XR_002674993.1	682	447.977	0	0
XR_002674994.1	656	422.719	0	0
XR_002674995.1	1317	1080.15	0	0
XR_002674996.1	682	447.977	0	0
XR_002674997.1	512	287.334	0	0
XR_002674998.1	695	460.658	0	0
XR_002674999.1	1873	1636.15	0	0
XR_002675000.1	1903	1666.15	0	0
XR_002675001.1	1006	769.148	0	0
XR_002675002.1	715	480.425	0	0
XR_002675003.1	786	550.388	0	0
XR_002675004.1	1062	825.148	0	0
XR_002675005.1	3406	3169.15	0	0
XR_002675006.1	3145	2908.15	0	0
XR_002675007.1	1694	1457.15	0	0
XR_002675008.1	1182	945.148	0	0
XR_002675009.1	1477	1240.15	0	0
XR_002675010.1	1172	935.148	0	0
XR_002675011.1	1381	1144.15	0	0
XR_002675012.1	5288	5051.15	0	0
XR_002675013.1	879	642.851	0	0
XR_002675014.1	1342	1105.15	0	0
XR_002675015.1	3156	2919.15	0	0
XR_002675016.1	454	237.779	0	0
XR_002675017.1	664	430.548	0	0
XR_002675018.1	612	379.885	0	0
XR_002675019.1	514	289.067	0	0
XR_002675020.1	393	189.447	0	0
XR_002675021.1	2892	2655.15	0	0
XR_002675022.1	1275	1038.15	0	0
XR_002675023.1	1486	1249.15	0	0
XR_002675024.1	2757	2520.15	0	0
XR_002675025.1	5515	5278.15	0	0
XR_002675026.1	748	512.922	0	0
XR_002675027.1	1538	1301.15	0	0
XR_002675028.1	307	125.501	0	0
XR_002675029.1	8081	7844.15	0	0
XR_002675030.1	597	365.527	0	0
XR_002675031.1	2473	2236.15	0	0
XR_002675032.1	2960	2723.15	0	0
XR_002675033.1	4961	4724.15	0	0
XR_002675034.1	2529	2292.15	0	0
XR_002675035.1	472	252.561	0	0
XR_002675036.1	3720	3483.15	0	0
XR_002675037.1	1233	996.148	0	0
XR_002675038.1	3760	3523.15	0	0
XR_002675039.1	3724	3487.15	0	0
XR_002675040.1	1045	808.148	0	0
XR_002675041.1	7257	7020.15	0	0
XR_002675042.1	726	491.327	0	0
XR_002675043.1	1690	1453.15	0	0
XR_002675044.1	8441	8204.15	0	0
XR_002675045.1	7672	7435.15	1	0.0245616
XR_002675046.1	431	219.279	0	0
XR_002675047.1	885	648.786	0	0
XR_002675048.1	1221	984.148	0	0
XR_002675049.1	5741	5504.15	0	0
XR_002675050.1	974	737.297	0	0
XR_002675051.1	1305	1068.15	0	0
XR_002675052.1	318	133.428	0	0
XR_002675053.1	1246	1009.15	0	0
XR_002675054.1	469	249.984	0	0
XR_002675055.1	457	240.27	0	0
XR_002675056.1	267	101.144	0	0
XR_002675057.1	1560	1323.15	0	0
XR_002675058.1	988	751.224	0	0
XR_002675059.1	4466	4229.15	0	0
XR_002675060.1	7207	6970.15	0	0
XR_002675061.1	3189	2952.15	0	0
XR_002675062.1	1009	772.148	0	0
XR_002675063.1	13492	13255.1	0	0
XR_002675064.1	13290	13053.1	0	0
XR_002675065.1	13453	13216.1	0	0
XR_002675066.1	13145	12908.1	0	0
XR_002675067.1	8825	8588.15	0	0
XR_002675068.1	13214	12977.1	0	0
XR_002675069.1	3449	3212.15	0	0
XR_002675070.1	1255	1018.15	0	0
XR_002675071.1	6333	6096.15	0	0
XR_002675072.1	6236	5999.15	0	0
XR_002675073.1	409	201.868	0	0
XR_002675074.1	283	110.966	0	0
XR_002675075.1	2407	2170.15	0	0
XR_002675076.1	625	392.496	0	0
XR_002675077.1	1096	859.148	0	0
XR_002675078.1	3505	3268.15	0	0
XR_002675079.1	3293	3056.15	0	0
XR_002675080.1	2642	2405.15	0	0
XR_002675081.1	716	481.425	0	0
XR_002675082.1	641	408.052	0	0
XR_002675083.1	496	273.566	0	0
XR_002675084.1	2159	1922.15	0	0
XR_002675085.1	1079	842.148	0	0
XR_002675086.1	1248	1011.15	0	0
XR_002675087.1	463	245.239	0	0
XR_002675088.1	1204	967.148	0	0
XR_002675089.1	1013	776.148	0	0
XR_002675090.1	939	702.582	0	0
XR_002675091.1	2954	2717.15	0	0
XR_002675092.1	845	609.102	0	0
XR_002675093.1	7713	7476.15	0	0
XR_002675094.1	3749	3512.15	0	0
XR_002675095.1	930	693.652	0	0
XR_002675096.1	5544	5307.15	0	0
XR_002675097.1	2858	2621.15	0	0
XR_002675098.1	2643	2406.15	0	0
XR_002675099.1	592	360.748	0	0
XR_002675100.1	526	299.977	0	0
XR_002675101.1	391	187.937	0	0
XR_002675102.1	699	464.566	0	0
XR_002675103.1	4543	4306.15	0	0
XR_002675104.1	3001	2764.15	0	0
XR_002675105.1	2972	2735.15	0	0
XR_002675106.1	2808	2571.15	0	0
XR_002675107.1	2863	2626.15	0	0
XR_002675108.1	2791	2554.15	0	0
XR_002675109.1	717	482.425	0	0
XR_002675110.1	1366	1129.15	0	0
XR_002675111.1	3142	2905.15	0	0
XR_002675112.1	1571	1334.15	0	0
XR_002675113.1	1270	1033.15	0	0
XR_002675114.1	1269	1032.15	0	0
XR_002675115.1	960	723.297	0	0
XR_002675116.1	702	467.519	0	0
XR_002675117.1	1728	1491.15	0	0
XR_002675118.1	6508	6271.15	0	0
XR_002675119.1	5442	5205.15	0	0
XR_002675120.1	1587	1350.15	0	0
XR_002675121.1	2816	2579.15	0	0
XR_002675122.1	1362	1125.15	0	0
XR_002675123.1	1562	1325.15	0	0
XR_002675124.1	518	292.707	0	0
XR_002675125.1	575	345.104	0	0
XR_002675126.1	2934	2697.15	0	0
XR_002675127.1	3338	3101.15	0	0
XR_002675128.1	1522	1285.15	0	0
XR_002675129.1	4047	3810.15	0	0
XR_002675130.1	3930	3693.15	0	0
XR_002675131.1	3778	3541.15	0	0
XR_002675132.1	2329	2092.15	0	0
XR_002675133.1	387	184.806	0	0
XR_002675134.1	4504	4267.15	0	0
XR_002675135.1	1876	1639.15	0	0
XR_002675136.1	1775	1538.15	0	0
XR_002675137.1	417	208.169	0	0
XR_002675138.1	1449	1212.15	0	0
XR_002675139.1	1436	1199.15	0	0
XR_002675140.1	1632	1395.15	0	0
XR_002675141.1	1213	976.148	0	0
XR_002675142.1	1403	1166.15	0	0
XR_002675143.1	466	247.639	0	0
XR_002675144.1	397	192.392	0	0
XR_002675145.1	453	236.93	0	0
XR_002675146.1	3088	2851.15	0	0
XR_002675147.1	3073	2836.15	0	0
XR_002675148.1	4443	4206.15	0	0
XR_002675149.1	3307	3070.15	0	0
XR_002675150.1	3025	2788.15	0	0
XR_002675151.1	1024	787.148	0	0
XR_002675152.1	1048	811.148	0	0
XR_002675153.1	1157	920.148	0	0
XR_002675154.1	1169	932.148	0	0
XR_002675155.1	1145	908.148	0	0
XR_002675156.1	944	707.441	0	0
XR_002675157.1	646	412.887	0	0
XR_002675158.1	1279	1042.15	0	0
XR_002675159.1	5563	5326.15	0	0
XR_002675160.1	3411	3174.15	0	0
XR_002675161.1	3387	3150.15	0	0
XR_002675162.1	1260	1023.15	0	0
XR_002675163.1	1637	1400.15	0	0
XR_002675164.1	1220	983.148	0	0
XR_002675165.1	1216	979.148	0	0
XR_002675166.1	1138	901.148	0	0
XR_002675167.1	3787	3550.15	0	0
XR_002675168.1	1537	1300.15	0	0
XR_002675169.1	3336	3099.15	0	0
XR_002675170.1	1648	1411.15	0	0
XR_002675171.1	1943	1706.15	0	0
XR_002675172.1	1070	833.148	0	0
XR_002675173.1	1054	817.148	0	0
XR_002675174.1	1033	796.148	0	0
XR_002675175.1	950	713.441	0	0
XR_002675176.1	1152	915.148	0	0
XR_002675177.1	2055	1818.15	0	0
XR_002675178.1	2210	1973.15	0	0
XR_002675179.1	559	329.722	0	0
XR_002675180.1	4051	3814.15	0	0
XR_002675181.1	3827	3590.15	0	0
XR_002675182.1	3702	3465.15	0	0
XR_002675183.1	3699	3462.15	0	0
XR_002675184.1	3275	3038.15	0	0
XR_002675185.1	685	450.886	0	0
XR_002675186.1	8057	7820.15	0	0
XR_002675187.1	7902	7665.15	0	0
XR_002675188.1	8012	7775.15	0	0
XR_002675189.1	2105	1868.15	0	0
XR_002675190.1	436	223.39	0	0
XR_002675191.1	1150	913.148	0	0
XR_002675192.1	1642	1405.15	0	0
XR_002675193.1	1608	1371.15	0	0
XR_002675194.1	1561	1324.15	0	0
XR_002675195.1	1605	1368.15	0	0
XR_002675196.1	1501	1264.15	0	0
XR_002675197.1	634	401.216	0	0
XR_002675198.1	4226	3989.15	0	0
XR_002675199.1	987	750.224	0	0
XR_002675200.1	1472	1235.15	0	0
XR_002675201.1	475	255.24	0	0
XR_002675202.1	462	244.394	0	0
XR_002675203.1	1141	904.148	0	0
XR_002675204.1	2585	2348.15	0	0
XR_002675205.1	2181	1944.15	0	0
XR_002675206.1	1280	1043.15	0	0
XR_002675207.1	1313	1076.15	0	0
XR_002675208.1	996	759.148	0	0
XR_002675209.1	2248	2011.15	0	0
XR_002675210.1	331	142.589	0	0
XR_002675211.1	2917	2680.15	0	0
XR_002675212.1	1343	1106.15	0	0
XR_002675213.1	703	468.472	0	0
XR_002675214.1	1874	1637.15	0	0
XR_002675215.1	2010	1773.15	0	0
XR_002675216.1	1637	1400.15	0	0
XR_002675217.1	1495	1258.15	0	0
XR_002675218.1	1926	1689.15	0	0
XR_002675219.1	1750	1513.15	0	0
XR_002675220.1	1470	1233.15	0	0
XR_002675221.1	1251	1014.15	0	0
XR_002675222.1	1181	944.148	0	0
XR_002675223.1	1201	964.148	0	0
XR_002675224.1	1141	904.148	0	0
XR_002675225.1	1085	848.148	0	0
XR_002675226.1	1301	1064.15	0	0
XR_002675227.1	963	726.297	0	0
XR_002675228.1	2135	1898.15	0	0
XR_002675229.1	2073	1836.15	0	0
XR_002675230.1	1953	1716.15	0	0
XR_002675231.1	3795	3558.15	0	0
XR_002675232.1	2317	2080.15	0	0
XR_002675233.1	3552	3315.15	0	0
XR_002675234.1	936	699.582	0	0
XR_002675235.1	4740	4503.15	0	0
XR_002675236.1	7246	7009.15	0	0
XR_002675237.1	1530	1293.15	0	0
XR_002675238.1	1703	1466.15	0	0
XR_002675239.1	480	259.538	0	0
XR_002675240.1	2452	2215.15	0	0
XR_002675241.1	2131	1894.15	0	0
XR_002675242.1	4167	3930.15	0	0
XR_002675243.1	3841	3604.15	0	0
XR_002675244.1	1196	959.148	0	0
XR_002675245.1	531	304.451	0	0
XR_002675246.1	2327	2090.15	0	0
XR_002675247.1	2235	1998.15	0	0
XR_002675248.1	418	208.963	0	0
XR_002675249.1	4280	4043.15	0	0
XR_002675250.1	3985	3748.15	0	0
XR_002675251.1	3852	3615.15	0	0
XR_002675252.1	2066	1829.15	0	0
XR_002675253.1	1684	1447.15	0	0
XR_002675254.1	1604	1367.15	0	0
XR_002675255.1	1551	1314.15	0	0
XR_002675256.1	1649	1412.15	0	0
XR_002675257.1	899	662.72	0	0
XR_002675258.1	2629	2392.15	0	0
XR_002675259.1	2501	2264.15	0	0
XR_002675260.1	2906	2669.15	0	0
XR_002675261.1	2703	2466.15	0	0
XR_002675262.1	2187	1950.15	0	0
XR_002675263.1	2019	1782.15	0	0
XR_002675264.1	1827	1590.15	0	0
XR_002675265.1	2554	2317.15	0	0
XR_002675266.1	1203	966.148	0	0
XR_002675267.1	1137	900.148	0	0
XR_002675268.1	700	465.519	0	0
XR_002675269.1	1644	1407.15	0	0
XR_002675270.1	1588	1351.15	0	0
XR_002675271.1	6741	6504.15	0	0
XR_002675272.1	6729	6492.15	0	0
XR_002675273.1	2442	2205.15	0	0
XR_002675274.1	1800	1563.15	0	0
XR_002675275.1	3328	3091.15	1	0.0590781
XR_002675276.1	965	728.297	0	0
XR_002675277.1	8838	8601.15	0	0
XR_002675278.1	8811	8574.15	0	0
XR_002675279.1	5099	4862.15	0	0
XR_002675280.1	8353	8116.15	0	0
XR_002675281.1	5858	5621.15	0	0
XR_002675282.1	8671	8434.15	0	0
XR_002675283.1	2382	2145.15	0	0
XR_002675284.1	1886	1649.15	0	0
XR_002675285.1	972	735.297	0	0
XR_002675286.1	3389	3152.15	0	0
XR_002675287.1	12053	11816.1	0	0
XR_002675288.1	4176	3939.15	0	0
XR_002675289.1	3662	3425.15	0	0
XR_002675290.1	3743	3506.15	0	0
XR_002675291.1	3311	3074.15	0	0
XR_002675292.1	3809	3572.15	0	0
XR_002675293.1	2829	2592.15	0	0
XR_002675294.1	878	641.851	0	0
XR_002675295.1	9434	9197.15	0	0
XR_002675296.1	4043	3806.15	0	0
XR_002675297.1	3687	3450.15	0	0
XR_002675298.1	2060	1823.15	0	0
XR_002675299.1	967	730.297	0	0
XR_002675300.1	975	738.297	0	0
XR_002675301.1	1370	1133.15	0	0
XR_002675302.1	4749	4512.15	0	0
XR_002675303.1	8951	8714.15	0	0
XR_002675304.1	1452	1215.15	0	0
XR_002675305.1	1019	782.148	0	0
XR_002675306.1	1037	800.148	0	0
XR_002675307.1	9110	8873.15	0	0
XR_002675308.1	9890	9653.15	0	0
XR_002675309.1	1428	1191.15	0	0
XR_002675310.1	4198	3961.15	0	0
XR_002675311.1	530	303.544	0	0
XR_002675312.1	3655	3418.15	0	0
XR_002675313.1	3707	3470.15	0	0
XR_002675314.1	3637	3400.15	0	0
XR_002675315.1	3978	3741.15	0	0
XR_002675316.1	9442	9205.15	0	0
XR_002675317.1	1491	1254.15	0	0
XR_002675318.1	651	417.762	0	0
XR_002675319.1	760	524.818	0	0
XR_002675320.1	608	376.189	0	0
XR_002675321.1	2280	2043.15	0	0
XR_002675322.1	2097	1860.15	0	0
XR_002675323.1	2181	1944.15	0	0
XR_002675324.1	2277	2040.15	0	0
XR_002675325.1	5014	4777.15	0	0
XR_002675326.1	5645	5408.15	0	0
XR_002675327.1	4813	4576.15	0	0
XR_002675328.1	4696	4459.15	0	0
XR_002675329.1	2312	2075.15	0	0
XR_002675330.1	5689	5452.15	0	0
XR_002675331.1	1453	1216.15	0	0
XR_002675332.1	4624	4387.15	0	0
XR_002675333.1	776	540.607	0	0
XR_002675334.1	1022	785.148	0	0
XR_002675335.1	3269	3032.15	0	0
XR_002675336.1	1179	942.148	25.8439	5.00939
XR_002675337.1	1025	788.148	1.03559	0.239953
XR_002675338.1	1052	815.148	6.54103	1.4654
XR_002675339.1	368	170.323	0	0
XR_002675340.1	1264	1027.15	0	0
XR_002675341.1	6446	6209.15	0	0
XR_002675342.1	6090	5853.15	0	0
XR_002675343.1	6140	5903.15	0	0
XR_002675344.1	4648	4411.15	0	0
XR_002675345.1	366	168.799	0	0
XR_002675346.1	880	643.851	0	0
XR_002675347.1	1366	1129.15	0	0
XR_002675348.1	1332	1095.15	0	0
XR_002675349.1	3063	2826.15	0	0
XR_002675350.1	4319	4082.15	0	0
XR_002675351.1	1210	973.148	0	0
XR_002675352.1	2021	1784.15	0	0
XR_002675353.1	3829	3592.15	0	0
XR_002675354.1	3216	2979.15	0	0
XR_002675355.1	2751	2514.15	0	0
XR_002675356.1	4958	4721.15	0	0
XR_002675357.1	7580	7343.15	0	0
XR_002675358.1	2901	2664.15	0	0
XR_002675359.1	917	680.72	0	0
XR_002675360.1	1488	1251.15	0	0
XR_002675361.1	4633	4396.15	0	0
XR_002675362.1	3325	3088.15	0	0
XR_002675363.1	472	252.561	0	0
XR_002675364.1	1542	1305.15	0	0
XR_002675365.1	2427	2190.15	0	0
XR_002675366.1	909	672.72	0	0
XR_002675367.1	2257	2020.15	0	0
XR_002675368.1	783	547.388	0	0
XR_002675369.1	1556	1319.15	0	0
XR_002675370.1	1530	1293.15	0	0
XR_002675371.1	1560	1323.15	0	0
XR_002675372.1	1792	1555.15	0	0
XR_002675373.1	3464	3227.15	0	0
XR_002675374.1	411	203.419	0	0
XR_002675375.1	1122	885.148	0	0
XR_002675376.1	1361	1124.15	0	0
XR_002675377.1	155	35.6359	0	0
XR_002675378.1	3015	2778.15	0	0
XR_002675379.1	574	344.104	0	0
XR_002675380.1	6508	6271.15	0	0
XR_002675381.1	772	536.607	0	0
XR_002675382.1	1059	822.148	0	0
XR_002675383.1	5013	4776.15	0	0
XR_002675384.1	1343	1106.15	0	0
XR_002675385.1	514	289.067	0	0
XR_002675386.1	585	354.218	0	0
XR_002675387.1	3659	3422.15	0	0
XR_002675388.1	3596	3359.15	0	0
XR_002675389.1	3560	3323.15	0	0
XR_002675390.1	3548	3311.15	0	0
XR_002675391.1	1153	916.148	0	0
XR_002675392.1	1093	856.148	0	0
XR_002675393.1	1188	951.148	0	0
XR_002675394.1	1418	1181.15	0	0
XR_002675395.1	1373	1136.15	0	0
XR_002675396.1	1728	1491.15	0	0
XR_002675397.1	941	704.582	0	0
XR_002675398.1	1334	1097.15	0	0
XR_002675399.1	1080	843.148	0	0
XR_002675400.1	1339	1102.15	0	0
XR_002675401.1	5272	5035.15	0	0
XR_002675402.1	4488	4251.15	0	0
XR_002675403.1	811	575.22	0	0
XR_002675404.1	1483	1246.15	0	0
XR_002675405.1	2805	2568.15	0	0
XR_002675406.1	5418	5181.15	0	0
XR_002675407.1	5189	4952.15	0	0
XR_002675408.1	4899	4662.15	3.97008	0.15551
XR_002675409.1	4657	4420.15	0	0
XR_002675410.1	7339	7102.15	0	0
XR_002675411.1	6051	5814.15	0	0
XR_002675412.1	2750	2513.15	0	0
XR_002675413.1	642	409.052	0	0
XR_002675414.1	813	577.22	0	0
XR_002675415.1	793	557.333	0	0
XR_002675416.1	756	520.871	0	0
XR_002675417.1	7052	6815.15	0	0
XR_002675418.1	3203	2966.15	0	0
XR_002675419.1	1645	1408.15	0	0
XR_002675420.1	690	455.704	0	0
XR_002675421.1	738	503.227	0	0
XR_002675422.1	742	507.076	0	0
XR_002675423.1	1068	831.148	0	0
XR_002675424.1	575	345.104	0	0
XR_002675425.1	2092	1855.15	0	0
XR_002675426.1	603	371.341	0	0
XR_002675427.1	1079	842.148	0	0
XR_002675428.1	4919	4682.15	0	0
XR_002675429.1	5262	5025.15	0	0
XR_002675430.1	2503	2266.15	0	0
XR_002675431.1	3039	2802.15	0	0
XR_002675432.1	863	626.978	0	0
XR_002675433.1	649	415.804	0	0
XR_002675434.1	2869	2632.15	0	0
XR_002675435.1	1584	1347.15	0	0
XR_002675436.1	564	334.587	0	0
XR_002675437.1	610	377.961	0	0
XR_002675438.1	961	724.297	0	0
XR_002675439.1	1030	793.148	0	0
XR_002675440.1	964	727.297	0	0
XR_002675441.1	997	760.148	0	0
XR_002675442.1	1178	941.148	0	0
XR_002675443.1	899	662.72	0	0
XR_002675444.1	13666	13429.1	0	0
XR_002675445.1	7974	7737.15	0	0
XR_002675446.1	8163	7926.15	0	0
XR_002675447.1	4154	3917.15	0	0
XR_002675448.1	6697	6460.15	0	0
XR_002675449.1	4158	3921.15	0	0
XR_002675450.1	1281	1044.15	0	0
XR_002675451.1	681	446.977	0	0
XR_002675452.1	1306	1069.15	0	0
XR_002675453.1	476	256.052	0	0
XR_002675454.1	4009	3772.15	0	0
XR_002675455.1	483	262.155	0	0
XR_002675456.1	681	446.977	0	0
XR_002675457.1	2075	1838.15	0	0
XR_002675458.1	3584	3347.15	0	0
XR_002675459.1	3662	3425.15	0	0
XR_002675460.1	3034	2797.15	0	0
XR_002675461.1	700	465.519	0	0
XR_002675462.1	433	220.92	0	0
XR_002675463.1	1758	1521.15	0	0
XR_002675464.1	696	461.658	0	0
XR_002675465.1	1089	852.148	0	0
XR_002675466.1	495	272.68	0	0
XR_002675467.1	751	515.871	0	0
XR_002675468.1	4917	4680.15	0	0
XR_002675469.1	864	627.915	0	0
XR_002675470.1	1103	866.148	0	0
XR_002675471.1	1050	813.148	0	0
XR_002675472.1	688	453.75	0	0
XR_002675473.1	649	415.804	0	0
XR_002675474.1	387	184.806	0	0
XR_002675475.1	812	576.22	0	0
XR_002675476.1	891	654.786	0	0
XR_002675477.1	2389	2152.15	0	0
XR_002675478.1	2363	2126.15	0	0
XR_002675479.1	2455	2218.15	0	0
XR_002675480.1	2409	2172.15	0	0
XR_002675481.1	2510	2273.15	0	0
XR_002675482.1	2392	2155.15	0	0
XR_002675483.1	2345	2108.15	0	0
XR_002675484.1	1862	1625.15	0	0
XR_002675485.1	2453	2216.15	0	0
XR_002675486.1	2295	2058.15	0	0
XR_002675487.1	2501	2264.15	0	0
XR_002675488.1	2246	2009.15	0	0
XR_002675489.1	2061	1824.15	0	0
XR_002675490.1	280	109.059	0	0
XR_002675491.1	547	318.61	0	0
XR_002675492.1	535	307.95	0	0
XR_002675493.1	3067	2830.15	0	0
XR_002675494.1	682	447.977	0	0
XR_002675495.1	7006	6769.15	0	0
XR_002675496.1	3163	2926.15	0	0
XR_002675497.1	2022	1785.15	0	0
XR_002675498.1	995	758.224	0	0
XR_002675499.1	3917	3680.15	0	0
XR_002675500.1	613	380.885	0	0
XR_002675501.1	5358	5121.15	0	0
XR_002675502.1	8155	7918.15	0	0
XR_002675503.1	358	162.785	0	0
XR_002675504.1	835	599.102	0	0
XR_002675505.1	4415	4178.15	0	0
XR_002675506.1	410	202.666	0	0
XR_002675507.1	1534	1297.15	0	0
XR_002675508.1	3755	3518.15	0	0
XR_002675509.1	2028	1791.15	0	0
XR_002675510.1	14837	14600.1	0	0
XR_002675511.1	14692	14455.1	0	0
XR_002675512.1	14225	13988.1	0	0
XR_002675513.1	13909	13672.1	0	0
XR_002675514.1	13730	13493.1	0	0
XR_002675515.1	14648	14411.1	0	0
XR_002675516.1	14615	14378.1	0	0
XR_002675517.1	6559	6322.15	0	0
XR_002675518.1	6554	6317.15	0	0
XR_002675519.1	14543	14306.1	0	0
XR_002675520.1	5877	5640.15	0	0
XR_002675521.1	14066	13829.1	0	0
XR_002675522.1	839	603.102	0	0
XR_002675523.1	3602	3365.15	0	0
XR_002675524.1	720	485.425	0	0
XR_002675525.1	290	115.117	0	0
XR_002675526.1	322	136.164	0	0
XR_002675527.1	860	623.978	0	0
XR_002675528.1	1058	821.148	0	0
XR_002675529.1	3708	3471.15	0	0
XR_002675530.1	631	398.336	0	0
XR_002675531.1	7781	7544.15	0	0
XR_002675532.1	8034	7797.15	0	0
XR_002675533.1	1848	1611.15	0	0
XR_002675534.1	1862	1625.15	0	0
XR_002675535.1	1791	1554.15	0	0
XR_002675536.1	1721	1484.15	0	0
XR_002675537.1	1761	1524.15	0	0
XR_002675538.1	919	682.652	0	0
XR_002675539.1	902	665.72	0	0
XR_002675540.1	1167	930.148	0	0
XR_002675541.1	2438	2201.15	0	0
XR_002675542.1	1021	784.148	0	0
XR_002675543.1	835	599.102	0	0
XR_002675544.1	606	374.341	0	0
XR_002675545.1	3654	3417.15	0	0
XR_002675546.1	874	637.915	0	0
XR_002675547.1	5472	5235.15	0	0
XR_002675548.1	5001	4764.15	1.00007	0.0383346
XR_002675549.1	4390	4153.15	0	0
XR_002675550.1	841	605.102	0	0
XR_002675551.1	856	620.102	0	0
XR_002675552.1	4349	4112.15	0	0
XR_002675553.1	370	171.805	0	0
XR_002675554.1	3084	2847.15	0	0
XR_002675555.1	7573	7336.15	0	0
XR_002675556.1	7234	6997.15	0	0
XR_002675557.1	5617	5380.15	0	0
XR_002675558.1	6500	6263.15	0	0
XR_002675559.1	5739	5502.15	0	0
XR_002675560.1	1522	1285.15	0	0
XR_002675561.1	697	462.612	0	0
XR_002675562.1	1155	918.148	0	0
XR_002675563.1	600	368.453	0	0
XR_002675564.1	637	404.175	0	0
XR_002675565.1	1064	827.148	0	0
XR_002675566.1	4891	4654.15	0	0
XR_002675567.1	1233	996.148	0	0
XR_002675568.1	1319	1082.15	0	0
XR_002675569.1	1210	973.148	0	0
XR_002675570.1	1286	1049.15	0	0
XR_002675571.1	634	401.216	0	0
XR_002675572.1	4713	4476.15	0	0
XR_002675573.1	367	169.601	0	0
XR_002675574.1	4617	4380.15	0	0
XR_002675575.1	297	119.014	0	0
XR_002675576.1	1212	975.148	0	0
XR_002675577.1	5272	5035.15	0	0
XR_002675578.1	1229	992.148	0	0
XR_002675579.1	2860	2623.15	0	0
XR_002675580.1	2562	2325.15	0	0
XR_002675581.1	2879	2642.15	0	0
XR_002675582.1	3623	3386.15	0	0
XR_002675583.1	542	314.093	0	0
XR_002675584.1	1194	957.148	0	0
XR_002675585.1	1449	1212.15	0	0
XR_002675586.1	1190	953.148	0	0
XR_002675587.1	618	385.73	0	0
XR_002675588.1	347	154.648	0	0
XR_002675589.1	2086	1849.15	0	0
KE646833.1	2264	2027.15	0	0
KE646834.1	11109	10872.1	0	0
KE646835.1	1244	1007.15	0	0
KE646836.1	15978	15741.1	0	0
KE646837.1	17040	16803.1	0	0
KE646838.1	8971	8734.15	0	0
KE646839.1	13863	13626.1	0	0
KE646840.1	1560	1323.15	0	0
KE646841.1	1181	944.148	0	0
KE646842.1	2825	2588.15	0	0
KE646843.1	3719	3482.15	0	0
KE646844.1	3561	3324.15	0	0
KE646845.1	2713	2476.15	0	0
KE646846.1	6710	6473.15	0	0
KE646847.1	1509	1272.15	0	0
KE646848.1	1026	789.148	0	0
KE646849.1	5098	4861.15	0	0
KE646850.1	8109	7872.15	0	0
KE646851.1	3618	3381.15	0	0
KE646852.1	12187	11950.1	0	0
KE646853.1	19676	19439.1	0	0
KE646854.1	4653	4416.15	0	0
KE646855.1	20206	19969.1	0	0
KE646856.1	1019	782.148	0	0
KE646857.1	16547	16310.1	0	0
KE646858.1	4272	4035.15	0	0
KE646859.1	3100	2863.15	0	0
KE646860.1	2532	2295.15	0	0
KE646861.1	9774	9537.15	0	0
KE646862.1	616	383.769	0	0
KE646863.1	1939	1702.15	0	0
KE646864.1	676	442.199	0	0
KE646865.1	1142	905.148	0	0
KE646866.1	10012	9775.15	0	0
KE646867.1	2863	2626.15	0	0
KE646868.1	1079	842.148	0	0
KE646869.1	13226	12989.1	0	0
KE646870.1	29355	29118.1	0	0
KE646871.1	4347	4110.15	0	0
KE646872.1	6941	6704.15	0	0
KE646873.1	4425	4188.15	0	0
KE646874.1	3524	3287.15	0	0
KE646875.1	4243	4006.15	0	0
KE646876.1	1716	1479.15	0	0
KE646877.1	1007	770.148	0	0
KE646878.1	14800	14563.1	0	0
KE646879.1	16144	15907.1	0	0
KE646880.1	12174	11937.1	0	0
KE646881.1	5263	5026.15	0	0
KE646882.1	619	386.614	0	0
KE646883.1	9992	9755.15	0	0
KE646884.1	1037	800.148	0	0
KE646885.1	1462	1225.15	0	0
KE646886.1	2534	2297.15	0	0
KE646887.1	7984	7747.15	0	0
KE646888.1	2567	2330.15	0	0
KE646889.1	1023	786.148	0	0
KE646890.1	3916	3679.15	0	0
KE646891.1	2318	2081.15	0	0
KE646892.1	3315	3078.15	0	0
KE646893.1	1264	1027.15	0	0
KE646894.1	8427	8190.15	0	0
KE646895.1	493	270.764	0	0
KE646896.1	3214	2977.15	0	0
KE646897.1	10822	10585.1	0	0
KE646898.1	1316	1079.15	0	0
KE646899.1	1021	784.148	0	0
KE646900.1	6279	6042.15	0	0
KE646901.1	21056	20819.1	0	0
KE646902.1	1065	828.148	0	0
KE646903.1	1022	785.148	0	0
KE646904.1	1076	839.148	0	0
KE646905.1	10086	9849.15	0	0
KE646906.1	1867	1630.15	0	0
KE646907.1	1049	812.148	0	0
KE646908.1	1419	1182.15	0	0
KE646909.1	2016	1779.15	0	0
KE646910.1	1031	794.148	0	0
KE646911.1	1770	1533.15	0	0
KE646912.1	5167	4930.15	0	0
KE646913.1	1317	1080.15	0	0
KE646914.1	16523	16286.1	0	0
KE646915.1	3253	3016.15	0	0
KE646916.1	11577	11340.1	0	0
KE646917.1	6440	6203.15	0	0
KE646918.1	1238	1001.15	0	0
KE646919.1	27586	27349.1	0	0
KE646920.1	3146	2909.15	0	0
KE646921.1	3630	3393.15	0	0
KE646922.1	1039	802.148	0	0
KE646923.1	1228	991.148	0	0
KE646924.1	1563	1326.15	0	0
KE646925.1	1259	1022.15	0	0
KE646926.1	1022	785.148	0	0
KE646927.1	1145	908.148	0	0
KE646928.1	11143	10906.1	0	0
KE646929.1	11439	11202.1	0	0
KE646930.1	21638	21401.1	0	0
KE646931.1	3120	2883.15	0	0
KE646932.1	23078	22841.1	0	0
KE646933.1	539	311.285	0	0
KE646934.1	530	303.544	0	0
KE646935.1	5403	5166.15	0	0
KE646936.1	11600	11363.1	0	0
KE646937.1	6627	6390.15	0	0
KE646938.1	335	145.379	0	0
KE646939.1	1141	904.148	0	0
KE646940.1	4008	3771.15	0	0
KE646941.1	1158	921.148	0	0
KE646942.1	626	393.456	0	0
KE646943.1	15818	15581.1	0	0
KE646944.1	7337	7100.15	0	0
KE646945.1	28987	28750.1	0	0
KE646946.1	6505	6268.15	0	0
KE646947.1	27775	27538.1	0	0
KE646948.1	5153	4916.15	0	0
KE646949.1	9672	9435.15	0	0
KE646950.1	6574	6337.15	0	0
KE646951.1	5293	5056.15	0	0
KE646952.1	15156	14919.1	0	0
KE646953.1	16934	16697.1	0	0
KE646954.1	1006	769.148	0	0
KE646955.1	565	335.553	0	0
KE646956.1	4044	3807.15	0	0
KE646957.1	12223	11986.1	0	0
KE646958.1	6515	6278.15	0	0
KE646959.1	3578	3341.15	0	0
KE646960.1	3498	3261.15	0	0
KE646961.1	19165	18928.1	0	0
KE646962.1	9205	8968.15	0	0
KE646963.1	7488	7251.15	0	0
KE646964.1	23583	23346.1	0	0
KE646965.1	25791	25554.1	0	0
KE646966.1	16576	16339.1	0	0
KE646967.1	15722	15485.1	0	0
KE646968.1	339	148.373	0	0
KE646969.1	9018	8781.15	0	0
KE646970.1	1012	775.148	0	0
KE646971.1	3715	3478.15	0	0
KE646972.1	3593	3356.15	0	0
KE646973.1	3203	2966.15	0	0
KE646974.1	1125	888.148	0	0
KE646975.1	3977	3740.15	0	0
KE646976.1	8313	8076.15	0	0
KE646977.1	4352	4115.15	0	0
KE646978.1	1006	769.148	0	0
KE646979.1	4358	4121.15	0	0
KE646980.1	1161	924.148	0	0
KE646981.1	7161	6924.15	0	0
KE646982.1	4967	4730.15	0	0
KE646983.1	4849	4612.15	0	0
KE646984.1	7167	6930.15	0	0
KE646985.1	3284	3047.15	0	0
KE646986.1	4366	4129.15	0	0
KE646987.1	1418	1181.15	0	0
KE646988.1	1139	902.148	0	0
KE646989.1	1057	820.148	0	0
KE646990.1	4612	4375.15	0	0
KE646991.1	1735	1498.15	0	0
KE646992.1	1563	1326.15	0	0
KE646993.1	2868	2631.15	0	0
KE646994.1	3177	2940.15	0	0
KE646995.1	9067	8830.15	0	0
KE646996.1	11836	11599.1	0	0
KE646997.1	16468	16231.1	0	0
KE646998.1	1019	782.148	0	0
KE646999.1	4046	3809.15	0	0
KE647000.1	7507	7270.15	0	0
KE647001.1	3375	3138.15	0	0
KE647002.1	1018	781.148	0	0
KE647003.1	3814	3577.15	0	0
KE647004.1	5517	5280.15	0	0
KE647005.1	34875	34638.1	0	0
KE647006.1	13651	13414.1	0	0
KE647007.1	12794	12557.1	0	0
KE647008.1	3080	2843.15	0	0
KE647009.1	1039	802.148	0	0
KE647010.1	1004	767.148	0	0
KE647011.1	1141	904.148	0	0
KE647012.1	2824	2587.15	0	0
KE647013.1	28245	28008.1	0	0
KE647014.1	1391	1154.15	0	0
KE647015.1	1195	958.148	0	0
KE647016.1	2353	2116.15	0	0
KE647017.1	1342	1105.15	0	0
KE647018.1	3674	3437.15	0	0
KE647019.1	1059	822.148	0	0
KE647020.1	942	705.582	0	0
KE647021.1	1818	1581.15	0	0
KE647022.1	9809	9572.15	0	0
KE647023.1	1072	835.148	0	0
KE647024.1	4385	4148.15	0	0
KE647025.1	6963	6726.15	0	0
KE647026.1	1449	1212.15	0	0
KE647027.1	3868	3631.15	0	0
KE647028.1	1000	763.148	0	0
KE647029.1	5987	5750.15	0	0
KE647030.1	1106	869.148	0	0
KE647031.1	2437	2200.15	0	0
KE647032.1	1056	819.148	0	0
KE647033.1	19011	18774.1	0	0
KE647034.1	16444	16207.1	0	0
KE647035.1	1779	1542.15	0	0
KE647036.1	1130	893.148	0	0
KE647037.1	13089	12852.1	0	0
KE647038.1	1631	1394.15	0	0
KE647039.1	1228	991.148	0	0
KE647040.1	1129	892.148	0	0
KE647041.1	1246	1009.15	0	0
KE647042.1	1063	826.148	0	0
KE647043.1	7213	6976.15	0	0
KE647044.1	6928	6691.15	0	0
KE647045.1	24546	24309.1	0	0
KE647046.1	17038	16801.1	0	0
KE647047.1	7310	7073.15	0	0
KE647048.1	8151	7914.15	0	0
KE647049.1	6093	5856.15	0	0
KE647050.1	11103	10866.1	0	0
KE647051.1	22310	22073.1	0	0
KE647052.1	6520	6283.15	0	0
KE647053.1	1367	1130.15	0	0
KE647054.1	26010	25773.1	0	0
KE647055.1	18991	18754.1	0	0
KE647056.1	9270	9033.15	0	0
KE647057.1	24309	24072.1	0	0
KE647058.1	38027	37790.1	0	0
KE647059.1	15582	15345.1	0	0
KE647060.1	5226	4989.15	0	0
KE647061.1	10197	9960.15	0	0
KE647062.1	11041	10804.1	0	0
KE647063.1	21504	21267.1	0	0
KE647064.1	6239	6002.15	0	0
KE647065.1	14005	13768.1	0	0
KE647066.1	8163	7926.15	0	0
KE647067.1	20025	19788.1	0	0
KE647068.1	10027	9790.15	0	0
KE647069.1	16452	16215.1	0	0
KE647070.1	6684	6447.15	0	0
KE647071.1	38957	38720.1	0	0
KE647072.1	11350	11113.1	0	0
KE647073.1	15741	15504.1	0	0
KE647074.1	25142	24905.1	0	0
KE647075.1	1999	1762.15	0	0
KE647076.1	17285	17048.1	0	0
KE647077.1	2276	2039.15	0	0
KE647078.1	12308	12071.1	0	0
KE647079.1	12117	11880.1	0	0
KE647080.1	42504	42267.1	0	0
KE647081.1	11905	11668.1	0	0
KE647082.1	15339	15102.1	0	0
KE647083.1	9588	9351.15	0	0
KE647084.1	4170	3933.15	0	0
KE647085.1	14155	13918.1	0	0
KE647086.1	12001	11764.1	0	0
KE647087.1	8900	8663.15	0	0
KE647088.1	7586	7349.15	0	0
KE647089.1	12122	11885.1	0	0
KE647090.1	60083	59846.1	0	0
KE647091.1	9416	9179.15	0	0
KE647092.1	10317	10080.1	0	0
KE647093.1	12447	12210.1	0	0
KE647094.1	15757	15520.1	0	0
KE647095.1	17417	17180.1	0	0
KE647096.1	27762	27525.1	0	0
KE647097.1	15442	15205.1	0	0
KE647098.1	16431	16194.1	0	0
KE647099.1	8409	8172.15	0	0
KE647100.1	20140	19903.1	1	0.00917539
KE647101.1	17297	17060.1	0	0
KE647102.1	5017	4780.15	0	0
KE647103.1	8078	7841.15	0	0
KE647104.1	27511	27274.1	0	0
KE647105.1	16447	16210.1	0	0
KE647106.1	20722	20485.1	0	0
KE647107.1	16546	16309.1	0	0
KE647108.1	21270	21033.1	0	0
KE647109.1	10945	10708.1	0	0
KE647110.1	19212	18975.1	0	0
KE647111.1	3805	3568.15	0	0
KE647112.1	11884	11647.1	0	0
KE647113.1	13381	13144.1	0	0
KE647114.1	11982	11745.1	0	0
KE647115.1	30939	30702.1	0	0
KE647116.1	18743	18506.1	0	0
KE647117.1	64869	64632.1	0	0
KE647118.1	16244	16007.1	0	0
KE647119.1	13563	13326.1	0	0
KE647120.1	12198	11961.1	0	0
KE647121.1	29496	29259.1	0	0
KE647122.1	9715	9478.15	0	0
KE647123.1	18290	18053.1	0	0
KE647124.1	13497	13260.1	0	0
KE647125.1	33752	33515.1	0	0
KE647126.1	12186	11949.1	0	0
KE647127.1	10238	10001.1	0	0
KE647128.1	10654	10417.1	0	0
KE647129.1	14613	14376.1	0	0
KE647130.1	15697	15460.1	0	0
KE647131.1	14596	14359.1	0	0
KE647132.1	26370	26133.1	0	0
KE647133.1	34197	33960.1	0	0
KE647134.1	25557	25320.1	0	0
KE647135.1	15164	14927.1	0	0
KE647136.1	10676	10439.1	0	0
KE647137.1	14043	13806.1	0	0
KE647138.1	41290	41053.1	0	0
KE647139.1	31136	30899.1	0	0
KE647140.1	14030	13793.1	0	0
KE647141.1	16802	16565.1	0	0
KE647142.1	17268	17031.1	0	0
KE647143.1	17467	17230.1	0	0
KE647144.1	50152	49915.1	0	0
KE647145.1	9970	9733.15	0	0
KE647146.1	14029	13792.1	0	0
KE647147.1	10327	10090.1	0	0
KE647148.1	14378	14141.1	0	0
KE647149.1	27909	27672.1	0	0
KE647150.1	10075	9838.15	0	0
KE647151.1	9042	8805.15	0	0
KE647152.1	26980	26743.1	0	0
KE647153.1	10427	10190.1	0	0
KE647154.1	39847	39610.1	0	0
KE647155.1	15905	15668.1	0	0
KE647156.1	16338	16101.1	0	0
KE647157.1	18985	18748.1	0	0
KE647158.1	15168	14931.1	0	0
KE647159.1	13708	13471.1	0	0
KE647160.1	12254	12017.1	0	0
KE647161.1	11706	11469.1	0	0
KE647162.1	10913	10676.1	0	0
KE647163.1	8506	8269.15	0	0
KE647164.1	154531	154294	0	0
KE647165.1	8419	8182.15	0	0
KE647166.1	21508	21271.1	0	0
KE647167.1	15095	14858.1	0	0
KE647168.1	31368	31131.1	0	0
KE647169.1	37666	37429.1	0	0
KE647170.1	12269	12032.1	0	0
KE647171.1	55395	55158.1	0	0
KE647172.1	15182	14945.1	0	0
KE647173.1	18202	17965.1	0	0
KE647174.1	12122	11885.1	0	0
KE647175.1	13544	13307.1	0	0
KE647176.1	6696	6459.15	0	0
KE647177.1	7616	7379.15	0	0
KE647178.1	21602	21365.1	0	0
KE647179.1	8522	8285.15	0	0
KE647180.1	5855	5618.15	0	0
KE647181.1	29575	29338.1	0	0
KE647182.1	7834	7597.15	0	0
KE647183.1	51261	51024.1	0	0
KE647184.1	28119	27882.1	0	0
KE647185.1	15869	15632.1	0	0
KE647186.1	35494	35257.1	0	0
KE647187.1	14196	13959.1	0	0
KE647188.1	78005	77768.1	0	0
KE647189.1	24319	24082.1	0	0
KE647190.1	5568	5331.15	0	0
KE647191.1	18402	18165.1	0	0
KE647192.1	10517	10280.1	0	0
KE647193.1	15904	15667.1	0	0
KE647194.1	6383	6146.15	0	0
KE647195.1	16495	16258.1	0	0
KE647196.1	18509	18272.1	0	0
KE647197.1	31589	31352.1	0	0
KE647198.1	12961	12724.1	0	0
KE647199.1	12520	12283.1	0	0
KE647200.1	55674	55437.1	0	0
KE647201.1	9379	9142.15	0	0
KE647202.1	8637	8400.15	0	0
KE647203.1	18740	18503.1	0	0
KE647204.1	13518	13281.1	0	0
KE647205.1	2137	1900.15	0	0
KE647206.1	41253	41016.1	0	0
KE647207.1	21861	21624.1	0	0
KE647208.1	22325	22088.1	0	0
KE647209.1	12594	12357.1	0	0
KE647210.1	17941	17704.1	0	0
KE647211.1	10543	10306.1	0	0
KE647212.1	18997	18760.1	0	0
KE647213.1	11555	11318.1	0	0
KE647214.1	8634	8397.15	0	0
KE647215.1	22240	22003.1	0	0
KE647216.1	8071	7834.15	0	0
KE647217.1	13436	13199.1	0	0
KE647218.1	8021	7784.15	0	0
KE647219.1	15696	15459.1	0	0
KE647220.1	18459	18222.1	0	0
KE647221.1	511	286.393	0	0
KE647222.1	14634	14397.1	0	0
KE647223.1	15611	15374.1	0	0
KE647224.1	15933	15696.1	0	0
KE647225.1	9275	9038.15	0	0
KE647226.1	12219	11982.1	0	0
KE647227.1	1804	1567.15	0	0
KE647228.1	4105	3868.15	0	0
KE647229.1	9681	9444.15	0	0
KE647230.1	9161	8924.15	0	0
KE647231.1	15954	15717.1	0	0
KE647232.1	65112	64875.1	0	0
KE647233.1	31713	31476.1	0	0
KE647234.1	41051	40814.1	0	0
KE647235.1	27042	26805.1	0	0
KE647236.1	13472	13235.1	0	0
KE647237.1	24313	24076.1	0	0
KE647238.1	25574	25337.1	0	0
KE647239.1	8153	7916.15	0	0
KE647240.1	13479	13242.1	0	0
KE647241.1	10667	10430.1	0	0
KE647242.1	18098	17861.1	0	0
KE647243.1	7735	7498.15	0	0
KE647244.1	15189	14952.1	0	0
KE647245.1	48206	47969.1	0	0
KE647246.1	25509	25272.1	0	0
KE647247.1	4691	4454.15	0	0
KE647248.1	17896	17659.1	0	0
KE647249.1	17295	17058.1	0	0
KE647250.1	6890	6653.15	0	0
KE647251.1	19005	18768.1	0	0
KE647252.1	21575	21338.1	0	0
KE647253.1	15986	15749.1	0	0
KE647254.1	6875	6638.15	0	0
KE647255.1	19293	19056.1	0	0
KE647256.1	18029	17792.1	0	0
KE647257.1	10668	10431.1	0	0
KE647258.1	15605	15368.1	0	0
KE647259.1	1445	1208.15	0	0
KE647260.1	17208	16971.1	0	0
KE647261.1	2442	2205.15	0	0
KE647262.1	3544	3307.15	0	0
KE647263.1	28592	28355.1	0	0
KE647264.1	40549	40312.1	0	0
KE647265.1	6714	6477.15	0	0
KE647266.1	51100	50863.1	1	0.0035904
KE647267.1	23805	23568.1	0	0
KE647268.1	23697	23460.1	0	0
KE647269.1	25538	25301.1	0	0
KE647270.1	24723	24486.1	0	0
KE647271.1	12816	12579.1	0	0
KE647272.1	14678	14441.1	0	0
KE647273.1	22705	22468.1	0	0
KE647274.1	22851	22614.1	0	0
KE647275.1	14396	14159.1	0	0
KE647276.1	16781	16544.1	0	0
KE647277.1	93915	93678.1	0	0
KE647278.1	22910	22673.1	0	0
KE647279.1	17013	16776.1	0	0
KE647280.1	10589	10352.1	0	0
KE647281.1	17545	17308.1	0	0
KE647282.1	13133	12896.1	0	0
KE647283.1	17906	17669.1	0	0
KE647284.1	12275	12038.1	0	0
KE647285.1	30968	30731.1	0	0
KE647286.1	46753	46516.1	0	0
KE647287.1	9805	9568.15	0	0
KE647288.1	13738	13501.1	0	0
KE647289.1	80880	80643.1	0	0
KE647290.1	17350	17113.1	0	0
KE647291.1	37337	37100.1	0	0
KE647292.1	8082	7845.15	0	0
KE647293.1	21535	21298.1	0	0
KE647294.1	3894	3657.15	0	0
KE647295.1	18531	18294.1	0	0
KE647296.1	5867	5630.15	0	0
KE647297.1	5896	5659.15	0	0
KE647298.1	8487	8250.15	0	0
KE647299.1	14986	14749.1	0	0
KE647300.1	11222	10985.1	0	0
KE647301.1	2267	2030.15	0	0
KE647302.1	9319	9082.15	0	0
KE647303.1	4605	4368.15	0	0
KE647304.1	6600	6363.15	0	0
KE647305.1	9853	9616.15	0	0
KE647306.1	119832	119595	0	0
KE647307.1	10774	10537.1	0	0
KE647308.1	8636	8399.15	0	0
KE647309.1	32793	32556.1	0	0
KE647310.1	28570	28333.1	0	0
KE647311.1	18938	18701.1	0	0
KE647312.1	94053	93816.1	0	0
KE647313.1	72544	72307.1	0	0
KE647314.1	55218	54981.1	0	0
KE647315.1	9404	9167.15	0	0
KE647316.1	7917	7680.15	0	0
KE647317.1	26958	26721.1	0	0
KE647318.1	10761	10524.1	0	0
KE647319.1	7648	7411.15	0	0
KE647320.1	3253	3016.15	0	0
KE647321.1	9552	9315.15	0	0
KE647322.1	22371	22134.1	0	0
KE647323.1	17729	17492.1	0	0
KE647324.1	5708	5471.15	0	0
KE647325.1	7632	7395.15	0	0
KE647326.1	19523	19286.1	0	0
KE647327.1	8218	7981.15	0	0
KE647328.1	17903	17666.1	0	0
KE647329.1	51448	51211.1	0	0
KE647330.1	37660	37423.1	0	0
KE647331.1	97406	97169.1	0	0
KE647332.1	59435	59198.1	1	0.00308488
KE647333.1	5308	5071.15	0	0
KE647334.1	77354	77117.1	1.00096	0.00237034
KE647335.1	8821	8584.15	0	0
KE647336.1	76104	75867.1	3	0.00722128
KE647337.1	20620	20383.1	0	0
KE647338.1	12218	11981.1	0	0
KE647339.1	127625	127388	0	0
KE647340.1	8941	8704.15	0	0
KE647341.1	50838	50601.1	0	0
KE647342.1	5596	5359.15	0	0
KE647343.1	6930	6693.15	0	0
KE647344.1	12457	12220.1	0	0
KE647345.1	12387	12150.1	0	0
KE647346.1	83006	82769.1	0	0
KE647347.1	52706	52469.1	0	0
KE647348.1	10997	10760.1	0	0
KE647349.1	8210	7973.15	0	0
KE647350.1	43298	43061.1	0	0
KE647351.1	7852	7615.15	0	0
KE647352.1	13913	13676.1	0	0
KE647353.1	93110	92873.1	0	0
KE647354.1	8167	7930.15	0	0
KE647355.1	5530	5293.15	0	0
KE647356.1	10348	10111.1	0	0
KE647357.1	67442	67205.1	0	0
KE647358.1	13049	12812.1	0	0
KE647359.1	32780	32543.1	0	0
KE647360.1	36592	36355.1	0	0
KE647361.1	24978	24741.1	0	0
KE647362.1	10534	10297.1	0	0
KE647363.1	65137	64900.1	0	0
KE647364.1	88806	88569.1	0	0
KE647365.1	6187	5950.15	0	0
KE647366.1	62937	62700.1	0	0
KE647367.1	82615	82378.1	0	0
KE647368.1	12531	12294.1	0	0
KE647369.1	6995	6758.15	0	0
KE647370.1	9153	8916.15	0	0
KE647371.1	2388	2151.15	0	0
KE647372.1	1146	909.148	0	0
KE647373.1	11897	11660.1	0	0
KE647374.1	101001	100764	0	0
KE647375.1	11838	11601.1	0	0
KE647376.1	29750	29513.1	0	0
KE647377.1	10937	10700.1	0	0
KE647378.1	17966	17729.1	0	0
KE647379.1	29383	29146.1	0	0
KE647380.1	18621	18384.1	0	0
KE647381.1	33169	32932.1	0	0
KE647382.1	1455	1218.15	0	0
KE647383.1	502	278.68	0	0
KE647384.1	398	193.089	0	0
KE647385.1	1477	1240.15	0	0
KE647386.1	729	494.327	0	0
AZGZ01000001.1	1592427	1.59219e+06	32.2664	0.00370085
AZGZ01000010.1	581783	581546	6.52792	0.00204992
AZGZ01000011.1	571919	571682	4.37072	0.00139619
AZGZ01000012.1	515036	514799	4.1681	0.00147859
AZGZ01000013.1	482601	482364	2.04677	0.000774889
AZGZ01000014.1	446923	446686	1.00043	0.000409005
AZGZ01000015.1	445105	444868	15.0974	0.00619751
AZGZ01000016.1	436908	436671	9.00451	0.00376576
AZGZ01000017.1	435958	435721	7.15018	0.00299678
AZGZ01000018.1	425823	425586	8.17172	0.00350649
AZGZ01000019.1	422227	421990	0	0
AZGZ01000002.1	1159764	1.15953e+06	35.8624	0.00564813
AZGZ01000020.1	418310	418073	5.037	0.00220022
AZGZ01000021.1	392868	392631	1	0.000465116
AZGZ01000022.1	386443	386206	23.4425	0.0110849
AZGZ01000023.1	382000	381763	3.24795	0.00155368
AZGZ01000024.1	373455	373218	0	0
AZGZ01000025.1	326289	326052	11.0063	0.00616456
AZGZ01000026.1	326274	326037	0	0
AZGZ01000027.1	317070	316833	0.70027	0.000403628
AZGZ01000028.1	292888	292651	10.7889	0.00673246
AZGZ01000029.1	288470	288233	5.01571	0.00317786
AZGZ01000003.1	871789	871552	27.2494	0.00570966
AZGZ01000030.1	282087	281850	1.00001	0.000647937
AZGZ01000031.1	279064	278827	6.59708	0.00432079
AZGZ01000032.1	263668	263431	13.3178	0.00923233
AZGZ01000033.1	260629	260392	3.00607	0.00210823
AZGZ01000034.1	257421	257184	0	0
AZGZ01000035.1	219680	219443	3.42225	0.00284797
AZGZ01000036.1	188994	188757	1	0.000967482
AZGZ01000037.1	168129	167892	6.00682	0.00653372
AZGZ01000038.1	162869	162632	15.3641	0.0172524
AZGZ01000039.1	155899	155662	0	0
AZGZ01000004.1	802967	802730	28.3084	0.0064401
AZGZ01000040.1	145510	145273	0	0
AZGZ01000041.1	129110	128873	20.0199	0.0283692
AZGZ01000042.1	122988	122751	0	0
AZGZ01000043.1	121676	121439	1.76776	0.00265834
AZGZ01000044.1	120328	120091	0	0
AZGZ01000045.1	118657	118420	0	0
AZGZ01000046.1	108082	107845	35.7764	0.0605819
AZGZ01000047.1	94408	94171.1	2.01006	0.00389795
AZGZ01000048.1	91504	91267.1	1.0081	0.00201714
AZGZ01000049.1	82014	81777.1	0	0
AZGZ01000005.1	798126	797889	8.2886	0.00189708
AZGZ01000050.1	68113	67876.1	0	0
AZGZ01000051.1	59999	59762.1	0	0
AZGZ01000052.1	54985	54748.1	4.97094	0.0165812
AZGZ01000053.1	51199	50962.1	0	0
AZGZ01000054.1	45494	45257.1	0	0
AZGZ01000055.1	40595	40358.1	0	0
AZGZ01000056.1	36609	36372.1	1.00414	0.00504165
AZGZ01000057.1	26626	26389.1	0	0
AZGZ01000058.1	23691	23454.1	0	0
AZGZ01000059.1	21428	21191.1	0	0
AZGZ01000006.1	771663	771426	8.53246	0.00201988
AZGZ01000060.1	18348	18111.1	1	0.0100832
AZGZ01000061.1	12759	12522.1	0	0
AZGZ01000062.1	7190	6953.15	0	0
AZGZ01000063.1	6802	6565.15	0	0
AZGZ01000064.1	6675	6438.15	0	0
AZGZ01000065.1	4472	4235.15	0	0
AZGZ01000066.1	4446	4209.15	0	0
AZGZ01000067.1	3930	3693.15	0	0
AZGZ01000068.1	3889	3652.15	0	0
AZGZ01000069.1	3827	3590.15	0	0
AZGZ01000007.1	770961	770724	5.08261	0.0012043
AZGZ01000070.1	2993	2756.15	0	0
AZGZ01000071.1	2387	2150.15	0	0
AZGZ01000072.1	1829	1592.15	0	0
AZGZ01000073.1	1493	1256.15	0	0
AZGZ01000074.1	1314	1077.15	0	0
AZGZ01000075.1	1279	1042.15	0	0
AZGZ01000076.1	1247	1010.15	0	0
AZGZ01000077.1	1196	959.148	0	0
AZGZ01000078.1	1135	898.148	4.66127	0.947771
AZGZ01000079.1	1130	893.148	0	0
AZGZ01000008.1	745072	744835	33.3193	0.00816924
AZGZ01000080.1	1116	879.148	0	0
AZGZ01000081.1	1096	859.148	1	0.212559
AZGZ01000082.1	1075	838.148	0	0
AZGZ01000009.1	638876	638639	2.28409	0.000653136
NC_007194.1	4918979	4.91874e+06	135.525	0.00503167
NC_007195.1	4844472	4.84424e+06	48.7157	0.0018365
NC_007196.1	4079167	4.07893e+06	19.0815	0.000854302
NC_007197.1	3923705	3.92347e+06	45.0847	0.00209848
NC_007198.1	3948441	3.9482e+06	57.7708	0.00267211
NC_007199.1	3778736	3.7785e+06	45.819	0.00221448
NC_007200.1	2058334	2.0581e+06	3.34674	0.000296963
NC_007201.1	1833124	1.83289e+06	9.49556	0.000946087
NT_166525.1	1595066	1.59483e+06	24.9342	0.00285515
NT_166529.1	1734209	1.73397e+06	27.0772	0.00285173
NT_166518.1	3625813	3.62558e+06	31.1045	0.00156672
NT_166528.1	908643	908406	11.5302	0.00231794
NT_166527.1	2566738	2.5665e+06	17.8465	0.00126986
NT_166530.1	1879820	1.87958e+06	30.5662	0.0029698
NT_166519.1	3626085	3.62585e+06	34.9537	0.00176048
NT_166523.1	2341370	2.34113e+06	26.7929	0.00208997
NT_166538.3	96468	96231.1	0	0
NT_166537.1	263333	263096	0	0
NT_166531.1	2132688	2.13245e+06	11.1326	0.000953379
NT_166532.1	594599	594362	0	0
NT_166520.1	1609811	1.60957e+06	17.1664	0.00194767
NT_166539.1	2525243	2.52501e+06	21.8319	0.00157898
NT_166521.1	603204	602967	7.03191	0.00212974
NT_166526.1	2721467	2.72123e+06	33.9309	0.00227707
NT_166522.1	683630	683393	11.1678	0.00298431
NT_166524.1	2925080	2.92484e+06	44.2377	0.00276208
NT_166533.1	1542301	1.54206e+06	23.5095	0.00278412
NC_007445.1	31103	30866.1	0	0
NW_002479158.1	1000	763.148	0	0
NW_002479957.1	514	289.067	0	0
NW_002479263.1	972	735.297	0	0
NW_002479972.1	392	188.596	0	0
NW_002479893.1	708	473.425	0	0
NW_002478447.1	1220	983.148	0	0
NW_002477442.1	1927	1690.15	0	0
NW_002479863.1	757	521.871	0	0
NW_002479162.1	999	762.148	0	0
NW_002479868.1	753	517.871	0	0
NW_002477290.1	2754	2517.15	0	0
NW_002479422.1	934	697.652	0	0
NW_002478082.1	1410	1173.15	0	0
NW_002477246.1	2012514	2.01228e+06	9.79204	0.000888652
NW_002479967.1	437	224.1	0	0
NW_002479074.1	1019	782.148	0	0
NW_002477303.1	2616	2379.15	0	0
NW_002479874.1	740	505.126	0	0
NW_002479877.1	736	501.227	0	0
NW_002479656.1	876	639.915	0	0
NW_002477911.1	1482	1245.15	0	0
NW_002479737.1	847	611.102	0	0
NW_002479821.1	794	558.277	0	0
NW_002477273.1	3617	3380.15	0	0
NW_002479920.1	661	427.591	0	0
NW_002478808.1	1086	849.148	0	0
NW_002479861.1	760	524.818	0	0
NW_002477378.1	2089	1852.15	0	0
NW_002479767.1	832	596.102	0	0
NW_002478557.1	1179	942.148	0	0
NW_002478855.1	1074	837.148	0	0
NW_002477340.1	2229	1992.15	0	0
NW_002477390.1	2038	1801.15	0	0
NW_002477501.1	1831	1594.15	0	0
NW_002479966.1	442	228.224	0	0
NW_002479105.1	1012	775.148	0	0
NW_002478816.1	1084	847.148	0	0
NW_002478769.1	1100	863.148	0	0
NW_002477259.1	4958	4721.15	0	0
NW_002479062.1	1021	784.148	0	0
NW_002477271.1	3755	3518.15	2.48164	0.128816
NW_002477268.1	3904	3667.15	0	0
NW_002478093.1	1400	1163.15	0	0
NW_002477372.1	2115	1878.15	0	0
NW_002479030.1	1028	791.148	0	0
NW_002479783.1	822	586.162	0	0
NW_002477708.1	1610	1373.15	0	0
NW_002479887.1	715	480.425	0	0
NW_002479145.1	1002	765.148	0	0
NW_002479475.1	920	683.652	0	0
NW_002477287.1	2910	2673.15	0	0
NW_002478384.1	1246	1009.15	0	0
NW_002479356.1	952	715.37	0	0
NW_002479846.1	778	542.553	0	0
NW_002478901.1	1062	825.148	0	0
NW_002478391.1	1243	1006.15	0	0
NW_002479452.1	926	689.652	0	0
NW_002478369.1	1253	1016.15	0	0
NW_002477272.1	3729	3492.15	0	0
NW_002478718.1	1121	884.148	0	0
NW_002479311.1	962	725.297	0	0
NW_002478675.1	1136	899.148	0	0
NW_002478635.1	1150	913.148	0	0
NW_002477260.1	4850	4613.15	0	0
NW_002478746.1	1111	874.148	0	0
NW_002477267.1	3965	3728.15	0	0
NW_002477722.1	1599	1362.15	0	0
NW_002477248.1	1872887	1.87265e+06	30.494	0.00297375
NW_002479629.1	884	647.786	0	0
NW_002479959.1	488	266.52	0	0
NW_002479446.1	928	691.652	0	0
NW_002478055.1	1423	1186.15	0	0
NW_002478695.1	1129	892.148	0	0
NW_002478502.1	1200	963.148	0	0
NW_002477830.1	1531	1294.15	0	0
NW_002479907.1	691	456.704	0	0
NW_002479764.1	833	597.102	0	0
NW_002477251.1	1296066	1.29583e+06	29.8202	0.00420251
NW_002477297.1	2667	2430.15	0	0
NW_002479348.1	955	718.37	0	0
NW_002478999.1	1036	799.148	0	0
NW_002478983.1	1041	804.148	0	0
NW_002477237.1	4469204	4.46897e+06	56.819	0.00232184
NW_002479253.1	975	738.297	0	0
NW_002479103.1	1013	776.148	0.00146209	0.000344014
NW_002477786.1	1561	1324.15	0	0
NW_002477252.1	350524	350287	4.03357	0.00210286
NW_002479826.1	790	554.333	0	0
NW_002477250.1	1793267	1.79303e+06	19.406	0.00197649
NW_002479944.1	588	357.074	0	0
NW_002478024.1	1432	1195.15	0	0
NW_002478253.1	1315	1078.15	0	0
NW_002479409.1	939	702.582	0	0
NW_002478385.1	1246	1009.15	0	0
NW_002478193.1	1347	1110.15	0	0
NW_002478727.1	1118	881.148	0	0
NW_002478320.1	1280	1043.15	0	0
NW_002479582.1	896	659.786	0	0
NW_002479698.1	858	622.04	0	0
NW_002477306.1	2607	2370.15	0	0
NW_002478891.1	1066	829.148	0	0
NW_002479992.1	256	94.1106	0	0
NW_002477245.1	2040265	2.04003e+06	24.7874	0.00221892
NW_002478302.1	1287	1050.15	0	0
NW_002478270.1	1307	1070.15	0	0
NW_002479187.1	992	755.224	0	0
NW_002478527.1	1190	953.148	1	0.191596
NW_002477239.1	2713190	2.71295e+06	73.7281	0.00496292
NW_002477262.1	4588	4351.15	0	0
NW_002479914.1	667	433.375	0	0
NW_002479130.1	1005	768.148	0	0
NW_002478629.1	1154	917.148	0	0
NW_002477651.1	1648	1411.15	0	0
NW_002478645.1	1145	908.148	0	0
NW_002479935.1	631	398.336	0	0
NW_002478871.1	1071	834.148	0	0
NW_002478955.1	1049	812.148	0	0
NW_002479928.1	651	417.762	0	0
NW_002479841.1	780	544.553	0	0
NW_002478301.1	1289	1052.15	0	0
NW_002479965.1	453	236.93	0	0
NW_002477241.1	2555871	2.55563e+06	71.4698	0.00510705
NW_002478791.1	1091	854.148	0	0
NW_002477690.1	1627	1390.15	0	0
NW_002479163.1	998	761.148	0	0
NW_002479982.1	338	147.554	0	0
NW_002478514.1	1196	959.148	0	0
NW_002477511.1	1812	1575.15	4.00022	0.463777
NW_002478495.1	1203	966.148	0	0
NW_002478401.1	1238	1001.15	0	0
NW_002479977.1	383	181.621	0	0
NW_002479202.1	987	750.224	0	0
NW_002477893.1	1496	1259.15	0	0
NW_002478260.1	1312	1075.15	0	0
NW_002479506.1	914	677.72	0	0
NW_002478386.1	1245	1008.15	0	0
NW_002479395.1	943	706.512	0	0
NW_002477331.1	2278	2041.15	0	0
NW_002478172.1	1359	1122.15	0	0
NW_002479848.1	775	539.607	0	0
NW_002479958.1	496	273.566	26.3859	17.6139
NW_002479900.1	700	465.519	0	0
NW_002478284.1	1296	1059.15	0	0
NW_002478841.1	1076	839.148	0	0
NW_002479273.1	970	733.297	0	0
NW_002479976.1	384	182.393	0	0
NW_002478594.1	1164	927.148	0	0
NW_002478981.1	1042	805.148	0	0
NW_002479407.1	939	702.582	0	0
NW_002478704.1	1125	888.148	0	0
NW_002478688.1	1130	893.148	0	0
NW_002477961.1	1462	1225.15	0	0
NW_002479942.1	602	370.378	0	0
NW_002478961.1	1048	811.148	0	0
NW_002479978.1	379	178.571	0	0
NW_002479985.1	324	137.442	0	0
NW_002479298.1	965	728.297	0	0
NW_002479530.1	910	673.72	0	0
NW_002479987.1	286	112.941	0	0
NW_002477375.1	2093	1856.15	0	0
NW_002477253.1	20049	19812.1	0	0
NW_002477336.1	2239	2002.15	0	0
NW_002479963.1	458	241.142	0	0
NW_002479102.1	1013	776.148	0	0
NW_002479778.1	826	590.162	0	0
NW_002478287.1	1294	1057.15	0	0
NW_002479326.1	959	722.37	0	0
NW_002479295.1	966	729.297	0	0
NW_002478979.1	1043	806.148	0	0
NW_002479742.1	844	608.102	0	0
NW_002479995.1	214	68.5636	0	0
NW_002478367.1	1254	1017.15	0	0
NW_002479164.1	998	761.148	0	0
NW_002478852.1	1074	837.148	0	0
NW_002478195.1	1344	1107.15	3.25106	0.536249
NW_002477361.1	2141	1904.15	0	0
NW_002478501.1	1201	964.148	0	0
NW_002479989.1	277	107.098	0	0
NW_002478990.1	1039	802.148	0	0
NW_002479973.1	392	188.596	0	0
NW_002479154.1	1001	764.148	0	0
NW_002478650.1	1144	907.148	0	0
NW_002477256.1	6948	6711.15	0	0
NW_002477289.1	2826	2589.15	0	0
NW_002479930.1	650	416.804	0	0
NW_002478326.1	1277	1040.15	0	0
NW_002479033.1	1026	789.148	0	0
NW_002478558.1	1179	942.148	0	0
NW_002477665.1	1644	1407.15	0	0
NW_002479849.1	772	536.607	0	0
NW_002478642.1	1147	910.148	0	0
NW_002479894.1	708	473.425	0	0
NW_002477679.1	1635	1398.15	0	0
NW_002479210.1	985	748.224	0	0
NW_002479050.1	1023	786.148	0	0
NW_002479040.1	1026	789.148	0	0
NW_002477975.1	1454	1217.15	0	0
NW_002477249.1	1807303	1.80707e+06	10.817	0.00109315
NW_002479994.1	243	86.2978	0	0
NW_002478051.1	1424	1187.15	0	0
NW_002479569.1	899	662.72	0	0
NW_002479986.1	310	127.743	0	0
NW_002477899.1	1491	1254.15	0	0
NW_002479436.1	931	694.652	0	0
NW_002477940.1	1470	1233.15	0	0
NW_002478337.1	1272	1035.15	0	0
NW_002479192.1	990	753.224	0	0
NW_002479392.1	943	706.512	0	0
NW_002479933.1	639	406.134	0	0
NW_002477244.1	2076547	2.07631e+06	31.4798	0.00276876
NW_002477521.1	1797	1560.15	0	0
NW_002478971.1	1045	808.148	0	0
NW_002479916.1	667	433.375	0	0
NW_002477247.1	1947392	1.94716e+06	14.3924	0.00134983
NW_002479974.1	392	188.596	0	0
NW_002477261.1	4592	4355.15	0	0
NW_002478393.1	1242	1005.15	0	0
NW_002477746.1	1583	1346.15	0	0
NW_002477474.1	1871	1634.15	0	0
NW_002479055.1	1022	785.148	0	0
NW_002479802.1	810	574.277	0	0
NW_002478202.1	1342	1105.15	0	0
NW_002477243.1	2337902	2.33767e+06	49.6904	0.00388183
NW_002479990.1	269	102.415	1	1.78313
NW_002478717.1	1122	885.148	5.9697	1.23164
NW_002477480.1	1865	1628.15	0	0
NW_002478127.1	1380	1143.15	0	0
NW_002479605.1	890	653.786	0	0
NW_002478308.1	1285	1048.15	0	0
NW_002479543.1	907	670.72	0	0
NW_002477286.1	2911	2674.15	3.22598	0.220304
NW_002478376.1	1250	1013.15	0	0
NW_002479901.1	700	465.519	0	0
NW_002479124.1	1006	769.148	11.1803	2.65454
NW_002479092.1	1014	777.148	0	0
NW_002479943.1	600	368.453	0	0
NW_002479238.1	978	741.224	0	0
NW_002478353.1	1260	1023.15	0	0
NW_002478256.1	1314	1077.15	0	0
NW_002479979.1	377	177.144	0	0
NW_002479572.1	898	661.72	0	0
NW_002479056.1	1022	785.148	0	0
NW_002479643.1	879	642.851	0	0
NW_002477263.1	4574	4337.15	0	0
NW_002479010.1	1031	794.148	0	0
NW_002477265.1	4170	3933.15	0	0
NW_002479713.1	853	617.102	0	0
NW_002477800.1	1552	1315.15	0	0
NW_002478526.1	1191	954.148	0	0
NW_002477471.1	1877	1640.15	0	0
NW_002479956.1	529	302.575	0	0
NW_002479996.1	213	67.9168	0	0
NW_002479153.1	1001	764.148	0	0
NW_002479227.1	982	745.224	0	0
NW_002479738.1	847	611.102	0	0
NW_002478903.1	1062	825.148	0	0
NW_002479043.1	1025	788.148	0	0
NW_002477275.1	3511	3274.15	0	0
NW_002478608.1	1159	922.148	0	0
NW_002479886.1	718	483.425	0	0
NW_002479997.1	211	66.6197	0	0
NW_002479598.1	892	655.786	0	0
NW_002477926.1	1475	1238.15	0	0
NW_002479980.1	370	171.805	0	0
NW_002479779.1	825	589.162	0	0
NW_002479354.1	953	716.37	0	0
NW_002479003.1	1035	798.148	0	0
NW_002479451.1	926	689.652	0	0
NW_002477758.1	1576	1339.15	0	0
NW_002478306.1	1286	1049.15	0	0
NW_002477285.1	2946	2709.15	0	0
NW_002477276.1	3491	3254.15	0	0
NW_002478689.1	1130	893.148	0	0
NW_002479459.1	924	687.652	0	0
NW_002477588.1	1718	1481.15	0	0
NW_002479285.1	967	730.297	0	0
NW_002477255.1	7723	7486.15	0	0
NW_002479932.1	643	410.011	0	0
NW_002477238.1	4149026	4.14879e+06	303.909	0.0133773
NW_002478803.1	1088	851.148	0	0
NW_002479879.1	736	501.227	0	0
NW_002479903.1	696	461.658	0	0
NW_002479909.1	686	451.796	0	0
NW_002479034.1	1026	789.148	0	0
NW_002479457.1	925	688.652	0	0
NW_002479924.1	656	422.719	0	0
NW_002479961.1	464	246.005	0	0
NW_002479993.1	252	91.7168	0	0
NW_002477988.1	1447	1210.15	0	0
NW_002477240.1	2658400	2.65816e+06	72.802	0.00500159
NW_002479866.1	754	518.871	0	0
NW_002479981.1	355	160.515	0	0
NW_002479968.1	431	219.279	0	0
NW_002479650.1	878	641.851	0	0
NW_002477316.1	2401	2164.15	0	0
NW_002478505.1	1199	962.148	0	0
NW_002479960.1	487	265.714	0	0
NW_002477749.1	1581	1344.15	0	0
NW_002479948.1	574	344.104	0	0
NW_002479988.1	278	107.681	0	0
NW_002479895.1	706	471.425	0	0
NW_002479984.1	326	138.836	589.058	774.823
NW_002478578.1	1170	933.148	0	0
NW_002479934.1	633	400.256	0	0
NW_002478543.1	1183	946.148	0	0
NW_002478431.1	1226	989.148	0	0
NW_002479902.1	700	465.519	0	0
NW_002477257.1	6411	6174.15	0	0
NW_002478986.1	1040	803.148	0	0
NW_002477264.1	4398	4161.15	0	0
NW_002477797.1	1553	1316.15	0	0
NW_002479953.1	542	314.093	0	0
NW_002479885.1	721	486.376	0	0
NW_002479018.1	1030	793.148	0	0
NW_002479165.1	998	761.148	0	0
NW_002478419.1	1232	995.148	0	0
NW_002479592.1	894	657.786	0	0
NW_002477274.1	3548	3311.15	0	0
NW_002477277.1	3351	3114.15	0	0
NW_002479939.1	620	387.575	0	0
NW_002478693.1	1130	893.148	0	0
NW_002479798.1	814	578.22	0	0
NW_002479771.1	831	595.102	0	0
NW_002478596.1	1164	927.148	0	0
NW_002479983.1	336	146.093	0	0
NW_002478298.1	1290	1053.15	0	0
NW_002477270.1	3804	3567.15	0	0
NW_002479911.1	682	447.977	0	0
NW_002478729.1	1117	880.148	0	0
NW_002477242.1	2388123	2.38789e+06	13.2898	0.00101637
NW_002479975.1	391	187.937	0	0
NW_020169296.1	193190	192953	0	0
NW_020169305.1	91783	91546.1	0	0
NW_020169395.1	12031	11794.1	0	0
NW_020169396.1	12027	11790.1	0	0
NW_020169397.1	11976	11739.1	0	0
NW_020169398.1	11890	11653.1	0	0
NW_020169399.1	11613	11376.1	0	0
NW_020169400.1	11371	11134.1	0	0
NW_020169401.1	11250	11013.1	0	0
NW_020169402.1	11212	10975.1	0	0
NW_020169403.1	11059	10822.1	0	0
NW_020169404.1	11028	10791.1	0	0
NW_020169306.1	90074	89837.1	0	0
NW_020169405.1	10957	10720.1	0	0
NW_020169406.1	10943	10706.1	0	0
NW_020169407.1	10941	10704.1	0	0
NW_020169408.1	10768	10531.1	0	0
NW_020169409.1	10544	10307.1	0	0
NW_020169410.1	10096	9859.15	0	0
NW_020169411.1	10082	9845.15	0	0
NW_020169412.1	9751	9514.15	0	0
NW_020169413.1	9694	9457.15	0	0
NW_020169414.1	9579	9342.15	0	0
NW_020169307.1	77488	77251.1	0	0
NW_020169415.1	9271	9034.15	0	0
NW_020169416.1	9117	8880.15	0	0
NW_020169417.1	9043	8806.15	0	0
NW_020169418.1	8979	8742.15	0	0
NW_020169419.1	8889	8652.15	0	0
NW_020169420.1	8806	8569.15	0	0
NW_020169421.1	8742	8505.15	0	0
NW_020169422.1	8672	8435.15	0	0
NW_020169423.1	8440	8203.15	0	0
NW_020169424.1	8351	8114.15	0	0
NW_020169308.1	73508	73271.1	0	0
NW_020169425.1	8205	7968.15	0	0
NW_020169426.1	8085	7848.15	0	0
NW_020169427.1	8040	7803.15	0	0
NW_020169428.1	8039	7802.15	0	0
NW_020169429.1	7906	7669.15	0	0
NW_020169430.1	7818	7581.15	0	0
NW_020169431.1	7763	7526.15	0	0
NW_020169432.1	7497	7260.15	0	0
NW_020169433.1	7493	7256.15	0	0
NW_020169434.1	7482	7245.15	0	0
NW_020169309.1	72868	72631.1	0	0
NW_020169435.1	7268	7031.15	0	0
NW_020169436.1	7087	6850.15	0	0
NW_020169437.1	7069	6832.15	0	0
NW_020169438.1	7057	6820.15	0	0
NW_020169439.1	7049	6812.15	0	0
NW_020169440.1	6869	6632.15	0	0
NW_020169441.1	6860	6623.15	0	0
NW_020169442.1	6720	6483.15	0	0
NW_020169443.1	6692	6455.15	0	0
NW_020169444.1	6462	6225.15	0	0
NW_020169310.1	72735	72498.1	0	0
NW_020169445.1	6375	6138.15	0	0
NW_020169446.1	6364	6127.15	0	0
NW_020169447.1	6244	6007.15	0	0
NW_020169448.1	6215	5978.15	0	0
NW_020169449.1	6203	5966.15	0	0
NW_020169450.1	6201	5964.15	0	0
NW_020169451.1	6166	5929.15	0	0
NW_020169452.1	6160	5923.15	0	0
NW_020169453.1	6067	5830.15	0	0
NW_020169454.1	5991	5754.15	0	0
NW_020169311.1	71247	71010.1	0	0
NW_020169455.1	5986	5749.15	0	0
NW_020169456.1	5957	5720.15	0	0
NW_020169457.1	5953	5716.15	0	0
NW_020169458.1	5935	5698.15	0	0
NW_020169459.1	5903	5666.15	0	0
NW_020169460.1	5849	5612.15	0	0
NW_020169461.1	5796	5559.15	0	0
NW_020169462.1	5590	5353.15	0	0
NW_020169463.1	5575	5338.15	0	0
NW_020169464.1	5536	5299.15	0	0
NW_020169312.1	65341	65104.1	0	0
NW_020169465.1	5388	5151.15	0	0
NW_020169466.1	5377	5140.15	0	0
NW_020169467.1	5328	5091.15	0	0
NW_020169468.1	5229	4992.15	0	0
NW_020169469.1	5195	4958.15	0	0
NW_020169470.1	5185	4948.15	0	0
NW_020169471.1	5115	4878.15	0	0
NW_020169472.1	5095	4858.15	0	0
NW_020169473.1	5051	4814.15	0	0
NW_020169474.1	4978	4741.15	0	0
NW_020169313.1	62797	62560.1	0	0
NW_020169475.1	4971	4734.15	0	0
NW_020169476.1	4934	4697.15	0	0
NW_020169477.1	4928	4691.15	0	0
NW_020169478.1	4921	4684.15	0	0
NW_020169479.1	4918	4681.15	0	0
NW_020169480.1	4893	4656.15	0	0
NW_020169481.1	4832	4595.15	0	0
NW_020169482.1	4832	4595.15	0	0
NW_020169483.1	4829	4592.15	0	0
NW_020169484.1	4743	4506.15	0	0
NW_020169314.1	59656	59419.1	0	0
NW_020169485.1	4710	4473.15	0	0
NW_020169486.1	4694	4457.15	0	0
NW_020169487.1	4675	4438.15	0	0
NW_020169488.1	4576	4339.15	0	0
NW_020169489.1	4574	4337.15	0	0
NW_020169490.1	4522	4285.15	0	0
NW_020169491.1	4489	4252.15	0	0
NW_020169492.1	4472	4235.15	0	0
NW_020169493.1	4457	4220.15	0	0
NW_020169494.1	4425	4188.15	0	0
NW_020169297.1	181195	180958	0	0
NW_020169315.1	59135	58898.1	0	0
NW_020169495.1	4393	4156.15	0	0
NW_020169496.1	4312	4075.15	0	0
NW_020169497.1	4247	4010.15	0	0
NW_020169498.1	4236	3999.15	0	0
NW_020169499.1	4210	3973.15	0	0
NW_020169500.1	4196	3959.15	0	0
NW_020169501.1	4160	3923.15	0	0
NW_020169502.1	4145	3908.15	0	0
NW_020169503.1	4087	3850.15	0	0
NW_020169504.1	4083	3846.15	0	0
NW_020169316.1	58341	58104.1	0	0
NW_020169505.1	4052	3815.15	0	0
NW_020169506.1	4048	3811.15	0	0
NW_020169507.1	4026	3789.15	0	0
NW_020169508.1	3967	3730.15	0	0
NW_020169509.1	3958	3721.15	0	0
NW_020169510.1	3927	3690.15	0	0
NW_020169511.1	3852	3615.15	0	0
NW_020169512.1	3786	3549.15	0	0
NW_020169513.1	3748	3511.15	0	0
NW_020169514.1	3736	3499.15	0	0
NW_020169317.1	56464	56227.1	0	0
NW_020169515.1	3718	3481.15	0	0
NW_020169516.1	3675	3438.15	0	0
NW_020169517.1	3633	3396.15	0	0
NW_020169518.1	3625	3388.15	0	0
NW_020169519.1	3605	3368.15	0	0
NW_020169520.1	3569	3332.15	0	0
NW_020169521.1	3547	3310.15	0	0
NW_020169522.1	3527	3290.15	0	0
NW_020169523.1	3500	3263.15	0	0
NW_020169524.1	3487	3250.15	0	0
NW_020169318.1	56129	55892.1	0	0
NW_020169525.1	3455	3218.15	0	0
NW_020169526.1	3262	3025.15	0	0
NW_020169527.1	3206	2969.15	0	0
NW_020169528.1	3201	2964.15	0	0
NW_020169529.1	3195	2958.15	0	0
NW_020169530.1	3146	2909.15	0	0
NW_020169531.1	3099	2862.15	0	0
NW_020169532.1	3091	2854.15	0	0
NW_020169533.1	3089	2852.15	0	0
NW_020169534.1	3039	2802.15	0	0
NW_020169319.1	56012	55775.1	0	0
NW_020169535.1	3029	2792.15	0	0
NW_020169536.1	3023	2786.15	0	0
NW_020169537.1	3019	2782.15	0	0
NW_020169538.1	2986	2749.15	0	0
NW_020169539.1	2985	2748.15	0	0
NW_020169540.1	2969	2732.15	0	0
NW_020169541.1	2943	2706.15	0	0
NW_020169542.1	2929	2692.15	0	0
NW_020169543.1	2928	2691.15	0	0
NW_020169544.1	2898	2661.15	0	0
NW_020169320.1	55602	55365.1	0	0
NW_020169545.1	2893	2656.15	0	0
NW_020169546.1	2870	2633.15	0	0
NW_020169547.1	2805	2568.15	0	0
NW_020169548.1	2802	2565.15	0	0
NW_020169549.1	2795	2558.15	0	0
NW_020169551.1	2790	2553.15	0	0
NW_020169550.1	2790	2553.15	0	0
NW_020169552.1	2766	2529.15	0	0
NW_020169553.1	2759	2522.15	0	0
NW_020169566.1	2574	2337.15	0	0
NW_020169321.1	52178	51941.1	0	0
NW_020169554.1	2738	2501.15	0	0
NW_020169555.1	2730	2493.15	0	0
NW_020169556.1	2728	2491.15	0	0
NW_020169557.1	2708	2471.15	0	0
NW_020169558.1	2706	2469.15	0	0
NW_020169559.1	2698	2461.15	0	0
NW_020169560.1	2689	2452.15	0	0
NW_020169561.1	2673	2436.15	0	0
NW_020169562.1	2661	2424.15	0	0
NW_020169563.1	2645	2408.15	0	0
NW_020169322.1	51353	51116.1	0	0
NW_020169564.1	2598	2361.15	0	0
NW_020169565.1	2576	2339.15	0	0
NW_020169567.1	2568	2331.15	0	0
NW_020169568.1	2559	2322.15	0	0
NW_020169569.1	2550	2313.15	0	0
NW_020169570.1	2518	2281.15	0	0
NW_020169571.1	2488	2251.15	0	0
NW_020169572.1	2485	2248.15	0	0
NW_020169573.1	2481	2244.15	0	0
NW_020169574.1	2455	2218.15	0	0
NW_020169323.1	50047	49810.1	0	0
NW_020169575.1	2449	2212.15	0	0
NW_020169576.1	2443	2206.15	0	0
NW_020169577.1	2419	2182.15	0	0
NW_020169578.1	2403	2166.15	0	0
NW_020169579.1	2371	2134.15	0	0
NW_020169580.1	2352	2115.15	0	0
NW_020169581.1	2344	2107.15	0	0
NW_020169582.1	2325	2088.15	0	0
NW_020169583.1	2324	2087.15	0	0
NW_020169584.1	2319	2082.15	0	0
NW_020169324.1	49305	49068.1	0	0
NW_020169585.1	2317	2080.15	0	0
NW_020169586.1	2260	2023.15	0	0
NW_020169587.1	2253	2016.15	0	0
NW_020169588.1	2245	2008.15	0	0
NW_020169589.1	2226	1989.15	0	0
NW_020169590.1	2224	1987.15	0	0
NW_020169591.1	2216	1979.15	0	0
NW_020169592.1	2214	1977.15	0	0
NW_020169593.1	2208	1971.15	0	0
NW_020169594.1	2207	1970.15	0	0
NW_020169298.1	170242	170005	0	0
NW_020169325.1	49304	49067.1	0	0
NW_020169595.1	2176	1939.15	0	0
NW_020169596.1	2153	1916.15	0	0
NW_020169597.1	2149	1912.15	0	0
NW_020169598.1	2137	1900.15	0	0
NW_020169599.1	2133	1896.15	0	0
NW_020169600.1	2124	1887.15	0	0
NW_020169601.1	2118	1881.15	0	0
NW_020169602.1	2117	1880.15	0	0
NW_020169603.1	2104	1867.15	0	0
NW_020169604.1	2096	1859.15	0	0
NW_020169326.1	49000	48763.1	0	0
NW_020169605.1	2093	1856.15	0	0
NW_020169606.1	2083	1846.15	0	0
NW_020169607.1	2047	1810.15	0	0
NW_020169608.1	2037	1800.15	0	0
NW_020169609.1	1988	1751.15	0	0
NW_020169610.1	1970	1733.15	0	0
NW_020169611.1	1964	1727.15	0	0
NW_020169612.1	1963	1726.15	0	0
NW_020169613.1	1951	1714.15	0	0
NW_020169614.1	1950	1713.15	0	0
NW_020169327.1	45583	45346.1	0	0
NW_020169615.1	1947	1710.15	0	0
NW_020169616.1	1945	1708.15	0	0
NW_020169617.1	1941	1704.15	0	0
NW_020169618.1	1934	1697.15	0	0
NW_020169619.1	1889	1652.15	0	0
NW_020169620.1	1875	1638.15	39.9382	4.45228
NW_020169621.1	1865	1628.15	0	0
NW_020169622.1	1865	1628.15	0	0
NW_020169623.1	1859	1622.15	0	0
NW_020169624.1	1849	1612.15	0	0
NW_020169328.1	43722	43485.1	0	0
NW_020169625.1	1835	1598.15	0	0
NW_020169626.1	1831	1594.15	0	0
NW_020169627.1	1822	1585.15	0	0
NW_020169628.1	1820	1583.15	0	0
NW_020169629.1	1759	1522.15	0	0
NW_020169630.1	1757	1520.15	0	0
NW_020169631.1	1743	1506.15	0	0
NW_020169632.1	1734	1497.15	0	0
NW_020169633.1	1719	1482.15	0	0
NW_020169634.1	1706	1469.15	0	0
NW_020169329.1	42604	42367.1	0	0
NW_020169635.1	1702	1465.15	0	0
NW_020169636.1	1698	1461.15	0	0
NW_020169637.1	1680	1443.15	0	0
NW_020169638.1	1678	1441.15	0	0
NW_020169639.1	1678	1441.15	0	0
NW_020169640.1	1677	1440.15	0	0
NW_020169641.1	1653	1416.15	0	0
NW_020169642.1	1644	1407.15	0	0
NW_020169643.1	1639	1402.15	0	0
NW_020169644.1	1634	1397.15	0	0
NW_020169330.1	42592	42355.1	0	0
NW_020169645.1	1633	1396.15	0	0
NW_020169646.1	1631	1394.15	0	0
NW_020169647.1	1620	1383.15	0	0
NW_020169648.1	1613	1376.15	0	0
NW_020169649.1	1602	1365.15	0	0
NW_020169650.1	1592	1355.15	0	0
NW_020169651.1	1587	1350.15	0	0
NW_020169652.1	1574	1337.15	0	0
NW_020169653.1	1570	1333.15	0	0
NW_020169654.1	1554	1317.15	0	0
NW_020169331.1	41949	41712.1	0	0
NW_020169655.1	1546	1309.15	0	0
NW_020169656.1	1537	1300.15	0	0
NW_020169657.1	1536	1299.15	0	0
NW_020169658.1	1517	1280.15	0	0
NW_020169659.1	1515	1278.15	0	0
NW_020169660.1	1492	1255.15	0	0
NW_020169661.1	1485	1248.15	0	0
NW_020169662.1	1477	1240.15	0	0
NW_020169663.1	1462	1225.15	0	0
NW_020169664.1	1457	1220.15	0	0
NW_020169332.1	41073	40836.1	0	0
NW_020169665.1	1447	1210.15	0	0
NW_020169666.1	1446	1209.15	0	0
NW_020169667.1	1440	1203.15	0	0
NW_020169668.1	1436	1199.15	0	0
NW_020169669.1	1433	1196.15	0	0
NW_020169670.1	1431	1194.15	0	0
NW_020169671.1	1429	1192.15	0	0
NW_020169672.1	1413	1176.15	0	0
NW_020169673.1	1411	1174.15	0	0
NW_020169674.1	1400	1163.15	0	0
NW_020169333.1	39230	38993.1	0	0
NW_020169675.1	1391	1154.15	0	0
NW_020169676.1	1386	1149.15	0	0
NW_020169677.1	1385	1148.15	0	0
NW_020169678.1	1370	1133.15	0	0
NW_020169679.1	1369	1132.15	0	0
NW_020169680.1	1360	1123.15	0	0
NW_020169681.1	1349	1112.15	0	0
NW_020169682.1	1341	1104.15	0	0
NW_020169683.1	1336	1099.15	0	0
NW_020169684.1	1336	1099.15	0	0
NW_020169334.1	38807	38570.1	0	0
NW_020169685.1	1331	1094.15	0	0
NW_020169686.1	1330	1093.15	0	0
NW_020169687.1	1324	1087.15	0	0
NW_020169688.1	1323	1086.15	0	0
NW_020169689.1	1317	1080.15	0	0
NW_020169690.1	1316	1079.15	0	0
NW_020169691.1	1308	1071.15	0	0
NW_020169692.1	1308	1071.15	0	0
NW_020169693.1	1303	1066.15	0	0
NW_020169694.1	1297	1060.15	0	0
NW_020169299.1	157557	157320	0	0
NW_020169335.1	38026	37789.1	0	0
NW_020169695.1	1291	1054.15	0	0
NW_020169696.1	1287	1050.15	0	0
NW_020169697.1	1272	1035.15	0	0
NW_020169698.1	1259	1022.15	0	0
NW_020169699.1	1256	1019.15	0	0
NW_020169700.1	1253	1016.15	0	0
NW_020169701.1	1252	1015.15	0	0
NW_020169702.1	1247	1010.15	0	0
NW_020169703.1	1233	996.148	0	0
NW_020169704.1	1232	995.148	0	0
NW_020169336.1	36709	36472.1	0	0
NW_020169706.1	1227	990.148	0	0
NW_020169705.1	1227	990.148	0	0
NW_020169707.1	1224	987.148	0	0
NW_020169709.1	1215	978.148	0	0
NW_020169708.1	1216	979.148	0	0
NW_020169710.1	1209	972.148	0	0
NW_020169711.1	1205	968.148	0	0
NW_020169712.1	1200	963.148	0	0
NW_020169748.1	1012	775.148	0	0
NW_020169713.1	1182	945.148	0	0
NW_020169337.1	36567	36330.1	0	0
NW_020169714.1	1178	941.148	0	0
NW_020169715.1	1176	939.148	0	0
NW_020169716.1	1169	932.148	0	0
NW_020169717.1	1165	928.148	0	0
NW_020169718.1	1160	923.148	0	0
NW_020169719.1	1159	922.148	0	0
NW_020169720.1	1142	905.148	0	0
NW_020169721.1	1138	901.148	0	0
NW_020169722.1	1131	894.148	0	0
NW_020169338.1	36304	36067.1	0	0
NW_020169724.1	1130	893.148	0	0
NW_020169723.1	1130	893.148	0	0
NW_020169725.1	1125	888.148	0	0
NW_020169726.1	1115	878.148	0	0
NW_020169727.1	1113	876.148	0	0
NW_020169728.1	1112	875.148	0	0
NW_020169730.1	1100	863.148	0	0
NW_020169729.1	1100	863.148	0	0
NW_020169732.1	1093	856.148	0	0
NW_020169731.1	1094	857.148	0	0
NW_020169339.1	36151	35914.1	0	0
NW_020169733.1	1084	847.148	0	0
NW_020169734.1	1082	845.148	0	0
NW_020169736.1	1070	833.148	0	0
NW_020169735.1	1070	833.148	0	0
NW_020169737.1	1070	833.148	0	0
NW_020169738.1	1069	832.148	0	0
NW_020169739.1	1064	827.148	0	0
NW_020169740.1	1062	825.148	0	0
NW_020169741.1	1062	825.148	0	0
NW_020169742.1	1060	823.148	0	0
NW_020169340.1	36035	35798.1	0	0
NW_020169743.1	1041	804.148	0	0
NW_020169744.1	1037	800.148	0	0
NW_020169745.1	1029	792.148	0	0
NW_020169746.1	1028	791.148	0	0
NW_020169747.1	1027	790.148	0	0
NW_020169749.1	1007	770.148	0	0
NW_020169750.1	1006	769.148	0	0
NW_020169751.1	1003	766.148	0	0
NW_020169752.1	995	758.224	0	0
NW_020169753.1	993	756.224	0	0
NW_020169341.1	34922	34685.1	0	0
NW_020169755.1	985	748.224	0	0
NW_020169754.1	985	748.224	0	0
NW_020169756.1	982	745.224	0	0
NW_020169757.1	982	745.224	0	0
NW_020169758.1	981	744.224	0	0
NW_020169759.1	979	742.224	0	0
NW_020169760.1	978	741.224	0	0
NW_020169761.1	977	740.224	0	0
NW_020169762.1	976	739.224	0	0
NW_020169763.1	974	737.297	0	0
NW_020169342.1	34430	34193.1	0	0
NW_020169764.1	972	735.297	0	0
NW_020169765.1	969	732.297	0	0
NW_020169767.1	965	728.297	0	0
NW_020169766.1	966	729.297	0	0
NW_020169768.1	964	727.297	0	0
NW_020169769.1	962	725.297	0	0
NW_020169771.1	961	724.297	0	0
NW_020169770.1	961	724.297	0	0
NW_020169772.1	960	723.297	0	0
NW_020169773.1	957	720.37	0	0
NW_020169343.1	34183	33946.1	0	0
NW_020169777.1	954	717.37	0	0
NW_020169774.1	955	718.37	0	0
NW_020169776.1	955	718.37	0	0
NW_020169775.1	955	718.37	0	0
NW_020169778.1	952	715.37	0	0
NW_020169779.1	949	712.441	0	0
NW_020169780.1	949	712.441	0	0
NW_020169781.1	946	709.441	0	0
NW_020169782.1	943	706.512	0	0
NW_020169783.1	940	703.582	0	0
NW_020169344.1	33022	32785.1	0	0
NW_020169784.1	936	699.582	0	0
NW_020169785.1	916	679.72	0	0
NW_020169786.1	907	670.72	0	0
NW_020169787.1	899	662.72	0	0
NW_020169789.1	852	616.102	0	0
NW_020169790.1	851	615.102	0	0
NW_020169300.1	140870	140633	0	0
NW_020169345.1	31438	31201.1	0	0
NW_020169788.1	853	617.102	0	0
NW_020169791.1	844	608.102	0	0
NW_020169792.1	842	606.102	0	0
NW_020169793.1	825	589.162	0	0
NW_020169794.1	804	568.277	0	0
NW_020169795.1	799	563.277	0	0
NW_020169346.1	31228	30991.1	0	0
NW_020169796.1	779	543.553	0	0
NW_020169797.1	757	521.871	0	0
NW_020169798.1	756	520.871	0	0
NW_020169799.1	754	518.871	0	0
NW_020169800.1	747	511.974	0	0
NW_020169801.1	743	508.076	0	0
NW_020169802.1	742	507.076	0	0
NW_020169803.1	717	482.425	0	0
NW_020169347.1	30981	30744.1	0	0
NW_020169804.1	714	479.425	0	0
NW_020169805.1	694	459.658	0	0
NW_020169348.1	30346	30109.1	0	0
NW_020169806.1	676	442.199	0	0
NW_020169349.1	28027	27790.1	0	0
NW_020169807.1	642	409.052	0	0
NW_020169808.1	639	406.134	0	0
NW_020169809.1	631	398.336	0	0
NW_020169350.1	27249	27012.1	0	0
NW_020169810.1	614	381.808	0	0
NW_020169351.1	27213	26976.1	0	0
NW_020169352.1	27178	26941.1	0	0
NW_020169811.1	585	354.218	0	0
NW_020169812.1	583	352.361	0	0
NW_020169813.1	581	350.681	0	0
NW_020169353.1	27075	26838.1	0	0
NW_020169814.1	571	341.278	0	0
NW_020169354.1	25538	25301.1	0	0
NW_020169815.1	569	339.347	0	0
NW_020169301.1	126017	125780	0	0
NW_020169355.1	25159	24922.1	0	0
NW_020169816.1	551	322.218	0	0
NW_020169819.1	548	319.545	0	0
NW_020169356.1	24939	24702.1	0	0
NW_020169817.1	548	319.545	0	0
NW_020169818.1	548	319.545	0	0
NW_020169820.1	546	317.643	0	0
NW_020169357.1	24450	24213.1	0	0
NW_020169358.1	23371	23134.1	0	0
NW_020169822.1	532	305.232	0	0
NW_020169821.1	532	305.232	0	0
NW_020169359.1	23246	23009.1	0	0
NW_020169360.1	23105	22868.1	0	0
NW_020169823.1	518	292.707	0	0
NW_020169824.1	516	290.887	0	0
NW_020169361.1	22430	22193.1	0	0
NW_020169825.1	514	289.067	0	0
NW_020169826.1	514	289.067	0	0
NW_020169362.1	21086	20849.1	0	0
NW_020169827.1	509	284.718	0	0
NW_020169828.1	506	282.07	0	0
NW_020169363.1	20363	20126.1	0	0
NW_020169829.1	505	281.158	0	0
NW_020169364.1	20091	19854.1	0	0
NW_020169830.1	501	277.795	0	0
NW_020169831.1	501	277.795	0	0
NW_020169302.1	119805	119568	0	0
NW_020169365.1	19675	19438.1	1	0.00939489
NW_020169366.1	19609	19372.1	0	0
NW_020169367.1	19299	19062.1	0	0
NW_020169368.1	19181	18944.1	0	0
NW_020169369.1	18608	18371.1	0	0
NW_020169371.1	18237	18000.1	0	0
NW_020169370.1	18364	18127.1	0	0
NW_020169372.1	17678	17441.1	0	0
NW_020169373.1	17648	17411.1	0	0
NW_020169374.1	17520	17283.1	0	0
NW_020169303.1	119125	118888	0	0
NW_020169375.1	17263	17026.1	0	0
NW_020169376.1	17191	16954.1	0	0
NW_020169377.1	16825	16588.1	0	0
NW_020169378.1	16513	16276.1	0	0
NW_020169379.1	15552	15315.1	0	0
NW_020169380.1	15299	15062.1	0	0
NW_020169381.1	15145	14908.1	0	0
NW_020169382.1	14920	14683.1	0	0
NW_020169383.1	14465	14228.1	0	0
NW_020169385.1	14387	14150.1	0	0
NW_020169304.1	96982	96745.1	0	0
NW_020169384.1	14389	14152.1	0	0
NW_020169386.1	14250	14013.1	0	0
NW_020169387.1	13824	13587.1	0	0
NW_020169388.1	13773	13536.1	0	0
NW_020169389.1	13742	13505.1	0	0
NW_020169390.1	13355	13118.1	0	0
NW_020169391.1	13269	13032.1	0	0
NW_020169392.1	13056	12819.1	0	0
NW_020169393.1	12899	12662.1	0	0
NW_020169394.1	12461	12224.1	0	0
NZ_CP006683.1	1896191	1.89595e+06	33909.1	3.26614
NZ_CP006684.1	177673	177436	0	0
NZ_CP019687.1	4289950	4.28971e+06	20580.9	0.876159
